1.4003930964990211e-08
5.5531285781268433e-08
1.012506100596816e-07
1.1201044256595222e-07
4.942675920592243e-07
5.269001816195977e-07
8.396623570942842e-07
1.5779811400750562e-06
2.509617219083015e-06
3.2491428107004183e-06
3.93963949295289e-06
4.505208782708554e-06
5.226639368770813e-06
5.8747587663908055e-06
6.5350574029386825e-06
7.187025988444793e-06
7.870540947631425e-06
8.544512331936414e-06
8.823283166287314e-06
8.460776862956031e-06
8.20328581373018e-06
8.235511844455588e-06
7.86927208312008e-06
7.621048533543965e-06
8.017425688324068e-06
7.814321765086557e-06
7.86548356878933e-06
8.016101922568346e-06
8.264526362984038e-06
9.296084711053107e-06
8.347005851980306e-06
7.872456179571269e-06
8.516705317900404e-06
9.061761792934092e-06
1.0614166789756e-05
1.1727387075459536e-05
1.3001935481048758e-05
1.481129105870462e-05
1.6704911603404198e-05
2.4305113651808276e-05
2.259917924707705e-05
1.862106845187998e-05
1.7242880830187616e-05
1.602864683241825e-05
1.310985816632506e-05
1.3044329999557129e-05
1.2298404379353224e-05
1.190182817239444e-05
1.1179234776319068e-05
1.2368297346933848e-05
9.819324957762483e-06
9.584550555479561e-06
9.716770965150756e-06
1.0120654018927241e-05
1.5357172655199225e-05
1.7431312801676528e-05
1.5767462764729887e-05
1.482556887421876e-05
1.4552463435157683e-05
2.042247424649013e-05
1.958264063666888e-05
1.9116170151767e-05
1.6529481000954897e-05
1.452857654693246e-05
1.5160210913076511e-05
1.3806230908308502e-05
1.162662703679645e-05
1.2139622089156733e-05
1.225748579804407e-05
1.3249005227342403e-05
1.2333724981613956e-05
1.2649646139362345e-05
1.2667635447231085e-05
1.315937799366577e-05
1.4732005914964018e-05
1.2961054345298625e-05
1.1706208014213902e-05
1.2046012809099507e-05
1.1850678077964255e-05
3.581554681487192e-05
2.8414164634506463e-05
2.7481021201627456e-05
2.7094996537307886e-05
2.3693040483456822e-05
3.90147459169587e-05
4.190506383156064e-05
4.1743553126838816e-05
4.303874042456741e-05
4.1672038433951006e-05
5.973556794534897e-05
5.372037409345906e-05
5.3511058770815623e-05
5.523144217413282e-05
5.157610716018578e-05
0.0001002240439657146
0.00012305732612328938
0.0001262418175711955
0.00013029262872067096
0.00013030416313675528
0.00012443910983937062
0.0001129305819624981
0.00010787202768665672
0.00010048854123035795
9.090439667674594e-05
0.00010069381985247917
9.20405596890591e-05
9.758029456280293e-05
9.68034767223519e-05
9.151250066734555e-05
0.00011718598405425774
0.00010768907192749787
0.00010170407094697985
8.486862932394398e-05
7.80296943806174e-05
0.00010745172363390459
9.919841473870752e-05
0.00010268979644997015
0.00010017775708625977
9.704065937877613e-05
0.00011328891537179082
8.972115630710493e-05
7.202933830291435e-05
5.682722279965833e-05
4.5755132856821374e-05
8.355567112376731e-05
7.983785055312567e-05
7.521467539210965e-05
6.749523159371128e-05
6.240097849914568e-05
9.033723405607395e-05
7.489600041433298e-05
7.17952796761369e-05
6.806195400845654e-05
6.443759657444869e-05
6.33194320863311e-05
5.432956637314447e-05
4.277664745015974e-05
4.3214267418957214e-05
3.837258400374937e-05
6.290007839993136e-05
6.646360384789274e-05
7.447531656977022e-05
6.69739837358293e-05
5.769019626483337e-05
7.345959255150407e-05
6.0516672554758204e-05
6.051955036912225e-05
5.401608488849949e-05
5.506997621036648e-05
7.597710213835887e-05
5.963645182119617e-05
5.0725666330994185e-05
4.238476386574669e-05
3.41800767519126e-05
5.950956792134865e-05
5.46414543253143e-05
5.086974599129365e-05
5.593464614607894e-05
6.225797021167891e-05
0.00010739812911439609
0.0001012591839580255
9.626365463539835e-05
9.371344210989668e-05
8.733391971296641e-05
0.00012702033166937972
9.776188752805859e-05
8.244082856040367e-05
7.661919594514338e-05
6.613103667908205e-05
5.930343391913499e-05
4.124332525836425e-05
3.4123531283822707e-05
2.7946190398271286e-05
2.4755961170801237e-05
4.787615475006698e-05
3.836570198090544e-05
3.5126131689310277e-05
3.2415400282129613e-05
3.0062198121598423e-05
5.0055791505898876e-05
4.4004353835293646e-05
4.408282137505917e-05
4.432518013944399e-05
4.045304537125165e-05
4.242842541313602e-05
4.367854277942433e-05
4.709039595384831e-05
5.155513782909756e-05
5.386483655458043e-05
8.211838244356793e-05
7.936047477852324e-05
7.856964232615223e-05
7.445989369720181e-05
6.810957954514295e-05
6.944738207795619e-05
5.762699845269648e-05
5.7722630102551266e-05
5.691647477057788e-05
5.647547508883093e-05
5.8605798659146425e-05
5.668564432968742e-05
4.865092742188562e-05
4.38418793306978e-05
4.0616830436584155e-05
4.5711060988309566e-05
4.0938613069010997e-05
3.7870054500153625e-05
3.234430136842464e-05
2.6629993627987894e-05
2.9436131032453236e-05
2.8248615301585217e-05
2.6501125267264632e-05
2.247450989556516e-05
1.8907889275810237e-05
1.8281108867413016e-05
1.8100053008521766e-05
1.8496127038825847e-05
1.9144558908337226e-05
2.0012728481074343e-05
1.946801835419505e-05
1.7656505533051467e-05
1.6198143675917016e-05
1.4430988629732476e-05
1.2333500591468717e-05
1.3420767765654435e-05
1.2225204869280392e-05
1.0465866239573133e-05
9.164333890842198e-06
8.06311767782566e-06
6.657431354833881e-06
5.620361436212319e-06
4.672599713694279e-06
3.679290819951597e-06
3.1492671396284434e-06
2.7574623005711813e-06
2.3096894686962886e-06
2.190044794098601e-06
2.138942583079234e-06
2.0622955723663927e-06
2.4558319971515196e-06
2.2776008898030696e-06
2.2814199023064013e-06
1.8960728513357442e-06
1.6758738442458792e-06
1.9880035312573155e-06
1.5626299769117757e-06
1.4585694672626262e-06
1.2803593251716415e-06
1.2116348337761943e-06
1.3427823985122931e-06
1.1119091700241888e-06
8.846780576949325e-07
7.40103605678363e-07
6.013357696260831e-07
7.310286559745656e-07
6.570730653332839e-07
7.091014439858249e-07
7.274832101724661e-07
7.626885525366047e-07
1.5669720614277158e-06
1.6219143977123756e-06
1.7097882962950796e-06
1.655970810775712e-06
1.6649028661083914e-06
2.225057203448988e-06
2.1839899832170517e-06
2.0115821562792223e-06
1.8705679513851332e-06
1.8357836176997613e-06
2.0649257030245056e-06
1.8788740737343865e-06
1.972198310081284e-06
1.8594133741221673e-06
1.6203948037314003e-06
1.471943630012214e-06
1.2200356644044959e-06
1.0175897997752494e-06
8.955379788012619e-07
6.617195994499008e-07
1.1705074187059377e-06
1.1363317004119081e-06
1.3995077675797058e-06
1.4531698569349188e-06
1.5547876998088285e-06
2.1409402253934127e-06
2.4481675741648983e-06
2.657456592706087e-06
2.8176038630093606e-06
2.738194481744419e-06
3.179284130631748e-06
2.925327985153875e-06
2.65202128193633e-06
2.5096052314674666e-06
2.2143478753008956e-06
2.137326397211595e-06
1.7002906833957103e-06
1.4494718525323956e-06
1.0690728442055368e-06
9.743780681297119e-07
1.203472070750956e-06
1.0246443064114802e-06
1.0398504068714396e-06
1.079504192613481e-06
1.0556987221227807e-06
1.8031327450356525e-06
1.75010651544621e-06
1.627018158614327e-06
1.4762710810194544e-06
1.4001027126379795e-06
1.9866305987123424e-06
1.7898626289245807e-06
1.6863553587834463e-06
1.6303678339030421e-06
1.4026317388008653e-06
1.8904138366977941e-06
1.7227143849866097e-06
1.818284216282855e-06
1.6859634887575464e-06
1.7468491777422913e-06
3.622867299097948e-06
3.434351111669096e-06
3.588273572781369e-06
3.0841714113238857e-06
2.5181323336959464e-06
3.06410993502052e-06
2.6695636970487092e-06
2.2801170717869052e-06
1.8981172037192804e-06
1.7418531671304236e-06
1.8955838744742062e-06
1.5797151413229483e-06
1.361693858637899e-06
1.15039875584366e-06
1.0387987907524727e-06
1.601650533772142e-06
1.6276614417617927e-06
1.7409167516539226e-06
1.7382074577081477e-06
1.68812001528713e-06
2.5352403685031962e-06
2.215665761934472e-06
1.923956149387129e-06
1.6911497148732083e-06
1.5050722955004082e-06
1.444562644838949e-06
1.1789290370725694e-06
1.1241453182399268e-06
9.341217801393674e-07
8.157670399334888e-07
1.4034216712773918e-06
1.0333163603896879e-06
8.948460517773839e-07
7.565793235131365e-07
8.036556178741446e-07
2.063422449090354e-06
2.617562211111364e-06
3.032228450850264e-06
3.4148382740814715e-06
3.4236655808639147e-06
2.9417728963491e-06
2.3341992092790525e-06
2.2331894236623987e-06
2.0018371726226795e-06
1.7140626575478971e-06
2.82402603983829e-06
2.622622747868888e-06
2.6962580197750057e-06
2.8938312678441604e-06
3.226912987975668e-06
4.355504089409629e-06
4.217423908044073e-06
3.865802777405525e-06
3.588832933304129e-06
2.923758171705645e-06
3.106787475999252e-06
2.669889604163453e-06
2.1282886269352477e-06
1.7977446294694508e-06
1.5199244342265654e-06
3.1038558251685983e-06
2.9923756963679137e-06
2.915685431087637e-06
2.728243049630413e-06
2.4263371756330905e-06
3.5084448083544723e-06
3.220624066439813e-06
3.4534839319250746e-06
3.0785555230224364e-06
2.704604666453695e-06
3.2519684523673974e-06
2.8557530082314323e-06
2.653271672009582e-06
2.358026335073101e-06
2.0142536849230144e-06
2.5594556859332527e-06
2.2780447699038254e-06
2.1048084476634208e-06
2.0377651745295962e-06
1.8441641793317888e-06
3.360751947968761e-06
3.2498675938639966e-06
3.09377083673135e-06
2.2809703934780763e-06
2.007825468076938e-06
2.9255947261964173e-06
2.1549804105246992e-06
1.8211722345350653e-06
1.5306367893776377e-06
1.3518175838465367e-06
1.7858523989447234e-06
1.3425125692064177e-06
1.401706779550632e-06
1.285102598028974e-06
1.2123123328633661e-06
3.9617147931715465e-06
3.9063611747341e-06
4.047474004486338e-06
3.981692274130337e-06
3.982704065615143e-06
5.583482852359339e-06
5.091111588722928e-06
4.262043575118719e-06
3.554024731557483e-06
2.8378482093965982e-06
3.256827886118286e-06
2.8193477788931223e-06
2.191692586473201e-06
1.4448354841112386e-06
1.1150733148726346e-06
1.5696969839576713e-06
1.5066611528638065e-06
1.5743531048673963e-06
1.7915109878354301e-06
1.8112844176027186e-06
1.864540675991808e-06
1.5845498200024872e-06
1.368861326263032e-06
1.2300985483630742e-06
1.0768034495328205e-06
1.902436045298396e-06
1.7056581168410043e-06
1.482004162225659e-06
1.294283207110583e-06
1.2144484801051264e-06
2.3144168218181374e-06
2.3623536495877815e-06
2.3642567533153356e-06
2.3837690004193734e-06
2.2577659791614997e-06
2.721364197501877e-06
2.79289949148811e-06
3.06072183412251e-06
3.3186604653898517e-06
3.4301763371989983e-06
4.191840679572648e-06
3.152013761265126e-06
2.4131366153107736e-06
1.8978997261224496e-06
1.6841819083712265e-06
2.405959647423642e-06
1.7343485941105532e-06
1.5433980143192053e-06
1.4468086001172704e-06
1.5257287769405797e-06
3.368328782579328e-06
3.1232349028551164e-06
2.7406028234927854e-06
2.2793902700388583e-06
2.2612167907232473e-06
2.5317591849129573e-06
1.9850013934150753e-06
1.7065654857603488e-06
1.598327673968501e-06
1.4153308480403828e-06
2.048374504685629e-06
1.830840177172417e-06
1.6528952001950503e-06
1.5973387264792813e-06
1.3207127040098415e-06
2.6337307357406732e-06
2.4876841524079286e-06
2.499417568055979e-06
2.269637466129666e-06
2.129573807124068e-06
3.5859120823339557e-06
3.417246300946667e-06
3.3586141380364734e-06
2.9625494505029136e-06
2.6907822196028004e-06
3.1598128522983494e-06
2.479910047398877e-06
2.321200918214668e-06
1.9992673400242342e-06
2.091204389837989e-06
3.3687448260716334e-06
3.3029849576494442e-06
3.4882809856997975e-06
3.1160951456283114e-06
2.6132317968770704e-06
2.879718689066479e-06
2.306720700592373e-06
2.239534573842312e-06
2.4072047210128585e-06
2.4264085601867393e-06
3.0458716646183904e-06
2.4548837820436178e-06
1.9282186906016774e-06
1.4937957081450098e-06
1.3559515433394e-06
2.3898153287362047e-06
2.2071117648569694e-06
2.204884764445388e-06
1.9322214542932483e-06
1.796692861490634e-06
2.826511664663032e-06
2.4915832667568867e-06
2.0820173130234147e-06
1.9094082486868698e-06
1.8350053905458199e-06
2.859642570062294e-06
2.5934086754035797e-06
2.342621073409017e-06
2.078443887219063e-06
2.0717964172740844e-06
2.639628624273371e-06
2.4244502480837654e-06
2.617780745993933e-06
2.478366541765241e-06
2.1195536818173013e-06
2.748414626192835e-06
2.4226782337794328e-06
2.509368055814179e-06
2.3751584065795525e-06
2.119496182722585e-06
2.0626469461572286e-06
1.6343072852474908e-06
1.4972718555108967e-06
1.5789835784576847e-06
1.5432189096223602e-06
2.093622877873328e-06
1.9042525815568644e-06
1.7346953762731307e-06
1.4493738510278921e-06
1.2284198617946223e-06
1.798111255577622e-06
1.3455787054378388e-06
1.0599701499682066e-06
9.677659900581888e-07
9.018762900914346e-07
3.3666878220896783e-06
3.052955536420162e-06
2.8490686629343222e-06
2.5041167632606983e-06
2.136454003236847e-06
2.35500380626943e-06
1.7888580231470125e-06
1.5956537413427604e-06
1.4651680604978615e-06
1.2943974708424814e-06
1.8425381297812478e-06
1.614825023101363e-06
1.5790311155574321e-06
1.42904023687915e-06
1.3643528279178725e-06
3.1448937522077365e-06
3.089366302817261e-06
3.057122568790888e-06
2.949848376142251e-06
2.8045861154601087e-06
3.4454028507945174e-06
3.0339034632345306e-06
3.013612382178747e-06
2.4402391483714973e-06
2.182096303613623e-06
3.544392178179812e-06
3.3418958215834966e-06
2.9999623932352087e-06
2.545824715195666e-06
2.127000863440604e-06
2.424749267995589e-06
1.7083536082318334e-06
1.445170198939267e-06
1.2685952095477642e-06
1.3778392331052693e-06
1.944533939153001e-06
1.934147350799501e-06
1.789884203682849e-06
1.8839980777271056e-06
1.879636173171704e-06
2.1635895039946077e-06
1.7545704013856374e-06
1.5643832825516365e-06
1.7498069316974277e-06
1.923773300437598e-06
3.777805499221079e-06
4.0856786555179715e-06
4.093307559036831e-06
3.845462911546361e-06
3.2413621959218477e-06
2.9625730803859383e-06
2.440474605523316e-06
2.0571633149915555e-06
1.6222472720254936e-06
1.5852899855118661e-06
2.3117193672815104e-06
1.6595343911176799e-06
1.37148740552735e-06
1.171391869994284e-06
1.0518325638750669e-06
2.8849677614552003e-06
2.9358582600495742e-06
2.852418797710774e-06
2.4576011038862115e-06
2.119228761477584e-06
3.935166220415322e-06
3.388381838545114e-06
2.8014386101423376e-06
2.105612404042711e-06
1.7012599526636771e-06
2.8050902603879147e-06
2.588627872435152e-06
2.7815150169723945e-06
2.9414023716240987e-06
2.9712749423466734e-06
4.182231105237722e-06
3.793011336518809e-06
3.3785401885788653e-06
2.6888369563703887e-06
2.0761530894754575e-06
2.915896848387302e-06
2.274815778484036e-06
1.8349174919226576e-06
1.6404160437393374e-06
1.236189653871616e-06
1.6905314931430666e-06
1.2626890736119697e-06
1.2385686426702596e-06
1.3430582692631384e-06
1.1338012848189143e-06
1.9631280681121947e-06
1.8702217678521863e-06
1.602181420836688e-06
1.5504460914397505e-06
1.1225762137859094e-06
2.3036779374766174e-06
1.823068589512226e-06
1.5301352167710596e-06
1.22623443627335e-06
1.022300764678775e-06
3.157043070950092e-06
3.09637869682448e-06
3.0526042486035325e-06
2.821817384081672e-06
2.3891866989858305e-06
2.1722091015315322e-06
2.0709971768822887e-06
1.8480640052651824e-06
1.5999729909250421e-06
1.1856458569160209e-06
2.2997552616674008e-06
1.923250356661893e-06
1.9665466686079503e-06
1.8926360413922888e-06
2.0380223835373333e-06
3.901026386382372e-06
3.5608105411427215e-06
3.3881072164047375e-06
2.9058441346527155e-06
2.495846894998385e-06
2.4917772527569477e-06
1.8871044155011563e-06
1.366878709161824e-06
1.3233930172905794e-06
1.4813964089656205e-06
2.457791991037796e-06
2.522728181318489e-06
2.3141136432271552e-06
2.1694071007065155e-06
2.0821510643789986e-06
3.179459369183321e-06
2.6989808334209967e-06
2.286110353568628e-06
1.8499822224365427e-06
1.552423503318778e-06
2.4258160173357513e-06
2.027688869196545e-06
1.7170422394286648e-06
1.4856817222439616e-06
1.63719649453217e-06
1.7990814051815103e-06
1.4860159928879339e-06
1.5543009523008392e-06
1.513228287820455e-06
1.4079700689162457e-06
2.9586361703514624e-06
3.390742441418723e-06
3.882577211535387e-06
3.852066226453365e-06
3.7563863270324733e-06
3.2131400004259195e-06
2.560377134647355e-06
2.280409915003979e-06
2.0473289965452377e-06
1.780390664569339e-06
2.5200141719910674e-06
2.2784910193169657e-06
2.618271842834144e-06
2.303896304938777e-06
2.068275495217706e-06
3.6247179339897825e-06
3.517960123411552e-06
3.0004389130518534e-06
2.5235256880280864e-06
2.3023661332245345e-06
2.6503530204510297e-06
2.5502158722807712e-06
2.4642390760735503e-06
2.292043393841917e-06
2.2469354955527912e-06
3.1542634097711402e-06
3.4623962062537123e-06
3.2439023876071586e-06
3.0177595381567444e-06
2.6210195602316705e-06
3.281387219975624e-06
2.627393802016707e-06
2.69173833431277e-06
2.4886195548205557e-06
2.0968552139177905e-06
3.511264901176697e-06
2.5898815569838546e-06
2.100095950057096e-06
1.8529744329512048e-06
1.6260651775218684e-06
2.089768463829561e-06
1.9625040907324735e-06
2.093503665126153e-06
2.030506333818626e-06
2.2681241839119467e-06
3.6635842765486373e-06
3.4981812593242816e-06
3.3447327479622686e-06
3.163518101300938e-06
2.9833988536736733e-06
4.132863255861992e-06
3.3968933667450823e-06
2.9766220425207628e-06
2.5609264094631067e-06
1.9116322308817595e-06
1.7324579630928793e-06
1.1387560823811914e-06
1.0675127830488398e-06
8.053619821651388e-07
7.322916669414474e-07
1.185788138952137e-06
9.372131625200702e-07
9.239586919131035e-07
1.0761583632627236e-06
9.811227815756203e-07
1.0983826363446328e-06
1.010244175618109e-06
9.406682152657346e-07
1.0732111863949637e-06
1.0897648719977568e-06
2.2068262932809254e-06
1.4501903727336418e-06
1.397705755330101e-06
1.2180564311692635e-06
1.0945667744391945e-06
1.8077640149992988e-06
1.2760707252013964e-06
1.139325909670935e-06
1.2816002631005053e-06
1.3248680615668991e-06
1.85712348011507e-06
1.8365293258886304e-06
1.820739766291692e-06
1.5218685009065284e-06
1.2944559775307586e-06
1.8030291426049407e-06
1.329622625421847e-06
1.163840755200638e-06
8.542788192300037e-07
7.43374175145573e-07
1.6789887730683585e-06
1.389047010848828e-06
1.2443286334860308e-06
9.101825201831662e-07
7.402297430162974e-07
2.3674489798474754e-06
2.043559622132734e-06
1.9272416933754544e-06
1.8129784063389585e-06
1.4655170789842532e-06
2.0651270797763426e-06
1.7669032180678217e-06
1.930679145606731e-06
1.9333702576169428e-06
1.9691292456776437e-06
2.6606419033214313e-06
2.2007397324830338e-06
2.1101922667838577e-06
2.0750266219641665e-06
2.0467198593570803e-06
3.0628674083748725e-06
2.7414398891719395e-06
2.4190630057700696e-06
1.9642323718836476e-06
1.9383156499907033e-06
2.94662580518603e-06
2.779325316115676e-06
2.3992676993705438e-06
1.9692917046552278e-06
1.7933888122483375e-06
2.560936604371322e-06
2.398125732383814e-06
2.2397875483602582e-06
2.1802094809088447e-06
2.3852727836753892e-06
3.0931680955150226e-06
2.680340678070993e-06
2.5396390570327187e-06
2.0537033246971218e-06
1.6242322035633678e-06
2.0162351829584273e-06
1.7103247926815395e-06
1.561769646492645e-06
1.4653741553170634e-06
1.4003731084287488e-06
3.024014608218531e-06
2.7067469596065146e-06
2.3146020492046863e-06
1.8587390320245892e-06
1.532313384968431e-06
2.0661616931054353e-06
1.6517900907088601e-06
1.5897762180853436e-06
1.5290647179983038e-06
1.3144951228967086e-06
2.203596633184019e-06
2.067350056532876e-06
1.65482378488769e-06
1.6778258500646553e-06
1.7918357717831432e-06
2.240204597931246e-06
1.930742300649695e-06
1.8132442185371857e-06
1.626835871675884e-06
1.5776552821052866e-06
2.5245758394703833e-06
2.1780126899486552e-06
2.2647196940270214e-06
2.139058597751378e-06
1.7355934464939217e-06
3.2519840376037426e-06
2.808983252100669e-06
2.429267665931028e-06
2.0048267419075905e-06
1.47973123031392e-06
1.4914075151000086e-06
9.744775742771946e-07
8.10066637749412e-07
6.48758262080822e-07
7.07967861989762e-07
9.121945169547003e-07
8.293572670485611e-07
1.0042861910595863e-06
1.0885713197919126e-06
1.1553762189129496e-06
1.7368640373428787e-06
1.7043329960834999e-06
1.3264101842636324e-06
1.2696087712006746e-06
1.3881987793985189e-06
1.6596739940200858e-06
1.2511139396866647e-06
1.106058521853475e-06
9.944533164099682e-07
8.973960907338871e-07
1.531718147938481e-06
1.297453164945663e-06
1.3263221757097054e-06
1.2346249015445789e-06
1.1548943976680103e-06
2.60598938322713e-06
2.7017026225570837e-06
2.5562552461999553e-06
2.5739800000937667e-06
2.394845711551779e-06
1.7645135754341605e-06
1.1022976842792967e-06
9.544840864934287e-07
8.322333228133737e-07
7.425881948816882e-07
1.8847909341079716e-06
1.972649415122266e-06
2.072562510215378e-06
1.8894218063738034e-06
1.5922122328760287e-06
1.2122076175113333e-06
1.0027680447224211e-06
1.0202053968360546e-06
9.66430615843263e-07
8.493986257163076e-07
1.0261148764613612e-06
8.941219341235206e-07
7.472456454922776e-07
6.771401509254859e-07
6.619077229039747e-07
1.2529343484671734e-06
1.0682148119976668e-06
1.0577753883678803e-06
1.075239247791887e-06
1.0246934100956947e-06
1.7810885856842664e-06
1.5548077923421645e-06
1.3574535965349347e-06
1.2736679368413292e-06
1.1436464664994686e-06
1.1763242384976762e-06
1.012782658211129e-06
8.514303738682643e-07
6.35412748096696e-07
5.974161600212413e-07
1.4063209237494717e-06
1.5568764792242054e-06
1.7592167635418349e-06
1.7908229430775137e-06
1.715004853467193e-06
1.9593194693592943e-06
1.734661648188368e-06
1.5822426092393863e-06
1.3726034969800957e-06
1.2178617180208074e-06
1.7027177094116586e-06
1.5129164345013491e-06
1.5856664806911406e-06
1.453662800595917e-06
1.4281613706066746e-06
1.269118290347717e-06
1.0822977682636932e-06
1.040847832183595e-06
9.429228029980837e-07
8.108784851469811e-07
1.5462093335091024e-06
1.3476420082713942e-06
1.2844914423554458e-06
1.1135349098946238e-06
9.537637852423216e-07
1.512547597171379e-06
1.2404642402780978e-06
1.1870576364884639e-06
9.826746752609809e-07
8.366171581786472e-07
1.6552929068191856e-06
1.5836418876395175e-06
1.5377394145897555e-06
1.3642716682384105e-06
1.055257070986493e-06
1.4965281550874398e-06
1.3070068974670917e-06
1.355477154213341e-06
1.1066448293572423e-06
8.024462207780392e-07
1.2726381668338305e-06
9.046388234020961e-07
9.268332999841804e-07
8.786744971857338e-07
8.108211310681284e-07
1.93559664655898e-06
1.8911414640551485e-06
2.019855454286537e-06
2.009401946273918e-06
1.943873685238926e-06
1.8963139795007125e-06
1.4179666218614007e-06
1.180971088056697e-06
1.2765563202196445e-06
1.1608284296366317e-06
1.6792214717341538e-06
1.67081565620404e-06
1.835848182697586e-06
1.8669984121346632e-06
1.7295587514509744e-06
2.7522732093538468e-06
2.4686995954729532e-06
2.3360878308114166e-06
2.1474980307734517e-06
2.011552274498252e-06
2.343735288677835e-06
2.0653436101722166e-06
1.873433287215529e-06
1.5895775208656266e-06
1.185544775135092e-06
1.146719149706638e-06
8.299337309252648e-07
7.142057308574016e-07
6.598021541878315e-07
6.346499954191235e-07
1.5710267033904196e-06
1.5042936832626874e-06
1.3768338782391265e-06
1.1942432258942478e-06
1.0965676202901269e-06
1.6098127810133417e-06
1.463356070850015e-06
1.487414735734334e-06
1.3983585745117444e-06
1.2684024215365416e-06
1.5745238497363903e-06
1.2783821319066503e-06
1.2624823734873865e-06
1.089366191648803e-06
1.1039075970279875e-06
1.4097358791175835e-06
1.194132503348868e-06
1.0384543307309852e-06
9.352967382769854e-07
7.926512385221967e-07
1.1230456336685505e-06
9.279692103960442e-07
7.544218960000898e-07
6.288777145067422e-07
5.418213576640264e-07
1.250882366751586e-06
1.1742530470511353e-06
1.205494477763611e-06
1.1046076062687426e-06
9.84365095064822e-07
1.3324033088316499e-06
1.2933882547874483e-06
1.4622348879365683e-06
1.3616057635336776e-06
1.3972516262001768e-06
1.3868141424129022e-06
1.239663308636537e-06
1.2688579141913556e-06
1.3308598916720683e-06
1.3748280714139887e-06
1.4881936954107406e-06
1.434544362552733e-06
1.3284562660843654e-06
1.237400931556637e-06
1.1517219155913064e-06
1.4783200479244281e-06
1.4304688937848707e-06
1.331057040701059e-06
1.3379632045075897e-06
1.2666888246072083e-06
1.575353749684585e-06
1.5367245064230072e-06
1.5329917079202048e-06
1.5568038487332864e-06
1.4555274175396673e-06
2.0427910942957062e-06
1.941698551165375e-06
1.6813315956154876e-06
1.4419979066110368e-06
1.1925836899468084e-06
1.341040408252868e-06
1.4284743949085992e-06
1.344841914490762e-06
1.2988678742327739e-06
1.0007056627880045e-06
1.1258379001280794e-06
8.830460963512193e-07
7.582228509483542e-07
7.384275796495109e-07
6.214218678731087e-07
1.1648661314931675e-06
1.1005003906996973e-06
1.2561150002552791e-06
1.2094810473879453e-06
1.0779087459256428e-06
1.5107376070141102e-06
1.4094776242273432e-06
1.234294329310866e-06
9.511383276639001e-07
7.60949723074076e-07
1.0516194515401702e-06
1.1205247364378771e-06
1.2129696905927598e-06
1.1681100205888474e-06
1.0382480093422295e-06
1.3037875492039377e-06
1.1659407356498619e-06
1.0683720106184326e-06
9.403842695712938e-07
9.79772543270376e-07
1.2115131242701158e-06
1.1920544909686415e-06
1.130560420353253e-06
1.095579503516681e-06
1.092803150670873e-06
1.2757401678450524e-06
9.9520830287523e-07
9.66895498481814e-07
6.257639330408018e-07
5.072253521670887e-07
9.88544825415407e-07
9.844556068900836e-07
9.931786338131791e-07
8.14987678976294e-07
7.809626571002139e-07
1.3983546404908205e-06
1.3406300959558137e-06
1.1143279333849666e-06
1.1038496568345488e-06
1.0751500536096101e-06
1.6713393708735841e-06
1.633892131117804e-06
1.6720556000888772e-06
1.5376831157569003e-06
1.3247911797655531e-06
9.569600843268261e-07
6.870395008176637e-07
5.646747705581037e-07
4.533459385165681e-07
4.0910322722707485e-07
6.031149647221336e-07
6.262113518840727e-07
6.785077217323303e-07
6.903518246105594e-07
6.745553763905822e-07
9.217026562241336e-07
7.78009960731879e-07
6.586273324021705e-07
5.423445119481512e-07
4.860275800940583e-07
6.440242760267717e-07
6.933156828331385e-07
7.397224172740593e-07
7.551442513551003e-07
6.646057011015296e-07
9.265880631434878e-07
8.520027827000714e-07
8.614868637597725e-07
8.597075361290608e-07
8.449065839257221e-07
1.3791035091969565e-06
1.1841000958106603e-06
1.0902974926816375e-06
9.339163953656728e-07
8.515521813919506e-07
1.1806687163022624e-06
1.13168239942539e-06
1.0004355367775645e-06
9.699482497059412e-07
8.242679934461698e-07
1.0069402117639775e-06
9.553448048072962e-07
1.016057428286532e-06
1.09477564360392e-06
1.067789083496498e-06
7.169058314494155e-07
5.519764824214572e-07
4.5774183346012693e-07
4.238411508302709e-07
4.0562926840244426e-07
7.961233147049281e-07
8.721277584162138e-07
8.892019682962039e-07
8.476761345424596e-07
8.42391016091502e-07
1.1632052692706381e-06
1.1617840850833068e-06
1.0687703950134192e-06
9.941283962234638e-07
8.73402053422602e-07
7.603600389744005e-07
5.344437676764966e-07
5.038526191989823e-07
4.015890537532411e-07
3.4035430118383896e-07
5.110445365998895e-07
4.235921950038424e-07
4.004613608918742e-07
3.311724756701827e-07
2.588897196658687e-07
7.565228080019796e-07
7.319643933303047e-07
6.273216875812897e-07
6.172690430850446e-07
5.086768918296142e-07
5.528183857409201e-07
5.13388463636061e-07
4.6491008503447487e-07
3.950736646071239e-07
3.4249051159107917e-07
3.8007137421080453e-07
3.1990873668020656e-07
3.135362489146312e-07
2.616320475039235e-07
2.418833846512455e-07
6.105704086105538e-07
6.945834772655912e-07
7.466925740093433e-07
7.579891054519295e-07
7.358638283352427e-07
8.224335325762557e-07
6.528992514706233e-07
5.995088349142206e-07
5.392631561447364e-07
4.4175102164593853e-07
5.885049763347869e-07
5.587063047850708e-07
6.141295159210873e-07
5.588040805332766e-07
4.847385810538865e-07
3.9221607283730397e-07
2.79584992483291e-07
2.460567932422172e-07
2.3456288125939664e-07
2.2280753546271975e-07
5.219657353583727e-07
4.88816394022238e-07
4.807813477198164e-07
4.3985687558599435e-07
4.0333990847891825e-07
5.670590950529902e-07
4.766873576154629e-07
4.6497014356877485e-07
4.2644865847060564e-07
4.3688960094582057e-07
7.981132915979064e-07
9.200036909607029e-07
9.833501218850209e-07
1.0098682585354804e-06
9.275594739913e-07
9.066848742480385e-07
8.223647880956203e-07
7.71499373061377e-07
7.284105075276088e-07
7.448719553678618e-07
8.238077452899793e-07
7.568719175379783e-07
7.342581928592858e-07
6.627683397787118e-07
6.371857724480356e-07
8.600528666726668e-07
8.264769281618949e-07
8.556956425646017e-07
8.787624746189169e-07
8.392336764309178e-07
9.739002868787582e-07
9.427009810529227e-07
9.363670710729227e-07
8.567646151870193e-07
8.406698444356056e-07
8.261478321220448e-07
8.092573371141055e-07
8.213657946682446e-07
7.855537279836957e-07
7.974992427204744e-07
7.302556850232426e-07
6.282141597934984e-07
5.833459837058468e-07
5.308291372923819e-07
4.5405887382274223e-07
5.75122484116177e-07
5.445541016212497e-07
5.231908561365703e-07
4.7089326006559785e-07
4.1734575758278755e-07
4.722861136934404e-07
3.950762896350366e-07
3.3093040376514243e-07
3.024368665629076e-07
2.5950475581362624e-07
4.561676397870401e-07
4.286784189619624e-07
4.3613531364377593e-07
4.021779472834199e-07
3.8340758950436874e-07
5.478136506200513e-07
4.6733001208399854e-07
4.297392209407854e-07
4.1327335893369e-07
4.006622571002766e-07
3.5048775286935714e-07
3.0565502415996524e-07
3.2860111693087517e-07
3.434577138925367e-07
3.2780974038251715e-07
5.500877092093152e-07
4.987474543803912e-07
4.688969647752016e-07
4.0578713071713367e-07
3.6556252458725953e-07
3.6379096473062966e-07
3.5901602498366394e-07
3.837050228839824e-07
3.458542465509165e-07
3.491574696508448e-07
3.1390432767714646e-07
2.70638268567751e-07
2.654543314337021e-07
2.3327801404506936e-07
1.966409078075125e-07
2.1964175363568365e-07
1.9895452850434007e-07
1.9324386828224726e-07
1.772219172062705e-07
1.744692520520752e-07
2.9662401227250883e-07
2.8406143227815114e-07
2.956476146445316e-07
2.8827058730562975e-07
2.735462578905435e-07
4.6613109333825334e-07
4.86480491703245e-07
4.590031784391729e-07
4.139338698239863e-07
3.831122564005503e-07
5.351489084134112e-07
5.067557754693642e-07
4.804994807581786e-07
4.01449666306452e-07
3.7355887512541457e-07
4.43569664957767e-07
4.3556797988402034e-07
4.14147225363694e-07
4.069032741376382e-07
3.666125877752378e-07
5.53080675053258e-07
5.420747332573511e-07
5.121095807482482e-07
4.866751169538078e-07
4.0944068529388516e-07
3.8397481860894027e-07
3.1656488950513754e-07
2.5982082379151616e-07
1.9511332189292216e-07
1.4957699953682975e-07
1.317241496373056e-07
1.3201251351966566e-07
1.5845806609403037e-07
1.654747043675653e-07
1.8430428862187615e-07
2.857060567453478e-07
2.790678065517136e-07
2.977026872297056e-07
2.8576239439322296e-07
2.8406596415967074e-07
3.7016810007600424e-07
3.69435818751159e-07
3.4730672769534744e-07
3.334612462138434e-07
2.953527111711042e-07
3.4419196153937055e-07
3.2305208004068034e-07
3.1086113552681877e-07
2.929115319669442e-07
2.8960609434199673e-07
2.1591581127907286e-07
1.6341219206770288e-07
1.393714889616837e-07
1.1917060924355265e-07
1.1083289221563912e-07
1.2934069638845508e-07
1.0275072145814027e-07
1.039806753731553e-07
1.0682964539778784e-07
1.1297506407050383e-07
1.5089197860803177e-07
1.4370343892669221e-07
1.5244216173537726e-07
1.528322272166626e-07
1.460153165846595e-07
1.861619952776062e-07
1.4122101423237903e-07
1.2434737218235708e-07
1.0349384555228813e-07
9.051777389524397e-08
1.2738151570289542e-07
1.151966388416001e-07
1.0356636000070526e-07
9.981779818932069e-08
9.216616008557667e-08
1.5172669279990013e-07
1.4186094116387938e-07
1.4855412168860121e-07
1.387383823768944e-07
1.249827324822833e-07
1.7585985765248562e-07
1.4611682914543323e-07
1.3582369305867827e-07
1.2769529556251322e-07
1.198619059318991e-07
1.5634416085903557e-07
1.5772910422744934e-07
1.6045057390596664e-07
1.4879569822287916e-07
1.3235587170072874e-07
1.5205367665283048e-07
1.3541409102185227e-07
1.2665075412171161e-07
1.1494241909391332e-07
9.670735760786922e-08
9.802335709606428e-08
8.522993994930424e-08
8.857868873258177e-08
8.506221538826357e-08
8.232047633913488e-08
7.555320471621054e-08
7.061249741104878e-08
7.293403079968305e-08
7.097447597941385e-08
6.416610683369392e-08
1.1349248960685552e-07
1.1847801910361771e-07
1.120178379824315e-07
1.0330173842319274e-07
1.0645592233405144e-07
8.499515398343139e-08
6.759630270494766e-08
6.03535254009543e-08
5.4236456500768826e-08
5.3326309839067595e-08
9.81049275174299e-08
8.833564038023148e-08
8.346165691423548e-08
7.581191163792653e-08
7.062191348700802e-08
6.053428232494102e-08
4.898683410131246e-08
4.120426546074733e-08
3.047392290076439e-08
2.4993145569773776e-08
3.341267556709988e-08
2.845433660450534e-08
2.6150989876128453e-08
2.721113790731934e-08
2.5161814851209707e-08
3.5402217922668696e-08
3.324869437191127e-08
3.185589964447208e-08
3.436064759048621e-08
3.702997618758046e-08
6.240438020960711e-08
6.772032379376607e-08
6.806916497396196e-08
7.426563633808784e-08
7.691208233775733e-08
8.944430090302681e-08
8.329836619461437e-08
7.611383621691279e-08
6.406253215460927e-08
5.6871805695621595e-08
6.097934025097502e-08
5.790026144000577e-08
5.561512986761024e-08
5.190336449554962e-08
4.873170464362931e-08
4.489643193929176e-08
3.8911014407634005e-08
3.420082744959359e-08
3.048496429968247e-08
2.5269653454529443e-08
2.981122649816852e-08
2.8571064466295938e-08
2.6001179226428685e-08
2.454083322784244e-08
2.386414033062346e-08
2.8974960181463862e-08
2.6791457406380095e-08
2.490477205584187e-08
2.1955220104304766e-08
1.992245178681403e-08
2.3797680409932665e-08
2.180874345495798e-08
2.17145224902267e-08
2.2510332634654845e-08
2.3637686054975167e-08
2.8676879983204277e-08
2.8870841341503504e-08
3.007435259095027e-08
2.8972935783858024e-08
2.6627584394622388e-08
2.6086135904474072e-08
2.2198381502271496e-08
2.001106273422082e-08
1.8076233220025133e-08
1.6479016030166456e-08
1.6416960787737826e-08
1.3716753420574917e-08
1.209161691081758e-08
1.1237362437175536e-08
9.842252536405541e-09
1.2525289501735141e-08
1.1633212422185506e-08
1.17014505175115e-08
1.0976877755919345e-08
1.0209751435540472e-08
1.043319021852857e-08
9.601235180687526e-09
8.702288765174204e-09
7.704641796308258e-09
6.544257713861991e-09
