2.100000000002408
1.992647058826862
1.3873873873871139
1.4947807933177868
1.4591979630809337
1.292614434147479
1.1460805290799647
0.9854048240899105
0.8691519565484952
1.0224089635854088
0.8868615867794302
0.8390559517683629
0.8303841173931956
0.7921852186608651
0.8640300702729209
0.7793415738588235
0.7447687766480517
0.7281591777573463
0.7270480662300811
0.9517047888289432
0.801942291530496
0.7884550737165735
0.7762042699281759
0.7828537685205201
0.9605124605124713
0.8491128329741532
0.8229030144167788
0.7938894569074184
0.7798128342244943
0.9508258415220848
0.7854932148242781
0.7755711775043725
0.7670202507232263
0.7127412347177164
1.0122894633764352
0.8613364645603356
0.8302562170308281
0.8387447357695973
0.7852941176471747
1.0461111692662002
0.9200112264946733
0.928564170307815
0.9044943820225947
0.8928181619733861
1.1176942355890076
0.9771853986552057
1.0171491288243117
0.968401217567749
0.9829957119619792
1.0778927480183655
1.0178616994131486
1.0005292405398372
0.9806308799114216
0.9323263355521441
1.1639703465653592
1.0864691057616793
1.0364075647754467
1.0061204096928074
1.0721223393262302
1.0893545348140035
0.9558536042166386
0.9080459770115021
0.8700929469655438
0.829212510817176
1.0314671401022346
0.8882786336235272
0.8614710243021708
0.8566478205361893
0.8443868535751944
1.1321653111000929
1.0532494899153433
0.9906316004633461
0.9135099184546888
0.9173948254550113
1.0469218015773492
1.0832993762342105
1.1094189008218736
0.9646494907129808
0.9251250605131356
1.1266567219347445
1.0365762673928278
0.93343195266272
0.928072854182548
0.9608077242524907
1.0927046100265794
1.0455628426499992
1.1029042884342106
1.0889077460052925
1.085815482582572
1.1282315281079742
1.1551595299019557
1.1022936313889755
1.135663167548279
0.9996533555185724
1.123901478320648
1.063496982547708
1.0230085484625557
0.9959631437303373
0.9735120105366605
1.2067154497450823
1.1436840552425673
1.170290139959109
1.1523330283623319
1.1234229805959346
1.0773657623947632
1.1638217810983147
1.142480865764489
1.0945696077551115
1.0959719704023265
1.057843887938022
1.072992378021826
1.0740384519050703
1.0631444318451353
1.130254120346693
1.1573655602699588
1.1590345843845604
1.1403917059102684
1.0486544332359946
1.0504973802110988
1.1053311071248972
1.0547263038079582
1.0405984828041277
0.9158129951536639
0.9809408514535147
1.054172404615044
1.055473997953645
1.0178777541231867
0.9801510598554155
0.9816516585853964
1.0956249715266257
1.117841553195625
1.1344648110432027
1.0892659977917758
1.104223950559053
1.049180567428742
1.1327235324369975
1.1148850801307915
1.094642615613517
1.1216862666932288
1.2512495909077344
1.3055892153892916
1.1911636522118074
1.2635892289680977
1.3262556907231795
1.1562746366411354
1.196613140617501
1.2351924666282863
1.1855085610613418
1.258410012130536
1.1088809335745389
1.2594771690280986
1.3105965265542037
1.204462689531864
1.1989267391347314
1.1238027624414482
1.1542104775580286
1.140520356176403
1.2897256788638036
1.2749812534771932
1.0599207339596122
1.1150562394827763
1.154316730523619
1.1924397086915042
1.17936065920825
1.1348757034458277
1.2031363876253254
1.2832788832788575
1.2956745948221522
1.2367095537913904
1.123333157937012
1.2950174067831168
1.2775371935461455
1.336351563443222
1.2475173363616592
1.1750158822902041
1.399359147937547
1.409541253850661
1.361885867662506
1.3567921440262203
1.0852474836781119
1.153438363324118
1.1548925403684411
1.1143097949133278
1.1116706161137184
1.1056380638063792
1.18426752305913
1.22913452446125
1.2787333481703065
1.1838821325374258
1.1226113852714201
1.22650781831723
1.3379760956175468
1.3946080195810864
1.338816492202582
1.07375180854742
1.1162591598345815
1.1698992948730016
1.2060370108201166
1.2275379628049439
1.070944060777011
1.2335288313966113
1.2377051876706693
1.254291802355992
1.2843017329255195
1.0456066136620572
1.1413393432067143
1.1517377341091573
1.2396627044600481
1.2121460812474583
1.075709534625909
1.2697459791227717
1.3658339505756645
1.3095442150369774
1.3796780040516128
1.0507013161687135
1.3131195335277106
1.3016785258165824
1.3378877400294262
1.2382492204643132
1.1666429046668219
1.327626720375928
1.2915615363050328
1.405066232861156
1.3551316984554571
1.1338074488201964
1.3036437246963803
1.2759214605580849
1.2938099389706297
1.3304410701377793
1.1498084291188866
1.325556158437415
1.3459422283360285
1.2871410736571005
1.3662790697672464
1.078477711677854
1.1705426356587936
1.1485809682796728
1.3061968408262112
1.277321541376125
1.0728097397946792
1.1399375532213867
1.1611962071477704
1.1827045358205241
1.2720930232563088
1.1465850086541314
1.2971789883272065
1.2904009720536536
1.391830559758778
1.264783180026134
1.0736472945891384
1.3268929503912525
1.3232893910849735
1.2640970735186285
1.2767191383600558
1.0661617480630026
1.222270742358617
1.3154651879234973
1.2776101388054693
1.2660300136424196
1.1207259046143538
1.3093243997765733
1.3148269105161134
1.303272727272064
1.2917023096657472
1.0568158023312593
1.1205273069682993
1.1484684684682698
1.210292812777347
1.2210998877668287
1.1042145026293684
1.2034254807690477
1.1968641114978182
1.1624883936860961
1.2334975369458006
1.1566229700646544
1.2545968882605283
1.2759124087589393
1.2784272051012273
1.3079646017694369
1.142006802721081
1.2797794117642973
1.2743039707894297
1.2134632418060074
1.2975797579759543
1.1180353634577602
1.2344164456229938
1.3438368860057999
1.263213530655687
1.2632233976355676
1.112327088075685
1.228902953586365
1.218558282208631
1.274709302325435
1.2196370404835388
1.0721480582524976
1.1383730054929695
1.1678340517238612
1.201628538193097
1.2307692307692308
1.1484901940437733
1.4055944055941731
1.2949932341000907
1.390713476783157
1.3640081799585713
1.1509631659547965
1.2457071495468663
1.294238683128076
1.3560371517023002
1.3780418788906057
1.117436520799496
1.3417223751474001
1.3639529821505623
1.323969188944785
1.4056301983366624
1.0423909728575815
1.1752069373276186
1.1486288465563
1.1782584884993135
1.1741424802111422
1.0765575815168715
1.2058402519321798
1.282261063592464
1.242783123611888
1.330461226558231
1.102667793336618
1.1975691750710356
1.2300649734201565
1.2494249096286036
1.2812769628996619
1.0875238505570284
1.2635791881075864
1.2716643741401281
1.310787671232787
1.4227902023424974
1.1168591224019626
1.2265954456006836
1.3148639681483922
1.263820853743253
1.234966592427725
1.0499398046996942
1.226945244957175
1.1920977384973575
1.2180524102235486
1.249900199601421
1.0485912046423596
1.1542897081951873
1.1611302847281937
1.1580393953273018
1.1873930405016337
1.0527395546659752
1.2120591581341391
1.146692233940643
1.1696058091286121
1.225178455548029
1.064170875225858
1.1919347730279042
1.2430939226524422
1.2496679946877476
1.1950390757724203
1.053876831045329
1.1615023474178596
1.182295573893035
1.1774567964921479
1.2376859504136233
1.1068856885688705
1.2301877590830923
1.2648800249301049
1.344033232628337
1.3317591499409331
1.0406674660271746
1.1842765042982455
1.1501922641934894
1.2237952627279918
1.2425644415070105
1.0683813393311066
1.198411197276339
1.1852849740932332
1.1675138121548037
1.2171395483492247
1.0844241623633772
1.201934952655477
1.2505151604351583
1.2609523809525556
1.2903600464577105
1.0339912676360872
1.0942081579327174
1.1386407766989353
1.2477901340175952
1.1900494437572982
1.0612270608490686
1.2093146803613433
1.2942281879193211
1.260427807487125
1.3199281867149348
1.0999069009658669
1.2360625145788446
1.2576326914046427
1.2477091339050155
1.3294375456536756
1.0819132455460254
1.3076261467891912
1.3183930942897604
1.364838584207995
1.4045192733711935
1.0678382808231768
1.1658327376695965
1.1820906046183044
1.198782164604082
1.174491235139872
1.0727812688301515
1.249795081967406
1.265116279069672
1.339022757697209
1.4072769953051405
1.0467146748255332
1.1909923664124669
1.228012358393484
1.3036714374607408
1.3015354459326256
1.0593744003069856
1.3207251566698353
1.2231898482210388
1.2488277586748227
1.2600570161546851
1.0837026095519693
1.210884353741447
1.2307318259177666
1.330234049374371
1.3093023255813447
1.0451879034634148
1.1228780360406474
1.1782971073704427
1.2507337526205111
1.2412900188321982
1.069799087489015
1.2224111866966525
1.2255834053587618
1.2676977989295377
1.3544935805992804
1.0885568654915712
1.2537913393019586
1.2268165395426498
1.2005364142770234
1.296504739336841
1.1172238679644257
1.2412018592296308
1.2805815160960041
1.282250686184766
1.280157835400218
1.0593925324047113
1.139913939235658
1.1334174420436207
1.2991318074189417
1.273773636612674
1.0601911339543575
1.2153137593549754
1.2387213783722966
1.226222330333394
1.2415886668349163
1.0762671558635575
1.1654390934843009
1.196473068813784
1.2268993839834028
1.1677639600097194
1.1011794669658013
1.300540368722245
1.2514718250629695
1.3017924135060495
1.2476691369830606
1.0939372626247863
1.197625106022116
1.2064995628097233
1.2538026176158044
1.3041249694898094
1.1477194194885751
1.456516502047722
1.3694956949574038
1.3875636558558577
1.4380134428682056
1.077457795431964
1.3128215682238162
1.3729468599033359
1.3830306316076468
1.4223814397814838
1.0650190682719274
1.277653631284774
1.3522332793335767
1.490100517819503
1.377276937326182
1.0586946599726097
1.1521005251311673
1.1464050805171802
1.1423020233149808
1.1573913043479513
1.1656002253611932
1.3303325372039456
1.280885550504148
1.3165764372261721
1.391733497840952
1.0503798394559556
1.1519207192481709
1.170191211852773
1.1693099014143287
1.1949623814196735
1.0350551220116295
1.2068556165602013
1.2494569757727731
1.284403669724426
1.3177393185504398
1.0461922300106743
1.1387760128061457
1.1820086604275668
1.161488619372073
1.252932394967139
1.0604455409621811
1.2336739227009605
1.3499353169470933
1.2871553463346723
1.3498920086393325
1.0458067118083068
1.1892202934690244
1.2247104247103284
1.2506825116427642
1.2569842738205381
1.0786193981661198
1.263329200247985
1.2203672787979392
1.312709030100296
1.364890974330524
1.062508686587921
1.2630821794642693
1.3791044776117145
1.320932422886696
1.2838674925934745
1.0340796409373207
1.1008994915917933
1.1323774283070986
1.1390022675736562
1.1437796520822103
1.0488195705586618
1.1789218809736788
1.179311395490718
1.2464209019326327
1.3019054689433134
1.055309985265765
1.2071857961693715
1.156885198969265
1.202083333333179
1.2548527060972534
1.1041340281996095
1.2204647256437753
1.2305998899281778
1.2588916459882202
1.182230623818601
1.101276359600506
1.3176002766251826
1.2677548185446765
1.2339615457833055
1.2822425409048541
1.0859119141728188
1.1843687374749408
1.2589181041703363
1.3300214299631286
1.3828032979974643
1.0716665432738948
1.2401569653366182
1.2481415402914722
1.2617912029679605
1.2977728285079595
1.0417688982357627
1.2136918259367588
1.232705248990487
1.2242705995512955
1.255787690570362
1.0614115148918752
1.1604045054673737
1.2439082656474327
1.194482586443529
1.2287044220324284
1.0487675489286066
1.1762050911716295
1.1994275901545048
1.2571098599680328
1.2894038563594155
1.0751122847405457
1.178893962455563
1.156993647033574
1.179416023165901
1.2045169385194885
1.1013728259910023
1.2619675010977258
1.2921762192424595
1.3430515063169692
1.3415457977351355
1.0761657068549075
1.2218798151001085
1.1988643377360804
1.1874999999998976
1.2279767666990216
1.0525256665859244
1.179014740108608
1.1864000000000374
1.1863169280691024
1.233292831105529
1.0691317955256836
1.2833312429447912
1.239919608089647
1.2094452773613142
1.259189797449207
1.0869443901894125
1.20292357274418
1.2303703703704658
1.3481527864748046
1.3212184873947221
1.0669619912381978
1.1589509449987654
1.1961860337494932
1.247208383439312
1.2448365750952048
1.0430718323452706
1.214819427148155
1.2268408551068006
1.255998648191887
1.3201808466911653
1.0493619137064254
1.2444881889763804
1.205788295490938
1.2433165439754723
1.2823868677903527
1.0480085554078284
1.1929323968393224
1.2489601901368519
1.3930962343095712
1.4892741698502447
1.1049052426263333
1.2946481547407935
1.2517686225552627
1.3523644752018706
1.341553637484507
1.041337313432853
1.2325724861196008
1.2638159925905044
1.2409031838858262
1.321596770576424
1.0331010067485074
1.2321757432255425
1.2225323149235712
1.203853507869019
1.2375000000002399
1.0584069504270963
1.176528599605496
1.2092693002838881
1.2397743300421027
1.1518271461718044
1.0609471573001572
1.202645985401581
1.1817990087525319
1.2538930264048471
1.2740804106074246
1.0838649447642599
1.1730549951758003
1.2033066666665864
1.2328561690527422
1.215398178078343
1.079550700107688
1.1680336714871187
1.1918208373902484
1.235982447586485
1.2802164762475683
1.0683557541474724
1.2036633663367828
1.2237637055269979
1.2707770990196474
1.2229659378252569
1.0908019135284308
1.2178444622608355
1.2747747747748388
1.365292764903915
1.3833163784334208
1.0540502342109468
1.1975260161003807
1.20207577841682
1.234407639510781
1.2391681109185921
1.1064630166787577
1.1622573277502022
1.2041971233197704
1.2146468294091093
1.2498293515358323
1.0567917074653104
1.186098033785532
1.4045053868755053
1.2797034662389037
1.3699974830099524
1.0306953523301852
1.193548387096862
1.168478260869606
1.237456242707117
1.2600139324277393
1.0547917711992063
1.2428586267790276
1.1753195339892428
1.2425649391392535
1.1956394498098601
1.0470900159406584
1.0950079449152506
1.1629132726400928
1.1783368447143527
1.2440174672488802
1.0936119851052135
1.179739754347494
1.229870539943132
1.3136399682790256
1.2353418543313015
1.0284221424180393
1.1299831081079548
1.1383294466821923
1.179884980607006
1.1894110074027886
1.0261447120382032
1.1148892728129889
1.1228466534877066
1.184386910238055
1.135078258582199
1.0918170227562485
1.215875998121203
1.2135900080209778
1.2581353837703917
1.2579231287927588
1.061021831412993
1.1739275394531958
1.2248171074845677
1.235895157707745
1.2685725398676546
1.094674404272804
1.171722643553569
1.1757199719033231
1.2388059701491
1.266604303087122
1.0621135209967834
1.2276159654800367
1.2732628196543965
1.3226671433678545
1.2075882444409192
1.0327846817454311
1.166233152045448
1.1542882404951438
1.1515122693552025
1.183663721041412
1.0820841282820255
1.279904591532377
1.261789334508344
1.2714449729372952
1.281329923273668
1.052212169004741
1.1690760527970008
1.1549560233222897
1.197802197802136
1.2282698334154583
1.0432260966313815
1.1092692496322625
1.1182504790891452
1.1381149180109449
1.1948548583350678
1.0462597288621232
1.136855568673852
1.1400922696073532
1.2130078835654874
1.292765636774916
1.0329350397282577
1.147597150842983
1.1827079934746794
1.1893642663454083
1.2113554315720734
1.0775056606719455
1.1904006346687077
1.2650085763292114
1.36101934874896
1.3761443187936164
1.0334036568213767
1.1817010309277987
1.2295850066934633
1.2197526438432342
1.2627049180325793
1.0589022757697553
1.1634253131046546
1.1705260657880836
1.1655928718300295
1.2043768545995408
1.0432492970500082
1.1466530403679112
1.1653679653680453
1.2029674445402254
1.2576978714613938
1.0281647302147292
1.1757298863383352
1.2623372691492054
1.256351848607096
1.229770837558312
1.0371589840075195
1.198511686405913
1.1368572695034649
1.1708542713568895
1.1448320205755365
1.0285743631881843
1.1525088028168307
1.1497926323491903
1.1775574583146187
1.2285714285711447
1.0383413661293026
1.1562757032406825
1.1619258322797257
1.2033026529507267
1.2317151069945855
1.0348329536825962
1.1219925449001702
1.0896475990815462
1.0882057015092113
1.141632264210637
1.0536849281928393
1.156633435582721
1.1816181862624482
1.2248458414801011
1.1931293795934879
1.036894777644683
1.1501575423395927
1.1836534932094052
1.212507589556876
1.272051819393947
1.0305868329750512
1.142237222758028
1.1313550739314964
1.1308922558921517
1.1815637860082608
1.033751611943238
1.1478830645159848
1.1772644692445857
1.2005098980201616
1.2558228331426904
1.0538094684192436
1.224562976243649
1.2162646450723273
1.2343427937211242
1.2359510086458234
1.0268232776440298
1.1541593949971198
1.2202546465679012
1.1920470756063568
1.2715188494225147
1.0443231601360443
1.1810100489564872
1.2259783513736624
1.2219579139980958
1.3030597377364825
1.0340058888835313
1.1437641723357772
1.1732273368380488
1.1952008168820767
1.2338033196504874
1.0775416851113773
1.19497640854844
1.2706050500240722
1.1957599589673813
1.206733608978011
1.0401013299556996
1.217627401837773
1.2289742343218837
1.2020122312092998
1.2494719053651755
1.0250491803278867
1.1075632083695868
1.1230223677032398
1.1770630279402432
1.1768172888017687
1.073808164859282
1.205465713927591
1.1934982332154302
1.270740806537459
1.2527978933505544
1.0451521767047594
1.1974465933511802
1.2425834887268792
1.178940568475416
1.2589823969134897
1.0404914505194411
1.0988776551340114
1.11168766987879
1.1239106753813046
1.1890015015014899
1.0549069199776449
1.1965258354187638
1.2328478680472936
1.197526373226712
1.239653963058017
1.0273900931857138
1.107330186205056
1.1008033369380386
1.1255411255412797
1.1092747635099385
1.032705267501062
1.1327319587630609
1.1664880314397672
1.1508297841090418
1.1906141367321772
1.029615928625811
1.1525574170640598
1.1457748276744466
1.1500613120786727
1.1783693843592076
1.069446796978172
1.1746262733166586
1.138901497957398
1.1600233326851326
1.2416420845628404
1.0460449673811811
1.1602901436496489
1.1947844598187827
1.2818915801618345
1.304928989139505
1.0602100027631713
1.1341948310141412
1.1673171559477629
1.219026984439538
1.2480204937121686
1.048234936092496
1.2162658344043606
1.2541517763299401
1.2322124756334796
1.2358701734751187
1.0298922949461464
1.1174253406784442
1.1410669530970623
1.2060008956558994
1.2117177097201228
1.0361776970205605
1.13747521480513
1.1482688391037754
1.1375257126065048
1.1613394216133361
1.0723791878956446
1.1559594838351768
1.2104353835520436
1.1742408803746363
1.2619964074932426
1.067667743774906
1.2327668252889086
1.2216354858176894
1.2751054852321206
1.2319168173595627
1.064116170113661
1.1464927829828273
1.1803226321673173
1.2238627294491233
1.3005780346819606
1.041265910268985
1.1975425330813212
1.184760273972871
1.2068885806747618
1.2270916334662882
1.0288250582239458
1.1260481831492715
1.1848567530694358
1.1735774150862446
1.2768606224628323
1.0442002527734788
1.155099577549772
1.1961290322582083
1.1986119616248296
1.2552578507634142
1.0351492063492107
1.1237011380503814
1.1101903007979659
1.1456953642386183
1.1729997639836192
1.0465905383360277
1.1930445033892327
1.1991273996509573
1.2393162393165715
1.244415917843358
1.0318689185247758
1.1183929841194125
1.1121330477510016
1.1416958877909336
1.1732793522266727
1.0376581506868208
1.10336602173338
1.155459272097135
1.133816510518152
1.135525070955257
1.0685128256815908
1.129818533233281
1.1320340378807767
1.1511666118960466
1.176675548267831
1.0351631594998572
1.1231863029601226
1.1544544016870635
1.2353488372090926
1.2973456606026874
1.0254583369536725
1.1318988703603492
1.1363998936454185
1.1751706207344894
1.1609627679579007
1.0306077574833694
1.124296885718231
1.1858778010637177
1.1718693936134659
1.2040816326530877
1.033197017079622
1.1340405014464807
1.1299799369446402
1.1499182264221117
1.2148553201185928
1.058082575227451
1.2622793553334706
1.261304249034263
1.2768376520355995
1.2516575381953783
1.0359649378257727
1.1124461277262097
1.170817906428796
1.1452212718482084
1.1852262644187606
1.0341799425437064
1.180129240710553
1.160461653015439
1.1774267399263525
1.253678634490605
1.0490921318090363
1.1998542539622565
1.1951483647391485
1.24079470198639
1.2341031319207174
1.036702230843801
1.1841012084594562
1.1801327534907138
1.2204002223458104
1.244967587853822
1.0305318450427123
1.15215072875932
1.1960220994472976
1.160506077896186
1.228452132418292
1.034661238732181
1.0969414204252717
1.1569284802042519
1.1694607150070835
1.1763841254283347
1.0574342458400372
1.1887084300074817
1.1795231416550087
1.2487562189055947
1.2903698279018458
1.0294678899082976
1.1173628428929339
1.1946661066778883
1.171971252566853
1.2212817412337404
1.0373756271792205
1.1382815496739975
1.140307829578412
1.1746662879866163
1.193348549071169
1.0346818834142046
1.1700776287933017
1.1474635448756634
1.2068700333245963
1.221419597989915
1.0419278677847017
1.101449275362469
1.1375186846036363
1.1547826086953692
1.1902280130291611
1.037279843444262
1.099534883720714
1.123872804935703
1.1286982248522979
1.1883473799930766
1.0213323195200976
1.14472807991145
1.1447212336895252
1.1915933528835208
1.1908821349149392
1.0335268695159479
1.209287796751099
1.1813842482099306
1.19610356318874
1.2238372093022063
1.0449624916911282
1.1464588585838449
1.1962591488210736
1.251729438893846
1.256295694556922
1.0489920300047717
1.1601061477219936
1.2393893129772617
1.2277505255780696
1.2286063569684234
1.0367329720608855
1.1259559856409054
1.1619224422441519
1.1309218203035316
1.1996737357259621
1.042424242424248
1.1441597915760848
1.159404600811681
1.1891802190508878
1.146843390303157
1.016866954320168
1.1177536231884184
1.1142676767679398
1.1543518275046813
1.1513059141398188
1.0473473299067753
1.1206740351510138
1.1353691886966222
1.170617420066373
1.1525689223057012
1.0528813249988371
1.139696699375683
1.1845799769849406
1.202408256880511
1.2095612311718795
1.0412718302138577
1.1552000000000557
1.1587503175006024
1.231068648265596
1.2200385356453207
1.0457953802023159
1.165602189780998
1.1896201797623238
1.1950051317140462
1.1950826279723636
1.0344539569847033
1.1019505328775723
1.1356475300399849
1.120110024449474
1.217735849056161
1.0719056746239068
1.226739427012308
1.2433155080217226
1.234953703703554
1.3032384690869872
1.0317831876819976
1.1584615384613561
1.1563036757132645
1.224036850921695
1.2247540134651378
1.0390458254865933
1.1527777777776513
1.1800535475231833
1.1746031746024588
1.190453230472439
1.0633331122753904
1.24709897610956
1.2415005861662338
1.2313199105142885
1.3115860517434101
1.028990404108627
1.1789340101526635
1.1859276729560824
1.2152205525934148
1.2610169491537524
1.0191154645295628
1.0905856595512295
1.1511976047907921
1.2016393442620155
1.1312900274479194
1.031420516551499
1.1538461538465854
1.2030589000970966
1.2031007751938678
1.2026561731430572
1.0377688091079487
1.1869281045756226
1.1853344077360597
1.2688679245279637
1.294603174602232
1.031013812874659
1.133817985998631
1.1638181231860307
1.1750801282057668
1.226020408163706
1.0471334692952998
1.183653209794574
1.1455142231947337
1.2394433781189989
1.2255511588479417
1.0299508028328832
1.116736621196224
1.1564489112225278
1.1625982623089208
1.172566371681705
1.01806547100819
1.0755935422602565
1.113331708506047
1.1187423687425229
1.1291538198007138
1.0409259259259194
1.1210713309643785
1.114183474300149
1.1743393009382133
1.167137476459899
1.0306888308223041
1.1363166063110923
1.1256476683941088
1.1808817470131303
1.2203304957437338
1.0482487777509786
1.1385435168741593
1.1417151162790942
1.159090909091024
1.1939746300216685
1.0396990662994698
1.1425867507887677
1.1766871165644104
1.1770833333330517
1.231146535867938
1.0735134295915647
1.142763157895142
1.1650446066504099
1.1588873173038508
1.1971916971915773
1.034372636355913
1.1281594873621419
1.142057684029639
1.1932129173505945
1.2127107652396014
1.0430944055944866
1.1679148600705032
1.1657041314972687
1.1973392461198877
1.1589213998853078
1.0220848586689395
1.1150128865984907
1.1011111111110288
1.1175630652072446
1.182625237793685
1.0282911719152685
1.0939116593710034
1.1111675126901122
1.172495554237704
1.1746724890825593
1.0182398167838764
1.1212244897960795
1.1314342828579025
1.1404958677688675
1.1558018252933213
1.0503733305291456
1.1602699282997162
1.199084668192419
1.168922895821736
1.1633217993074971
1.0142473118279747
1.1084384858039567
1.0886541111621395
1.1099079588517031
1.1541271000724838
1.0310781536410736
1.1192817443356473
1.1361008933255274
1.1575971731445116
1.1852134146341877
1.033770399018899
1.1478468899524963
1.1914132379242166
1.225165562913973
1.2543299908853183
1.0463205932685042
1.2147651006716904
1.1875776397517415
1.2032967032970023
1.2310469314079484
1.0292571829010837
1.105627705627538
1.1261013215863254
1.1429530201345535
1.2014196983158507
1.037970775879815
1.1505268439543215
1.1737704918044425
1.1654357459389997
1.205776173286372
1.0263616557734878
1.0903981264636888
1.114421930870349
1.1177761521574536
1.134366925064235
1.0379361270075775
1.1321195144719942
1.1352483542790723
1.139926739927479
1.2085062240668938
1.0446179587283038
1.1156004489336415
1.1716262975775733
1.1698906644234823
1.1968911917092757
1.0280823450434522
1.097775478530707
1.1211538461537607
1.1189643107060239
1.1467146714673557
1.0437483121795181
1.1983695652165698
1.1892307692312707
1.1979835013740454
1.2116868798216063
1.0285855588526418
1.082737030411364
1.1127084531331277
1.10477548111191
1.116455696202791
1.0358833409680825
1.1435786435779145
1.1543832428230725
1.1424606845517782
1.1913814955640545
1.0168132436627038
1.0877396862288684
1.1173974540303504
1.114285714286778
1.1643835616456129
1.0567207732992416
1.1808612440187418
1.1920768307317766
1.1785216178507454
1.221297836939572
1.02759526938237
1.0990180032736152
1.129949238577628
1.1328828828825115
1.199346405228429
1.0400536282889365
1.1705685618735346
1.1687929342492325
1.1903073286041943
1.2467153284665498
1.0328404071443196
1.1272241992900234
1.1379310344813547
1.1941875825623711
1.258865248228016
1.0245088110189067
1.0933448573903508
1.112449799197463
1.151761517613323
1.199999999999324
1.0254898230930414
1.0950980392154808
1.0881316098709877
1.1722560975613516
1.2152133580721187
1.0471106985382197
1.1999999999981976
1.2055944055939836
1.2254901960786782
1.2264957264942138
1.0703410475036277
1.1900138696263687
1.222596964584869
1.2405857740568575
1.3103448275865592
1.0229249011853916
1.1117511520734387
1.078124999999658
1.0611205432951674
1.1473922902473532
1.0230885692656828
1.083673469386616
1.0860215053760718
1.082822085889806
1.1161048689107502
1.0255580718208959
1.1324404761927966
1.162932790223785
1.1449275362332134
1.1611374407623392
1.0290734156033723
1.0839378238334192
1.0782051282037795
1.1035971223016119
1.1119133574015128
1.03461888855137
1.0963718820854373
1.1091445427709254
1.1316793893112864
1.121145374448984
1.050357264375441
1.1056000000008186
1.1260504201711279
1.1363636363645209
1.1790123456802968
1.0275056518467172
1.1013986013993078
1.1526195899777807
1.1658163265334578
1.2401433691766666
1.0322580645159227
1.1201814058973556
1.1378446115283622
1.1212938005407769
1.1835205992540978
1.037127503663787
1.1440677966090282
1.1506493506500524
1.1566265060219294
1.1795774647872994
1.0373462214409204
1.1303418803440703
1.1500000000025346
1.1481481481448452
1.1841004184060626
1.0325875486381317
1.1272321428545036
1.1323943661958074
1.125423728814998
1.1645569620316951
1.0326768128913149
1.1095238095240278
1.11616161615658
1.0999999999994334
1.1274131274138741
1.0409956076144238
1.134831460669618
1.163716814162045
1.1612903225779725
1.2013422818759842
1.023148148147921
1.089219330857095
1.1148325358783322
1.0914285714193253
1.1144578313185904
1.0145695364235285
1.0687499999982317
1.0655737704933563
1.0414746543764895
1.1123595505648376
1.0324074074086047
1.1145833333417985
1.1144578313315225
1.1550387596951315
1.127272727265086
1.012584704743287
1.0814479637981442
1.082840236682816
1.1287878787879893
1.1386138613799073
1.030012004802054
1.1202185792319241
1.0980392156921992
1.0983606557400345
1.157894736829299
1.0242494226328047
1.0618556700940849
1.092715231783771
1.0725806451585342
1.0630630630508686
1.0240963855450207
1.0608108108221552
1.0560747663468961
1.0978260869533356
1.083333333322186
1.0332031250035711
1.0891089108884455
1.101265822786662
1.1250000000037623
1.125000000012899
1.0171149144270284
1.0769230769382743
1.0793650793592555
1.0769230769259264
1.1025641025679018
1.0181818181804172
1.0769230769162381
1.0555555555654643
1.048780487831234
1.1250000000075244
1.0301886792459962
1.0980392156796093
1.1025641025679018
1.1290322580625116
1.1739130433908687
1.0256410256416588
1.0540540540807883
1.035714285697087
1.149999999927765
1.1176470587702072
1.0200000000100167
1.045454545430666
1.0
1.0
1.0909090908772519
1.0
1.0999999999614747
1.0
0.8571428569462991
1.0
