0.12172439773621317
0.03889147527804202
0.03359646008117866
0.020314458982450816
0.021515880779452375
0.02903168678702183
0.045737767259422635
0.023473993301670954
0.04721688833607549
0.012369646534578586
0.010785634891999461
0.015793516353890404
0.006898914952066228
0.003985583984949447
0.005199142323155437
0.003574014209882188
0.0038410168191419067
0.008427658041390382
0.003278944731917519
0.0037835183020620876
0.0025874414347663026
0.003391800523844942
0.0035301614256895383
0.0038592241198101432
0.0026930699840607203
0.0037550194701830098
0.005992328887874971
0.0036245222684513677
0.0033448462704562944
0.00304515269479776
0.004278602615774571
0.004224811978675787
0.003566419056643622
0.004296285140164321
0.0035113270935649525
0.009302921095884839
0.0032035782818663583
0.003909884213351819
0.004388427978467357
0.00391055781368815
0.004726327899113349
0.0043607721130449195
0.0042652039333938
0.0048901117344335755
0.013832238590758628
0.005589114473344584
0.004590470517233026
0.0041734734468192305
0.003909431944066683
0.004174436486032147
0.0032440211281050467
0.005788178164087535
0.004330033371242268
0.010740687170314397
0.005565507671805863
0.004338019590668174
0.005269658623133131
0.005486141261287752
0.0059209355984389525
0.005578152652085758
0.0034558515743195145
0.00366269379652286
0.00887765287475975
0.00667961335471793
0.0063242920509757345
0.0066697658197368516
0.0033682527151084525
0.00471160923102524
0.004306391907494639
0.005636136116507611
0.0026475168082481576
0.0167120205321923
0.006078904747609481
0.004036332316867162
0.004077455240743959
0.004450005664873145
0.005215459314481989
0.004463860274731847
0.006530691566806463
0.005578426242144135
0.011690407298658794
0.0038198344607244684
0.0034124273920562984
0.0035774700952602156
0.0038423548008741266
0.004237884655032774
0.0032617270188569393
0.002724264549296932
0.0036648945655229108
0.015233601900021786
0.003269381056752785
0.003501622516048356
0.0055196953375378005
0.006412983374097301
0.005382215107750068
0.0037481175616363707
0.004160166190398266
0.004898911297151512
0.009372029821483045
0.0030916352679223285
0.005201566482181603
0.0036593093437665976
0.00377784686921152
0.0048952071944311235
0.004442246010819386
0.0037394652157868445
0.0036113367731232587
0.013470119056047006
0.003138965270910083
0.004010380108212644
0.002728804543818918
0.004772806734178443
0.003887582485252751
0.0038305054416240135
0.0038414333488965653
0.005066439509073361
0.011911741395833121
0.003721683016447464
0.0029034433999027623
0.005025726234162228
0.0022394543360671486
0.004891308306880908
0.0033503080620503633
0.003969376411393918
0.003298090721361794
0.007864435448770806
0.003733703233264587
0.004595191126157012
0.003888058032133721
0.002966250425313613
0.0031893678313816634
0.0034109858680691396
0.004657733808019846
0.0036173560910080747
0.011369840591596988
0.0049826047455105585
0.002757495362679064
0.0028812191152197764
0.0036046924598538087
0.003598623827765301
0.002507293598261732
0.0025392947928726335
0.004509702902284046
0.011125622566369252
0.00352668632931841
0.0033720200555842498
0.0032522429120267473
0.00332546081653418
0.005484368533696791
0.0032033498636478415
0.003468317116258538
0.0034161033696342635
0.010436150404680617
0.0034572107815852055
0.004637667591707532
0.0028244698810131383
0.00299983470154296
0.0030793293582310685
0.004099105055779301
0.003553209515466267
0.003677025580823017
0.010544990522396411
0.004519106202393441
0.004715888971705633
0.0018968730084038615
0.003269724281422443
0.004880761109431306
0.002708875904144302
0.00443291319649843
0.003660781781352844
0.010350195337380252
0.0024032485647876513
0.003000983958826221
0.003280799807188169
0.0033670564223801727
0.004420985641382404
0.00258142765542201
0.0023422106497736368
0.0029248840312229413
0.011365561958497274
0.004453765868270503
0.002892200873885198
0.004244038042628568
0.002999599809398587
0.002982168444266341
0.00272363519928473
0.0027188519100545044
0.0037675428591092412
0.009675990299137384
0.004642355322089796
0.004370658164184118
0.00217506064737977
0.0029557644772000837
0.0026528632598612372
0.003055095429322034
0.002679964624016846
0.002152510555256127
0.00960249998334909
0.004891420771701082
0.003459708644384078
0.0033853152666220875
0.003230805780019251
0.00322537788691892
0.0037375994712017767
0.0018880209834474674
0.002222799034811818
0.014303938056239507
0.005625412252229423
0.003685428262075263
0.003976099905875729
0.0032432716469150105
0.00295332602368838
0.0025601756278786584
0.0024580546616264722
0.002682680756510455
0.007406847930352474
0.001937696639944314
0.0025003236327709615
0.003007171565566475
0.0018588502279869156
0.0018312723596743325
0.0020202897825731137
0.0023713264800726006
0.002352189134606212
0.008051175821654344
0.0026140579982162236
0.0015565440307176918
0.0017325938909523498
0.002662499396859183
0.0016181061562127958
0.0019248466126097876
0.0025622002256271707
0.0013609093266633654
0.006720375878296534
0.0021216174966731055
0.0014636740336895413
0.0015011477231167988
0.0018378959678562253
0.0018091837463788073
0.001357682247359394
0.0018545918181064915
0.0015361964843055667
0.006090887320903376
0.0017278028431121336
0.001817781360830021
0.0014776426954506677
0.001626626288907902
0.001218531250969648
0.0014637417298892577
0.001615214155668243
0.0015136330362261515
0.004580551214148942
0.001496950339553655
0.002077269151788919
0.0012095972162127515
0.0014720609101679936
0.0010952127730104629
0.0012617318757617122
0.0016557162600893283
0.0013656201867651733
0.004397647630404513
0.0016406602997047835
0.0015071296531848585
0.0016507924412599603
0.001129896448036849
0.0013376182395126398
0.0014684004505054276
0.001201725604705327
0.0013615090986734593
0.004650951986210941
0.000894007560734104
0.0012015872719583264
0.0012597567495060027
0.0011720683250485942
0.0016762421496925054
0.0011800610254029931
0.0009896148599304988
0.0011042771899586142
0.0031570385885335184
0.0011522349979760879
0.0013042429230559227
0.001090573608876551
0.001200408460204916
0.0009615046936060314
0.0006805848375825578
0.0008779571955990153
0.000976306072013954
0.002538872025261209
0.0012498530955686684
0.001327632661583223
0.0006782650052906841
0.0008738669669278185
0.0009104524378150975
0.001119987458747189
0.0009782046087432124
0.0008603275189531844
0.0032829142147695126
0.0009436398919228743
0.00090810288160261
0.0011214089238501574
0.0010067666796031909
0.0007966644766753842
0.0009284661430935936
0.0007463940529626838
0.0006824735273449805
0.0019678035602585654
0.0013089888120515938
0.0007804305123280363
0.0007158911048232105
0.0008333118791753637
0.0006121873390449355
0.00048752978213020815
0.0007632985503712434
0.0007519054476083907
0.0024368938040791386
0.0009525806073953566
0.0007630107023324018
0.0006134091744893641
0.0007178902202397041
0.0006639059993952189
0.0007316791903254423
0.0005575458365807004
0.0006682293077254268
0.0018920585308678905
0.0007527205720798513
0.0008015930826411162
0.0006594816255074918
0.0004943091826811632
0.0007019106719688784
0.0005065582627706747
0.00045166563393004666
0.0007732993573997284
0.0027514486815020532
0.0006277502271629497
0.000651926528430137
0.0005735893858836035
0.0005116209807672482
0.0006385513054375232
0.0005864049927201263
0.0004871439960480688
0.00045576830654586145
0.001711178682659313
0.0005795103949046386
0.0005992620966173434
0.0005251837004039331
0.000385482784995822
0.00040126275845000776
0.0005997388623008265
0.00040616284919717775
0.0005026978280109453
0.001011961384173517
0.0005089281095631533
0.0004748564184789853
0.00044287447554318274
0.0005417150614307208
0.00041751335564809664
0.000543097744235584
0.0004191221837556088
0.00038893379862304866
0.0011904639302915325
0.000420673146963311
0.0003265864875308739
0.0003319665560653758
0.00037157413072777437
0.0003195565441067129
0.0003654536075002448
0.00028097459097363594
0.0003880529127743423
0.0010985942290990534
0.00045266196008501055
0.00032426534190776253
0.000319890766006455
0.00026576532617211476
0.00026141463400228574
0.00028042285736401345
0.0003102262047869002
0.0002651935347940228
0.0008766620172583697
0.0003143971351807931
0.0003126844424191199
0.0003108072722436175
0.0002274923679805924
0.00030378426105510416
0.00025670745654603243
0.00022098692929031517
0.00022816279813282563
0.0007232219714502071
0.00023721843872785817
0.00022824582111927386
0.00017079463537719635
0.00023095146173710346
0.00023288573620209078
0.00019972015732296755
0.00014419420234393183
0.0001831631777758966
0.0005681117621350733
9.601682589971191e-05
0.0001534568350732771
0.00011440179756794802
0.00011864265640537319
0.00011909027623264301
0.00012771990213512668
0.00011553866614778216
0.00013016429142311816
0.00037392846029105157
0.0001090691626335472
0.00010744213928880468
6.387253364921205e-05
8.608612535369212e-05
6.459164688219271e-05
9.854556629595822e-05
7.247927373914024e-05
4.8506509295484664e-05
0.00013499322577482605
4.118752693372272e-05
5.388929951326591e-05
5.914627634326941e-05
5.2195407119385544e-05
5.8194533601718406e-05
6.573930055794957e-05
4.979457035183063e-05
5.477637637083137e-05
0.0001252219939279543
7.153402206314506e-05
6.180130937775665e-05
6.087701423999623e-05
4.4030848556700326e-05
6.732041166941973e-05
5.8359024035474865e-05
6.365301891917422e-05
4.9089537553357035e-05
0.0002094743011656447
6.112325739944048e-05
4.807275877003032e-05
6.833907976618445e-05
3.4806999826893185e-05
4.115453509361698e-05
5.270187145490556e-05
4.58065921876238e-05
6.314539077648896e-05
0.00015028965041079533
6.371218389329987e-05
6.087073637800541e-05
4.8584664320379354e-05
4.769113585296959e-05
7.460877083861837e-05
4.831988357633795e-05
4.339902797948654e-05
5.1364600682052504e-05
0.0001676101475954512
3.792537067866893e-05
5.357709870001631e-05
6.607086366642966e-05
5.5323570205719066e-05
6.884374283684885e-05
4.628423324339477e-05
5.428675466742852e-05
5.599772536371391e-05
0.00023930105983270629
6.179638973274535e-05
5.469913306215298e-05
6.412761420033454e-05
6.462668784503488e-05
6.146585329955337e-05
5.638293603005452e-05
5.362543117064254e-05
6.535383924028752e-05
0.000184773503262507
4.8886449805217276e-05
5.918793777126642e-05
5.593589516837651e-05
6.177422461014988e-05
7.837770195957286e-05
5.9640876280246334e-05
6.343138861922963e-05
5.251189338521459e-05
0.0001714382827768334
6.166952342121288e-05
4.634005874603428e-05
5.2955000789668946e-05
5.727466648371886e-05
5.225002484437456e-05
5.858742459275297e-05
4.719810909470301e-05
7.00887468868035e-05
0.00019995671693243355
5.419535902002865e-05
4.801798469201557e-05
4.5506166644700495e-05
6.234620996395569e-05
7.139210313866155e-05
5.225964880273207e-05
7.205911868062271e-05
6.97977190005986e-05
0.00022809375461276113
5.740082655325564e-05
4.705685188790598e-05
4.746531340892617e-05
5.101278406481241e-05
5.145093342096883e-05
4.175322636942266e-05
6.118583368869618e-05
6.805793163271413e-05
0.00020820927802554554
4.956013976829982e-05
5.92636556086365e-05
4.9628353287704274e-05
4.306934210724764e-05
6.19487317023443e-05
6.863783626669634e-05
5.772357981488521e-05
4.8239925421261916e-05
0.00014417810611297132
6.714336694907413e-05
5.486085868066726e-05
4.8734806177757144e-05
5.337037328470699e-05
4.366818203137665e-05
3.912937939560101e-05
5.5369463007039634e-05
6.464235914871674e-05
0.0001744582864886288
4.7380854494889137e-05
5.5378754905142104e-05
4.20951696181769e-05
4.828944293833793e-05
4.798133320770646e-05
3.077676733096872e-05
6.532359813582198e-05
4.7184037353822076e-05
0.0001392259343085789
5.574690692597891e-05
4.9088377164086944e-05
5.3168467089590486e-05
4.4953373638619456e-05
3.8168970358089695e-05
6.740672085170711e-05
6.386150764907358e-05
3.366147301173496e-05
0.00015450962593101236
5.334110064456788e-05
5.508604056518589e-05
4.979521523102037e-05
6.300053779351812e-05
5.861347063377917e-05
4.9988278449473856e-05
5.684434047934699e-05
6.229881376828704e-05
0.00015382497098259204
5.853595866432967e-05
4.601392175035089e-05
6.55794803830901e-05
5.9289478996273676e-05
5.527193981328179e-05
5.153700550180903e-05
6.194684088561298e-05
3.91393676848179e-05
0.00011296137515594513
4.4718979853803525e-05
3.646331522467448e-05
5.011599921484935e-05
5.136533934224688e-05
6.327402759508139e-05
6.764078962798002e-05
5.467650245199487e-05
4.813347187293761e-05
0.0001315276110561131
4.7793712236770987e-05
4.096825508968213e-05
5.129014354037746e-05
4.115988300864526e-05
4.256542469488776e-05
4.643616469713189e-05
4.487981083736713e-05
5.5083560763561706e-05
0.00014909958511012938
4.255168079451101e-05
4.470743941463392e-05
5.8002864948394454e-05
5.2140833671083825e-05
5.760635424924566e-05
5.0682437143635215e-05
3.8671383597496754e-05
4.9630911455145236e-05
0.00020825086688480986
5.431118774884434e-05
4.716463300531075e-05
6.420817908569489e-05
5.097490202470875e-05
6.018673621689402e-05
4.155202267972459e-05
5.1043075391808674e-05
5.048315690505467e-05
0.00013450150240176348
6.016502075630772e-05
4.2652250580660745e-05
5.4426108844536205e-05
5.904948687369877e-05
5.0934199104376294e-05
4.868736642789662e-05
3.972742240925204e-05
5.5659367668354126e-05
0.000171630097691102
5.522164368596726e-05
5.2319717264872617e-05
5.182290261795622e-05
3.567609479844412e-05
3.642869108713649e-05
5.711372717809822e-05
6.183563600513795e-05
4.065394924056017e-05
0.0001727015500050042
4.5279660966897945e-05
5.4126877526064187e-05
6.0378150984754515e-05
5.6943422115900055e-05
5.835307372706145e-05
7.720247728059243e-05
3.979085078621626e-05
5.4077222523832115e-05
0.0001162516891895588
4.470153628239267e-05
4.83611071035964e-05
5.7804684380327065e-05
6.07439416515518e-05
4.636612600262058e-05
4.0584892714555256e-05
4.640308546747919e-05
5.794481408454871e-05
0.00011145136508221226
5.228582886422921e-05
5.7886765293497316e-05
5.307191801567695e-05
5.78889341221115e-05
5.52958333338546e-05
3.825248031991209e-05
4.8732620314834e-05
4.163411036680277e-05
0.00014167719965270473
4.1825513156344986e-05
5.587354184446508e-05
5.728323481148794e-05
3.644914950993728e-05
4.699516894669371e-05
5.081517999619137e-05
4.44987413928419e-05
4.024511087621931e-05
0.00013372251916952838
4.043473980088457e-05
5.3674635999118294e-05
4.9420532519226826e-05
5.0988974831447634e-05
5.080294476780847e-05
5.9225824563090594e-05
4.902368363583179e-05
3.318524573956231e-05
0.00014817298452417236
4.8559986627374926e-05
4.2613377964349855e-05
5.5078040322699075e-05
5.163528380164198e-05
4.2556284287126965e-05
3.970825331660994e-05
4.641124863357705e-05
5.277055927679342e-05
0.00014424931292104294
3.967980682103709e-05
4.168487182716193e-05
5.058153576003393e-05
4.716913467314139e-05
4.2409623338648425e-05
6.305311054651135e-05
5.3312337502303835e-05
4.855335133085989e-05
0.00010283966857121056
5.297405126716531e-05
2.77263291634083e-05
4.4427589671042836e-05
5.022716433566773e-05
3.8573693349039815e-05
5.3117144362151e-05
5.274435656538904e-05
3.5415443841385945e-05
0.00015738572470735875
5.522083539157872e-05
4.679268137390208e-05
5.7827185352803344e-05
5.485022691068728e-05
3.7236345983577394e-05
6.601052745671216e-05
5.134317893643263e-05
4.7458473365608855e-05
0.00013353621643249033
5.1536046925639694e-05
4.282389141767207e-05
4.417361465791517e-05
5.0288714911394045e-05
6.5087237276903e-05
5.0918336018878415e-05
3.602682163948377e-05
5.600182818062164e-05
0.00013987828237747174
6.001693644081004e-05
5.973646903908982e-05
4.101687480640067e-05
4.4562585297288424e-05
4.026834524197512e-05
5.005619403687711e-05
4.8020361385996226e-05
5.376213561018801e-05
0.00014801547754469705
4.689316767174356e-05
5.931651130456331e-05
5.034668476177752e-05
4.947030230621013e-05
4.517414916842862e-05
5.512093398014837e-05
4.916129790469654e-05
5.6095859918472764e-05
0.0001496793752330799
4.084591065298996e-05
3.752114015074463e-05
4.596168840717275e-05
4.6496063552902886e-05
4.5338387052210085e-05
3.8437328375367714e-05
4.465174260877947e-05
5.428745704308836e-05
0.00015152523532145173
6.163036928703893e-05
3.473843013362685e-05
4.650752640526006e-05
3.9103474698357176e-05
4.8960259835865123e-05
6.223733326679619e-05
5.332718809943063e-05
3.688203715154283e-05
0.00016563955182463563
4.4919158228158625e-05
4.9472114333320884e-05
4.322783533553763e-05
3.95260999565778e-05
5.3688153209788624e-05
4.99230274830976e-05
4.728799873295795e-05
5.3977601273708105e-05
0.000128779538944129
7.219338028467555e-05
4.408976122693641e-05
5.4015000970699816e-05
6.582674751799244e-05
4.126905160327439e-05
4.3406848369450954e-05
3.612292121226513e-05
4.859486853894392e-05
0.00015533475298931446
4.938483212110116e-05
4.8067392369097254e-05
4.084347429673035e-05
5.363438298889554e-05
3.714027195728479e-05
4.609720250312523e-05
5.0781350900831626e-05
5.364235519918707e-05
0.00013437721002743105
4.5914445580241216e-05
2.9825180755837964e-05
4.4189960003371766e-05
4.397165157994796e-05
4.0360181298940257e-05
3.9073375681579714e-05
4.8850977233306986e-05
5.422923082547924e-05
0.00010650907515164654
5.149759275477286e-05
4.895366647084152e-05
4.395671288808306e-05
5.0090563928247296e-05
5.128708412298725e-05
4.899385551642826e-05
4.8995972518479783e-05
4.097871512701122e-05
9.981684520904302e-05
4.6074999720876706e-05
4.186257707974525e-05
5.082827441027878e-05
3.5165274272783385e-05
4.262201448123048e-05
4.1176642859185285e-05
5.2282660320436715e-05
4.832050386205402e-05
0.00012023594936600546
3.586437452625206e-05
3.1492583936938573e-05
6.305073432081774e-05
4.5432750090928424e-05
5.191588493929617e-05
5.5316734243493944e-05
4.351842741080681e-05
4.547143096075784e-05
0.0001331408963299402
5.7085104891205354e-05
4.8968286048305894e-05
3.79868768086844e-05
3.905827939057628e-05
4.8785321044552265e-05
4.488380068721946e-05
5.13071746064362e-05
5.3387234293843965e-05
0.00012846590772622174
3.465883819733874e-05
3.5699374996497746e-05
4.9112545743141765e-05
4.28489063501418e-05
4.404807404912598e-05
4.5057119108258215e-05
7.128826651181411e-05
4.4431987113401166e-05
0.00011295616680366578
4.733223941169459e-05
3.6972814588578236e-05
5.59965643682712e-05
5.52747844968434e-05
5.1874076199710846e-05
4.859959924071237e-05
3.3703447585500766e-05
3.619295361307578e-05
0.00012205933469630299
4.4321947443998654e-05
4.728499542507431e-05
4.413646996513219e-05
3.632543036262199e-05
4.061183157816601e-05
4.51818645666993e-05
4.1812663073718496e-05
2.8264811856398497e-05
0.00015642180519964482
3.945463111338007e-05
3.892031700109724e-05
3.876403856990322e-05
6.114277613543239e-05
5.17205237218341e-05
6.161995553592262e-05
5.7746908538794544e-05
4.545541948700943e-05
0.00013435092866060256
4.842229079804979e-05
3.496194743532678e-05
4.751099602121418e-05
3.764499233637497e-05
3.881284405607778e-05
3.08057805265657e-05
4.2978334914618636e-05
3.459168333316253e-05
0.00012329519948406478
4.2001941170794653e-05
3.812488026848241e-05
4.5253798914508e-05
3.478562859665029e-05
4.655008372707471e-05
3.5481427302072064e-05
5.2136000589676145e-05
6.465977038148508e-05
0.00012099031900819732
4.500928840945849e-05
3.9522209605045064e-05
3.4980805190003337e-05
4.031323954921849e-05
3.381696002564032e-05
2.324986044563074e-05
4.564825874606599e-05
3.407195656506977e-05
0.00010047667586183356
3.912027091923361e-05
5.0069483634077825e-05
3.101481842590678e-05
3.0574035563503615e-05
4.240765150149276e-05
3.303769904385365e-05
4.881720519007359e-05
5.497266577288223e-05
0.00010941098923723436
3.3356727223485434e-05
4.0079952878599024e-05
3.648412924597467e-05
4.6617167041618714e-05
4.399972804759192e-05
4.677898884785118e-05
4.835933078767122e-05
3.6113774045965004e-05
0.00013419786093471226
4.770135203184241e-05
4.943995205271776e-05
5.199732392157566e-05
3.24556869372427e-05
4.366442597334336e-05
5.228575910207923e-05
4.4078231662176855e-05
4.06703355435303e-05
0.0001247908285308968
4.6799055151707566e-05
4.237885190448097e-05
5.071778935619924e-05
2.719195158657774e-05
3.603672688863796e-05
3.847018781537342e-05
3.53134291095861e-05
4.49167448234873e-05
0.0001265029010542319
4.321211849748432e-05
3.184191047419428e-05
3.9582190238324274e-05
5.8253478576145983e-05
3.032815442186387e-05
4.072265687629547e-05
3.8733320582298924e-05
3.560648346356871e-05
0.0001072940152371403
3.7914938719664334e-05
4.075984696288901e-05
2.8342925638937858e-05
4.183571317662552e-05
3.4505808256532106e-05
3.3875143929861766e-05
3.997491029266722e-05
3.8648964914039864e-05
0.00013869713617432723
3.7163711077174996e-05
4.1240388263876675e-05
3.6184728950940237e-05
4.1399748896301656e-05
4.111612226360908e-05
2.7179655054780596e-05
4.095979416944915e-05
4.105601117684322e-05
8.748523686627881e-05
3.426179640919938e-05
4.19121048164215e-05
4.096575244130281e-05
3.8881583576722566e-05
3.6512570867185573e-05
5.0866077962681115e-05
3.9866915951341115e-05
4.457916133508328e-05
0.00011072016543654097
3.7560989181929245e-05
3.2566424598008594e-05
4.1737918880331e-05
5.609425149652127e-05
3.7502728117932864e-05
3.9874969046304264e-05
4.2184923525753926e-05
3.760066518707469e-05
0.000122699937492604
3.6211104095539124e-05
3.656042552793128e-05
4.2349478204773046e-05
3.830248328188328e-05
3.533050868499499e-05
3.59960339835457e-05
3.1157578043327505e-05
4.166097400193893e-05
0.0001762807916092494
4.415597281333202e-05
4.1182888971437424e-05
3.381330620340054e-05
2.748756013931796e-05
3.270743822817544e-05
3.887666370531299e-05
4.1059746359585315e-05
3.4671097818555265e-05
8.83245397902368e-05
3.1225273071656684e-05
3.834456757451754e-05
4.688883410439416e-05
3.9106793248648775e-05
3.774708799251209e-05
3.4235864985898744e-05
4.600790601882135e-05
4.0344686011548076e-05
0.00014853267500512777
3.392267225597542e-05
4.341670479868509e-05
3.7784898610205604e-05
3.658353806612076e-05
4.1520493116617454e-05
4.778799195997101e-05
4.168170388728887e-05
3.5005266298607075e-05
8.289267651906843e-05
4.1146646902771614e-05
3.371034369768665e-05
2.9248521905053725e-05
4.849595739345245e-05
3.4252525063224714e-05
3.8685973605655576e-05
4.216953787821754e-05
4.042966891837022e-05
0.00010536525714884907
2.5803739794581335e-05
2.8685884436159943e-05
3.7393748797407854e-05
3.815526482334413e-05
3.508516163018327e-05
4.534619763582912e-05
4.677258551410909e-05
3.971179497313279e-05
8.062945955967068e-05
2.7046541143268062e-05
4.7318093444429715e-05
4.5514348723084966e-05
4.1462086849230136e-05
4.1875908947963135e-05
2.5120655967801463e-05
3.3295006588514746e-05
3.465890661984483e-05
0.00011614408481597625
4.033314736151037e-05
2.9149735792497987e-05
3.491827886979608e-05
3.583864699633004e-05
4.322313799221299e-05
3.57784304233913e-05
3.790324328798846e-05
3.761965276014632e-05
7.793381761325195e-05
3.6384863364379e-05
3.1061792872738506e-05
2.9510082859938458e-05
3.699217423738826e-05
4.225581110124508e-05
3.6265744214916377e-05
3.8930015498457635e-05
3.861379396313594e-05
0.00013935662507925988
3.417473344658971e-05
3.6806598633742864e-05
2.8754481712514214e-05
4.384560652597627e-05
4.251495117042139e-05
3.696766483377645e-05
4.568803405023597e-05
4.565746174190065e-05
0.00013341550477128468
4.181973222372066e-05
2.8345602265416043e-05
3.329307091290932e-05
3.8462893407146154e-05
2.7302039995110367e-05
2.5812332168311374e-05
4.309529498634285e-05
3.1807078746240433e-05
0.00014425075747502892
3.748261672299313e-05
4.255725330032768e-05
3.294987062498103e-05
3.174521927621725e-05
4.027745904670422e-05
4.0563997508057536e-05
3.263603955665605e-05
3.504718953415434e-05
0.00011274971564394851
3.288936913781486e-05
3.266809048794646e-05
3.866263809801134e-05
3.105175661753691e-05
3.428830219838133e-05
3.9333063500059e-05
3.521106431881405e-05
3.435655486426163e-05
8.37543150921088e-05
2.4683264226538812e-05
3.020533025086669e-05
3.931321869378769e-05
3.258802169035877e-05
2.719539075889198e-05
3.7859584734621926e-05
2.9482828347069824e-05
5.0525673294268186e-05
8.813512952960057e-05
3.6213727516424796e-05
3.894450427185029e-05
3.4978017490405327e-05
4.748540649031552e-05
3.9297408053429235e-05
2.9489559219971e-05
3.812478983352482e-05
3.9141439352942804e-05
0.00010767848550210141
3.574604082439132e-05
3.692072751547536e-05
3.174629982589694e-05
5.031689644874773e-05
3.949116334427679e-05
4.082458810974665e-05
3.622199109142192e-05
3.800044756082683e-05
9.822584566452895e-05
5.0478052555462525e-05
4.066819140108078e-05
3.279498029174072e-05
3.962136955708579e-05
3.7559179122074667e-05
3.190903568957379e-05
3.102063837679699e-05
3.851519081355863e-05
0.00011617673939741198
3.2926142471259714e-05
3.213349447497585e-05
3.0420275475599414e-05
3.0262454230419597e-05
3.010485444588681e-05
3.864778237151113e-05
3.512406352768056e-05
2.4676465965484516e-05
9.419613349961312e-05
3.322058238031126e-05
2.9537644393821793e-05
2.290029468963129e-05
3.557348911133613e-05
3.303289072224256e-05
4.618358719165865e-05
3.538420705643673e-05
2.798445385765379e-05
0.00010999553887570456
2.9730902929427795e-05
2.452233851627146e-05
4.297851871374601e-05
3.265557554562448e-05
4.8729850413336505e-05
3.643741917730915e-05
2.627243652577747e-05
3.0054062365674068e-05
0.00013815517885758786
2.8718612367479805e-05
2.5638084099968703e-05
2.6814538893821478e-05
3.3359868726057145e-05
3.386862278614856e-05
2.7450763846098562e-05
3.361434673027086e-05
3.869820754859056e-05
0.00011158008778353717
2.8784515684320408e-05
2.7132615647055376e-05
3.370927702496726e-05
2.440047120868306e-05
3.663359211434129e-05
2.7325178906842872e-05
3.101143082611211e-05
2.4879715472650567e-05
9.192571601410476e-05
2.7646012574296275e-05
3.079218374258497e-05
3.047513338749793e-05
3.613288626857844e-05
2.7012542463716753e-05
4.471485508525648e-05
2.586935163841028e-05
3.365594628905055e-05
0.00011777800885629608
2.7490047728761135e-05
2.0657152977785806e-05
3.1621576364502004e-05
3.5245097554711656e-05
2.4503253736531673e-05
3.944151952506181e-05
3.785322325281233e-05
3.149787792979927e-05
0.00010837225571097952
2.7077450661833912e-05
3.168635177297851e-05
2.8858016461400782e-05
3.83612859554819e-05
3.270469443946776e-05
3.591491889203556e-05
3.44211245651552e-05
2.5776846943662143e-05
0.00013180637119642713
2.8700842536593813e-05
3.327811454784721e-05
3.2071124281709325e-05
2.9402078380473767e-05
2.8258539379355378e-05
3.687345640082515e-05
2.3237426128587906e-05
4.04678850456478e-05
0.0001146610034875446
2.9976976855262542e-05
3.713042589806515e-05
2.5940899636757467e-05
3.0551267904640495e-05
2.743667651621099e-05
3.09024370005179e-05
2.7247115215650743e-05
2.8264564334170322e-05
0.00010440901730194763
2.9219440638162757e-05
3.6374384497084705e-05
3.0080376929381133e-05
3.481877432127159e-05
2.4739483382349096e-05
3.472518797869959e-05
3.421740377293305e-05
2.4582706959281656e-05
8.812179010178274e-05
3.0211626400611e-05
2.439270512460204e-05
2.576101046259587e-05
3.861108485444257e-05
3.880316534594898e-05
2.7958565723669942e-05
3.133136114343119e-05
3.444969318937836e-05
0.00011339948335004531
3.168249911553023e-05
3.387779240089624e-05
2.6657279571814106e-05
2.7643644600453424e-05
3.193954543918879e-05
2.0201507974171467e-05
3.295992957010262e-05
2.7138629816076767e-05
0.00013324223992804154
3.4711781334485684e-05
4.2634943892732006e-05
3.0321807281529073e-05
2.624968965707819e-05
3.137349135984866e-05
3.0928917583344206e-05
2.9274926884279077e-05
2.5584152386848675e-05
5.2951673960250606e-05
3.245870902167542e-05
3.7932094931050144e-05
2.8131273250067733e-05
2.170313195924292e-05
2.657242144802385e-05
3.611986589123414e-05
3.465673585167401e-05
2.9629249613316016e-05
0.000151129927725907
3.067821448972805e-05
2.3008393608376457e-05
3.532425951759664e-05
2.7623433786310972e-05
3.211073742642655e-05
3.013806511776107e-05
3.230209247863121e-05
2.654242858129446e-05
0.00011568225943651378
2.6574168615995976e-05
2.8197659097812397e-05
2.2214912023856143e-05
2.3488277885296235e-05
3.357793666666444e-05
2.3329690443016182e-05
3.055524027781588e-05
3.233834567081538e-05
8.040272406720904e-05
3.972437648803281e-05
3.2467635814985405e-05
2.345987436775718e-05
4.418238616334992e-05
3.129120798228211e-05
3.2661121194533716e-05
4.533155640423473e-05
3.0624269689161116e-05
8.94199345716026e-05
3.6862639237637325e-05
3.0145672996101403e-05
3.272415681339546e-05
3.2979550195862236e-05
2.9955845211494476e-05
2.2507054783794908e-05
3.460539739141522e-05
2.903499888953864e-05
8.246315075206394e-05
3.906729460895214e-05
3.273145452661688e-05
2.5536588358920124e-05
3.346547685804961e-05
2.977237190755408e-05
3.295728382561273e-05
2.834040378643079e-05
2.9104917431833036e-05
8.327278939802053e-05
2.6621762080420648e-05
2.9615576442993487e-05
2.968006734445495e-05
3.155912155583221e-05
3.789732398396797e-05
3.219709642062236e-05
2.2197602805394828e-05
2.51917799890704e-05
7.525624624455248e-05
3.694358580686033e-05
3.9555540947819555e-05
3.105273056214519e-05
3.255022337033421e-05
2.6499203590642085e-05
2.978014197069564e-05
2.7646413078562505e-05
3.8189372722512735e-05
6.889552886491734e-05
3.252092288199845e-05
3.952861631336758e-05
3.334975126404954e-05
3.803256096867977e-05
2.850910171388119e-05
3.306518677339013e-05
2.8892725324633024e-05
2.8574869934168533e-05
6.387074218280253e-05
3.2557718431548797e-05
4.45679718116339e-05
3.0201408991303523e-05
2.3989268864111307e-05
3.370669820271298e-05
3.029881416940771e-05
2.3927540398274706e-05
2.835741791499313e-05
9.549154679960416e-05
2.724225331478481e-05
3.2881654528386906e-05
3.348710958164341e-05
3.288227266974613e-05
2.740238458099683e-05
2.5299868765693326e-05
2.342045370357831e-05
2.217801065538698e-05
9.565626250270686e-05
3.001628144285142e-05
3.798284577422359e-05
3.087764889360031e-05
2.3134549135679222e-05
3.1866328654145365e-05
3.8877619690328925e-05
2.9158771358361842e-05
2.9382651997860996e-05
7.304546493789e-05
2.6898198540957575e-05
3.132892886200996e-05
4.251600405654947e-05
2.4923867465199334e-05
2.1481845768634147e-05
3.333935099056758e-05
2.543551952367368e-05
3.2512712470575995e-05
7.009296864887181e-05
3.0313532773853683e-05
2.620175363045697e-05
2.6935523783254652e-05
2.680865755790726e-05
2.655447015177139e-05
2.9361022850048665e-05
2.7863363929262252e-05
3.255076428780091e-05
8.142418487026424e-05
1.8746124047566184e-05
3.0383295958903676e-05
3.073457221715825e-05
2.5888958939282164e-05
3.0416805891040243e-05
3.229847180402397e-05
2.6113197811044453e-05
2.828215437828316e-05
8.105079582826262e-05
3.1597683121407256e-05
2.2159879095699653e-05
2.706989955026662e-05
2.76442127956484e-05
2.8537434178567493e-05
2.5476890563044063e-05
2.3245606412981315e-05
2.6976553930818722e-05
0.0001255958429083291
2.1873870036050432e-05
3.912447523540291e-05
2.726320384863329e-05
2.908118938748319e-05
2.2768067689401464e-05
2.643542019770059e-05
2.1078969633177136e-05
3.479151669933806e-05
7.94998467882014e-05
2.43313339652252e-05
2.9178320323044505e-05
3.5907517541747116e-05
2.9753147415811588e-05
3.125255122867173e-05
2.388611229221753e-05
2.4651958515186708e-05
2.832010134003831e-05
7.188377917328552e-05
2.950039063301045e-05
3.1924760388088996e-05
2.5323239672854362e-05
2.6886673436920276e-05
1.537330204749419e-05
2.430447420491517e-05
2.3125165484481627e-05
2.8197459536486078e-05
0.00012617703301149685
2.6027446197185974e-05
3.215177885138918e-05
2.6985024459723767e-05
2.714492342882807e-05
2.1243996099015395e-05
2.93782200211772e-05
2.6348390024052953e-05
2.654047860011225e-05
8.073840390287722e-05
3.1836423816426715e-05
2.6477527374094733e-05
2.3160526245438158e-05
2.54577741661909e-05
2.6766300685092877e-05
3.4870321167781216e-05
2.6959135533783704e-05
2.887391139371882e-05
7.382660052177605e-05
2.188639683865993e-05
1.6622292165594656e-05
2.9129234032274363e-05
3.216059264314957e-05
2.6992268725072832e-05
1.9175697085246184e-05
2.65148659217255e-05
2.389877461825058e-05
7.772670448345244e-05
2.5717748539385042e-05
2.7888009157988253e-05
3.4047113355221126e-05
2.4474741572097213e-05
2.81444282711484e-05
2.8814613699896916e-05
2.7091931923750858e-05
1.876362636565215e-05
9.74883211065534e-05
3.1848477326851985e-05
2.661559196267843e-05
2.224375110959458e-05
2.891417322347139e-05
2.374476522076153e-05
2.62349177947043e-05
2.3937719034118783e-05
3.6865076850918106e-05
7.009152945143292e-05
2.7002498592901713e-05
1.7778427490108953e-05
2.9844106199182627e-05
3.421748505825846e-05
2.748301104635101e-05
2.2089152457734227e-05
1.8227250786955967e-05
2.882571230553697e-05
8.261541769691199e-05
2.9305127541788855e-05
3.393406849912552e-05
2.2346695444102583e-05
2.116607853381329e-05
2.5699826221286868e-05
2.879700296628286e-05
2.8414019464433404e-05
2.1614175348812723e-05
8.834092893982744e-05
2.5796897450564142e-05
2.2891401054313442e-05
2.241255511748553e-05
2.7297477856716975e-05
2.9596590804783025e-05
2.429686826777601e-05
1.963570749896609e-05
2.9565861404564878e-05
8.834812161261026e-05
2.96947873961784e-05
2.60546880238477e-05
2.6502085522549283e-05
2.0691219566025936e-05
2.73012538172661e-05
2.9983340566268753e-05
2.318241559493231e-05
2.5449650134367446e-05
9.119489063382493e-05
2.5800617426656636e-05
2.5385789762936e-05
3.126115914015144e-05
2.6599570606931633e-05
3.097452035955223e-05
2.5035089040295827e-05
2.021365223685457e-05
1.951150535351319e-05
8.40465260109309e-05
2.1746528530758867e-05
2.3822691221964188e-05
2.9730532480862207e-05
2.9379621821675786e-05
2.9986408396935228e-05
2.0246674755117427e-05
3.378748438765933e-05
2.845476903685525e-05
8.396079040668927e-05
2.155664734030732e-05
2.7816499629810614e-05
2.4910658561802927e-05
2.4879024545505094e-05
2.526238144924885e-05
2.1494055296826676e-05
1.903521482804909e-05
2.625363334954969e-05
6.946742946908008e-05
1.9674577379857323e-05
2.3220362808107783e-05
2.302883033887738e-05
1.9675514984246172e-05
1.4469409161640197e-05
2.1880034104744545e-05
2.235937248357241e-05
1.6067275824049212e-05
8.93127403793632e-05
2.7822483102632987e-05
2.0475705256279645e-05
2.41172503408598e-05
2.2648184853398682e-05
2.52037663818492e-05
2.1370848916244003e-05
3.053970429899367e-05
2.9134801808274475e-05
8.743651069477588e-05
2.389561068299917e-05
2.2234907194180896e-05
2.2458804626130387e-05
2.0606110366646597e-05
3.226805514297528e-05
2.1789460393278674e-05
2.8243591132994853e-05
2.479352520923211e-05
6.425170360468671e-05
1.795608044963048e-05
1.996923077021387e-05
2.3771830304405956e-05
2.565762358451316e-05
2.8597709249997756e-05
2.5115167100537037e-05
2.7192664179704206e-05
2.029082601268557e-05
7.429410771674204e-05
2.7416933720808953e-05
2.5212540276553766e-05
1.6872489737819404e-05
1.792712518160002e-05
2.0228259773676772e-05
2.5564992730594318e-05
2.8026340669726003e-05
2.185877289706461e-05
6.19018240904834e-05
2.4607098144356357e-05
2.2753668086235636e-05
3.0711408853763614e-05
2.2530260776743044e-05
2.710026753844307e-05
2.31375369337727e-05
2.138006361160152e-05
1.8887463220979773e-05
6.04017270931084e-05
2.556742260373646e-05
1.741788179829115e-05
1.946362655686241e-05
3.192835468969523e-05
2.358707809093477e-05
2.3970975559257244e-05
1.697187976864675e-05
1.876218003491172e-05
5.45281959036348e-05
1.89216548879365e-05
2.179822299096294e-05
1.8953706195883455e-05
2.7487924011615756e-05
2.00088844561077e-05
1.6716837956721674e-05
2.3525400112397715e-05
2.3014391794193033e-05
9.745503012907437e-05
1.7036138315927546e-05
2.3492624514505737e-05
2.4675729904574607e-05
1.604602537074789e-05
2.3430063482046897e-05
2.0329782312782522e-05
2.4869278060201426e-05
2.2088656707591416e-05
6.22698126688765e-05
1.4736715785749378e-05
2.0235393570253243e-05
2.186638551524589e-05
2.4680209068224922e-05
2.0428793012240237e-05
2.221969795086109e-05
2.4458042547722356e-05
2.3052014456714375e-05
6.84838000004476e-05
2.672883102160917e-05
1.940770435984966e-05
2.078285231794669e-05
2.2445850823724357e-05
1.9824405646732545e-05
1.9345075506387728e-05
1.998498599947809e-05
2.558114117342869e-05
5.6535518759431645e-05
1.7171579864969987e-05
2.148887870583228e-05
1.870724375497041e-05
2.6318803083514807e-05
2.526422865367757e-05
2.139526622219307e-05
2.6193248800459542e-05
2.1108643887326922e-05
6.185428792857602e-05
1.8582721721375404e-05
2.0214383775065597e-05
2.6355432043254126e-05
2.3765030062123323e-05
2.5109168105752523e-05
1.9639930345419674e-05
2.3191083492218912e-05
2.4726891799951706e-05
7.830618601596102e-05
1.2411413535887602e-05
2.194399342678233e-05
2.5015188249847863e-05
1.9289476144852002e-05
2.127320278624574e-05
1.7658636295177158e-05
2.3129151550742433e-05
2.2713612568727874e-05
9.069236277213828e-05
1.967435707959986e-05
1.9930736372247034e-05
2.64255631556243e-05
2.140298314075181e-05
2.4826257785879156e-05
2.364282581485607e-05
2.1915289440026603e-05
1.513294968159858e-05
5.9058173772821696e-05
2.4985994566234015e-05
2.4569911379400894e-05
2.137078074244396e-05
2.2138726378266886e-05
1.884372533859439e-05
2.1339508801619577e-05
1.775664129578562e-05
1.6253228889487257e-05
5.874389052340102e-05
2.527676133912314e-05
1.7790088348266448e-05
1.8782153038198837e-05
1.4622789466996763e-05
2.1758639475790857e-05
2.3678572466223157e-05
3.004619722816631e-05
1.9519185503427314e-05
5.8460200554645556e-05
2.2654680591402358e-05
2.0190809226835038e-05
1.446326873713265e-05
1.5519349925470322e-05
1.7919282081882672e-05
2.7678984070568673e-05
1.81434107020204e-05
1.670354566355795e-05
7.53227503055947e-05
1.7407243550824254e-05
2.1278998354989433e-05
1.894319741461194e-05
1.9007401494941727e-05
2.419144417737858e-05
2.361563726381163e-05
2.0832119326379503e-05
1.7024472871758486e-05
7.667214721052265e-05
2.0544670578047668e-05
1.8848760585187134e-05
2.64973329218353e-05
2.2017045545458863e-05
2.313721053885539e-05
2.4769597936302067e-05
1.916934645489499e-05
1.8465755576314152e-05
6.077385179264141e-05
2.192243356550524e-05
1.6898169454587257e-05
1.8978533102770292e-05
2.1443146824682815e-05
2.4163678291764287e-05
1.5810687563914863e-05
1.6675328128689237e-05
2.0900429553437836e-05
5.367393268328664e-05
1.8019193866074373e-05
1.549081561064539e-05
2.240462574865057e-05
1.520324838686333e-05
2.006874521466852e-05
2.064523959664771e-05
1.8372921003161485e-05
1.87575870598513e-05
5.3296688259027664e-05
1.8085779925891835e-05
1.7157810046269108e-05
1.4629085304117076e-05
1.5717719237934546e-05
2.3496777644231e-05
1.9111484974867435e-05
1.962395947796426e-05
2.052056610511492e-05
4.54916363738575e-05
1.783192878881666e-05
2.3658943680989078e-05
1.3350458204053461e-05
2.1802929372435813e-05
2.8270430132193235e-05
1.652079805187774e-05
1.6969294286112036e-05
2.0555619022541253e-05
4.072772764830608e-05
1.9467286665593832e-05
2.0876329393128948e-05
1.78028423582644e-05
2.0108570913323606e-05
2.33108279243994e-05
1.9949110236061376e-05
2.3983873870824648e-05
1.4922030469505358e-05
4.83518271066747e-05
1.9885226061558064e-05
2.2286954011254655e-05
2.3984290129856198e-05
1.9917930441207136e-05
2.4689595583463658e-05
1.319361592948512e-05
2.3057237221631095e-05
1.4891418024553163e-05
3.887790550696244e-05
2.1424571306017207e-05
1.7165486304632044e-05
2.04964982053074e-05
1.976030462255016e-05
1.70382565226097e-05
2.6134138333118537e-05
1.9216699157834563e-05
2.5270094553391433e-05
5.0603462301701684e-05
1.9184585918648453e-05
1.780751105442885e-05
1.428453656639584e-05
2.283614037968014e-05
1.8960894308516044e-05
1.5341821385518928e-05
2.2612483653992872e-05
1.9954146460424283e-05
3.039611713785933e-05
1.7071764477040448e-05
1.9730353964471912e-05
1.9506243487308914e-05
1.559869371990505e-05
1.665579342306279e-05
1.694437233032045e-05
1.6912652874526373e-05
1.640039619769627e-05
4.747181817255794e-05
2.4825208907336207e-05
2.0917386605421755e-05
1.5792265781078258e-05
1.6176920800326408e-05
1.7939021677513794e-05
1.6785941888991236e-05
1.2365452029029724e-05
1.755556785726734e-05
5.225075660280894e-05
2.111260209296689e-05
1.973541852126738e-05
1.1277604580399101e-05
1.2271057864189379e-05
1.9672653454546784e-05
1.7237778623219263e-05
1.544386798017725e-05
1.5700517687722597e-05
3.9764735037252765e-05
2.294294250415296e-05
2.195016479446715e-05
1.887445504016686e-05
2.214331596316775e-05
2.0156777427998406e-05
2.483596008595229e-05
2.2785403766488132e-05
1.8395392358015614e-05
5.095686741535872e-05
1.8460201280291875e-05
1.1313511143055311e-05
2.076829885838456e-05
1.7852104639742764e-05
1.7051027378885942e-05
1.4327014457560163e-05
1.7628547528839824e-05
1.8269795259058646e-05
5.378311315377252e-05
1.9936807372233912e-05
2.1571680595145038e-05
1.5417689076881413e-05
1.1924003326412282e-05
1.961698666929594e-05
1.6059013573328293e-05
1.3110218569140488e-05
1.2853925712323052e-05
4.6991505115470885e-05
1.849517783914843e-05
1.859144184645072e-05
1.6828658262616374e-05
2.016232757243172e-05
1.5258165923579027e-05
1.1347522095452662e-05
1.8656089668219077e-05
1.5034002329340753e-05
5.3403392429668436e-05
2.0707172374708786e-05
1.4200132045200784e-05
1.913654069234722e-05
2.202157338468153e-05
1.157181279499508e-05
1.5899340760761657e-05
2.1316860774581635e-05
2.0515708493323802e-05
3.702402609261027e-05
1.753447182596649e-05
1.9457859165554036e-05
1.657283992345207e-05
1.3527620740907146e-05
1.657307155402807e-05
1.4457602215968943e-05
1.4778468355051644e-05
1.705476078518067e-05
4.58438568494473e-05
1.4298041194003132e-05
1.965192119650129e-05
1.5997465539808187e-05
1.4683451711449271e-05
1.3048644609712314e-05
1.285658549416146e-05
1.3562158691684522e-05
1.9301565478797455e-05
4.841401769849763e-05
1.5005002629402277e-05
2.263578666572618e-05
1.6383756175850478e-05
1.0516555238206389e-05
1.4460470700184649e-05
1.2248365035650438e-05
2.090582637044265e-05
2.1483541811333203e-05
6.226875669942242e-05
2.6485223009104823e-05
1.670571775154378e-05
1.6609624257593084e-05
2.4401720946600795e-05
1.6161126948730492e-05
1.484667156061702e-05
1.779690651285009e-05
2.07473915927144e-05
4.005293400889496e-05
1.4879796577787889e-05
1.459150878734332e-05
1.6451735274839067e-05
1.0711480937284087e-05
1.1994483050929537e-05
1.8440943615708438e-05
1.5907635138888408e-05
1.4849540955146208e-05
4.342696623447534e-05
1.446510959437363e-05
1.4850116300786637e-05
1.2348390233379123e-05
1.6999230415972453e-05
1.446563572764409e-05
1.2830109907212003e-05
2.190780406981565e-05
1.7513817953292893e-05
4.542071611917703e-05
1.770665007887158e-05
1.7418244677836092e-05
1.607099775458329e-05
1.5461747444352786e-05
1.6135521960236877e-05
1.4788480934616597e-05
1.5334126772807908e-05
1.289634858175775e-05
7.227708126475076e-05
1.3602313522547503e-05
1.3377882215799484e-05
1.4661356197263832e-05
1.1742136522163956e-05
1.9474388500190718e-05
1.2705014335491174e-05
1.408482291030236e-05
1.690861873365226e-05
5.203989323030932e-05
1.6490955641254338e-05
1.2384244212675846e-05
1.2865458013032357e-05
1.5079217546459871e-05
1.14538213525346e-05
1.3282712722644253e-05
1.732547980028727e-05
1.8095697362937123e-05
5.8748112063162786e-05
1.684496392530654e-05
1.5882629995395964e-05
1.1711736369520234e-05
1.3123840894510727e-05
1.729570126736417e-05
2.1435393531362998e-05
1.1391777774205145e-05
1.347769874070159e-05
4.637025962371417e-05
1.5146491604030147e-05
2.0666018275691614e-05
1.5852567782242453e-05
1.7810113956168958e-05
1.200186946766767e-05
1.607735047574677e-05
1.3221451612696188e-05
1.1873757948758894e-05
4.9002598164607204e-05
1.578866398315003e-05
1.1616963179489654e-05
1.5949340530069433e-05
1.280450615924024e-05
1.3478553407195378e-05
9.723883742272922e-06
1.354293952647465e-05
1.2355667748584562e-05
3.9987352956618666e-05
1.5179907091908175e-05
2.0828064137985638e-05
2.1501920025180995e-05
1.3382727686812849e-05
1.3543396766067925e-05
1.4057095299596176e-05
1.1232977145256323e-05
1.1521971195521337e-05
5.5330890600751614e-05
1.4378462706119114e-05
1.5116682979953321e-05
1.2388744421293824e-05
1.1714803650743638e-05
1.867953650356949e-05
1.6208352757947508e-05
1.6625785849222353e-05
1.3897696201689016e-05
3.886891645689702e-05
1.4828539713653837e-05
1.6144486672244804e-05
1.3994136456824591e-05
1.2132637069751172e-05
1.1041450826096315e-05
1.7236290769484834e-05
1.8071056872119604e-05
1.4765189512170336e-05
4.368520983457108e-05
1.16194771453551e-05
1.3673866974074027e-05
1.1747992842583508e-05
1.457272824968951e-05
1.373827520063499e-05
1.6402542400491857e-05
1.5696462136201188e-05
1.820033600966011e-05
3.3222562568918765e-05
1.1587750713906555e-05
1.7526117285162063e-05
1.669159385012348e-05
1.4059538228269635e-05
1.5279452846645525e-05
1.4284560973648516e-05
1.0336388453034276e-05
1.0432837229987339e-05
4.4171412043836274e-05
1.1139338973648273e-05
1.3258343968633262e-05
1.3386992164693006e-05
1.2263589614319096e-05
1.1429126190651693e-05
1.55707606798162e-05
1.5185582749948512e-05
1.3195269081876067e-05
3.9072877980731643e-05
1.130136067098233e-05
1.3035308927510648e-05
1.207230178596862e-05
1.0788209719714606e-05
1.3838627539504546e-05
1.2554609742845951e-05
1.1784204689644667e-05
9.568793556875336e-06
4.277036909929456e-05
1.1656211130910972e-05
1.1945399505537528e-05
1.3229984462475044e-05
1.3069587977546127e-05
1.5734946938226588e-05
1.5189207916846376e-05
1.1400087083820152e-05
1.4161892915216022e-05
3.856776717965222e-05
1.3937324302204095e-05
1.2588567961760554e-05
1.573575846420025e-05
1.2652836794911839e-05
1.3006115732528364e-05
1.41301350757417e-05
1.0405001851383817e-05
1.0854691330152502e-05
3.6353593289357905e-05
1.2942196393494795e-05
1.7309728430271935e-05
1.4226816367030538e-05
1.352028493952338e-05
1.2685275269670486e-05
1.300658187638474e-05
1.0694420861943987e-05
1.692489767743194e-05
1.731059900357109e-05
1.0919653191814629e-05
1.3778146722360355e-05
9.281833694655742e-06
1.419595857118255e-05
1.0020762892241405e-05
1.1947926312128013e-05
1.3104354859762846e-05
1.631637843206027e-05
3.510577453375726e-05
1.0213884523363298e-05
1.0888522376443456e-05
1.0085666494889136e-05
1.4422019578036119e-05
1.4197290039264822e-05
1.2334395483247162e-05
1.1210226861907062e-05
1.1756373255214482e-05
3.057945235541444e-05
8.287311451618965e-06
1.1306765988040139e-05
1.3523262468761183e-05
1.3073610691965013e-05
9.604504184817387e-06
8.15904667385862e-06
1.1692580723457231e-05
1.233514115962919e-05
3.0934502406964486e-05
1.5965439609664596e-05
1.066511786882676e-05
7.774070852367761e-06
1.0954432036310377e-05
1.2432240674301605e-05
1.1564956408788056e-05
1.9403556517709246e-05
1.0023138028633793e-05
4.221194986248349e-05
9.059230404884634e-06
8.995057986641311e-06
1.1115318798265702e-05
1.7154977423535703e-05
1.1051248752558172e-05
1.2336331575920097e-05
9.316597383308333e-06
1.2882711712508506e-05
3.228679255902837e-05
1.040892155091389e-05
7.6139942644455866e-06
1.2497397312596949e-05
1.2915200400538275e-05
1.1983681246158916e-05
1.034527450029272e-05
1.1341317728108518e-05
1.326908525785672e-05
4.9733997010177155e-05
1.3204476915249137e-05
1.1694612292117021e-05
1.1084299244336734e-05
9.253030479932202e-06
7.967961085506183e-06
7.711006388504534e-06
1.2530454627384442e-05
1.3590912068758835e-05
5.169566105690028e-05
1.1920095008619257e-05
1.1116899467179217e-05
1.3108998948645433e-05
1.1502488457349222e-05
1.0442249173078288e-05
8.835796994511685e-06
1.227392916554825e-05
1.269178532709446e-05
3.6982332887328325e-05
1.0795932015702683e-05
1.2691764937074712e-05
8.032817594312507e-06
1.3077614032697569e-05
1.5712457276334536e-05
8.99703207191302e-06
1.1374901722777064e-05
1.2499545726663983e-05
3.5120414018591196e-05
1.034651041765071e-05
1.3495506478325092e-05
1.1182053600852612e-05
1.018602869523174e-05
1.4427617686382729e-05
8.772345582216238e-06
9.640065035734757e-06
8.611885520277745e-06
4.048897571953248e-05
8.001406448021756e-06
7.358797923327946e-06
9.383318657437337e-06
9.319133202355594e-06
1.2339824102234414e-05
1.0475991117130772e-05
1.0218910266977708e-05
1.1729305496252936e-05
4.013579588238869e-05
1.1182754290530398e-05
1.3207156890837321e-05
9.8330736137953e-06
1.2917991831973045e-05
1.3849875638721077e-05
1.028303012105183e-05
1.124711045665068e-05
9.801112924406266e-06
3.538039954786356e-05
1.4460685829838989e-05
1.082952106876897e-05
1.1408036778739327e-05
1.0122726327209127e-05
1.3272097439690288e-05
1.092628970710088e-05
9.19103646418385e-06
1.028376308857913e-05
3.518949058632922e-05
9.512631875286825e-06
9.737730146672392e-06
9.577134174364261e-06
1.1858970042988285e-05
1.089495498985564e-05
1.0541596367931539e-05
1.0959508857163306e-05
1.0734673329106315e-05
2.6129984427107804e-05
8.485085662082234e-06
1.0606504345581253e-05
8.03536847789229e-06
1.1056799938390481e-05
1.079978724419129e-05
1.2471391335417298e-05
9.064405493929741e-06
1.15075131524768e-05
3.5198576061695935e-05
9.32217441196849e-06
9.997390070418593e-06
9.161699070203271e-06
1.0029783312960871e-05
9.611962502030487e-06
1.0158574055104735e-05
8.679903111706688e-06
7.972722999955636e-06
3.015477953255591e-05
7.715599405307317e-06
9.290954535630216e-06
1.1637950933627286e-05
9.291186325997122e-06
1.2731330853595869e-05
1.0866745091558758e-05
7.137405340965427e-06
8.037712690738137e-06
2.7745906779476016e-05
9.548785791509626e-06
1.1606445557555801e-05
1.205657717632069e-05
8.455735462669713e-06
7.941352820062802e-06
1.0320621853154785e-05
1.04815042283224e-05
7.780838598206691e-06
3.208837924168665e-05
8.649119157950054e-06
9.742326398736829e-06
9.227908603835113e-06
5.562499033395219e-06
8.874278482575547e-06
9.26020600099933e-06
8.649376124358607e-06
8.520861689983977e-06
2.990331390453936e-05
1.1543379780056493e-05
8.971098304555669e-06
1.0257357749017376e-05
9.099822122593639e-06
1.1415010120933832e-05
8.263882156397346e-06
8.778388238400316e-06
1.1190123674018578e-05
1.8167975441527624e-05
8.039015335097028e-06
8.90728770806194e-06
7.267363338840237e-06
8.0391843996604e-06
9.711474660415135e-06
8.714681862499235e-06
7.492791404063891e-06
1.0065446303657792e-05
2.1127812945599482e-05
9.61527731858665e-06
1.3828075727430747e-05
1.054797230668461e-05
7.23568454383495e-06
9.229512869205036e-06
6.592550321660178e-06
7.042839405284631e-06
7.1071936859819934e-06
4.363888906129341e-05
8.296793141523482e-06
7.6214911514970105e-06
6.4637925514920665e-06
1.0194181142109104e-05
9.197310809226357e-06
8.747167622101777e-06
8.361324474960277e-06
1.0644682834599927e-05
3.505346135243329e-05
1.013008019904096e-05
7.782510101344361e-06
7.911200059584844e-06
4.630987480897177e-06
7.911354240534112e-06
7.91143922072195e-06
8.297430864551774e-06
6.207049349161931e-06
2.1515949477463137e-05
6.52880804387745e-06
1.054903209414368e-05
5.756968883197244e-06
6.979127231515629e-06
8.3299298012051e-06
7.139963022710421e-06
9.487845764035474e-06
6.271666799658165e-06
2.7948755297840944e-05
7.751024735320999e-06
5.306742756995662e-06
7.493788116003454e-06
6.110869964032063e-06
9.005527335377674e-06
8.523162111154449e-06
7.140192665555498e-06
8.394612665656504e-06
2.3254243923638725e-05
6.207594770271874e-06
8.523463664168842e-06
1.0260429976344724e-05
7.076215732460377e-06
6.722443217628935e-06
6.561684433285006e-06
7.848345771353114e-06
7.108627058747656e-06
3.094327518678062e-05
6.272313150927391e-06
6.819178669814983e-06
9.07085320638256e-06
7.301770833825881e-06
8.138149887157958e-06
8.620719049029181e-06
6.369103440608979e-06
6.819503755005339e-06
2.4414961707271687e-05
6.723050435198495e-06
6.2406085275277745e-06
7.849106208765252e-06
6.948479852753991e-06
5.211412194910419e-06
8.71795015320591e-06
8.685879789868623e-06
9.265060645612588e-06
2.3903081017064193e-05
7.109868867959279e-06
6.2734738512119245e-06
6.981305639920148e-06
7.013548631688834e-06
6.144950107348418e-06
6.595421316961503e-06
5.372916607347415e-06
6.3703448222609446e-06
1.6537352506280816e-05
6.853118022307253e-06
6.3384020064871134e-06
5.598433622622202e-06
8.558636214138108e-06
5.212468585224054e-06
7.529175070759767e-06
4.6977466582450445e-06
6.435331100359246e-06
3.056775781120439e-05
6.274474674434402e-06
6.0492727422730515e-06
6.8859177190751505e-06
7.111225977610964e-06
5.405832584453907e-06
6.982565884450891e-06
8.10884646188826e-06
6.628707555194931e-06
2.818825765998204e-05
6.59659580260218e-06
7.143676321184321e-06
6.210537144852606e-06
7.594304040279159e-06
6.500277162807937e-06
6.1785508517904665e-06
7.144005056668372e-06
4.794903783175867e-06
3.169811296467302e-05
6.178760818624021e-06
9.911795957570562e-06
5.020276769145534e-06
5.953559596273999e-06
8.206303245432026e-06
7.240908468190963e-06
8.52825463862229e-06
4.151526067190808e-06
1.7185331116275436e-05
4.441162418265716e-06
5.181394006749136e-06
6.3721936521236685e-06
7.820465037034086e-06
6.855037739879253e-06
7.176915307089102e-06
5.052847149024329e-06
5.245971874059728e-06
2.194944970927278e-05
7.852882806151717e-06
5.117272600555131e-06
5.278230325235541e-06
6.597825491892834e-06
6.1151146516409075e-06
6.437006297709481e-06
6.050843175340883e-06
7.82112350278189e-06
1.6575707872041843e-05
6.340689359103397e-06
4.699217567400459e-06
5.954511970291041e-06
6.0833090832462866e-06
6.083332579622375e-06
7.113361980547948e-06
7.499674021679594e-06
5.858174999523621e-06
2.2853237666461696e-05
5.439740406575211e-06
6.759472289929603e-06
7.821695471267292e-06
5.472005189263462e-06
5.890502131830661e-06
3.862641630997854e-06
6.469966592118274e-06
5.8906033835175186e-06
1.5837097809336664e-05
6.373524456661869e-06
6.0838730463726e-06
7.146181910889043e-06
4.796357446575097e-06
4.345731598281215e-06
5.762158629523041e-06
5.826591307273018e-06
5.311563605539594e-06
2.4079044162383407e-05
6.470461041595504e-06
4.345867577294394e-06
4.571245500864288e-06
6.728178529159008e-06
6.535078094022261e-06
4.28164203483074e-06
5.923521796403277e-06
4.056351086844545e-06
2.2792937048290186e-05
4.507112481044373e-06
4.2495952099593e-06
5.151077231903815e-06
6.696433601802371e-06
5.022369828383691e-06
6.181443127439336e-06
5.344405395943493e-06
4.603954771392235e-06
1.6419771259064196e-05
4.2820338063671395e-06
6.020634162089187e-06
6.600196994952846e-06
4.153318764092106e-06
4.410919595278487e-06
5.859796323782724e-06
4.797342697145269e-06
4.668580527105923e-06
1.0013347373484495e-05
5.3447880942848956e-06
6.50397331593617e-06
5.57029178572897e-06
6.05331905093488e-06
4.475635365543333e-06
4.2180828697440235e-06
6.633060875527972e-06
4.765534111725371e-06
1.6711640514129918e-05
6.600990992287692e-06
5.280820170620724e-06
4.153856393585171e-06
4.540308131070388e-06
4.121723511566747e-06
4.894589224819432e-06
4.218397177164535e-06
3.832005521952159e-06
2.006168630420234e-05
3.0591743172591114e-06
4.572681026001424e-06
3.445626960002228e-06
3.477847560145026e-06
3.671080701109433e-06
4.991403997251572e-06
3.574507961733443e-06
5.66772243024982e-06
1.0820223848533354e-05
4.991488867417973e-06
4.186429566188643e-06
5.474587127571084e-06
4.89494892153004e-06
5.1525997152029325e-06
4.50854014114307e-06
4.0576976262984146e-06
4.154320578742586e-06
1.4137460492802246e-05
4.669540333991932e-06
4.7339416888520534e-06
5.281399400805916e-06
3.8000344579395764e-06
5.571256874584793e-06
3.510234894935932e-06
2.9627841462966133e-06
3.6068876353379923e-06
1.677851862684475e-05
4.6374362191497775e-06
3.284872447436727e-06
3.4781201765236164e-06
4.8307557601448604e-06
4.186673329274192e-06
4.412142409142474e-06
3.5426215373611955e-06
4.251165012448184e-06
1.2399285195701139e-05
4.380027127826841e-06
3.735924020580819e-06
4.541110041176918e-06
5.217473977365438e-06
4.412331687662441e-06
4.927663668725475e-06
4.122511774280113e-06
3.059697894447959e-06
9.85549778959865e-06
4.3801952819885986e-06
3.2207378414086784e-06
3.0919202776699007e-06
4.637893561502237e-06
3.2529805273042786e-06
3.15636842420561e-06
2.6732588155460115e-06
4.090429409736543e-06
1.8455320586794164e-05
3.8327670339520355e-06
4.283695151510916e-06
3.8327949330064486e-06
3.0598088598601424e-06
5.1211818167382835e-06
4.154936352655795e-06
4.702506249018835e-06
4.154971415246072e-06
8.632050597730852e-06
2.4478947879359758e-06
4.799178689817132e-06
3.4464036085842762e-06
3.156537798541641e-06
2.963292026760331e-06
3.124354897212106e-06
4.348345507680773e-06
4.767091504707954e-06
1.2207589184410966e-05
3.4464338026227362e-06
2.254681039936199e-06
1.9003760393245136e-06
3.961816974298534e-06
3.382055220844824e-06
3.961856023253196e-06
4.058502214267272e-06
3.7042070225258625e-06
1.1982324911176185e-05
2.2225448312255822e-06
2.8345584208932723e-06
2.6735142129974603e-06
3.639849575646688e-06
2.576891378681339e-06
3.54323500448187e-06
2.8023840879987256e-06
2.8668122513382616e-06
8.987013765109418e-06
2.834613751986887e-06
2.963471859322187e-06
3.2855991608966283e-06
2.9312827754055324e-06
3.1245680566517045e-06
2.9635174891018255e-06
2.866898687891338e-06
1.7716879815226473e-06
8.890651557197621e-06
4.219849793319166e-06
2.2871015301385703e-06
4.5419991412722474e-06
4.9929858213054185e-06
4.509801635086566e-06
2.802531052768857e-06
2.8025377333519352e-06
2.4482013740981197e-06
1.3336237669536921e-05
2.1904976598075956e-06
3.801163581270778e-06
3.5434644245513636e-06
2.6415017027377683e-06
3.3502104479791883e-06
2.738160267484112e-06
2.8992396325284638e-06
1.7073387507943554e-06
1.3143311967720026e-05
2.9637017407882028e-06
2.931496940564157e-06
3.285861017356691e-06
2.190580080423926e-06
3.511378363872285e-06
3.736886347691632e-06
2.158380060382454e-06
3.2214693147316246e-06
1.5076416168361045e-05
3.0604010742587637e-06
2.4483250396322616e-06
2.3194732991576123e-06
1.7718243905544236e-06
3.6725251819253002e-06
2.0939906045540946e-06
2.1906471223143956e-06
2.7705341196753476e-06
7.4740096147979206e-06
2.7705517921153187e-06
2.416185971836872e-06
2.35176586205669e-06
1.9651791516914378e-06
2.3517814696308177e-06
2.4806530805700336e-06
2.480661072335658e-06
2.4162356343918473e-06
1.0212594319510196e-05
2.3518051086812635e-06
3.0927880885390486e-06
2.094080867797421e-06
1.8041354521701461e-06
2.0618733395073554e-06
2.255180794622618e-06
2.4484887894974263e-06
2.06189366633947e-06
7.989842075616638e-06
2.3840731541893512e-06
1.7075189501580696e-06
2.2552198836164785e-06
2.3196602677119913e-06
2.577407272618553e-06
1.9330598139610347e-06
1.578669736202032e-06
2.4807737617129168e-06
6.282471720258997e-06
2.09415359675874e-06
1.5786718723747533e-06
2.4807739215632767e-06
1.7719879949424241e-06
1.7397744595052353e-06
1.707561090172725e-06
1.7397844368420877e-06
1.5786979138022562e-06
4.961648710760688e-06
1.1598710146107019e-06
1.353187558948233e-06
2.062005404645041e-06
1.997572240911336e-06
1.2887594401628991e-06
1.7398301771095569e-06
2.1909006483261647e-06
1.2565484296479315e-06
8.763608805132845e-06
1.1921104327286767e-06
1.8042757727262065e-06
2.126469519314787e-06
2.1264711636333735e-06
1.8365007225019377e-06
1.6431864452454675e-06
1.933164946074686e-06
1.320998046888278e-06
5.316216105537909e-06
2.0298316299770304e-06
1.256565838427607e-06
2.255379159845487e-06
1.3210115816951742e-06
1.5143337651547354e-06
1.6754370425855498e-06
1.4499011312418606e-06
1.2888041199459063e-06
3.5764301652874587e-06
2.0298662927072996e-06
1.6110076414603256e-06
1.2888087708076566e-06
1.4176931194455428e-06
1.2565934505511628e-06
9.343917478645041e-07
1.288818487894998e-06
1.5465848763846929e-06
4.768640082443343e-06
1.0632797404901469e-06
1.1277230443663322e-06
1.256608350265594e-06
1.8688045102888e-06
1.0632874146756154e-06
1.1599521867708613e-06
1.2566169339571437e-06
1.1921768837353338e-06
2.8354505556709785e-06
9.021878248077551e-07
1.1921778056511096e-06
1.031073460890868e-06
9.021902085038902e-07
9.988543141017252e-07
1.3210664047561226e-06
1.1599621285253505e-06
1.1921843359286757e-06
2.9321326325385974e-06
9.344169175602941e-07
1.0310822980891146e-06
7.088698108393799e-07
8.055349401263601e-07
1.0633076284621418e-06
7.733160093362441e-07
1.031089474271321e-06
8.69983229623277e-07
4.607682424349829e-06
9.666452608443905e-07
7.733162585103455e-07
8.377595499916579e-07
9.66645946073787e-07
6.122093556222649e-07
8.055392487560299e-07
8.055398716942537e-07
5.477675010508275e-07
3.931028873987067e-06
6.122095528856416e-07
9.666466935978732e-07
7.088743790179886e-07
7.0887488152123e-07
4.5110242989546024e-07
6.444325410593749e-07
9.022059063296317e-07
7.733201456471162e-07
1.6110836367648255e-06
4.833254492212e-07
5.155475279077155e-07
5.477697602543868e-07
4.83326757404284e-07
4.1888354067692674e-07
5.477712075664604e-07
5.477715958710009e-07
4.511064416582106e-07
1.9010902688247972e-06
4.833281901843585e-07
5.155503519340034e-07
5.155505512782044e-07
2.899973065694604e-07
2.899974560778714e-07
4.833292803488013e-07
3.86663561328643e-07
3.86663760673692e-07
