-2.9074074074122125
-1.944881889761849
-0.9171428571481696
-0.6477166821994381
-4.003311258276927
-1.3975555932777868
-1.058817957946536
-0.5935521013241808
-0.45158273879609934
-0.328326662769277
-0.31442567567569335
-0.26650206859734743
-0.2475437228472874
-0.2251143834826365
-0.20994541214259574
-0.19593548786527482
-0.18267159345441009
-0.17214759508016733
-0.16134477068611297
-0.15309309056338152
-0.14460707622061036
-0.1361839519344071
-0.12927796156054575
-0.12039862138983423
-0.11538218970736253
-0.10650691663821299
-0.1022010000819744
-0.09726315360849117
-0.09189441292919329
-0.08849925043555684
-0.08346395183094005
-0.07960888164595753
-0.07534127422689389
-0.07198976419627327
-0.0698329508569522
-0.06478832132005283
-0.061946390928827394
-0.05943333227335383
-0.05692522479633212
-0.058568775951018046
-0.05090530991758444
-0.050536384323354985
-0.051892217842339466
-0.05283575317604171
-0.07399189492139382
-0.053910007939097865
-0.05425687658450214
-0.054506153128144115
-0.05102330780062373
-0.05215591628063512
-0.04969678350075545
-0.049339922821741426
-0.05182444606433186
-0.06361642338068
-0.07058158828241572
-0.07891436162712723
-0.0710511658713561
-0.060458038499586496
-0.568032036613263
-0.25645539102203396
-0.2907384508069365
-0.2696808073213356
-0.261542611462515
-0.25669744686875423
-0.29186489656804215
-0.24384454774661224
-0.2400253631430992
-0.22939723815756588
-0.2161372815460655
-0.2983774010884656
-0.2495298277288754
-0.2379828066351899
-0.21459361030157215
-0.193701847496377
-0.17905331838600605
-0.587015393105625
-0.3746461247061562
-0.31127494654312515
-0.2886636809018218
-0.2679396292476625
-0.2541261459271883
-0.2319247751742821
-0.21690800673643193
-0.20291924452264548
-0.1944639151170319
-0.19045028386808174
-0.16790405949961132
-0.15611780347286597
-0.14331207142469568
-0.12263893295950751
-0.11721894784181355
-0.10597034045063183
-0.09945557791219976
-0.09114450366878232
-0.09468674414300521
-0.10047072927072835
-0.08624220430064397
-0.0894877992466266
-0.07924820613176752
-0.0897638597621481
-0.08128711627230423
-0.0738879333998089
-0.0675526980451123
-0.06087799065996607
-0.2911718277317764
-0.060175199948968625
-0.17738329109113732
-0.21144576044589333
-0.1801397295709057
-0.24713710436570344
-0.16629706438747316
-0.15034672446550856
-0.13068222457214387
-0.11923801094908132
-0.10815690188053216
-0.09588054124642512
-0.09005962109624269
-0.08496063281631618
-0.07942096240464645
-0.07855074767278573
-0.07638178404537621
-0.07180194723582871
-0.06813586921718877
-0.06492972939979064
-0.06633249851966047
-0.12272446116246004
-0.13302997300761762
-0.18818544839255485
-0.1734921106498726
-0.13655439694832391
-0.15067076774555224
-0.14263925291280266
-0.13841313196605004
-0.13090618776182916
-0.3549421245421247
-0.22753248065424891
-0.23966854318108782
-0.20740025360959685
-0.2082320969844226
-0.2717979943503259
-0.20429612606914724
-0.1885965432466896
-0.16568876978385125
-0.1634869970174257
-0.15060014041888667
-0.13682722210296783
-0.14105575738883183
-0.12246111916246623
-0.11014736550183857
-0.15557128152341987
-0.11423571265695372
-0.10647223183358796
-0.0932838968356782
-0.07185445187658875
-0.07175111851003993
-0.0608592820148346
-0.047985287712335296
-0.04174935079465276
-0.03870422647211035
-0.09270319503858145
-0.06393609811061172
-0.06552957297713076
-0.06141010100069953
-0.062423541958725785
-0.16358958267963825
-0.06215229439730751
-0.06832940620155578
-0.06653643778668673
-0.07087022775009044
-0.07605946219403259
-0.0696433224162527
-0.07965684547051027
-0.07815258619707698
-0.07307205340699835
-0.07253493965971575
-0.07363572796643618
-0.07103354004552653
-0.064131350435455
-0.059833201811399485
-0.09124761110417964
-0.05385075590032517
-0.058117965003282014
-0.0533490174370299
-0.04659721614286637
-0.046312348308483964
-0.03559198218262719
-0.03420285683445984
-0.029387121462174023
-0.032735632857171355
-0.0353670073642638
-0.031949363273301744
-0.03407637006122806
-0.03530705451424683
-0.03502247493180688
-0.035702189241618554
-0.033437660795187486
-0.03107047684066929
-0.027304417439700284
-0.025581685289942768
-0.030213999594756503
-0.02544807771240448
-0.023906023784394027
-0.021625357953982526
-0.020094092964486148
-0.030095529963848365
-0.02254135538416055
-0.021829517604644216
-0.02051120097777246
-0.019385104164939493
-0.04423331288778215
-0.023814237156780525
-0.022325107250561554
-0.020165519957866706
-0.01977031733495795
-0.02148869507780613
-0.018148175755376198
-0.017466554814781453
-0.016759130836796865
-0.016253219344679905
-0.022270473416142078
-0.020685384166824295
-0.01879963853835114
-0.017694636441556267
-0.016187881978621508
-0.017508411309586962
-0.015207807691241266
-0.015386900479476641
-0.014764618976829317
-0.014703817751276925
-0.014848298319233056
-0.014220066618225701
-0.014109397578950286
-0.013804191679425364
-0.013644395625394878
-0.014132766423044821
-0.0133356458730827
-0.013269156346751137
-0.013145179696106872
-0.013090983554602293
-0.01300257801302463
-0.012800557784182506
-0.012742431409654042
-0.012386457473164709
-0.012176363762664467
-0.012516305051327751
-0.011542764669446395
-0.01162592581456625
-0.011538113480738594
-0.011382376228633174
-0.011901991927083648
-0.011573569032961846
-0.011277468472969026
-0.011184163510325262
-0.01110502414024571
-0.011047057796854826
-0.011025398067856998
-0.010778622484814331
-0.010790453841413146
-0.010652283485848917
-0.010590172819944562
-0.010750383008544584
-0.01047889274082502
-0.010495028670627586
-0.010384237908802819
-0.01141195134849648
-0.010102188542368258
-0.010902557396568556
-0.011080214359528747
-0.01098549317341684
-0.012138632587314119
-0.01111527346675957
-0.011259680055736578
-0.010872073367720175
-0.010613144177543953
-0.01046937237593314
-0.01022174060716287
-0.010083225768121712
-0.010134623292866215
-0.010009271860710392
-0.009942540919885069
-0.009632935048523628
-0.009226502445840248
-0.008846555751901086
-0.008766976078600193
-0.00891331226816573
-0.008840345021314837
-0.008748544209122534
-0.008733407079642616
-0.008735560827440437
-0.010179770413690371
-0.009260341363781474
-0.009267726897599509
-0.009231267846470857
-0.009024442130485012
-0.008717198387735887
-0.008551663728147441
-0.00850908272876243
-0.008404166032977676
-0.00844186623930674
-0.008756508024440906
-0.008399410965110004
-0.00824420550937588
-0.00833518117363536
-0.00809497496311164
-0.008761308599106577
-0.008167587213459388
-0.008133625486126792
-0.008017379609997493
-0.007957849883399287
-0.008881814197062875
-0.008408800633407936
-0.007972394786973295
-0.007951144825671243
-0.007795798866063763
-0.009120665354289221
-0.008139141393518663
-0.008179325424899284
-0.00781089895600478
-0.007699660464325697
-0.009239353891342032
-0.007677057657347788
-0.0074940789706276325
-0.0072506519097053496
-0.007029191820146265
-0.007723651761476545
-0.006936258685139028
-0.006857115740514812
-0.006706943974145593
-0.006717479130594295
-0.006846741535507205
-0.006763619851099161
-0.006699074462100929
-0.0067045672615536935
-0.006547333012970039
-0.00695551718121356
-0.006479768054442687
-0.006550626988580362
-0.00647155238631163
-0.00643973126389663
-0.007201277528494677
-0.006705406309891963
-0.007046846901767936
-0.007095056662752338
-0.0070383347703474744
-0.007295022724201147
-0.006988887729874594
-0.006999754178953351
-0.006819426749636711
-0.006797564462847325
-0.00771533499984299
-0.006884149770429682
-0.006848933682269536
-0.006807103171899422
-0.006784075406178043
-0.008713528016195266
-0.007456328551087827
-0.007579957024075875
-0.0072220177993490425
-0.007049640961597578
-0.007610797819407761
-0.006851076911492885
-0.006862098218492167
-0.006715718053141519
-0.0065871585078367
-0.00660678869645715
-0.00621169088299184
-0.006196619104343175
-0.006136721328124753
-0.00604419699887261
-0.006856085972129783
-0.0063903480183508735
-0.006430209173940262
-0.0063806705481322295
-0.006245095895345051
-0.006571437784164015
-0.00628316925125758
-0.00625490183369134
-0.006393388300880691
-0.0062700210953952635
-0.007323612110120162
-0.006516898087502883
-0.0064845565167148825
-0.00646417086980249
-0.0061726361833788265
-0.006422187900142528
-0.006393599788426627
-0.00619172494172632
-0.006135050705359781
-0.0061041221090160505
-0.007674658331393649
-0.006931174304713403
-0.007005499083487457
-0.006885554347173591
-0.006685366993921824
-0.007224080267557296
-0.006570047015022328
-0.006377328630246484
-0.006432940955270535
-0.0061649131063248215
-0.007456252610028402
-0.006335391154739168
-0.006626721697950365
-0.006526355655949979
-0.00654055005619948
-0.007016067745091059
-0.006401979040657582
-0.0062400903690315295
-0.006254897284778682
-0.0060624659028872116
-0.006534160811444964
-0.0062518382730119195
-0.0063607917782160595
-0.006029586082609701
-0.005951687111307878
-0.006330591450268505
-0.005985637219526885
-0.0059276985813319725
-0.005876362435328039
-0.005826285777257328
-0.006622607927816015
-0.006111878453038063
-0.005959623893807221
-0.005882800766842715
-0.005666546593144386
-0.0070338595445688275
-0.006000402339112746
-0.005936593020511105
-0.005867059657710977
-0.00580400016701716
-0.006033045746524778
-0.005656116506217384
-0.0058989610262220275
-0.005846680797904628
-0.0056031270651373645
-0.005752832407385775
-0.005515470825135004
-0.005339548681013347
-0.005367295561907657
-0.00530276749241435
-0.006552215627463383
-0.00572479774985626
-0.00557649903975435
-0.005499633120323159
-0.0054009317855891895
-0.006865283121417939
-0.005545842767473253
-0.005354733124696938
-0.005443967408110362
-0.0054249547920358345
-0.006012486917601585
-0.005756977442188043
-0.005557850191658197
-0.005560273803566347
-0.005600488769930278
-0.005431137549937486
-0.0055653342487140866
-0.005502184045120057
-0.005497727605932423
-0.005543929213932944
-0.006623296340989875
-0.005618723178336833
-0.005541517045704515
-0.005419331911867917
-0.0053030527783558224
-0.006729705036872543
-0.0060354835828872406
-0.005753980084675048
-0.005709083039175906
-0.005663986609679761
-0.006919612800903802
-0.005777271569233041
-0.005703136725204361
-0.005734427609427196
-0.005688530387735907
-0.006175489332222231
-0.005580567558793873
-0.005525779421754545
-0.005440490853173843
-0.005369919375580062
-0.006678289872653527
-0.005371979210136414
-0.005357061442828836
-0.00521831735889665
-0.00514686848076862
-0.0066431753005142214
-0.005405900678027704
-0.00580986453841525
-0.0055407173851436935
-0.0055237613673809
-0.005736137667308153
-0.0053664649757471225
-0.005272110152470106
-0.005138476946191441
-0.005121520412815897
-0.007197800500443648
-0.005900868502663835
-0.005963675792899105
-0.005824685498006731
-0.005785823567329333
-0.006212435756893448
-0.005845859247900201
-0.005688149169758565
-0.005538480740131649
-0.00530909885854823
-0.00578039203416647
-0.005687916702574084
-0.005514720302487603
-0.005412624219331118
-0.005348266532440222
-0.006182782963000972
-0.005529888294667811
-0.005545330498518037
-0.005470128961466603
-0.005417808655738231
-0.007986199846674672
-0.00598481393468893
-0.005971034471703934
-0.005885422939500415
-0.00559769014854779
-0.006449898540924141
-0.006029243442801109
-0.0058564917517028355
-0.005602014788023298
-0.005632141183317202
-0.006216710647733181
-0.005462797860273968
-0.005520107804462952
-0.005267222109329008
-0.00522511964059174
-0.00586503087502038
-0.005492305051777184
-0.0053213262382375255
-0.005175058024624899
-0.0052077343891158865
-0.005479136501251501
-0.004994601544525544
-0.0051012827497427405
-0.0050031010957216
-0.0048863306969314175
-0.006795890933835099
-0.005691685154259574
-0.005724412790064656
-0.00558207736592253
-0.005530299870717058
-0.006658479326961183
-0.005747366835943243
-0.005704520895641885
-0.005669428696040779
-0.0055670310846839795
-0.006172995248310341
-0.005691960526768389
-0.005556305015007023
-0.0054621742323824945
-0.005351210151232847
-0.007813228253040209
-0.006333842757686194
-0.006395536731814881
-0.00624292028991747
-0.006132876139795278
-0.006800164024061819
-0.006449736535967612
-0.006287476443381252
-0.00616659233592595
-0.0063115049719253144
-0.008444739039481829
-0.006741321195507896
-0.0065019168998075435
-0.006409369269617391
-0.0064621195059014844
-0.0079207920791993
-0.006750996119918455
-0.006849852283716163
-0.006520372891999015
-0.00607613085974835
-0.006142775657066474
-0.0058860792904971895
-0.005624614299560994
-0.00557489442156252
-0.005471156910658459
-0.006773071050668809
-0.005651225915543089
-0.005773641141877579
-0.005707231545418139
-0.005666027146718119
-0.006179335653950389
-0.006044531052660859
-0.0057337686415285805
-0.005610238004609521
-0.005612212464912512
-0.0063470959986908545
-0.0054185214916482
-0.0052541164860493055
-0.005233781681759548
-0.005185429492827339
-0.006949098086014393
-0.006016337945247451
-0.005945138812073132
-0.005994605778471712
-0.0061361617059169215
-0.007013339278410606
-0.0061148396718784925
-0.006317343725172659
-0.006171278737649391
-0.005876223822166848
-0.006364149877623013
-0.0057749469214472
-0.005863826809031057
-0.005791194730108552
-0.0057746920322632525
-0.006700422583459394
-0.0058245948522413025
-0.005903029839914532
-0.005847337595223664
-0.005657572997069819
-0.00697524509567722
-0.0062123784534571375
-0.005696765707203308
-0.005670747666266407
-0.0055557713975004945
-0.013365238706665774
-0.009413277984041525
-0.0101779928958948
-0.00979309401174937
-0.009631761320258482
-0.00954604766155181
-0.00933642581964896
-0.00869779353822855
-0.00834887645438525
-0.007956746926024553
-0.00907937514868001
-0.007607810420506804
-0.007401806677541528
-0.007187574766729123
-0.006920449779312369
-0.008192042302183785
-0.00689316102103874
-0.0064332599539748715
-0.005869738127112503
-0.005767233643535621
-0.006490753452318566
-0.006044189290277381
-0.006263850800949113
-0.006219548019174014
-0.006113882467449634
-0.0070750647109442755
-0.006421981059212559
-0.006204672830651656
-0.006090419301943298
-0.005933205562130382
-0.00679172718533198
-0.005962137354521146
-0.005840270150987834
-0.005706412774137513
-0.005673276909457922
-0.0064613352049959
-0.005829939426521929
-0.005913421706719249
-0.005902305944838834
-0.005828087016158342
-0.007121513425719121
-0.006193952033356439
-0.0060232788767763095
-0.005925817543344036
-0.005838774485173363
-0.00781716007911907
-0.0068615126754706145
-0.006617168984254495
-0.0065711436519105375
-0.006419415843665712
-0.008975829448712896
-0.006985565272372865
-0.006912053354724766
-0.006499957723864105
-0.006382843593865051
-0.0068930412097892866
-0.006596418176791852
-0.006522039813176148
-0.006138107416885379
-0.006178636218133515
-0.007744309430096957
-0.006321518878851648
-0.0066001287829960415
-0.006622231778110388
-0.00651427217813711
-0.008453897646300683
-0.006988845974918959
-0.006799327658184755
-0.006620284813562312
-0.006330424171109376
-0.007964853849863092
-0.00663386345663696
-0.00659880582545842
-0.006417832959606808
-0.0063230864635100015
-0.010979861003174734
-0.0077674656695878195
-0.008099514698515258
-0.007781405124994233
-0.007484509977468796
-0.009011536562382735
-0.007784639960407726
-0.0077328884480001555
-0.007363986491824682
-0.007345534390461573
-0.013267355948736948
-0.009235639775899506
-0.008860571598215733
-0.008690773352880746
-0.007864433244168148
-0.008255042829500661
-0.007172391490142755
-0.007289457520657721
-0.007111482953361314
-0.006816513440762852
-0.008042738739575417
-0.006669401629259781
-0.006840459791736219
-0.0066680018378183
-0.006648951874819289
-0.010048288595352438
-0.007987751323383425
-0.007837214280616098
-0.007563215378934989
-0.0073965379430381084
-0.008311408753883366
-0.007438818413765408
-0.007503091273592711
-0.007060804715224849
-0.007038010074971759
-0.00842466084102378
-0.007519069666233031
-0.007531178108727358
-0.007276519883076649
-0.007128890832030438
-0.012805856885722063
-0.009836744135072165
-0.010010974271439186
-0.009292727006294025
-0.00901253439316536
-0.011546523172725018
-0.00874800344021863
-0.008731849698882728
-0.007975997925742856
-0.007511353652357261
-0.009380537553148487
-0.00760970765316386
-0.0076732704050357535
-0.007212796173103745
-0.007161214661776183
-0.009120781638483545
-0.0072696788078258434
-0.007093087372794641
-0.006901138060405353
-0.006809986304635553
-0.008062487422016143
-0.0069150544135412875
-0.006950050454091483
-0.00670767909250465
-0.006832329571343338
-0.009034007399519126
-0.007361340271607889
-0.007115267330772443
-0.007048435730729229
-0.006968863068839544
-0.013863357843134609
-0.009536471249971649
-0.010320366718738152
-0.0101942681284703
-0.009773074601576922
-0.01146659116647639
-0.009628149771225584
-0.009246464776914968
-0.008862724802694876
-0.008621583778456022
-0.01016434301737367
-0.00831957570163554
-0.008067034454034604
-0.0077108433734930865
-0.007733740235014245
-0.008984420909666163
-0.007636782090190044
-0.007612384209219253
-0.007367135484376915
-0.007304553829953158
-0.009908566754185642
-0.008600386355827215
-0.008851201613657338
-0.008222130569566593
-0.007856266339443089
-0.009784395760092641
-0.008020244758055878
-0.00807446751434322
-0.008319445191126724
-0.00850003367684445
-0.013518806131405369
-0.009119364761044885
-0.009374108440773597
-0.008936233976748474
-0.008698383220457058
-0.011300984721726035
-0.009291889213139318
-0.009763844772816907
-0.009112563704847585
-0.009120693006093559
-0.014298431067104801
-0.010996515679447523
-0.010500740078759098
-0.009585111593091536
-0.008970872697705601
-0.014610936447327838
-0.01005526882023094
-0.011354671475261988
-0.010948699136500185
-0.010640402441766686
-0.011175085798565925
-0.010222361237483123
-0.009464891524377371
-0.009228571428566899
-0.00912123945760144
-0.013008409621632237
-0.009743567666857758
-0.009036707133108666
-0.008848029694844741
-0.008844968163866901
-0.012035342106395633
-0.009584710654346532
-0.008990128203272394
-0.008497271319179153
-0.008321614451194085
-0.010274520062194693
-0.009364032213443051
-0.00895618180756338
-0.008470739437133761
-0.008275821733551963
-0.012800234329235879
-0.009392565197606678
-0.009510230479773594
-0.009184574624673335
-0.008934363389756327
-0.010799710431834118
-0.01019758750832178
-0.010012756994108904
-0.01006347271564836
-0.009816334738502554
-0.01162964289978714
-0.009429443812493119
-0.00920802027565383
-0.009526671675451674
-0.009499578465622946
-0.01002324668658634
-0.008735673948930104
-0.008345472201992688
-0.008243346007599179
-0.008046940486180721
-0.010584677419366716
-0.009017422456301926
-0.008991867423660482
-0.00869016857387832
-0.008509457522068675
-0.010749029494095334
-0.008796016195836165
-0.008779303259534488
-0.008602788490068208
-0.008394543546689327
-0.012101019943087587
-0.010123628106475336
-0.010047945313859743
-0.009540439717448487
-0.009266335498670591
-0.011004104578917508
-0.009264156689257624
-0.009001768204486728
-0.009139412305159508
-0.008774055940689545
-0.012734725620122615
-0.010641927569910769
-0.009810152366999706
-0.00889077745272929
-0.008374303507039032
-0.019823101790310677
-0.012647402266360007
-0.012715847805657605
-0.011804189329962965
-0.010576747732974847
-0.013601036269433502
-0.010284915457308882
-0.009789696636150329
-0.009526515468035842
-0.009076750456343558
-0.01286869568136928
-0.01034187028098911
-0.010163663638349321
-0.009663957829993842
-0.009464630388419938
-0.011325297119493236
-0.00940928700023074
-0.009088278843357453
-0.009070758738281228
-0.008984081437456975
-0.014277643675225124
-0.01050066916029602
-0.010299705968329917
-0.009962597169785793
-0.009729038501422716
-0.019519883608136106
-0.012632309560998924
-0.012662190837311257
-0.011820908013112334
-0.011080429235578258
-0.018863293713382894
-0.013669987524802661
-0.014084507042249656
-0.012926842207635096
-0.012294645708391743
-0.013234770217333096
-0.01141173319045358
-0.010964990862514058
-0.010638871417017259
-0.009821766476217778
-0.013213865508206541
-0.01110828765383482
-0.010029487786210082
-0.01034898152879799
-0.0100638597646907
-0.013951782931542448
-0.011252868288216976
-0.010730954393433672
-0.010082425669730158
-0.00969138645785801
-0.013823013749182968
-0.010341127719417942
-0.01024966174264447
-0.010044373479900788
-0.009877415874550387
-0.013706293706304808
-0.01069318776638575
-0.011374496392778847
-0.010633301395876149
-0.011035158088996057
-0.017243653770072292
-0.012960063385478096
-0.012859004135290304
-0.012652003706702818
-0.012102960395466822
-0.01538549096979292
-0.012077248817915703
-0.012667135819847452
-0.012229736165353567
-0.012026113847216557
-0.013907487469872146
-0.011899515204927298
-0.011751152073709569
-0.01150863147360336
-0.011206264707021848
-0.014947567640633484
-0.01160317153356055
-0.011586003797417388
-0.011338044575619485
-0.01111024633224199
-0.011636988441100329
-0.010454394173744953
-0.009870680350881938
-0.009634290208423022
-0.009261631229431466
-0.012408470215734773
-0.009899222345651017
-0.009869075570065696
-0.009377494014364605
-0.00962673871709498
-0.013821089214317423
-0.0107983963575493
-0.010952150016158211
-0.010904152901327702
-0.010708770218655751
-0.01450690756677976
-0.011962258767880082
-0.012208566412149404
-0.011857061084307754
-0.011562231408326285
-0.01302163436891225
-0.011570553660215453
-0.011284078741446674
-0.010954100051571838
-0.010976517281295447
-0.01480423214692751
-0.012020974528001816
-0.011665801764402017
-0.011788677048460011
-0.011433688770439515
-0.017937873705702514
-0.013853247376428776
-0.013293480759990811
-0.012712308111178423
-0.012491077801584783
-0.015198654614266187
-0.014018888607805553
-0.013123692385712418
-0.012756940029654053
-0.012026177120539825
-0.01791076562668875
-0.013660035857587927
-0.014206247325656094
-0.013746515119021493
-0.013370880715435816
-0.013066821916010538
-0.012766694075375553
-0.012110951946847444
-0.011737293671853864
-0.011318693324621773
-0.020976261973118533
-0.013898662913458948
-0.013664760811509963
-0.01266495438847451
-0.012148536401176016
-0.01384368451560713
-0.011988905788700844
-0.011622949716151963
-0.011432943983082563
-0.011078269894611479
-0.021894174383567017
-0.016549968173146128
-0.016443542317607276
-0.0157847779836663
-0.014632356313948037
-0.016395698135709433
-0.01278748850046212
-0.011474125616315193
-0.011130097446079025
-0.010761397824583352
-0.013938253536841912
-0.012303677121702737
-0.012339331619554523
-0.01199625117150357
-0.011562595473651517
-0.01780631806741414
-0.013237857445707511
-0.012891517993904245
-0.012197999244986303
-0.011430190818071458
-0.016689550684133247
-0.013217217977323115
-0.012605241877973282
-0.01260994970321194
-0.011795324848973299
-0.01655684677130127
-0.0129739080294241
-0.012865919768681922
-0.012422360248454216
-0.012143393848318647
-0.03131072677808491
-0.019108590345924045
-0.019746465138982282
-0.018890488858545995
-0.018768787116000912
-0.017933160444293914
-0.01667156286719723
-0.01558632520525069
-0.014844075864271932
-0.014147815194138698
-0.01607693256071168
-0.013416683138957414
-0.013505811216028663
-0.012969266317155987
-0.013154944315737306
-0.016493142456699687
-0.013390614008653825
-0.013217303569169371
-0.012759816704202358
-0.01252667954063327
-0.01652596572012503
-0.013822871971393584
-0.013262804799387917
-0.013263561473492823
-0.012557522814137105
-0.02305685967656881
-0.01478399665068616
-0.015034240285501366
-0.014210152364429653
-0.01390868302983621
-0.015129033967484447
-0.012870628905741808
-0.012591703348018348
-0.011823239888738844
-0.011668141948992315
-0.01907905329256464
-0.013806070373362164
-0.014140545190608273
-0.014397588740304395
-0.014138748249487972
-0.01638814016174917
-0.014769695172886808
-0.014157812415726483
-0.014255244472020801
-0.013510957386477842
-0.017004595836713925
-0.01436727184176914
-0.014251652758215981
-0.013515714053109789
-0.013135708457986423
-0.01863404800174472
-0.013562189597790295
-0.01384139836423595
-0.012999835445104808
-0.012477669369260733
-0.017314585056514044
-0.013567658680789468
-0.013311148086505869
-0.012940030610831689
-0.012595302594458633
-0.017279102384287037
-0.013969076520132885
-0.01391087989140843
-0.01353191489362231
-0.01334737321417584
-0.016637178243227888
-0.013808514295534055
-0.013151094010222866
-0.012776978417298739
-0.012835674521901834
-0.016180386708373257
-0.012792620311558426
-0.013087101933968963
-0.012503278831873682
-0.012056986045408976
-0.020099473376266958
-0.013894996042547594
-0.013567485022936587
-0.012709994409944428
-0.012203749557826167
-0.022797161442945763
-0.016723397957651893
-0.016481887709731937
-0.015730270382562788
-0.015567439096842689
-0.03465464039877929
-0.020638733208788687
-0.021806206610116195
-0.019495548961405665
-0.017688609247919103
-0.021815915229604105
-0.016929016929032956
-0.015821090822584368
-0.015193493609773009
-0.015489300743128548
-0.016535103456503986
-0.016130966658676908
-0.01566870169315087
-0.015085231558299616
-0.014858076620440731
-0.02674510279582452
-0.018044290531269908
-0.017960972936753753
-0.016903127383664042
-0.016048175093231594
-0.018855198209557222
-0.01631787591038874
-0.01559033768794017
-0.015076153109452668
-0.014557844200091347
-0.021088921328083807
-0.016779777099772013
-0.016920579420568016
-0.01627237451496633
-0.015748525536415044
-0.01969468526195233
-0.014757244894739199
-0.014085394674660032
-0.013792450448203696
-0.013720717018118748
-0.018526729161379533
-0.015162569389387556
-0.014672722075760852
-0.014217105053920594
-0.01318387363861206
-0.017255651066527575
-0.013981336985248954
-0.013068562139427153
-0.012696589785315562
-0.012132047761968252
-0.017479153303362093
-0.014086314776236732
-0.014573413975045068
-0.013768419694963103
-0.013676042677026845
-0.016657466636310313
-0.015047389505945617
-0.014157266633966511
-0.013482924908982008
-0.013301725273286363
-0.016146607231307106
-0.013224181360219772
-0.01300342545478949
-0.012444118235808944
-0.012346505169494397
-0.01604080673849574
-0.013353514968046702
-0.012773415119144035
-0.01259539407037673
-0.013128066317065163
-0.014987765089734635
-0.01386523131428347
-0.01345444611394691
-0.013103424680952942
-0.012854351626526272
-0.018288071502241102
-0.013751981801907493
-0.013926325247079796
-0.013822011293191036
-0.014105058365786087
-0.01779755283647752
-0.013930486870544052
-0.013115669038626451
-0.012549814724227053
-0.012436068100617103
-0.015917076598745434
-0.013586287001526134
-0.0134372575298239
-0.013075128984358692
-0.013101519068055168
-0.017208955753437276
-0.01536273115219159
-0.015657322205572505
-0.01570268626819129
-0.014991213284105862
-0.015575539568340587
-0.014321272681361744
-0.014295537620770626
-0.013864692218325751
-0.013615348210724734
-0.013865008231209609
-0.013258410459827591
-0.012870155253113788
-0.012473627715893876
-0.012071014708080635
-0.01572807573329991
-0.014388758082000233
-0.014124082121968739
-0.013475975975964036
-0.013243538131587108
-0.018991634637097
-0.013547681044555789
-0.014406170832254489
-0.013670617639269711
-0.013693433979447648
-0.015692085565539287
-0.014030951747181058
-0.01328359913219838
-0.012948434762779957
-0.012467591886506663
-0.017474762924432462
-0.014593228129332916
-0.015082898372757081
-0.015490467404674338
-0.015241907547875517
-0.015380464112271505
-0.014446847960460307
-0.01393134940598018
-0.0131038225943626
-0.012738358771258578
-0.01728164409152806
-0.013913789071662838
-0.01303211206053792
-0.012538572711977546
-0.012120738192041281
-0.01915858617455417
-0.013344290522084122
-0.0140525306298689
-0.013670727408055345
-0.01371957194937557
-0.017537664783378766
-0.013462066800120723
-0.013465237702676384
-0.01300078554596748
-0.012615445077653952
-0.015486812625322538
-0.012189847037066692
-0.011913187072461326
-0.011402956904717208
-0.010933689923671242
-0.014466474831493888
-0.01148110155446491
-0.011616421036004331
-0.01147015781351969
-0.011046442570419625
-0.012986497219988452
-0.011580245931037216
-0.011284791450696118
-0.010626822739775237
-0.01064894511386855
-0.0123595505618252
-0.010660980810197016
-0.010850711951922101
-0.010757036557720976
-0.010741791649738994
-0.012164856178035853
-0.011302431859008196
-0.01092560766018376
-0.0109092400442651
-0.010723530136801078
-0.014397959603459439
-0.01235279584946874
-0.012289166563557599
-0.011728751961708255
-0.011708245418020537
-0.014045409347067116
-0.011919099630383899
-0.011401939161907218
-0.011260321961812553
-0.010994983277597072
-0.01280495459681904
-0.011566992162957014
-0.011587874716548879
-0.011565798881274254
-0.01104087652759595
-0.01401612698951305
-0.011937518520098632
-0.012219440790880396
-0.01152259874997234
-0.011338448422818354
-0.013464991023379103
-0.011615945134978217
-0.011726804123692234
-0.011755587133425616
-0.011345498468578697
-0.01491633879541815
-0.01208472300426738
-0.011891844971998303
-0.011870081307931324
-0.011672473867588259
-0.012526733883287525
-0.012339196639550581
-0.011842105263172809
-0.011212734148255231
-0.010666901749875998
-0.014938566251240347
-0.012487822159255143
-0.012643627168249067
-0.01191058175191456
-0.011664143887448295
-0.01429780410676104
-0.011148272017833598
-0.011027770336668468
-0.010863733905635409
-0.010522073967975394
-0.012191295773423495
-0.010683185205133172
-0.010470968901612724
-0.010303248447729124
-0.00995405819296912
-0.015020975235656198
-0.012143921267666946
-0.011888080278449047
-0.011537417428269699
-0.011277684677732581
-0.011694316018511914
-0.010983524712975794
-0.010452169961419792
-0.010421881399864304
-0.010072008021089096
-0.012826364798248708
-0.011194882339510654
-0.011205122341650832
-0.01071085274861293
-0.010308806011240242
-0.01545517083239149
-0.012072526968102659
-0.011992831870587651
-0.01154182186049452
-0.0112297496318091
-0.012910365178890553
-0.011772853185579042
-0.011511789181675882
-0.011109568115561536
-0.010568766513722174
-0.01184613955215194
-0.010931757919672843
-0.010438024231104407
-0.009893597162571132
-0.009628417854619868
-0.012399401085562362
-0.010497211678125212
-0.010185402487645106
-0.010012221491013312
-0.009792382656188758
-0.011506177496931964
-0.01128902744321166
-0.010923018725162983
-0.010509870756947105
-0.009997630893120219
-0.012476280834920564
-0.01054281236646074
-0.010602890832980555
-0.010185625892435787
-0.010054801048409305
-0.010209436572686241
-0.010127066016984676
-0.010092796326455005
-0.009964549199966805
-0.009643062751864452
-0.010762504204079969
-0.00952655889141215
-0.009346694931568752
-0.009215478143415601
-0.009228390588029305
-0.009919194851739366
-0.008916888781206816
-0.008832378918747117
-0.008845686512743822
-0.008808643176924334
-0.010575564111276102
-0.00951637304181845
-0.00957639126399354
-0.009343965559359626
-0.009258352111292407
-0.009569612798739354
-0.008998377341788804
-0.008865248226910248
-0.008878804321055464
-0.008793597470617268
-0.00920564216781581
-0.008776714434471346
-0.008641668735993143
-0.008657147121708569
-0.008572140543247527
-0.00913948958697252
-0.00875656742554271
-0.008773688960166266
-0.008789994474912553
-0.008602907883484289
-0.009272791412599537
-0.00863113264688063
-0.008543983822016805
-0.008456980807238806
-0.008419984783174886
-0.009601706970123776
-0.008701847234237645
-0.008715152132919644
-0.008421804818295213
-0.00843515157711915
-0.008654240065521098
-0.008306414397747493
-0.008215661103996085
-0.008124228712454053
-0.008085281697371015
-0.008714484607822278
-0.008365608055733394
-0.008170019132313177
-0.008182288969435595
-0.008091286307098539
-0.008103054228095666
-0.008012070131644847
-0.008130928802214913
-0.008039256629794381
-0.007947712418291881
-0.008328531768899871
-0.007974816369350882
-0.007988227874702714
-0.007895567954485726
-0.00785533530159389
-0.008447729672667314
-0.008090529321564188
-0.008049568394843384
-0.00795502757739303
-0.007967281032523496
-0.008300079808422227
-0.00799360511587113
-0.007953029089972509
-0.0078049823585937496
-0.007763559458136147
-0.007828838007392286
-0.0075720960206298125
-0.007529310530272452
-0.007540259600360366
-0.00749730312843569
-0.007562662057038191
-0.007520424173629911
-0.007478053538494375
-0.007325411036962379
-0.00733735529105814
-0.007348138471596566
-0.007304840819881837
-0.007206420265294931
-0.007272528433927132
-0.007282882488208429
-0.007403345215255122
-0.007360210919472032
-0.00731653647264053
-0.0072168356103537515
-0.007227586206935952
-0.007349284411762314
-0.007193846494408576
-0.007260433409117537
-0.007158712541631252
-0.007113482271865237
-0.007122982749022943
-0.007077574676754914
-0.00708705357141124
-0.007041466413291453
-0.0069949636262304615
