-1394.4334946305764
-816.604427575472
-442.75321140862894
-288.31475016557414
-206.06758171780382
-137.36322865857807
-145.19469954375705
-117.6244187706861
-104.92746854230168
-79.51788810617171
-78.0289078919694
-70.40511983433426
-57.57040987435298
-49.61623957620365
-43.69093087436947
-39.348669862652706
-35.348641588067814
-32.09548291782947
-29.614371682988033
-28.063192227737474
-26.781185696651928
-25.981465217510163
-24.810230128992828
-24.987177496738337
-22.00069313686739
-22.710644667778148
-21.968880644973805
-21.554491215895823
-21.037915461278743
-20.595389975373738
-20.323430483146925
-19.62319525728471
-19.532673501218657
-18.845727700600577
-18.868466881362796
-18.76681208910916
-17.760617505180694
-17.686732633069983
-17.19959141845629
-17.326179739493405
-16.778632117793606
-16.79372882813818
-15.78096318346658
-15.743376941868192
-14.3296288051495
-13.444023118571495
-13.14233752816311
-12.334922799218296
-11.891293450717964
-11.540622453431002
-11.034557639816853
-11.045871432170733
-10.710184752517506
-11.020129588469876
-10.62191566975166
-10.793871522484684
-10.390159664251502
-10.306177965312104
-9.481384377931231
-9.953217594215712
-9.66712033771739
-9.419190592461748
-9.323590650822574
-9.157476631373765
-9.229478049475814
-9.05980071759897
-8.947059416121691
-8.641890957601637
-8.36882439461041
-7.98487633510707
-8.3271401641687
-7.778270524161552
-7.808254938856747
-7.623941544243785
-7.427414390383356
-7.243196507344359
-6.835351844006076
-6.6555624565135005
-6.332873993675451
-5.646604986855042
-5.3843025353235285
-5.061541128627844
-4.782624901394321
-4.54735325827876
-4.342393548329497
-4.164689105553268
-3.9833295451775395
-3.8366318546557636
-3.7525038192314266
-3.6629611190836986
-3.5540010762837606
-3.4813966362554356
-3.3630787590178315
-3.3458980029989975
-3.278859605272748
-3.271132641022409
-3.24517823213279
-3.223135279495629
-3.211475144832502
-3.2085694836707894
-3.194002969775351
-3.172249196662314
-3.1781585099325276
-3.166563839600193
-3.1681241331545165
-3.1606888259624166
-3.150734512396226
-3.1485161650079254
-3.136842416749212
-3.1297236256435954
-3.1119592195371784
-3.1238205771335545
-3.1226896692266637
-3.126299970606582
-3.150197215243347
-3.1302880905651396
-3.1524587975111475
-3.106519940638326
-3.1047450340789156
-3.092265070926959
-3.085448034045175
-3.042259698290294
-3.0650222353495202
-3.0441832924458536
-3.072186797390439
-3.0706205659009616
-3.057041952379252
-3.0674803709823313
-3.0927867196355536
-3.08055492446921
-3.0949767871186196
-3.1107755549944005
-3.1174641236720046
-3.1055522157279416
-3.151867806540266
-3.037137665189176
-2.993204926764758
-3.001073254774133
-2.991905884348624
-2.9716224706612047
-2.966688077180609
-2.9513604257713544
-2.9560082394594143
-2.926382368293008
-2.8884059781443763
-2.8695567494165948
-2.8580361082087626
-2.860151766240749
-2.8078018507893456
-2.80320659430862
-2.7915405317279354
-2.7656142988200583
-2.7604389957539457
-2.756351232577184
-2.7744988484871955
-2.7234144701022736
-2.737252436374076
-2.685935002888808
-2.6811969704840557
-2.6481968717049544
-2.6330504503732204
-2.6344417221440946
-2.629665666572592
-2.6100231580651267
-2.602206437685064
-2.593551644384131
-2.5662680031277643
-2.576881423489816
-2.488326114747823
-2.5173872852601327
-2.456088413219209
-2.4822226437078294
-2.4386424220917386
-2.4195033452097254
-2.3956043905102824
-2.3791698284505185
-2.3682558515344727
-2.340563607918605
-2.3049476961530853
-2.252818615444087
-2.2198232833051263
-2.184453595779795
-2.18010093073536
-2.185037097014586
-2.1722556781771827
-2.1685828039560175
-2.132399765872273
-2.1454503825524887
-2.0952093478947025
-2.0850404159192837
-2.02413608708599
-2.0223607389582625
-2.0162077526254327
-2.0182280474247913
-2.0063977844878234
-2.003112157842878
-1.982806103396852
-1.9937390305962273
-1.9811678010533427
-1.9883061140649725
-2.0052655851328125
-1.9853654113824237
-1.9839644868416961
-1.976699599910762
-1.9665812405065748
-1.9551171414800315
-1.9182913605222802
-1.9055436746220218
-1.868541839902252
-1.8500873393985668
-1.8392885711290954
-1.81350886612554
-1.7817548989017014
-1.7599842793868994
-1.7459959032659929
-1.7348937259493327
-1.7364338610773746
-1.7350422572568414
-1.7334012343096041
-1.7213984257633848
-1.7074610246828532
-1.7085909230447
-1.6999626637981937
-1.7050040144093126
-1.6791900442917111
-1.6713758467783733
-1.6571031503055647
-1.6468725456656566
-1.6406577497833217
-1.634866506521577
-1.6267354993055092
-1.622288079738904
-1.6146427846392517
-1.612856240003121
-1.593671255747916
-1.5883916744103095
-1.5848331404091751
-1.5801020854712615
-1.57950129864017
-1.57182279208488
-1.5745098939806328
-1.5657557797313308
-1.5657623027323313
-1.5593660838473469
-1.5512602017529522
-1.5429823104532805
-1.5376327481287617
-1.537387562131628
-1.5331624180375714
-1.5316887470755443
-1.5290593947827487
-1.517121844692081
-1.5094614573166467
-1.5039216881731523
-1.4936577698749993
-1.4957268197918518
-1.4927084927264735
-1.494832634157238
-1.4954284948269572
-1.4930890940828991
-1.4989540910243555
-1.4992878605113231
-1.497153650026751
-1.5002620773684907
-1.4947672373697523
-1.4925219287921843
-1.4902134142890748
-1.4899737730469729
-1.488554585989614
-1.4924501609834278
-1.491372965098368
-1.493502476566454
-1.4992511059704454
-1.5033657264702966
-1.5008373209997203
-1.5019544281856176
-1.4974612335642663
-1.493047250785575
-1.4874900686703636
-1.4785846276831713
-1.4754832415449681
-1.4713847201623371
-1.4699471865902907
-1.4691550719329893
-1.4677074041604838
-1.4663377867655727
-1.4573281224058017
-1.4548825468896769
-1.4481477265124563
-1.4381302333632306
-1.4316033983936063
-1.4255634621835387
-1.4237409216694858
-1.4186693855258767
-1.4141471828255234
-1.40994668834783
-1.3955891486166863
-1.3868034382992998
-1.3876053390844647
-1.388386999362735
-1.3873733497938388
-1.3915676187447465
-1.3933407883286857
-1.394591773441003
-1.3978801304938748
-1.4073738395270838
-1.4060282884742554
-1.4114947058975762
-1.4141688538178478
-1.4170503236854382
-1.4184011991020458
-1.4206997900273903
-1.4240568466142127
-1.4272017515957758
-1.4331801851852237
-1.4338379897940385
-1.4342577214302104
-1.4339903740095483
-1.4372471054358096
-1.4348383288489368
-1.4330292645836256
-1.4321038699321587
-1.433908508227997
-1.4310625566646489
-1.433917261352502
-1.4279394958243254
-1.4265420462713085
-1.4234842439489166
-1.4185806926947855
-1.4174978022143805
-1.4170735409186093
-1.4139265441483622
-1.4133774229211111
-1.4116604050409332
-1.4123209854831609
-1.4117954800655468
-1.4092283749736594
-1.406714239993075
-1.407193721943666
-1.405970717745786
-1.4058251861983677
-1.4055659431438314
-1.4027718747902662
-1.4020359364777402
-1.3999172152017378
-1.400972356594007
-1.4000063392919064
-1.3970376101481763
-1.3970717900091039
-1.395961705680695
-1.4062267619236608
-1.4079911877145668
-1.411045229661042
-1.4141038428333559
-1.4165113926080388
-1.417060037916375
-1.4180571345152961
-1.4185449655660356
-1.418879819799438
-1.4188576146258012
-1.418424655282996
-1.4183229525572827
-1.418244033507083
-1.419113405790286
-1.4199314652298627
-1.4179296122576803
-1.419725399329216
-1.4190778466635678
-1.420382131904997
-1.421388504376315
-1.4222266072296341
-1.422250385816007
-1.4210287265946568
-1.4208725408682188
-1.4194220169330811
-1.419750849570026
-1.419915859471607
-1.425308387322935
-1.4261104852157223
-1.426789487387123
-1.4275509586769874
-1.4271498237324804
-1.4268860057961283
-1.4269223513159766
-1.4260759519345139
-1.4275497756380862
-1.4266581251476096
-1.427225204127547
-1.4274544488649825
-1.4284963402644304
-1.4286427529898547
-1.4291394765885035
-1.4296956753708319
-1.430058173847995
-1.4304708445811307
-1.431498508368944
-1.4318573593503297
-1.4309837985405347
-1.430825119822214
-1.4302576511159355
-1.4301772994124013
-1.4295381719338853
-1.429832740497097
-1.4300277030539772
-1.4298262129903863
-1.4297594578205794
-1.4299064263351833
-1.4298615215783061
-1.4299563787726537
-1.4297717205251494
-1.4298431252896964
-1.4302746725863442
-1.430398882206999
-1.4298177075407645
-1.42944416099981
-1.4291480727782986
-1.4287446573716212
-1.4285053235930505
-1.4281646285441796
-1.4280553089626633
-1.4281003963289332
-1.428400788333025
-1.4285379014468396
-1.4282230444230257
-1.4284105601028232
-1.4282788992083348
-1.4279347611042401
-1.4277786315721492
-1.4280269951573494
-1.4282971565784417
-1.4282488989219164
-1.4278438211161637
-1.4277584151467808
-1.427581324013167
-1.427413147835848
-1.4274342416189432
-1.4273871264576719
-1.4273341995363602
-1.4270179025710616
-1.4269320043668408
-1.4260632606360557
-1.4258162680206026
-1.425457489364842
-1.4252788065128583
-1.4255722120350507
-1.4255919733308726
-1.4256468359193528
-1.4255728019165455
-1.4255015281034071
-1.4249534986208652
-1.4249801189663407
-1.425234978068346
-1.4252236774491445
-1.4252543369368091
-1.425491894396831
-1.4256554884693287
-1.4257426097680248
-1.425716157593467
-1.4262819957735595
-1.4259210154906807
-1.4256976711545435
-1.425741036377027
-1.425574178308598
-1.4256115385366055
-1.4258346591855173
-1.4259131466014974
-1.4258441991745197
-1.4266689562013306
-1.426791457020051
-1.4270595748059218
-1.4271399706745231
-1.4271458824929713
-1.4270783921445687
-1.4270168189283912
-1.4268687694082323
-1.4269874626895345
-1.4262755006464105
-1.425784600923307
-1.4254797049955301
-1.4249756003136285
-1.4244428948964767
-1.4241758574885217
-1.4236766945354922
-1.4236248267745852
-1.4234645410434141
-1.4224885090846582
-1.422201557397853
-1.4219419130796311
-1.421525349820167
-1.4215259363573465
-1.4217774098775258
-1.4221246520997164
-1.4224484737449616
-1.4228672432749587
-1.423458365618137
-1.423890284418185
-1.4243554416319555
-1.424289785127716
-1.4252852925654522
-1.4257197959384393
-1.4261203240635019
-1.426445771255925
-1.4270872591253674
-1.4279642549761595
-1.4280784935766018
-1.4283110719685626
-1.4284569531572844
-1.4282030127640393
-1.427799933400743
-1.427438973020378
-1.4273518414073458
-1.427095535073527
-1.425868000528376
-1.4254988739059469
-1.4253159547041379
-1.4249295313378143
-1.4248206082308743
-1.4251381916138923
-1.4254356676053184
-1.425571327213724
-1.4257131092646786
-1.4261800487826652
-1.4265364347941425
-1.4267761925070956
-1.426625337596541
-1.4266139164612042
-1.4263759849164634
-1.4261585984725997
-1.4261225870176941
-1.4263563987226036
-1.4250139115386078
-1.4243486696049168
-1.4238093716197637
-1.4230742222965118
-1.4224700083664295
-1.4222019487946886
-1.4221387409976738
-1.422303621418692
-1.4222135929490827
-1.4228592121744137
-1.4233147775833541
-1.423793778573704
-1.42368473486701
-1.4237173873904774
-1.4239271640898628
-1.4238427163863363
-1.4240961876619498
-1.4241901833043114
-1.4245647191919681
-1.4247417500447146
-1.424762764947254
-1.424518676779188
-1.4244354349398267
-1.4241613357228309
-1.4239474683415252
-1.4237268010087156
-1.4237497472247063
-1.4246608386386364
-1.424915387090061
-1.4251061616317953
-1.425204712464877
-1.4253054390143485
-1.425357331027332
-1.4254010687074696
-1.42560573774121
-1.425639461669887
-1.4255472408328613
-1.4259524919159217
-1.426011317210684
-1.426240762561557
-1.4262915417496094
-1.4264367153792143
-1.426591370101555
-1.4267978583646235
-1.4271269648463396
-1.4265675445920283
-1.4266722055495162
-1.4266189377999043
-1.4270106126429838
-1.4272118025864418
-1.4273379447015586
-1.4271462766159426
-1.4270937616479837
-1.4268345933448257
-1.4259396060863405
-1.4256465409479095
-1.4255758496453779
-1.4252294751357408
-1.424995345072322
-1.4248920104072569
-1.4245449863649071
-1.4242060794098348
-1.42385477973072
-1.4228584286572632
-1.4222184855078168
-1.4217887537039555
-1.4209138549530613
-1.4204713429798508
-1.420516147954552
-1.420658878937586
-1.4209016460490658
-1.4214438258614805
-1.4223258367181324
-1.4224723576373075
-1.422667276261434
-1.422849712087163
-1.4233275180124727
-1.423546591064353
-1.4237478840428264
-1.4238739049639064
-1.424106881738935
-1.4251506699414087
-1.4254589638321502
-1.4251906610144893
-1.4250953542939853
-1.4247538286278916
-1.424148874714041
-1.4237626915702875
-1.4234512100336396
-1.4230986170702808
-1.423266660020083
-1.4229017192730713
-1.4224585557820213
-1.4222762202431205
-1.4217969683119578
-1.4215333658701832
-1.4214579012727964
-1.4211840672779406
-1.4209574180323503
-1.4213976917452695
-1.4210874394267465
-1.4207104331553433
-1.4203890614667203
-1.419764306387959
-1.4193626619609028
-1.4192928847953807
-1.4189224790568071
-1.4189114731124657
-1.4188010335314303
-1.4188925783495583
-1.4188907278585972
-1.4186217762498434
-1.4186596492176848
-1.4187807784018214
-1.4189935835196843
-1.4190190075297104
-1.419183944783624
-1.4193632467147415
-1.4193734799849131
-1.4195553644304317
-1.4198546101858043
-1.419722376564302
-1.4196195127210818
-1.4194852758898542
-1.4190936288505491
-1.4189727384593671
-1.4187271245795534
-1.4186585782319423
-1.4188149592685233
-1.4190493032293177
-1.4191641658777718
-1.4189586148179618
-1.4187995728056184
-1.4184482095731386
-1.41865147082208
-1.4193306961508176
-1.4194098336521275
-1.4195639431973126
-1.4196928321527154
-1.4203673946112103
-1.4208435345421022
-1.4214840001688904
-1.4220704515811777
-1.4220641904156381
-1.422391508026595
-1.4224382939690523
-1.4224237097363202
-1.4222832661588571
-1.4223717374864875
-1.4228077956911536
-1.4234247447982697
-1.4239013677357422
-1.4243343406005637
-1.4242740834227272
-1.4241216967348056
-1.4241390630495447
-1.4239340301971248
-1.4236105123302336
-1.423251470833571
-1.423228442685289
-1.4231303609196826
-1.4232613682666926
-1.4239539422826417
-1.4243477863017897
-1.4249384698613994
-1.425281852984755
-1.425637691861367
-1.4254257399088235
-1.4253827870135476
-1.4253357088960659
-1.4251483118155264
-1.4242704524527343
-1.4238590951230665
-1.4237132689716427
-1.4235523751144648
-1.4237279777197482
-1.4237654373708215
-1.4238636066975794
-1.424146716136252
-1.4242412090991383
-1.4245919140833017
-1.4250096873794247
-1.4255449797042041
-1.4260851999996964
-1.4262987259189464
-1.4263752959457425
-1.4264039380041469
-1.4268454270781823
-1.4267814119489723
-1.4279115811569738
-1.4281423291480382
-1.4283441344438546
-1.4284320782086832
-1.428601876829018
-1.428704565347329
-1.4288011455197425
-1.429060633602784
-1.4291411562956218
-1.4282044929166593
-1.4279042820953374
-1.4275267067714243
-1.427625198290179
-1.4276242123217495
-1.4276042960510782
-1.4280774083225594
-1.4283546950196848
-1.4286384085524906
-1.428364466158837
-1.4285209212891592
-1.4284262544371473
-1.4283751257358357
-1.4282067624899688
-1.4281430198268488
-1.4278589112236402
-1.4278974762807695
-1.4282334058464428
-1.4281665033039073
-1.4284925890177884
-1.428736954788396
-1.4290309956324736
-1.4285168737530125
-1.4286290286073826
-1.4286905435448067
-1.4285140108754408
-1.4285997047313341
-1.4289066283545087
-1.4288968497963401
-1.4289804163357973
-1.4285479712659064
-1.4283711777258041
-1.4282858073475369
-1.4285073966849313
-1.4283539054385206
-1.4281822909494926
-1.4279227271653425
-1.42802156929498
-1.427983983998644
-1.4277599929935287
-1.427041447577253
-1.426737491044572
-1.4261897901915719
-1.4255024128380902
-1.425344947362796
-1.4260021684765705
-1.4263661425407557
-1.4267289238290737
-1.4271290339395124
-1.4277983554657159
-1.428284129650444
-1.4285403695266146
-1.4287567051683363
-1.4289585853628188
-1.4281418358064395
-1.42800736359607
-1.428058860599375
-1.4277522024091107
-1.427921444872336
-1.4281124332626733
-1.428602666684359
-1.4292313722491363
-1.4293428486536208
-1.4291731702919193
-1.4294310142942603
-1.4294041285516725
-1.429256769155691
-1.4294677861385723
-1.4297605456326439
-1.4298784347129068
-1.4301275294249178
-1.4305539023187086
-1.4302792249087237
-1.4309541798037704
-1.4312195043594675
-1.431584957256765
-1.4321070448674413
-1.4327965375838931
-1.4335649330645661
-1.4340874711845932
-1.434325992086883
-1.435488485632318
-1.436007539063686
-1.4361634779670136
-1.436611529255418
-1.4368447982112122
-1.437508571015295
-1.4379350559055122
-1.438175759046931
-1.4382813296898012
-1.4394980607919812
-1.4398359613435368
-1.4395734479986886
-1.4393645485741628
-1.4390375883570847
-1.4388480735668385
-1.4382762259183277
-1.4381066211767457
-1.437869241728008
-1.4382232889348525
-1.4380153813703878
-1.4381864655054497
-1.4383760062146567
-1.4384984236217695
-1.4389974174697886
-1.4391031087807673
-1.4393185467230134
-1.4396261836371351
-1.4404847336090563
-1.4412438142282789
-1.4410783311683526
-1.44132400730341
-1.4411929696081
-1.4410819478781778
-1.4406529920882178
-1.4401854591736494
-1.439878385585928
-1.4390021256622463
-1.4387268984150055
-1.438269921309457
-1.4378777432205856
-1.437808533991428
-1.4376483381880483
-1.4374804808937547
-1.437553657455602
-1.4375894487056204
-1.4370258935020497
-1.4366579573202642
-1.4363159576981337
-1.4358266006006235
-1.4356117081491173
-1.435632745822195
-1.4356722305129657
-1.4355053327700897
-1.4354902799832057
-1.4345788292460102
-1.4341258759500806
-1.433925318300192
-1.433657995342367
-1.4338723032572722
-1.4339805257477867
-1.4340746368899258
-1.434204084759084
-1.4343322621669166
-1.4344786791441888
-1.4347548724587729
-1.434738540840498
-1.4344029287639701
-1.4336948855505414
-1.4333907720386072
-1.4330617510605754
-1.432795345834798
-1.4327244403317272
-1.4332709118109248
-1.433246365796291
-1.4335015065128736
-1.433765986590089
-1.4340964254797082
-1.4347768808983374
-1.4351086826650574
-1.4356806063326524
-1.4362965965661187
-1.4367284538397744
-1.4368586809008865
-1.437012207376564
-1.4367598100387327
-1.4368281193632717
-1.436678825965646
-1.436566701562996
-1.4366208146283213
-1.4363865204679034
-1.4364699671451315
-1.4361755514250576
-1.4362447033228525
-1.4364456108929078
-1.436657358229349
-1.436694502810952
-1.4364991158769322
-1.436795262166905
-1.4367777855470436
-1.4372647933407587
-1.4373336504049268
-1.4374325003071842
-1.437667235835625
-1.4380614000010574
-1.4384265521687452
-1.4387615464160128
-1.4389384174148037
-1.4392416830890127
-1.4387302029211457
-1.4384411661164784
-1.4384270526414968
-1.4383226615657234
-1.4379440583130818
-1.43761204409957
-1.4374417962956576
-1.4372759859122954
-1.4372532012182933
-1.4368470953283916
-1.4366189176068969
-1.4369308951891682
-1.436926699969685
-1.436850990456917
-1.4366915072089745
-1.436472562532179
-1.4367210643615933
-1.4369436807710647
-1.4367395381995707
-1.4363057780688055
-1.436238715882232
-1.4358817550689935
-1.435659567256872
-1.4352900381729399
-1.4350354559314977
-1.4343373379861422
-1.433886526420584
-1.4330981138184213
-1.432317018710044
-1.4318716417517579
-1.4319357176978607
-1.4320225170175522
-1.432122026783251
-1.432373094920138
-1.43276873062155
-1.4331087448093485
-1.433053505118075
-1.4332852224260433
-1.433626177819766
-1.43402409786996
-1.4341712479607407
-1.4346069056409056
-1.4351852051139686
-1.4358345792850755
-1.4363512881193454
-1.4366649467511945
-1.4370380813660861
-1.4372849800693182
-1.437148181112953
-1.4372548001206196
-1.4371003226166397
-1.436937787388642
-1.4364012926183791
-1.436339012097986
-1.435926141036352
-1.435818422541085
-1.4355236756656005
-1.4352535640977269
-1.4347779763586705
-1.4346323943836945
-1.4345196932009079
-1.4342570248243534
-1.4343282811573672
-1.4333087759356455
-1.433322987921385
-1.4332963531020404
-1.4334625387505298
-1.4335237747568765
-1.4337030394376373
-1.4335623481737576
-1.433835105548766
-1.4343806331983875
-1.4342305543031901
-1.4345975467204994
-1.4346080008417
-1.434628710407846
-1.434835141791782
-1.4348325523182686
-1.4349007781066687
-1.435142259870296
-1.4353774439786657
-1.4359301309206445
-1.4359180615885703
-1.4359426992010929
-1.4362814273840747
-1.4364462098072373
-1.437069850704764
-1.4373839232264942
-1.43772773164605
-1.43778463235177
-1.4378908457177733
-1.4380122802207722
-1.4381979726245806
-1.438311853000756
-1.4385886234482637
-1.4389434257205151
-1.438834352710904
-1.4386402857129335
-1.4387697580365908
-1.4395597133049909
-1.4397389867082782
-1.4402240909005084
-1.4407901578492335
-1.441392650820428
-1.4417770949273736
-1.4420178790312561
-1.4428027454274575
-1.443260693330496
-1.4431674885575942
-1.4432092025028171
-1.4433197460431926
-1.4435363476089844
-1.443465282228947
-1.443623450043474
-1.4433826334255477
-1.4433416149120366
-1.4434581256777828
-1.4424378846588228
-1.4420825644871549
-1.441762413118164
-1.4413409916937585
-1.4410992279645798
-1.4414089332581825
-1.441472659422056
-1.4417127385290776
-1.4416351162682193
-1.4417732736057807
-1.4414694428245007
-1.441208142231858
-1.4409057548408934
-1.4403901807611574
-1.4398910230775601
-1.4397555326452152
-1.4396811290583194
-1.4399446847389563
-1.4402902211859347
-1.4404670667412016
-1.4406562050430283
-1.4406668480582
-1.4407892540361942
-1.440823398872095
-1.4410191603552165
-1.441319685895189
-1.4412185924366598
-1.4407517970042147
-1.4403582644492772
-1.4403753264526271
-1.440021422848591
-1.4396057305734584
-1.439298102399662
-1.4389560468055351
-1.4390040289828356
-1.439110222213311
-1.4399187059772602
-1.440415072451488
-1.4407149443990137
-1.4409326732232939
-1.441156295379993
-1.441213668763594
-1.440917305516121
-1.4404722864525095
-1.4403836568717072
-1.4397275551921733
-1.4394910437675172
-1.439221341154307
-1.4393087253579355
-1.4392483970557446
-1.4392748526985362
-1.4393544259101416
-1.4390037284581974
-1.4385529826534404
-1.4393692591693312
-1.4395483848862536
-1.4399286359724073
-1.4402334230310296
-1.4405452659934144
-1.440953565795389
-1.441386218353796
-1.4416011340231565
-1.4417886595766585
-1.4402519873061561
-1.440245163625079
-1.440234526839412
-1.4400430915603002
-1.4398285398653867
-1.4397367806120869
-1.4396907549652933
-1.4396587693753538
-1.439724446653398
-1.4387743645964919
-1.4384270526414968
-1.4381368369100582
-1.438229593134906
-1.4380381902365873
-1.438245203772901
-1.4382015748910226
-1.4383336704562906
-1.4385077334022183
-1.43746538665557
-1.437015304214255
-1.4366887113250661
-1.4366035419339007
-1.4363225445940009
-1.4359625495524873
-1.436088048395438
-1.435981801925079
-1.4356586698692473
-1.4349594475129301
-1.4346074034592413
-1.4340757312781864
-1.4332971481569412
-1.4329008233063112
-1.4324377120686256
-1.4321393903228754
-1.4318163982099639
-1.4312543863001754
-1.4314228741563255
-1.4313543840134466
-1.4313738103634868
-1.4315162533325707
-1.4318253241667536
-1.4319214340181414
-1.432354137692358
-1.4324650098506704
-1.4324103160679815
-1.4315625509233747
-1.4316237238528786
-1.4314231715229002
-1.4309988560273168
-1.4307559936590717
-1.4306294447264707
-1.4302918923930705
-1.4298268063976245
-1.4298586533086104
-1.4302358800582384
-1.4302214323585478
-1.4301652276459411
-1.4300732118612556
-1.4300618343878895
-1.4301860070425922
-1.4298687417564129
-1.430000300234612
-1.430259135530369
-1.4291923398527635
-1.4288439096233851
-1.428766975581704
-1.4289800211991373
-1.4294951685526127
-1.4299765585687818
-1.4305370722005866
-1.4309923178691317
-1.4314547922070673
-1.4318518051600542
-1.432149510980195
-1.4323857002655827
-1.432175805513377
-1.4321147838311699
-1.4321908880964596
-1.4319882920292444
-1.4314053297471057
-1.430732722026816
-1.4299908034736775
-1.4293405754681534
-1.4288976399778883
-1.4285976313715245
-1.4283403839965572
-1.4280690223242132
-1.4276878100745534
-1.427524833691046
-1.4274026011780825
-1.429325750522881
-1.4302894182574015
-1.4309545760329598
-1.4315900136502369
-1.4316556508614935
-1.4320205329155886
-1.4319855144208076
-1.4321850336350406
-1.4319307580545522
-1.4315924922875336
-1.4312366478280814
-1.431113283467598
-1.4310831639946322
-1.4309228783911885
-1.4306201376293428
-1.4304285769447362
-1.4303250466368855
-1.4304750021884958
-1.4304867822072758
-1.430573702964684
-1.4304844063895499
-1.430414620264442
-1.4301431625667171
-1.4304653011422384
-1.4303104981675143
-1.430342960464919
-1.4303100033268217
-1.4302963458588454
-1.430642712499821
-1.4309580430477278
-1.4313424905899934
-1.431698982650967
-1.4319069522449046
-1.432426594724631
-1.4329220795920556
-1.433324279934064
-1.433836000658126
-1.4342377191598439
-1.434510136317926
-1.4349841518561721
-1.4354461203174524
-1.4354290752138856
-1.4353655832735992
-1.4353939894913175
-1.4353930924356713
-1.4349988951759767
-1.43484151592025
-1.4345925686210974
-1.4346007327222479
-1.4343458972920848
-1.434195726158663
-1.4339951489730347
-1.4339661017701644
-1.4339784367399548
-1.4343145468440555
-1.4343086750077592
-1.4341771186718788
-1.4343042960424952
-1.4342111498425614
-1.4342609059227454
-1.434290761227997
-1.4347591545909413
-1.435232238584701
-1.4351668708672298
-1.435334188235732
-1.435286550134765
-1.4351222329208093
-1.4349045630848796
-1.434906754397181
-1.4348284689367183
-1.4345920708130573
-1.4344019334114404
-1.4348596426576037
-1.4348325523182686
-1.4348009814120861
-1.434956757978518
-1.4349652250653873
-1.4350230031488882
-1.434961638992868
-1.4349468964385972
-1.4352914333929567
-1.4354956630627838
-1.4356746235943323
-1.4359321258711053
-1.436039562140446
-1.4358846475540672
-1.4358416604417974
-1.4357237832392538
-1.4357750404904501
-1.4357140108713575
-1.4347180272614284
-1.4341387111618993
-1.433723126238094
-1.4334413658292084
-1.433072679564329
-1.43285652484964
-1.4325655739289789
-1.432706466802393
-1.4324758299867482
-1.4322833750914614
-1.4320686489381955
-1.4320437472527205
-1.431959623660506
-1.4317324004905432
-1.4315778188797303
-1.4315746462905654
-1.431573456573254
-1.431271530604452
-1.431275197358682
-1.431305622233321
-1.4313579520790247
-1.4313137489659569
-1.4316691359885285
-1.4318885032868534
-1.4321414739759244
-1.4326903803795616
-1.4330650295942
-1.4334463359423537
-1.4337917438115486
-1.4342811078766642
-1.4344667337434414
-1.4346504162679439
-1.4351855040457855
-1.4353319956177293
-1.435308574888829
-1.435542517497417
-1.4353227268974575
-1.4357305641441378
-1.435971427525449
-1.4361150863916323
-1.435948285174136
-1.436429140944554
-1.4362161636373743
-1.4361339437517613
-1.43559635402813
-1.435209120052845
-1.4349855464815586
-1.4348133307493813
-1.434730076428534
-1.4345447806245974
-1.4344921179578376
-1.4344863442144553
-1.4344260213304474
-1.4342644884937503
-1.433700255173079
-1.433544154782922
-1.4332854211865989
-1.4331580269770636
-1.4328015032264625
-1.4326929621267914
-1.432527649785074
-1.4323372651891724
-1.4323834173912946
-1.4322432826956297
-1.4322178787748614
-1.4321127994735223
-1.4320597199473986
-1.4318993147153567
-1.4316516846960057
-1.4315064390245726
-1.4312736117329254
-1.4311827414270817
-1.4324828780532088
-1.4333236836202303
-1.4337995009939266
-1.4341401041444437
-1.4343546557574
-1.4345655879234054
-1.434965822745883
-1.4351782300735898
-1.4353408657954612
-1.4354821057543805
-1.4353984747863673
-1.4356879851119193
-1.4356926716732712
-1.435776536379591
-1.4360249969502699
-1.4358052580555603
-1.4360387640401824
-1.4363229438017528
-1.4353750518879147
-1.4349013757334796
-1.4345023714442648
-1.4341622927312423
-1.434016935147469
-1.4338723032572722
-1.4337142760437778
-1.4335712959124243
-1.4334404712125026
-1.4330445638418778
-1.4327767746675586
-1.4326937565124265
-1.4326731027722144
-1.4326588043778241
-1.4324214331592928
-1.4323041168405648
-1.4323701173118757
-1.4324152790338516
-1.4330630426023339
-1.4332772720490308
-1.4336395012354817
-1.4341195081783191
-1.4346352818374506
-1.435087660348242
-1.435328507375622
-1.435358307475897
-1.435437547875586
-1.4349237870982605
-1.435261536414867
-1.4354074454605608
-1.4356594675470804
-1.435967138154019
-1.4365095977306241
-1.4367219630778525
-1.4372704895384183
-1.4375260654179838
-1.437099623246796
-1.4370878339718869
-1.437233914739246
-1.4373004702702876
-1.4371346924876462
-1.437147981279619
-1.4373890206671889
-1.4374780817883521
-1.437482380191211
-1.4369649572827816
-1.4369717499168593
-1.4369958243282877
-1.4369220053483556
-1.437037481958103
-1.4372935745912028
-1.437710232334572
-1.4382408007381298
-1.4384419668893191
-1.4384399649588893
-1.43838281219557
-1.4379808693301497
-1.437652137675172
-1.4372331153108726
-1.4371763581693733
-1.4369749464727637
-1.436891241354986
-1.4367100801426091
-1.4369549682316793
-1.436732847619593
-1.4364777533344095
-1.4362663583165356
-1.4362813275878852
-1.436487835576708
-1.436489632426828
-1.4366078351081766
-1.4367128761096883
-1.436096927920289
-1.4362086796418367
-1.4363241414263397
-1.436519281102823
-1.436830116809681
-1.4372483046020488
-1.437807733923689
-1.437939156988315
-1.4381100228846198
-1.4381799615630453
-1.4383683996063255
-1.4384335588189592
-1.438486711488494
-1.4382873341732028
-1.4382891355279996
-1.4383125535509693
-1.438209079670735
-1.4381049203288434
-1.4371676651298582
-1.4366578574717437
-1.436000955056691
-1.4357303647048445
-1.4357264756497023
-1.4358228107565718
-1.435733256580019
-1.435972724317205
-1.4360096339876636
-1.4359956679432664
-1.4361068052735688
-1.4361930133970382
-1.4360582179868355
-1.4360329778398009
-1.4362924050495705
-1.4364169634074242
-1.436661352178222
-1.4370745462922068
-1.436945578650271
-1.4373320513271588
-1.4375792510170802
-1.4377799321228288
-1.438168354673535
-1.4382784275407954
-1.438371602378975
-1.4386273697989036
-1.4391203414427496
-1.4402568040611405
-1.4407415544016027
-1.441319283905044
-1.441550264189033
-1.441804749832113
-1.4416680946531513
-1.4417927826703962
-1.4416319994867048
-1.441640847159724
-1.4422849074732846
-1.442525257240986
-1.4426305613064034
-1.442986957449865
-1.4430600912839087
-1.443215147440121
-1.443351189049363
-1.4432410437553027
-1.443150561847329
-1.4440012171674257
-1.4442320488711036
-1.4444343899560272
-1.4444666890417035
-1.4442735216511715
-1.4441667668630096
-1.4439135648442138
-1.4437915350279797
-1.4437348637312388
-1.4436217361210484
-1.4436016734494175
-1.4434428048490784
-1.443350483582278
-1.4436498651273078
-1.443711672134697
-1.4438365122128582
-1.4441041137937027
-1.4438639436205543
-1.4427210787117113
-1.4420625445735653
-1.4415098523739107
-1.441184830782632
-1.4408485064015841
-1.4406939583355693
-1.4403978087683826
-1.440342005739859
-1.440413867995052
-1.4415742911929337
-1.441987600586361
-1.4425797194700931
-1.4433892852960766
-1.4440883757127467
-1.4445438089503109
-1.4449594291398729
-1.4450098327798289
-1.445175714873979
-1.4453486081774405
-1.445208855446898
-1.4451393428239652
-1.4448657018605138
-1.444590650191766
-1.4444432720605935
-1.4444064322263113
-1.444043181079594
-1.443892586349765
-1.4431729293702202
-1.4427994221870566
-1.4425857598967147
-1.4425142847572499
-1.4424763353436838
-1.4423901764493716
-1.4419566193077857
-1.4417340559496405
-1.4416637711813873
-1.4414127526486986
-1.4411684529309836
-1.4410745135498986
-1.4410599465074299
-1.4411219338243932
-1.4412763727466256
-1.4412204011413372
-1.4412291432779432
-1.4412538629967513
-1.4419293609071517
-1.4423246582924012
-1.4426757682458475
-1.442623413029745
-1.442589182827588
-1.4428107011257614
-1.4428456468143431
-1.4428111039482623
-1.442787740615013
-1.4421272340367939
-1.4414911551365883
-1.4410069048689609
-1.4407877476836486
-1.4405047097373365
-1.4403572608146094
-1.4403243423727896
-1.4403311668041652
-1.4402477726719736
-1.4391433857635922
-1.4388048086905287
-1.4387031664986998
-1.4384913162360902
-1.4384551797699117
-1.4385374654434804
-1.4386588089401695
-1.4389511385794966
-1.4392595203325134
-1.4394663844813291
-1.439937964274427
-1.4403247438081392
-1.4406316062229247
-1.440882553609363
-1.441137104952476
-1.4415424229134088
-1.4418101803743864
-1.4419546075824794
-1.4426879514469158
-1.4430177815505243
-1.4429818202277827
-1.4429148382288908
-1.4426669078652226
-1.4423371374824514
-1.442114255436487
-1.441992630140304
-1.4421285419707122
-1.4413591825202539
-1.4409808877653856
-1.440891090772177
-1.4405648422312032
-1.4404015224327205
-1.4403060773011016
-1.440402626498784
-1.4406190561281311
-1.4407847349880067
-1.4403790400010368
-1.4402580082549208
-1.4401536522685245
-1.4402214819394135
-1.4404935672054937
-1.4406573094995543
-1.4409578850084606
-1.4414199894441322
-1.4416615591826054
-1.4419773404051093
-1.4420520821263139
-1.441885910532111
-1.4418460833219813
-1.4417544689762074
-1.4417984142511635
-1.4414232058209835
-1.441134894569565
-1.440954670707896
-1.4408311318979277
-1.4406603216623233
-1.440664940336366
-1.4407066101475194
-1.4404020242807214
-1.4401492375409943
-1.4399588280110238
-1.4397767922254512
-1.4396401201261768
-1.4399806954607932
-1.4399055664972267
-1.439803568156137
-1.439817508079795
-1.4396925598371813
-1.4394372154408943
-1.43925270605247
-1.439195488687778
-1.4392720467509215
-1.438816425855492
-1.4386266689419853
-1.438718687283652
-1.4388372571038301
-1.4391393780026058
-1.4393446040554072
-1.439676115616083
-1.4397659617948038
-1.4396622786966857
-1.439119539914436
-1.438964060307762
-1.438698960924312
-1.4387393154258146
-1.4388026054562677
-1.4387781700377895
-1.4389347112910222
-1.4390529159949843
-1.4389862982439445
-1.4387146818877343
-1.4387710598874857
-1.4386506987117047
-1.438554984898465
-1.438406633635987
-1.438123429772351
-1.4379014479131822
-1.437648138215598
-1.4374206056155663
-1.4364744591671061
-1.4360400609535613
-1.43562078119317
-1.435336480525352
-1.4351875965719916
-1.4350871621965462
-1.4348920129706328
-1.4347630384073382
-1.4346347839997668
-1.434036831775511
-1.433668435774706
-1.4332119829141974
-1.4326942530038957
-1.4323008417876097
-1.4318167949167913
-1.4314354627827452
-1.4310509653023393
-1.4308297746892742
-1.4306885575213546
-1.4304791598200286
-1.4305266773254586
-1.4304605496573837
-1.4305066799905468
-1.4303754242358842
-1.4300473902042534
-1.4297053659810557
-1.429534019770434
-1.4292453058487598
-1.4288923062693986
-1.42854629295287
-1.4280986204050665
-1.4277518079514016
-1.4274377901670787
-1.4271776100887381
-1.4271358324307515
-1.4269285568336822
-1.4268391237951243
-1.4270128784234632
-1.4269093494538947
-1.427024502975595
-1.4272268793378815
-1.4271746540419616
-1.4271414486245435
-1.4271390839059803
-1.4271700229266318
-1.4280164394266595
-1.4286202411916076
-1.4291259402693794
-1.429528780170026
-1.4297723138871576
-1.42974511863445
-1.4297626223693634
-1.4297674681118373
-1.4296847983117535
-1.4292928402435068
-1.4291003504104716
-1.4288585270402885
-1.428771913332997
-1.4287869243065108
-1.4285851913390488
-1.4285248701270161
-1.4286143171520893
-1.4285952618248257
-1.4288681075365859
-1.428857144298855
-1.4289776503837663
-1.4289439658986338
-1.4289401135220603
-1.429100152808949
-1.4292491598710886
-1.4293138907880791
-1.429539160547786
-1.4283170921859039
-1.4282381425472201
-1.4280796774919837
-1.4280089419931028
-1.4281026655714124
-1.4281632471454244
-1.4281543667886643
-1.4282794913319337
-1.4282575830857458
-1.427774193771196
-1.4277960871902249
-1.428052053311197
-1.428249491020641
-1.4284893313722147
-1.4286286336650278
-1.4286405807678697
-1.4287708270247843
-1.4289713282479033
-1.4284359278464465
-1.4281774559459526
-1.4281319690460446
-1.4282043942397227
-1.428259951512391
-1.4282717937634424
-1.4282742609237957
-1.428454287942781
-1.4285545858321542
-1.429051050524564
-1.4293247622041303
-1.4294775725126565
-1.42954548770913
-1.4295779152901045
-1.4295869122272338
-1.429757578876367
-1.4297490742432755
-1.429632689606302
-1.4294202401068568
-1.4289479170756714
-1.428526745832646
-1.428246530531927
-1.4279632685393455
-1.4277256756137007
-1.4273958001449827
-1.4270670622738966
-1.4269475677238757
-1.427160465187889
-1.4271399706745231
-1.4271740628340759
-1.4271812558966275
-1.4269797790412233
-1.4270772098887874
-1.4270481467168086
-1.4268544881451475
-1.4268190324520458
-1.4264319906196194
-1.426320869361936
-1.4263186057784363
-1.4263796266299016
-1.4264002961665683
-1.4264550241182823
-1.4264271674598172
-1.4265396835386999
-1.4267396574831808
-1.4264717583231494
-1.4264230333488044
-1.4262919354008494
-1.4264000993110126
-1.4265649848738855
-1.426636168152426
-1.426720455188437
-1.4267694959206163
-1.426793919068858
-1.4269933732445421
-1.4272935953227195
-1.4275168485087888
-1.4276293393724546
-1.427699051196858
-1.4276205642504023
-1.4276824853941927
-1.4277512162652464
-1.4276726249798846
-1.4277702490823971
-1.4277810970290437
-1.4275976902820433
-1.4274226103904122
-1.4271767232734194
-1.427160268122458
-1.4271357339014306
-1.4271787925108776
-1.4271561297609736
-1.4268004189185355
-1.426580638678516
-1.4265454919370588
-1.4266183470523401
-1.4266869755005425
-1.4265897948366866
-1.42659245309817
-1.4264905601628826
-1.4264697895727865
-1.4266761441732212
-1.4266547774006402
-1.4267024350435122
-1.4266999733104209
-1.4268317372061623
-1.4269761342626262
-1.4270434179058873
-1.4271908139138452
-1.427320303174092
-1.4278621659945203
-1.428174989120024
-1.4285475763683666
-1.429077033808027
-1.429341860311225
-1.4294287408283524
-1.4295385673792815
-1.4296600783384406
-1.4297620290153994
-1.4295641729344004
-1.4296348648463035
-1.4295917567787473
-1.4295917567787473
-1.429653849040018
-1.4296181552179903
-1.4294681815450285
-1.4294115417988238
-1.4296058951474306
-1.4287430773477783
-1.4283334753294084
-1.428106316107055
-1.4277471730896452
-1.4276337762729807
-1.4274912176631491
-1.4273280890458608
-1.4272647204307816
-1.4272621582101173
-1.4274321716406784
-1.4276206628466799
-1.4278213344889719
-1.4277983554657159
-1.4278166005524446
-1.4277188715016051
-1.4276366356234886
-1.4274667706372577
-1.427209043476868
-1.4272563439742714
-1.4271083432777654
-1.426955743547447
-1.4268720196666624
-1.4268065248918758
-1.426755807505594
-1.42673256734493
-1.4268405026335345
-1.4268101688040917
-1.42715071051437
-1.427330651503249
-1.4273414927709287
-1.4274240889258956
-1.4274207375831967
-1.427429214539286
-1.4272872880793608
-1.4271861826936387
-1.4271031214436631
-1.4273299616099702
-1.4274763324791289
-1.4275836901975105
-1.4275398184717047
-1.4275219747883665
-1.4274499145063295
-1.4273053230015267
-1.4271400692044294
-1.42701031710693
-1.4270670622738966
-1.4269899254148375
-1.4269514093642468
-1.4268466089499556
-1.426917327841175
-1.426973179050405
-1.4268813765539061
-1.4267637841759402
-1.4267036166784137
-1.4266017078635804
-1.4265738454758228
-1.4265013886724682
-1.4265309218069362
-1.426538895962903
-1.4265771928429776
-1.4263794297800512
-1.426316243785923
-1.4261909709774518
-1.4259081302299734
-1.4258037780347343
-1.4257162559268706
-1.4256953112181239
-1.425772406515638
-1.4258288565742332
-1.425885311103016
-1.4260631622547795
-1.4262444035845485
-1.4263894691916998
-1.426588318029032
-1.426589007205557
-1.4267295146682186
-1.4267517699657137
-1.426860693072608
-1.426913781880258
-1.4271306103954806
-1.4272016530573524
-1.4271589871984813
-1.4272017515957758
-1.4271360294894346
-1.4269519018837389
-1.4267774727440214
-1.4266086982447153
-1.4265342689726581
-1.4265319062658122
-1.4265166473059239
-1.426229445987158
-1.4260596205378748
-1.4258851143895794
-1.4257075043070548
-1.4254255433221703
-1.4252923683265175
-1.4250582176007391
-1.4249109670702238
-1.4248783579935211
-1.425429769947162
-1.4256593231557466
-1.425898786102614
-1.4260632606360557
-1.4261103868279301
-1.426160467969369
-1.4261141255735783
-1.4261081239124558
-1.4260757551684726
-1.4259037040491163
-1.4257204842760638
-1.4256810534351103
-1.4254777389825852
-1.4253736463424413
-1.4253306965865713
-1.4251576461095024
-1.4251383881212936
-1.4251436938416118
-1.4252918769519514
-1.4254976942658037
-1.4256542102451069
-1.4258375113337998
-1.4260594237763404
-1.4262364327205763
-1.4264629974257494
-1.4265291497843835
-1.4267378849420116
-1.4269667761325828
-1.427064402243381
-1.4272000764444281
-1.4273305529470253
-1.4274319745002044
-1.427439170162785
-1.4274975267089878
-1.4275617047034697
-1.4275345934795685
-1.4272728998890767
-1.427008248357981
-1.4268026840315804
-1.4267134637120442
-1.4267242956060349
-1.4267754046701295
-1.4267158270203415
-1.4266956406808133
-1.4267715639773788
-1.425895540276506
-1.4255615942516229
-1.4251469362456988
-1.4249321834155293
-1.4246186191024943
-1.4243406217724615
-1.4240593973394402
-1.423812019529433
-1.4236296310019338
-1.4234591497961546
-1.4233622123372134
-1.4233405526875373
-1.4232982153664802
-1.4232908653937186
-1.4232217793601167
-1.4231824866084193
-1.4231450576258453
-1.4230874482748745
-1.4233548617034726
-1.4235245336775308
-1.42366179074653
-1.4239097048582325
-1.423974247297995
-1.423978857696159
-1.4239446237496503
-1.4239009754029714
-1.423872924170219
-1.4234496416959643
-1.4232893954082757
-1.4231815067670268
-1.4229811575484699
-1.4227477655282186
-1.4225276656309482
-1.4224541509909683
-1.4224724555237627
-1.4224527806170935
-1.4227605937345094
-1.422993892005637
-1.4232769496532103
-1.4235757078616385
-1.423740333303028
-1.423943054324515
-1.4240172134424287
-1.4239744434845427
-1.4238452663445345
-1.4238429125366427
-1.423947566431103
-1.4239575716390187
-1.424054099689571
-1.424168694688703
-1.4243049964845709
-1.4243343406005637
-1.4243861619255396
-1.424413840768933
-1.4242063737855057
-1.4240190773292896
-1.423976993914583
-1.4238489932229457
-1.4237048360931346
-1.4236088455985743
-1.4235889431632487
-1.423573452982937
-1.4234289595661673
-1.4239221616819817
-1.42416496613649
-1.424400688276593
-1.4246031065062352
-1.4249072346303826
-1.4251239449716866
-1.4252617072026175
-1.4253417040576426
-1.4254758712753106
-1.4255651334951918
-1.4256620762766659
-1.4258199068765458
-1.4258634762429228
-1.4259075400709382
-1.4260432895152853
-1.4260894305375837
-1.4261216031236847
-1.4261832959041814
-1.426415749497229
-1.4264079735756172
-1.4264658520883635
-1.426369488933256
-1.4262480446261303
-1.426216555151641
-1.4260564723598392
-1.4258899338843978
-1.4257250076541297
-1.4259685257542425
-1.425998430317919
-1.42617237382695
-1.4262642819297593
-1.4263214598631608
-1.4263196883609528
-1.4263234282041088
-1.4263792329302551
-1.4264414401701089
-1.426291640162399
-1.426140297342017
-1.4260646379753485
-1.4258548211681428
-1.425684003297854
-1.4255629706220336
-1.4254720375757122
-1.425512734823874
-1.425487765705302
-1.4257508701277364
-1.4258551162257802
-1.425903900767682
-1.4259676404408812
-1.4259894784913376
-1.42603236958235
-1.4260841177731058
-1.4261406909097758
-1.4262423370557045
-1.4255813552530763
-1.4253362985818536
-1.4251187376494128
-1.4249568383882425
-1.4249409255193828
-1.424927959740864
-1.424947408497127
-1.4249418095583288
-1.4249973097548598
-1.4248070553933851
-1.424720048389489
-1.4246552419516023
-1.4245907359437495
-1.424501693868719
-1.4243550490489196
-1.4242681953726104
-1.4241496596530412
-1.424021529819435
-1.4243169695229987
-1.424391069443431
-1.4244875581133163
-1.4245644246681426
-1.4245454772246218
-1.4245561780504672
-1.42457178780032
-1.4244893250673993
-1.4243928361581502
-1.4241384743539742
-1.4239949452767795
-1.4237567096843649
-1.4237248398279836
-1.4236567902030417
-1.4237099350309899
-1.4238198652455358
-1.4238820456036605
-1.4240494888041748
-1.4240491944933549
-1.424095206562013
-1.4241766424572662
-1.4241410253716285
-1.424112670343016
-1.4240958933318268
-1.4239691464667281
-1.4238829283292278
-1.4237342535447732
-1.4235707079228548
-1.4234495436749743
-1.4234151391414422
-1.4234432703596969
-1.4234963012198059
-1.4235070843180075
-1.4235082606658762
-1.4234492496120856
-1.423359174066062
-1.4233630944183644
-1.4233729934040351
-1.423423078501567
-1.4234575814409836
-1.4234092581910425
-1.4234527783747708
-1.423541591330097
-1.42366434005673
-1.4238284956331169
-1.4240674419942427
-1.4242199151979213
-1.424304702068129
-1.424423754375186
-1.424550680358393
-1.42465622382334
-1.424770424738788
-1.4247737636480522
-1.4248432950793446
-1.4249054666393879
-1.4250001585541625
-1.4250523230655183
-1.4251916436243872
-1.4251849619038013
-1.4252468684785466
-1.4251861410264108
-1.4251951810312382
-1.4251436938416118
-1.4250776699129524
-1.4249954433063203
-1.4249785472577992
-1.4250443655203213
-1.4251212921801126
-1.425047312748921
-1.4249846376477107
-1.4249809048219115
-1.4249581153622595
-1.4244716557238255
-1.4243030337105904
-1.4241865527620867
-1.424061359441987
-1.4239776805703854
-1.4238679221434314
-1.423857918195287
-1.4238205517498086
-1.4238511508983116
-1.4241505427104506
-1.4243968603580375
-1.4245873978922678
-1.4247525520199908
-1.4249422024648792
-1.4250720699504569
-1.4251737603363193
-1.425330106905419
-1.4255004467625079
-1.4256912796781471
-1.4257997458812968
-1.425846953009522
-1.4258167597568068
-1.4257352345277357
-1.4255749648195357
-1.425594431241796
-1.4255413422514152
-1.425539769304607
-1.4254479545498897
-1.425361360678861
-1.4252371399463528
-1.4251965566942002
-1.4251943949393093
-1.4251483118155264
-1.4251348509963624
-1.4251334754525198
-1.4251926262356398
-1.425334922649108
-1.4254475613643829
-1.4255391794504488
-1.4257018010620772
-1.4257562787484488
-1.4257731932453221
-1.4257862727535207
-1.4258744919446107
-1.4259357698919868
-1.4259192449830425
-1.4258743935893783
-1.4258297417152745
-1.4258132192637067
-1.4257620807690154
-1.4256798734934308
-1.425653915270612
-1.4256775136159312
-1.425710552611875
-1.4254602417062847
-1.4253179202708433
-1.425216995428188
-1.4251062598810729
-1.4250309066646647
-1.4249012431231045
-1.424826697270788
-1.4247517664162659
-1.4246098809529224
-1.4244342570590773
-1.424336499747155
-1.4242357138378667
-1.4241318025048555
-1.4240296721472971
-1.424002596814631
-1.4239055853266824
-1.423866843279516
-1.4238309474668542
-1.4236794400043362
-1.4236529662817237
-1.4236620848972412
-1.423733272943466
-1.4238381068696948
-1.4239011715693297
-1.4239370709229249
-1.424026532925526
-1.424152603181998
-1.4243636859257005
-1.4245028718609996
-1.4246617223300824
-1.4248146174520728
-1.4249185302319618
-1.42503581862632
-1.4250356221472036
-1.4250544843894373
-1.4250047755979114
-1.4250925051140477
-1.425099087719424
-1.4251332789464732
-1.4251726794926314
-1.42519292101928
-1.4252116891620623
-1.4252838184574064
-1.4253363968628656
-1.4254262313756936
-1.4255627739975265
-1.425662371254538
-1.4257485100151948
-1.425910195790444
-1.4260489954927127
-1.426181623142766
-1.4262322013104722
-1.4263447850526438
-1.426433959265647
-1.4265568135274362
-1.4266434542552733
-1.4266657068679465
-1.4266989886195631
-1.4267522623474025
-1.4267394605339443
-1.4268310477950947
-1.4269144713712782
-1.4270089379402975
-1.427307096952917
-1.4274680521137864
-1.4275668313052146
-1.4276023241733238
-1.4276384103985302
-1.4276835700480819
-1.4277821818327747
-1.4279012244025053
-1.4279978932871462
-1.4280950685705842
-1.428190184903179
-1.428275543850548
-1.428398616846782
-1.4284930826017472
-1.4286127374165152
-1.4287177974415584
-1.4287922572282974
-1.428887960314144
-1.4290253645570923
-1.4291534083963913
-1.4293030195374024
-1.4294020528562494
-1.4295059438695894
-1.4295522103794267
-1.4295993697117504
-1.4296636379619119
-1.429689247997736
-1.4299029644143824
-1.4300094014155391
-1.4301165468524795
-1.4301883818692285
-1.4302444894427373
-1.4302832824378782
-1.4302640836007343
-1.4302657659524576
-1.4303483050088068
-1.4303108940403149
-1.430256661508025
-1.4302517134890136
-1.4302480519769862
-1.430331776641204
-1.4303654276128048
-1.4303915576945858
-1.4304396632962242
-1.4305422201946782
-1.4304034353200905
-1.4303711682307596
-1.430294267571366
-1.4302060943666635
-1.4301513750502894
-1.4301241653757997
-1.4301137765004879
-1.4300878544412226
-1.4300975503686462
-1.4302055006445593
-1.4302324165419869
-1.4302777404525897
-1.4303264322208327
-1.4304152141601831
-1.4305091548779187
-1.4305867716912966
-1.4306580598580525
-1.430705391204104
-1.4308775135846052
-1.4309606185552879
-1.4310648353306068
-1.4311627257458501
-1.4312224771858624
-1.431253692608648
-1.4312892699412227
-1.4312845129809522
-1.431280647974015
-1.4314170259721328
-1.4314678770367484
-1.4315175420900814
-1.4315469858745418
-1.4315162533325707
-1.4315088182383966
-1.4314441857403697
-1.431402257041726
-1.4312892699412227
-1.4313247499339772
-1.4313546813515654
-1.4313549786898077
-1.4313287142882267
-1.4313162266467028
-1.4313027481670393
-1.4312790623361817
-1.43129650454558
-1.4313259392379463
-1.431306216869165
-1.4312994776918624
-1.4312745036469812
-1.4312630079509872
-1.4312426927328705
-1.4312117750686382
-1.4311773906455878
-1.431216432451834
-1.4312440800952724
-1.431208703194184
-1.431195127648859
-1.431124479515968
-1.4310963411080544
-1.4310494792438284
-1.430994100997257
-1.4309867703878267
-1.4310207493859144
-1.4310039082813808
-1.430861765339654
-1.4307968941493208
-1.4307187594108375
-1.4306778633874926
-1.430640336164115
-1.4305602384657845
-1.4304506508319845
-1.43040977013435
-1.4303837383654707
-1.43039274544826
-1.4303897760677735
-1.4303172280349254
-1.430284667940911
-1.4302447863199135
-1.430226083298508
-1.4302169793592714
-1.4302682400062992
-1.4302737819179638
-1.4304031383770488
-1.430451244757645
-1.430500047334618
-1.4305663766617887
-1.4306182564222951
-1.4306723183439858
-1.4307104413861753
-1.4307715415118252
-1.4307761960302814
-1.4308587940115551
-1.4309337742971515
-1.4309916244316163
-1.4310367983367407
-1.4310852445753557
-1.4311015922058332
-1.4311083295197993
-1.4311072396558864
-1.4311185346897104
-1.4311688691132152
-1.4312042440450532
-1.4312399180161357
-1.43126191785147
-1.4312567646762318
-1.4312538908061587
-1.431234467711014
-1.4312626115509708
-1.4312662782595016
-1.4311968121915823
-1.4311676800702542
-1.4311285418423167
-1.431104762698621
-1.4310627548092267
-1.431050172737416
-1.431017777397487
-1.4309933084953192
-1.4309551703771555
-1.4309549722623687
-1.43091772765704
-1.430873056498976
-1.4308483944603902
-1.430853940868866
-1.4308463145682975
-1.4308438385141664
-1.4308628548297155
-1.4309195105992798
-1.4310587919280953
-1.4311011958952224
-1.4311389454661743
-1.431208703194184
-1.4312941260374477
-1.4313616192760725
-1.4313984905176438
-1.4314461682455655
-1.4314613345920062
-1.4314783847246717
-1.4314439874901521
-1.4314161338804399
-1.43138907429416
-1.4313616192760725
-1.4313608263670106
-1.431359042324833
-1.4313774776417942
-1.4313954178416266
-1.431292738578021
-1.4312496295717767
-1.4312093968421016
-1.431202460393181
-1.4312112796041245
-1.4311862095475687
-1.4311760034124723
-1.4311687700262261
-1.43113012714666
-1.431133991340711
-1.4311347839984803
-1.4311632211767469
-1.4311860113688022
-1.431208703194184
-1.4312301074968041
-1.4312451701676179
-1.431292342161536
-1.431329507161712
-1.4313326786644367
-1.431342688812098
-1.4313740085942661
-1.431379757310754
-1.43139650814451
-1.43140602358563
-1.431410285751323
-1.431399580825208
-1.4313879840026014
-1.431457369503086
-1.4314773934267682
-1.43149315522607
-1.4315069346934672
-1.4314813586266204
-1.4314895864863966
-1.431474320411992
-1.4314613345920062
-1.431442104115824
-1.4315369728691687
-1.4315649303237223
-1.4315955658097017
-1.4315970530025854
-1.4316032000992855
-1.4315996308109036
-1.431588030746579
-1.431586741862147
-1.4315879316015403
-1.4316049847501506
-1.4316296728769693
-1.4316442481949458
-1.4316306643857912
-1.4316142055171712
-1.4315768274441056
-1.4315585852737054
-1.4315105035196403
-1.431479673413999
-1.4313565644958528
-1.4312591430601922
-1.431189083145848
-1.4311409271259632
-1.4310832630697674
-1.4310468043462865
-1.4310047998593305
-1.4309648780689064
-1.4309264443057825
-1.4308891021371923
-1.4308587940115551
-1.4308199697918216
-1.4307798602469661
-1.430767085086362
-1.4307275726615436
-1.430700043991359
-1.4306725163805138
-1.430650732691111
-1.4306682586072448
-1.4306653871000472
-1.4306544952809765
-1.4306560795352619
-1.43066241658749
-1.4306776653494844
-1.430673308527174
-1.4306943997546018
-1.4306988557272882
-1.4307410403105563
-1.4307734231220226
-1.4307920414265218
-1.4308114525152231
-1.4308340334239662
-1.4308562188705183
-1.4308885078478781
-1.4309111902401745
-1.4309342695695473
-1.4308801878493111
-1.430865529039628
-1.430857506439878
-1.4308536437387505
-1.4308536437387505
-1.4308560207831302
-1.430855426521295
-1.4308444327663763
-1.4308290814092819
-1.4307297512346353
-1.430679942789889
-1.4306369697020451
-1.4305912269935805
-1.4305577634016526
-1.4305206384673772
-1.430491632859637
-1.4304604506684515
-1.430437881549574
-1.4304269931942661
-1.4304001689534127
-1.430382946539441
-1.4303587962666637
-1.4303585983169778
-1.4303459296510368
-1.4303400902633892
-1.430329500309126
-1.4303117847549172
-1.4302788290534534
-1.4302516145289828
-1.4302281613878418
-1.430209854618105
-1.4301966938245643
-1.4301790805099506
-1.4301617644718698
-1.4301434594018299
-1.4301324765847245
-1.4301143701464396
-1.4301033877761111
-1.430096659920849
-1.4300854799484257
-1.4300742012153211
-1.4300598557153492
-1.4300685619154831
-1.4300656928150919
-1.4300661874867517
-1.4300639119999496
-1.4300639119999496
-1.4300589653144924
-1.4300547111923698
-1.4300514464181386
-1.4300467966139077
-1.4300443233261042
-1.4300422457709607
-1.4300350238405215
-1.4300213716233572
-1.430012270290063
-1.4300043561813673
-1.4299940679710212
-1.429979823001087
-1.4299758661153605
-1.4299721070942033
-1.4299751736626098
-1.4299722060155595
-1.4300195909185969
-1.4300433340133782
-1.4300636151978572
-1.4300794448147236
-1.430094186460564
-1.4301064549076057
-1.4301146669696003
-1.4301258473983804
-1.4301353459530952
