1.2644047841873876e-07
2.9502750941864787e-07
3.3717385594381875e-07
5.900530044613908e-07
5.563234973934137e-06
9.904077534007757e-06
1.660469407115491e-05
2.2335698810265824e-05
2.869844220557263e-05
4.209801859923331e-05
4.411927002034079e-05
5.7896452489682296e-05
6.960751390359528e-05
8.76369242675407e-05
9.862892314868856e-05
0.00011008402996695414
0.00011580719319803565
0.00011546461237105803
0.00011895435749946146
0.00012872030535017356
0.00013263105002810354
0.00013953157905398936
0.00014310446221444173
0.00015008801879014402
0.00015260480484481515
0.00015116795138371311
0.00016113961709909026
0.00017532076458042254
0.00018768857270460833
0.00018868953977939238
0.00020131054766235599
0.00021759443604838906
0.00023324497301518567
0.0002305428777551547
0.00021377699502782237
0.0002555701196103515
0.0002575356319002262
0.0002663255724063812
0.0002805853970093982
0.00029639929357396823
0.00028920204895779947
0.00029685141395790804
0.000279717949034102
0.00030154701276150663
0.0003121680006634675
0.0003271014077478517
0.0003097499019882645
0.0003173138236240015
0.0003160834562979176
0.00040002407969115734
0.000383866662600134
0.00037069447329540067
0.0003753633269230324
0.00042233552555197236
0.00042755723073305773
0.00041118469477696175
0.0004315318016225596
0.0004229143268106106
0.00041616948187761705
0.0004435411853874732
0.0004633044342443922
0.0004184296432212337
0.00043866438616697027
0.0004187254069262826
0.0005157817570847462
0.0005792209041564313
0.0006037150147275098
0.0005971524284233792
0.0005866796722262632
0.0007203354329068816
0.0006427005900487418
0.0006544700133777538
0.0006846190777181981
0.0007223498385746078
0.0008955153259772856
0.000953428164629353
0.0009978623598795539
0.0010601821018669088
0.0010785996055724116
0.0011284379902358897
0.001190335544212571
0.0012723125202172753
0.0012239938079324647
0.001345542407104659
0.001414994489543573
0.001362435066171728
0.0014450773005299344
0.0015401844048300002
0.001499935160517915
0.00154590128790406
0.0016676232015133885
0.0018698245552777114
0.001923247357339292
0.0019782398650244892
0.0021626283243861106
0.0020419406692725687
0.002065056993047637
0.0020074484219247046
0.0020565717295422093
0.002005593851452838
0.0018443323432601707
0.0017971417838842287
0.001587297857244408
0.0016143752624550513
0.0021785556709384432
0.002190645456568443
0.0022051463367450484
0.0024434392668449727
0.002320432894795484
0.0026032655201736104
0.0028677264826357106
0.0028557362556327656
0.0027934331299451463
0.0031384697406965354
0.0032075183406067836
0.003413514376257352
0.0035570904204593767
0.0038302191740013074
0.004003533897905954
0.0041049790995560205
0.0043131275221305245
0.004372224861651595
0.0047962346809950615
0.004636451041838363
0.004735697792978865
0.0048479415008063735
0.004750859372321647
0.005084519708722561
0.005130902761359109
0.0048662325333756066
0.004915867956016099
0.004987255395228553
0.005039382222543968
0.004890395296719403
0.004866941869628538
0.0047593418467198065
0.004601097583478612
0.00440812238872922
0.0043592922751247865
0.004349711713597613
0.003815728432179993
0.0041011821078861515
0.003985891216418671
0.0038622836231994168
0.003935577303287706
0.004182199675669895
0.004250678215141649
0.004644804160446767
0.0048094137839042395
0.004704049802637553
0.004845079560368925
0.0050471570727431865
0.005174825635772725
0.005289504969591885
0.005171635978279246
0.00537514709561292
0.005319274050420376
0.005509690818202391
0.005766215701546096
0.004908305102497549
0.005166531809252736
0.005030519664931212
0.004801153231017056
0.00501565261810427
0.004776753906658068
0.004846843506039823
0.005099673000804509
0.004712383586056034
0.00507087486951211
0.0052226443185154755
0.005205900601705382
0.005245277498906243
0.005365361380426604
0.005458872397486558
0.005447561779240113
0.00563407107363119
0.005790728328332069
0.005741099368525378
0.005595625168714466
0.005633908706539055
0.005916487300472971
0.00613494782753866
0.006328528808956994
0.006314375963764499
0.006328379236095583
0.006356873809384559
0.006489870362344178
0.006406878116488033
0.006391140573549562
0.006265400047710391
0.006265417823486001
0.006182212735271413
0.006030405606355862
0.005940011818060656
0.005937119273901399
0.005986719075227904
0.005949741408179235
0.0061392267013673455
0.006126714905602157
0.006138126711919183
0.006251314385242022
0.006204257613133888
0.006178225103792962
0.0059596984514464265
0.0058492373247508635
0.005973346815495425
0.005877763668209448
0.0056971652639479205
0.005662089795766141
0.005485497096208415
0.005449038148869908
0.005417394735240917
0.0055287027987312165
0.005551357015108724
0.005406456244477457
0.005351134895606001
0.005267412692081395
0.005220487303215115
0.005217579604340171
0.005261138560525645
0.005146546109761242
0.005057926327191032
0.005028312688311693
0.004992571280926107
0.005021609758451401
0.004987705992994117
0.004870995461985359
0.00487816230340173
0.004802317757516357
0.0046611693280489445
0.0046717216173559105
0.004683855653241947
0.00469776382355494
0.0046963706239459046
0.004598324052060007
0.004517543167148427
0.004552110925271443
0.004549535884009306
0.00455274728524515
0.004493281357056505
0.004409427365929522
0.004397146310149397
0.004378694575915136
0.004378512777002351
0.004303205282097756
0.004323067960357967
0.004266606842686214
0.004227288319417392
0.004213637528441288
0.004114692426018279
0.004085551079194818
0.004056084810326152
0.004036391986091778
0.00401757885119333
0.003972000435549525
0.003980901330582885
0.003959084320498723
0.003924168400728264
0.003906081676869555
0.0038923997811222007
0.0038469983545082005
0.003839141638004421
0.00381669436755653
0.003800929608031309
0.0037373795730220763
0.0037524495238139962
0.0037494217000045033
0.0037323328453466595
0.003702554042349322
0.0036920696815466204
0.0036269787441912636
0.0036451303805423536
0.003613290905853749
0.0035439429044280164
0.003518488713821785
0.0034892140243892723
0.0034562763242953994
0.0034127434166764067
0.003392336024790122
0.0033877157147453527
0.0033106060529797636
0.003254048496387821
0.0032336909549813826
0.003197557725291914
0.0031419576429680073
0.003137969175343177
0.00308327924402654
0.0030441867660511513
0.0029998463961869344
0.0029940964992809125
0.002934985576764559
0.002881187431814065
0.0028830981360927037
0.0028508101475566644
0.0027768710987746826
0.002770491745502105
0.0027776161206883206
0.0027736056600840336
0.00277278744108561
0.002697010125233404
0.002703998425580457
0.0026742739828084245
0.0026296044673858082
0.0025864402812044046
0.00264293915146188
0.00261602883213808
0.002642879672356622
0.0026079078373857207
0.0025615408048039415
0.002539326054947857
0.0024498534856970135
0.0024123642420632997
0.002395296112514976
0.002395340514372631
0.002451953228746555
0.002448350148203756
0.0024480592444611556
0.002452348770916148
0.002433541535351722
0.0023292607763947862
0.0023171531520954506
0.0023248313760270505
0.0023244884796237817
0.0023190214604602685
0.002391581364831601
0.00235168132469215
0.002399462455904586
0.0024109136395506253
0.0023830324661399988
0.0023038514997002994
0.002299512778496594
0.0023196123764072604
0.00235010636974262
0.0023969269331718525
0.0024107587017391423
0.0024781025745936516
0.002454592393195867
0.00246134894927961
0.0024737693122639033
0.0025945277683452487
0.002621501725282466
0.002621754898245199
0.002609414132310669
0.0026209330383812103
0.0025663123671755012
0.0025231920705127506
0.002517211405678304
0.0025025761195159807
0.002498833096451563
0.002522211312392314
0.002507880770583655
0.0025615993704298234
0.0025787580852990118
0.0026323156802342124
0.0025593884457751604
0.002528370488096375
0.0025648564418994557
0.002632416278150012
0.0026095424251048466
0.0026395956146071935
0.002623833628815014
0.002611224500942363
0.002654690832609107
0.002631074322996872
0.002527925891432138
0.0025000003151525734
0.002476974432245526
0.0024935698536959466
0.0025126046211285686
0.002567297012366083
0.0025552670618781683
0.002579552519023748
0.0025625269560281398
0.0025248250514676844
0.002626839834115556
0.0025802501751145137
0.0025996410373641207
0.0025619375082532856
0.0025846016295141038
0.002583608463910067
0.0026094651228833416
0.002672924231713376
0.0026954209609863994
0.0027393373576170906
0.0027377669524465045
0.002684009896330559
0.002702293874038617
0.002690021390840347
0.002717015876025215
0.0028316671442412487
0.002736064327763028
0.0027327231698361884
0.0026989977762207937
0.0026806433997985935
0.00276261121872879
0.002710323202732554
0.002709266346474277
0.002687285113322996
0.00266231654654612
0.00262493929355092
0.0026093749809568034
0.002596795029363397
0.0025870268581540306
0.0026043476788181878
0.0025865306414743923
0.0025997165275150115
0.0026001138385059923
0.002587981146930106
0.002582819386832853
0.0026025456479228442
0.0026329714015003395
0.002629425859448743
0.0026208944726895467
0.0026446355173364946
0.00269047856666369
0.0026549109170141984
0.002649724878610309
0.0026624372937897054
0.0026569782346488923
0.0025614031607896545
0.0025441618359082646
0.0025027137176061123
0.0024815860298985437
0.002481047987812219
0.0025453291829245005
0.0025692724361130403
0.0025465671803833407
0.0025461030019209006
0.002549351645360165
0.0026384080155367456
0.0026449844165760536
0.0026605801541318705
0.002680160784434679
0.00269316206102282
0.0026858392510207096
0.0026644532639552485
0.0026499075044970444
0.002658544715152352
0.002617262318069555
0.002636378800566553
0.002654180019462558
0.0026636834241430462
0.0026623347511471425
0.0026036625730280357
0.002635606703757403
0.002603933077924186
0.0026335390240385535
0.0026821838386775843
0.002670171943915172
0.0026527033074059095
0.0026746575223057212
0.0026838420008166463
0.00268558124197263
0.0027259651997417573
0.0027173721258887205
0.0027319397250937867
0.002716561751212144
0.002720178451032902
0.0027847996617845435
0.0028121981889826756
0.002795678635909105
0.002805870575287262
0.002808018936633882
0.002823494406878636
0.0028557104991510816
0.002873420451350311
0.002874500901625513
0.0028584937253324514
0.002862659335559823
0.002887973155829065
0.0029137278549796167
0.002927892480115241
0.0029343069003832287
0.002981761262820513
0.0028653381773122923
0.002913070332792501
0.002966765906010867
0.0030301346740053063
0.0030670163093813965
0.002990542398642329
0.003063033027497511
0.003068969432238136
0.0030916209326354127
0.0030667637224934437
0.0030538003595334128
0.0031040889782023573
0.0031260769885409364
0.0031302025989510575
0.0031563431389061334
0.0032766722844987713
0.003228006242944429
0.0032389923894067633
0.003272139450997827
0.003232307222977655
0.003171681976932276
0.003131187804031058
0.003126588975159157
0.003107760949936552
0.0030765785579232045
0.003257997115640266
0.0032450030603656172
0.003257369176185843
0.0032321935084454866
0.0031935306068539026
0.003179179350567492
0.003156107155054308
0.003172997259508689
0.0031610281205773348
0.003180447072194617
0.003203912308112728
0.003160618221926276
0.0031519579074262487
0.0031287581865815737
0.0031726631673325966
0.0031285839616097236
0.0031541370654680125
0.003171091269044517
0.0032183248648450418
0.003225530724618379
0.0031598660258428603
0.003189698571848529
0.003169040943851231
0.00318327069179444
0.0031637182779125695
0.0032292712065000654
0.003225437767352934
0.0032541305540631153
0.003253276812976859
0.003283924001383111
0.003111554943154212
0.003158609778804193
0.003110464851688454
0.003095942248672799
0.003070903057221605
0.0030534589330155626
0.0029865334878858927
0.002987815538192388
0.0029747218880143036
0.003007659600376734
0.00315179859083631
0.0031170658221657344
0.003117335794823358
0.0031278254374639304
0.003099443775472766
0.003143407973147763
0.0030440720008016674
0.0030821866833820573
0.0030622293297843223
0.0030501202951143994
0.0030879134014133555
0.0030222121905701615
0.003050138450772474
0.0029760014581740606
0.002994173759165976
0.003035610824026972
0.0030532544934364463
0.0030532443865738074
0.0030332357216871658
0.0030561004460145933
0.0030049576267776232
0.003025828315576129
0.0030396535671812983
0.003051541130333957
0.0030906727117963307
0.0031108877130266543
0.0030627104958547992
0.0030815532107884916
0.003093190278731651
0.003076090017837265
0.002975673237426455
0.0030231706854569446
0.002990489469088805
0.0030394049138652308
0.0030318714588065242
0.003048780615538705
0.0030501414259311668
0.003025007505125395
0.0030157229318695297
0.002984462138493236
0.0029578097831573402
0.0029821789736317974
0.002959235203070018
0.002967042108323928
0.00295391352075128
0.002864872494786324
0.0029357142040445133
0.002914356842858268
0.002917837026300655
0.002947953193254393
0.0029833755718534395
0.0029687320113254653
0.00299977816492008
0.0030717629146796177
0.0030997595962083966
0.0032303289981173095
0.0031711338173748688
0.00321984185037308
0.0032590678365833
0.003290951547751376
0.00327401768059156
0.0033099868968868656
0.00332456104099823
0.003343852825756414
0.0033515684932714255
0.003368020959626792
0.0033440080155370117
0.0033618772953934767
0.0033630291210755797
0.003397122716023435
0.003411833285025091
0.003384332846165018
0.0033642636485156467
0.003352040250103371
0.0033460841279503457
0.0033647686803689116
0.0033734309108916505
0.0033766979459083648
0.003386241880160844
0.0034238843117384756
0.0033695046829371814
0.003377616315293637
0.0034216510304359146
0.0034288507710153395
0.003436601866913572
0.0035234797094840847
0.0035124065427375997
0.0035000831958175104
0.003487738720654149
0.0034797077032138082
0.003420539635107005
0.003405690730774758
0.0034122091434449437
0.0034092708144530985
0.0033956199143802763
0.0034786585933588333
0.0034502341997063196
0.003481941854537963
0.003427005027267229
0.0034117547167261016
0.0033968341967281386
0.0033931701247376035
0.0034347322004794306
0.003373891247880308
0.003390882440802666
0.0033439069947387495
0.003377049146030062
0.0034021518369778884
0.0033544489167454668
0.003370853694523345
0.0034036221990655217
0.0034105186527120853
0.0034258023557798794
0.0033979622267898794
0.003407650528552336
0.003370337756262786
0.003362580903840461
0.003389542911633342
0.0033469497174395306
0.0033272311992067825
0.003324196130416177
0.003294107252758727
0.0032915720403324977
0.0032572652183118183
0.0032332172431671358
0.00315427776333731
0.0031682726660415064
0.003142923590708009
0.003157616156868801
0.003187961747805309
0.0031872758923763914
0.003267414656741186
0.00325383324963091
0.003263970628739831
0.0032569649523568125
0.0032765410973583636
0.003249301256788475
0.003270712905009481
0.0032704710140684956
0.0032797662023373495
0.003330023688271579
0.0033505991145520203
0.0033387361424177297
0.0033272535859310247
0.0033203842320784034
0.0033309958657348577
0.0033322325129922026
0.003344496149002118
0.0033282116996199876
0.003350369861146995
0.0033346428400005284
0.0033156507823352884
0.003316435214703663
0.0033181103804149456
0.0032972609705296013
0.0031730011645862916
0.0032170932989668308
0.0032270147581896324
0.0032115308054339645
0.0032264445113295986
0.0031700653513445894
0.0032027297983403705
0.0031964136814650363
0.0031976559442617796
0.0032033309959859277
0.003123531696582936
0.0030924095000331516
0.0030891249374495468
0.0031054546515622192
0.0031362951701773417
0.003141869067606708
0.0031563567444459805
0.0031407481881529035
0.0031113185778752586
0.0031050083833721255
0.003140486794892864
0.003107422195719941
0.0031181806389371223
0.003102820462379023
0.003134049803429517
0.0031701115094686983
0.003155100556393932
0.003179168811138344
0.003166032516884037
0.0031164997759119705
0.0030945412055728657
0.0031105921008991967
0.0031012269984807346
0.003072075403024945
0.0030547730457897468
0.003021216228569623
0.00307211603993847
0.003027416533918422
0.003005386388728685
0.0029978378718185017
0.0030302201910960666
0.0030292569298332843
0.003045377627201957
0.0030434358807764966
0.003071703582297133
0.0030579375643426574
0.0030186575664898126
0.0030383036051833544
0.0029830596364937532
0.002980867394006279
0.0029967187907886782
0.003005768714139323
0.003022061285569268
0.003049511638117654
0.0030451493938408536
0.0031037721409467476
0.0031247991687036376
0.0031164946901920468
0.003087571738154795
0.003090262724356195
0.0031065113298175987
0.003125155270509487
0.003130857036592832
0.0031319329033897237
0.0031237646641934184
0.0030164534164597344
0.003049636455070794
0.0030550211336897036
0.003047594470372657
0.003042256694362405
0.0030853221968757537
0.0030619256069072493
0.003070007502457226
0.0030853415337243084
0.0031119914560101387
0.0031500967582841185
0.003172249858171301
0.003148527707432383
0.0031776208457475795
0.003158709759789412
0.0031137769380641975
0.0031313775241099107
0.0031318537369785134
0.0031206816471083063
0.0031127614026943734
0.003080565384280699
0.003064372373483882
0.003059679392654288
0.0030238662235266543
0.003000086719298653
0.003008174354139803
0.0030198855114462447
0.003011748744130014
0.003013241420377963
0.0030286754655566173
0.0029550238182463
0.0029403294677614817
0.002919363911115685
0.002917682381460983
0.0028751605954399875
0.002924302405493689
0.002869211084727177
0.0028856462892529943
0.002886524364474956
0.002888238167200578
0.0029301490359050384
0.00289938042365267
0.0029091395359200157
0.0028664612590070483
0.002864077905057137
0.0029331852089488856
0.002972836473030283
0.0029762253998711725
0.0029910263363656453
0.002943564593126616
0.0029785299822567566
0.002943640925577576
0.0029260310376404163
0.002961277347871239
0.002976981160482795
0.002957239471185431
0.002965157087110372
0.0029908033954137506
0.002996310066009501
0.0029906681118243425
0.0030129858852522085
0.0030213119971785724
0.0030103651858131245
0.0030229128747719437
0.0030430663241855166
0.0030719350068182665
0.003081936672074408
0.003115435400859673
0.003107048262410067
0.0031031546610346353
0.0030813323650759846
0.00308572100220318
0.003085471994404971
0.003042103996506996
0.0030565296885146157
0.003014459354757283
0.0030020730547291124
0.003003667978023098
0.0030005822548486738
0.0029947329057305556
0.0029411178000392116
0.0029390477789004105
0.0029338690762020173
0.002956413710965856
0.0029313593691349077
0.002886827329733754
0.0028883867373573615
0.002886744689492691
0.0028810497036157673
0.0028514702842794564
0.0028529091803602942
0.002861957786779909
0.002870029726887714
0.002864772545222439
0.002848502324579871
0.002861612875388477
0.002878182453924397
0.00286486414982205
0.0028853645948438006
0.0028837187214791745
0.002894890689438327
0.002903703164620824
0.002897597590016043
0.0029207864681828326
0.0029245274121446176
0.0029090332172593764
0.0029563755279189852
0.0029661195362155647
0.0029967183449064196
0.0029955052815070554
0.0029417896195635938
0.0029547038327526133
0.0029672416653675144
0.0029424380368985475
0.002944621068293651
0.0029630592208312267
0.002946190839938348
0.00294362380370945
0.0029464624173310477
0.0029432251738768797
0.0028848436128664392
0.0029155623660181286
0.002914787137580048
0.0029126826967702858
0.002902319915516372
0.0029138868566627057
0.0028960213538020392
0.0028863764467141994
0.00284210755594523
0.002853168058020217
0.0028371636475190737
0.0027937280359124697
0.002783225872405056
0.002751517365252821
0.0027596733355921
0.002725990304131528
0.002733773290584329
0.0027121847621888826
0.0026855263087074764
0.002679571602332248
0.0025999367643842457
0.002585623403177388
0.0025965493212949838
0.0025783100289413726
0.002571939091041804
0.002558641888389276
0.0025857085448872594
0.002577093994215327
0.002604261841001433
0.0025833586014802432
0.0025790015823928055
0.002579099375127597
0.002589899463010408
0.002564498854408156
0.0025360671549080876
0.0025094754504272542
0.002486846542685151
0.002478666999975348
0.002458048247622833
0.0024438569458545617
0.002483526789911687
0.002439209049705428
0.0024252388354064932
0.0024047183034142995
0.002386744350565277
0.0024088167950298374
0.0023798948935370772
0.0023838168239631507
0.0023768260296319096
0.0023916702353950926
0.002420873240314286
0.002461816280203275
0.0025066198237099426
0.0025179301745583906
0.0025290591971525852
0.0025316533833310445
0.0025467864240071355
0.0025492801036529284
0.00258042552850716
0.002593897993754975
0.002578067516224175
0.0025494356411911757
0.002515761042739577
0.0025424821652562527
0.002575505869872979
0.002520821644810162
0.0025190030364572965
0.002490418116505261
0.0024766313942910113
0.0024634785170752622
0.002499627991829833
0.0025079439076355976
0.0024907914784678097
0.002476963844218526
0.0024724829711301206
0.002470913670837463
0.002465441116854752
0.0024657906630767713
0.0024658047986141243
0.002437411800062584
0.0024620227722197087
0.0024220846476400034
0.0024338721470834298
0.002428223693503097
0.002445631560736631
0.0023744393233173194
0.0023438311520834793
0.002303995946188082
0.00227679128590358
0.002284839676975917
0.002284051467698955
0.002315335395032548
0.002304957071352587
0.0023304636290713892
0.002293908711190263
0.0023208792946368337
0.0023117639172762225
0.0023340195758417507
0.0023257445021886832
0.002338715057708987
0.0023615421247040356
0.002307054159917587
0.0023117823424462646
0.0023178333397477833
0.0023311831142084584
0.0023246349133203836
0.002311253117135499
0.0023133676040562002
0.0023021898278881917
0.002300667019161552
0.0022795823179793647
0.0022846057779229434
0.0022838431170135016
0.0022755243526633735
0.0022866578189972295
0.002299944537003216
0.002324799645862344
0.002318352985073849
0.002332102969058071
0.002322739375018187
0.002316980760501129
0.0023549311589812186
0.0023343518739575883
0.002322269395005614
0.0022952192756064854
0.00234462639479006
0.002302378421233491
0.002298505577430899
0.0022889568296438835
0.0022557192759653883
0.0022191011950247414
0.0022231980819049017
0.0022170845159354357
0.002239853415668068
0.0022293747607862995
0.002196484216102362
0.002179882859645444
0.0021467308661193775
0.0021405943503250706
0.0020852098679645012
0.0021189571814063226
0.0020947828696628507
0.0020793735473952635
0.0020452847436398863
0.002056793239274475
0.0020895733064211575
0.002077705198973591
0.002082142844636994
0.002111066914593291
0.0021154671467289296
0.002146102088467824
0.002169025242465277
0.0021522247943882348
0.0021783499309798774
0.002159059842166344
0.0021762004146822856
0.0021533478968335327
0.002127603792949243
0.002103004016364219
0.002079489412242896
0.0021141011069000255
0.002092105490197288
0.002107413265771183
0.0020897352897769187
0.0020874656658056868
0.0020841984846466655
0.002073943203971562
0.002066410711027495
0.002053405034830784
0.0020473440977163892
0.002039241902820087
0.0020267335106542816
0.0020175210248046557
0.002007112207399983
0.0020167889868567376
0.0020522071051685188
0.0020538596444358384
0.0020364575117007427
0.002021043492279132
0.002036382998373294
0.001968096514499489
0.001982588843181436
0.001963191032928555
0.0019702015045114504
0.00197520747054838
0.0019871047184558534
0.0020048008871998207
0.0020005260725980186
0.0020069425602546364
0.0020031513692354286
0.0019827726881250494
0.001995442227601259
0.0019717814973738194
0.0019420555236366068
0.0019344000772059898
0.0019658178708245643
0.0019610470001639726
0.0019385938864577871
0.0019325269449310453
0.0019430523564895616
0.0019035082759589926
0.001920192554239419
0.0019036989174123827
0.0019257323928604075
0.0019069587934157695
0.0018450678040126496
0.0018199992416669827
0.0017993327335557555
0.0017930164359839964
0.0017701072297809353
0.0018314463500973893
0.0018134409639150625
0.0018131006679842374
0.0017991053100170084
0.0017892269039724337
0.0017496675415004375
0.0017533553963887379
0.0017625593919015933
0.001742211090618976
0.0017438086626121265
0.0017507644960525514
0.0017317776915069232
0.0017489962852785424
0.0017385629596015962
0.0017608642524725882
0.0017598397983764613
0.0017571245283685456
0.0017943390041722652
0.001809062124769795
0.0018357209509188665
0.0018207249715510422
0.0018180706272239518
0.001837630942452391
0.0018337691723735107
0.0018509397567454155
0.0018983432799522702
0.0019235598253932891
0.0019213402741865297
0.0019162489244011472
0.001932768516352298
0.00192861170617649
0.0019084174573624165
0.0018840735713483514
0.0018770684107935953
0.001861299895723384
0.0019022036945448681
0.0018718364570526687
0.0018665531347833307
0.0018517609848755913
0.0018328171362841435
0.0018236885576632428
0.0018093446358536155
0.0017821099058302535
0.0017907202030818582
0.0017777209441718815
0.0017796706503381
0.0017811792488806137
0.0017704946713125629
0.0017638441605528066
0.0017466697391258855
0.0017485017438989986
0.0017346653108133276
0.0017142317557194548
0.0017065841526092427
0.001688949900845158
0.0017081296642436023
0.0016703901683893573
0.001669346311806735
0.0016561195704835026
0.0016321013757116026
0.0016127110235019133
0.001626947762943702
0.001619347735828812
0.0015979644685842436
0.0015794664118372553
0.0015902301060464396
0.0015719543452244321
0.0015527877872240886
0.0015448317985188459
0.0015319380488734847
0.0015571210255073118
0.0015459934187505423
0.0015491576723290568
0.0015340731810928178
0.0015382768616786211
0.001541043711193797
0.0015197263917708609
0.001495396998684952
0.001480600707046398
0.0014616107673714764
0.0015354788664862266
0.0014965639755796546
0.0015053079379555394
0.0014994892922986162
0.0014996385439594356
0.0014919516292612456
0.0014860346192709496
0.001491184119982488
0.0014646187911303156
0.0014660113295568145
0.001461655939720396
0.0014739953671337228
0.0014644157144576792
0.001469260980970167
0.0014503716606016188
0.0014749675367192443
0.0014742799869115791
0.0014813415358153864
0.001469963664704008
0.0014698374282334902
0.0014649647757460176
0.001479472747750459
0.0014897477383265263
0.0014863199092231135
0.0014913167844901056
0.0014669138886437391
0.0014692566266172726
0.0014668868413003364
0.001475888490202226
0.0014879782221896428
0.0015027537991482772
0.001510198599091815
0.0015072629884240753
0.00151146803988543
0.0015279354886861304
0.001521729596434912
0.001521059411361961
0.0015245057330670138
0.0015136536204735335
0.0015123703363496468
0.0015092259956389217
0.0015227310931859783
0.0015251541731030412
0.0015191983564085576
0.0015231913388802304
0.001535254693135028
0.001556685622390617
0.0015411554905231412
0.0015568033731808747
0.0015595179072172643
0.0015767451046475123
0.0015672602458337032
0.0015690656048349529
0.0015703143081776919
0.0015701152808976972
0.0015554691753089604
0.001549891164429196
0.0015600334230996735
0.0015474143835609306
0.0015614342971438206
0.0015498179203434406
0.0015650214865588327
0.0015564471355666704
0.0015465730140272794
0.001522069634862804
0.0015593511799632037
0.0015297634576702415
0.001547826497658435
0.001541621403872571
0.0015455744546101363
0.0015497990875464683
0.00154500630522171
0.0015437158976332065
0.0015426205624461458
0.0015483259620978334
0.0015093262116236943
0.0014981694893624802
0.0014966833272559424
0.0014940788903474874
0.0014938688404149247
0.0014745503046393275
0.00148532527532328
0.0014864478768659732
0.0014946985846677112
0.0014813558570948065
0.0015011297832112365
0.0014882287986537179
0.0014821863589876353
0.0014737272354747074
0.001477481618316957
0.0014940887222894606
0.0015020300562611547
0.0015113608203197399
0.0015021564422611454
0.001498575247731802
0.0014916168964731245
0.0014873486241806578
0.0014959405122096981
0.001503698775809449
0.001505679511072704
0.0014834694360317318
0.0014630240647863656
0.0014476172579766069
0.0014320946973347445
0.0014226834041315458
0.0014327991302415326
0.0014167697441588808
0.0013991779694068408
0.001400378168328013
0.0013926882823927682
0.001375458413249783
0.0013695814473630777
0.0013563435958819968
0.001350179794201395
0.001336652723694406
0.0013773243024395923
0.0013525851494522248
0.0013540376561579017
0.0013528829543411791
0.0013482724132535123
0.0013391001413656572
0.0013397865113274582
0.0013335026035288836
0.0013275781898321021
0.0013340218983845086
0.001371780391520518
0.0013784673372464324
0.0013897659297968073
0.0014055980764211017
0.0014020662045815435
0.0014066059038129136
0.0014089856028394966
0.0014052262019332293
0.0013962240889265043
0.0013995111936113216
0.0014123447234040585
0.0013949391253663792
0.001397728414346713
0.001379991473142147
0.0013811641531089605
0.001360185727663127
0.0013657520695579736
0.0013367195952313268
0.0013381262691884211
0.0013259198886817073
0.0013229054236956474
0.0013252304221123591
0.0013204749844692265
0.0013215805820535771
0.0013194950732186483
0.0013088236555881198
0.0012950662781217933
0.0012884321698459725
0.0012802683036530359
0.001269342669418013
0.00127502512211407
0.0012719808198287067
0.0012706121491712907
0.0012688640178861305
0.0012610031647530874
0.0012385553990944694
0.0012520170193681757
0.001243783011239362
0.0012400772784639468
0.0012450816691774605
0.0012606804759123982
0.0012596898135138457
0.00126315077483771
0.0012643978420854643
0.0012569413638249035
0.0012579299503404425
0.0012515208775414996
0.0012525115933227759
0.0012412697644502888
0.0012446050143966934
0.0012393166469235395
0.0012304423311480092
0.0012282241571353893
0.0012235616736184535
0.0012164332358248625
0.0012319744240460217
0.00123375505859566
0.0012246338707914014
0.0012102290322103684
0.001210059004381294
0.0012071565729515042
0.0012113228342580241
0.0012136469747978016
0.001211305277126847
0.0012162059895843855
0.00122323970516966
0.0012264421544915618
0.0012226128780307148
0.0012251062185625312
0.0012285189830276793
0.0012037578502166726
0.0012097271962300293
0.0012089768152831863
0.0012026973373021471
0.0011987888247042375
0.0012049833633829496
0.0011895795463954348
0.0011885821478609853
0.0011824137466864093
0.001190919358591175
0.0012145839369046094
0.0012094120394931882
0.0012044197431543035
0.0012041739588218487
0.0012108836335122178
0.0011973500030487694
0.0012038895816882502
0.0011963500079301295
0.0011973891094776165
0.001203561796548701
0.0012068299033748879
0.0012090776327468653
0.0012078683040362794
0.001205164978484671
0.0012012509069983725
0.0011997719662711008
0.0011933078794306709
0.0011907628391861229
0.0011882249440437185
0.0011839747480919414
0.0011810960489698574
0.001178645073806723
0.0011666058907578898
0.0011629895587512153
0.0011548647997650535
0.0011466220507720028
0.0011422919203328754
0.0011397896031278842
0.0011404974388164483
0.0011380406250055969
0.0011144598172822366
0.0011195011451582888
0.0011182920956962143
0.0011158319349683652
0.0011112468931527783
0.0011157372008224501
0.0011143259989573966
0.0011175744835154014
0.0011195303462113962
0.0011225716453696544
0.0011162375663422053
0.001110355898241436
0.0011088559324875296
0.001103107915441749
0.001100902513483057
0.0011015273148744173
0.0010926624761695954
0.0010932839114082254
0.0010923712402855618
0.0010871259768712605
0.001079291322148738
0.001076672582743017
0.0010755083320032827
0.0010747179058132605
0.0010743486412534383
0.0010713874411133633
0.0010755983536481085
0.0010758944374745642
0.0010743559799443554
0.0010741504521207506
0.0010658287650643747
0.0010759136175193108
0.0010737560305839906
0.001076968510250486
0.0010747208837153003
0.001086227141349899
0.0010811845604162325
0.001080563862565539
0.0010760662277651577
0.0010698599601837984
0.0010610257014971862
0.0010553214885964382
0.0010491568382841447
0.001048283827292709
0.0010405380824400567
0.001040496472600329
0.0010435405887221725
0.0010417946208808532
0.0010415015283047743
0.001039753298307229
0.001032584346604451
0.0010345432133702787
0.0010337495183846883
0.0010334174118296262
0.0010299207686609514
0.001025545500776813
0.0010253830732776306
0.0010238417675457654
0.0010247173009443635
0.001023261091361312
0.0010248461460344944
0.001022472697787986
0.0010230126188773153
0.0010240978308753209
0.001022514394051922
0.0010220579491070374
0.0010194777100102214
0.0010177692667004508
0.0010153122415249335
0.0010148546834227378
0.00100881894955118
0.0010084887418608302
0.0010070326501678706
0.0010056172441322263
0.0010035771466660125
0.001002205602104382
0.0010012029764503198
0.001000871993270648
0.000999581248060726
0.0009974149686556774
0.0009989113653086884
0.0009989124471422193
0.000997539308622117
0.0009977894843301981
0.0009977493676748283
0.001000207189345319
0.0009982107684298476
0.0009970461009690791
0.0009959649050459306
0.0009950910258984841
0.0009938805119026146
0.0009936760051383734
0.0009913856914386182
0.0009897615229156182
0.0009880130058318136
