1.500141797655983
1.500094259771551
1.500041874231104
1.4999894570916716
1.5002881845998115
1.5006814488353104
1.501466092519805
1.5025296028211332
1.5038885617712419
1.5055740739237207
1.507408097587063
1.509404540032092
1.5114973538043603
1.513648562500472
1.5159082226298217
1.5180927905600257
1.520255196449327
1.5223619676790416
1.5243948530473226
1.5265007618106299
1.5283989109666412
1.5302023691178974
1.5318796060538957
1.5334314730884608
1.5350128071057003
1.5363850766634493
1.5376350302687047
1.5387653296712418
1.5397696662266895
1.5408497083733412
1.5417477124862948
1.5425294174652064
1.543190817674066
1.543736745898779
1.5444619425991133
1.5450246238620426
1.545442224892101
1.5457717186588182
1.5460080716297977
1.5465276518775093
1.5467522128508804
1.54694249264331
1.5470526783031826
1.5470864446065484
1.5473531214503187
1.5474847386569162
1.5475442637091563
1.5475715856783943
1.547538546151678
1.5481393841180917
1.5485132447181815
1.5487905035043201
1.5489795620889268
1.5491297780862034
1.54980888302035
1.5504493145146732
1.550832686409177
1.5511436129842
1.5513648300414775
1.5522327017343127
1.5526793663952987
1.553128356369811
1.5534171041750569
1.5536130810785636
1.554528637498172
1.5550249497405133
1.5554590658870209
1.5557903143267744
1.5560511899686948
1.5569467739711682
1.5573975279125358
1.5580049050100317
1.5583038165357888
1.5585750938199878
1.5594954737316822
1.559844772626791
1.5601326114965346
1.560219778225388
1.5601596044645782
1.56101409119922
1.5613639997688589
1.561614869685192
1.561669983890912
1.5616309219694522
1.5627072614585948
1.5631010684531261
1.5633889984022957
1.563471189220431
1.563436151522619
1.564197530919272
1.5645264559042638
1.5646955643769014
1.5647048265969652
1.564588704045485
1.566029389122776
1.5669173614874488
1.5674444232594935
1.5677843539850025
1.5679532040894708
1.5691353946012814
1.5698198360463256
1.5702611233036103
1.5705819087618795
1.570760699535202
1.572394114255624
1.5733443273264631
1.574149092129197
1.574712252953189
1.575153685194051
1.5770898107534572
1.580293453377356
1.5823416270779715
1.5841383509279456
1.5856794259798317
1.5885857611911411
1.5906703220520946
1.5923624699913734
1.593710696439245
1.594823348738173
1.5977457139285767
1.5990197236550567
1.6002768335009792
1.6011828972138111
1.6018374423017407
1.6037530155097037
1.6046246642106003
1.6053840881877255
1.6059155998403307
1.6063215743027597
1.6089390446067033
1.609862853937626
1.6106887677549864
1.6111765036611105
1.6114994025338314
1.6130695783919213
1.6135327823332855
1.6140117653206303
1.6142517428810388
1.6143554395964514
1.615752432571633
1.6160278381702533
1.6162955317578274
1.6163725366249333
1.6163652279656338
1.6176897867739168
1.6179414076308294
1.61827533826676
1.618348908138346
1.6183161158272164
1.6199723041218341
1.6203745499040612
1.620860832256886
1.6211112969627086
1.6212727993738376
1.622682299970694
1.623091594185287
1.6235588019038973
1.623844207651814
1.6240234742686717
1.625585529187677
1.6260000130708274
1.6264681836290908
1.626748756591102
1.6269694810759703
1.628447449237755
1.629112594855691
1.6296874881968497
1.630145167892172
1.630500072818931
1.632254738420184
1.6331296604041494
1.6340093594111058
1.6347101096498153
1.6352753188315259
1.63723556556889
1.6380708865898905
1.6389738628960349
1.639707851549189
1.640304709902286
1.6421468972562803
1.6429713240625927
1.643862105019382
1.6445908352297185
1.6452635776153446
1.6471482748976654
1.6481008411634874
1.6491198954107809
1.6499570491728974
1.6507218189547395
1.652457478696039
1.6532991697006156
1.6541793017995392
1.6549123313305676
1.6555717352270953
1.6572595949982656
1.658045296319368
1.6589216551277584
1.6596345988570593
1.6602790620100858
1.6617972222217265
1.6625656165929972
1.6633660709224565
1.6640150285663744
1.6645788994381416
1.66568104228649
1.666201444107805
1.6667309966233548
1.6671433596569976
1.6674642900988441
1.668244876101942
1.6685279026321822
1.6688300521244956
1.669041839672967
1.6691837005269192
1.6695947903073527
1.6696632225557686
1.6697352050430612
1.6697361418600212
1.6696955538934735
1.6698415709433043
1.6697639991532363
1.6696840723094215
1.669567014799745
1.6694297729738594
1.6693988301327207
1.6692505695549713
1.6691084336039752
1.6689554889414262
1.668802620488193
1.668692442263376
1.6685488824993016
1.6684100830293438
1.668265891285574
1.6681177849852213
1.6680088149568804
1.667857952109798
1.6677107157109081
1.6675560944434025
1.667397242629466
1.6672694526175527
1.6671054315814622
1.666944546279918
1.6667778467651768
1.6666073869712494
1.6664767642032903
1.6663066687270691
1.666141538008984
1.6659709350902425
1.665797793100138
1.665662226020445
1.6654903108144543
1.6653231726314548
1.6651511793573839
1.6649766637408236
1.6648437937274185
1.664670151729849
1.664502526550731
1.6643299830825729
1.6641557760208048
1.664022288897815
1.6638492974675785
1.6636819585380873
1.6635103109940854
1.663337425513386
1.6632049402640894
1.663034644041377
1.6628703739309358
1.662701836098787
1.6625313056718347
1.6624135604195487
1.662247273550374
1.6620888083593097
1.6619249843521828
1.6617592829936079
1.6616410544627314
1.6614767081429733
1.6613200422352774
1.6611575639731484
1.660993604276263
1.6608783516262458
1.6607158157424387
1.6605601405558532
1.6603979875773909
1.660234263943509
1.6601121450199792
1.6599489195347987
1.6597916625402112
1.6596298961846212
1.6594661651156846
1.6593537935495721
1.659192908248028
1.6590391048365989
1.6588796284780223
1.6587181743947523
1.6586176375778159
1.6584619623912304
1.658314722274813
1.6581606623539777
1.6580043291650035
1.657900396386587
1.6577477435499557
1.6576028938037977
1.6574530439829915
1.6573012331663657
1.657201638742681
1.65705191345905
1.6569097737905263
1.656762795759806
1.6566128938936127
1.6565236918183877
1.656378829060883
1.656243185771874
1.656099817460472
1.6559551368618202
1.655863544416336
1.6557198749851967
1.655583926858923
1.6554408949837705
1.655295273850631
1.6552145031280467
1.6550742315171518
1.6549426644971772
1.654804404068724
1.654664913138629
1.6545886666471572
1.6544551665128207
1.6543295977236596
1.6541978411097766
1.654062524963198
1.6539922785613035
1.6538648342794586
1.6537449142735159
1.653617311996747
1.653485966169666
1.6534251195363572
1.6533002998290118
1.6531852776657068
1.6530629282554645
1.6529372200590178
1.6528672450366397
1.6527429495006885
1.652625568566109
1.6525016187602264
1.6523740146246941
1.652309102874934
1.6521846883780986
1.6520681866388014
1.6519439580183475
1.6518165713581805
1.6517542934767384
1.6516323381244236
1.651518550180288
1.6513982007999048
1.6512747454251953
1.6512210420212075
1.6511067745160093
1.6510014922750669
1.6508887675438306
1.650774003748695
1.6507293395131135
1.6506200218959401
1.6505198995833332
1.6504109500013946
1.6502987810405376
1.6502665872513547
1.6501615447909437
1.6500685378262003
1.6499668950447974
1.6498607540549752
1.649827376233245
1.6497246702389432
1.6496326874530587
1.6495310353778365
1.6494256434698296
1.6493929552494733
1.6492947548986454
1.6492056829368875
1.6491090067723837
1.6490084290626434
1.6489894064738155
1.648896057496531
1.6488144875055086
1.6487222798092034
1.648625884318035
1.6486044025846869
1.6485114588179128
1.6484287178056904
1.6483379004647147
1.648244465984295
1.6482298784059173
1.6481454552124468
1.6480699986955936
1.6479853821906874
1.6478961039061462
1.6478883918950997
1.6478073274878335
1.647737200046823
1.6476580761889739
1.6475742440823948
1.6475725284433986
1.6474946443810106
1.6474255020848192
1.6473455808172959
1.6472599382747661
1.6472548136629428
1.6471734871699795
1.6471030771968698
1.6470221856546379
1.646938303361436
1.6469345765399979
1.6468540809144567
1.6467832025328677
1.6467043128792582
1.6466201573477768
1.6466240347290835
1.6465456729643961
1.6464803076762662
1.6464053883421546
1.646326727316494
1.6463357813550108
1.6462662022493244
1.6462087013908728
1.6461415312430834
1.6460701602890844
1.646089803705025
1.6460261875136395
1.6459730640439598
1.6459099013909444
1.645841773979793
1.645872718679696
1.6458149557355473
1.6457699717925902
1.6457133203891996
1.6456515927018451
1.6456750856176352
1.6456166702473893
1.6455694056012373
1.6455101872450257
1.6454455654624196
1.6454652163134156
1.6454061020479773
1.6453566273316558
1.6452982621480325
1.6452341738306397
1.6452529083110772
1.645196909333784
1.6451516558700743
1.645096054668236
1.6450364868644283
1.6450669036754093
1.6450169159402765
1.6449796700310586
1.6449300763538535
1.6448764026900864
1.6449300205909392
1.6448870143726755
1.6448599117375668
1.6448204204416672
1.6447761075124454
1.6448304020033249
1.6447947787949133
1.644770717097397
1.644734833662052
1.6446922159254243
1.6447480513315025
1.644712255258056
1.6446902307656757
1.6446561150147134
1.6446156422915221
1.6446734944563335
1.6446384902162705
1.6446153151490916
1.6445783759359023
1.6445376206806122
1.6445997405671307
1.644569446434561
1.644551407131788
1.6445220684038169
1.6444859823632163
1.6445479349609917
1.6445191854611483
1.6445013171646459
1.6444727962927506
1.6444398831619733
1.6445083507269016
1.6444841012942408
1.644472606698842
1.6444476211957129
1.6444186337741014
1.6444814302506463
1.6444586269362296
1.6444453274811714
1.6444213494280273
1.644391795083454
1.644471396643602
1.6444497308926367
1.644445258706911
1.6444267825946426
1.6444027971064432
1.6444707535113239
1.6444532551088198
1.6444472698893529
1.6444287361554066
1.6444042283545766
1.644479296389793
1.6444629913136548
1.6444600210090872
1.6444448126035962
1.644424232370696
1.6445059417690044
1.6444930047728892
1.644493318903973
1.6444826421646503
1.6444652608642663
1.644556829145821
1.6445496952103198
1.6445562770929696
1.6445490279141122
1.6445361020705798
1.6446202761896995
1.6446112388800571
1.6446145827961505
1.6446049265181595
1.6445878147385278
1.6446570295265077
1.6446401036232572
1.6446338210015803
1.6446144526826838
1.644589745994126
1.644650981109071
1.6446298692697212
1.6446169768839374
1.6445945062882423
1.644566496576395
1.64463964636736
1.644619724136848
1.6446113411120666
1.6445913947176252
1.644566135976216
1.64463906085676
1.6446181423288462
1.6446088354984514
1.6445894485919166
1.6445636842667508
1.6446344269585829
1.6446141813031676
1.6446067313778185
1.6445887088039204
1.6445661341174522
1.644656295314803
1.6446442951356477
1.6446475609836613
1.6446384344533562
1.6446245216062412
1.644708165977675
1.6446993572959812
1.6447033610732271
1.6446952326990874
1.6446793700087359
1.644757625823886
1.6447470345876987
1.644748417507973
1.6447369693816691
1.6447195062956776
1.6448053309970607
1.6447960130140828
1.6447984833111857
1.644786477555739
1.6447706929334676
1.6448443929185206
1.6448341418361103
1.6448338128349158
1.6448202940457282
1.6448016320570795
1.6448923694712114
1.6448820923661076
1.6448852002191974
1.6448771369017912
1.6448624359388206
1.6449603463224938
1.644956613924764
1.6449663222481419
1.6449633946951414
1.6449538164852306
1.6450405817211013
1.6450386114314626
1.64504736806777
1.6450455074451966
1.6450360277497673
1.6451184713597806
1.6451100158432104
1.6451129136559899
1.6451028112746844
1.6450867236739117
1.6451759090202627
1.6451695855057824
1.6451753644024663
1.6451690520405686
1.6451557786082038
1.6452530254131972
1.6452482706953724
1.6452578730692131
1.6452541295189
1.6452434193218288
1.6453301845576995
1.6453241807505943
1.6453311864313929
1.6453262458371867
1.6453154427019252
1.6454080834901983
1.645407109497962
1.6454186449861645
1.645415117052454
1.6454058548323902
1.6455058061387267
1.645504229907016
1.645516289566613
1.6455152542351712
1.6455071872002371
1.6455931345800316
1.6455910248831074
1.6455974487708336
1.6455928836469171
1.6455800098487714
1.645667022300229
1.6456568214044414
1.6456595091769104
1.645650049927883
1.6456348192172268
1.6457143148278377
1.645701822076273
1.645702507960119
1.6456898534961029
1.6456715074973018
1.6457646557280945
1.6457580961506106
1.6457675758460393
1.6457614121852469
1.6457506239200954
1.645844320486212
1.6458421791903035
1.6458520343560223
1.6458484209191762
1.6458380676047566
1.6459189405593506
1.6459121635065006
1.6459165408952723
1.6459079924405116
1.6458937914850058
1.6459834879914046
1.6459755882452134
1.645979458191465
1.6459715045411236
1.6459583296232407
1.646051221344628
1.6460461580720107
1.6460526377226508
1.6460463383721
1.6460336653204457
1.6461232688886538
1.6461140587139766
1.6461178952024802
1.6461087686721747
1.646092274002128
1.6461638457026184
1.6461501038617739
1.6461453119686726
1.646128967858494
1.6461059136109633
1.6461719499128284
1.646150022076166
1.6461399791753024
1.6461171870134688
1.6460901029659982
1.6461557879615036
1.646133685401043
1.6461233097814574
1.646100952570355
1.6460724614386806
1.646147406795486
1.6461235774434462
1.6461135977405519
1.6460921067133851
1.6460660096694972
1.6461376036751538
1.6461175197321907
1.6461118709489728
1.6460936123120709
1.646071121269974
1.6461458733153431
1.6461287317954902
1.6461252893649148
1.6461110382227861
1.646090855765341
1.6461735112744285
1.646159892111995
1.6461587880062922
1.6461462896784365
1.646128860050193
1.6462041306906647
1.6461910208295152
1.6461901973971476
1.6461780726808175
1.6461594460086808
1.6462377817506748
1.6462251012639653
1.646225692350857
1.6462140973822124
1.646195558071975
1.6462770388423345
1.646265845366673
1.6462670535631492
1.6462561556309332
1.646239800368172
1.6463392591020989
1.6463360099829594
1.6463478837661756
1.646345642097021
1.6463376810116241
1.6464131282346581
1.6464049812728803
1.6464081839229243
1.646399800898143
1.646386265380081
1.6464678279360487
1.6464602088631926
1.6464653130286138
1.646458262737484
1.6464457067879497
1.646526564872433
1.6465166929778399
1.6465191744275263
1.6465079177538948
1.6464911572806233
1.6465596118342047
1.6465458346768476
1.6465433643797447
1.6465310482107423
1.646512161311672
1.6465905509578167
1.646579454137873
1.6465808742334236
1.6465701621775883
1.6465548087885207
1.6466324549291411
1.6466223822880568
1.6466235254277997
1.6466132185824751
1.6465960566162205
1.6466598809891526
1.646646107549323
1.6466417004203304
1.6466264864385485
1.646605601368383
1.6466670353710562
1.6466511838332873
1.6466460369162987
1.6466290199336209
1.646607592104423
1.6466746730315498
1.6466588568102933
1.646654672732958
1.6466384921939952
1.6466173506144244
1.6466867568550763
1.6466693142154867
1.6466661896335222
1.6466514198962912
1.6466327579076425
1.6467002626329172
1.6466869929180803
1.6466836917535541
1.6466703291005267
1.646651977525434
1.6467235882599642
1.6467093222477256
1.646705409549906
1.6466926714415184
1.646674749240866
1.646736276181729
1.6467207090348233
1.6467129412608628
1.646695959594698
1.646672141395241
1.6467281236436602
1.6467094300560265
1.646700978256984
1.6466823051157522
1.646659204399126
1.6467428450530324
1.6467285623119192
1.646729491693824
1.6467184208965737
1.6467029057950544
1.646777622523911
1.646769040611402
1.6467712878568477
1.6467621985018184
1.6467474231882957
1.6468217068251843
1.6468125040855626
1.6468139855203194
1.646805178697389
1.646790306728148
1.6468588988302517
1.6468463521745367
1.6468435584525307
1.6468308073327964
1.6468121713668407
1.6468798656860244
1.6468646368341322
1.6468594973521984
1.646844054742468
1.6468240525851126
1.6468873472103585
1.6468712540332942
1.646863770650197
1.6468461551455726
1.646822920597952
1.6468645885062732
1.6468422164250598
1.6468270228896802
1.646803197255168
1.6467737581539508
1.646826809131842
1.6468027121178137
1.6467901096991842
1.646768298964642
1.6467411758831314
1.6468049723746063
1.6467835259577706
1.6467728863937239
1.6467525459413548
1.6467271292050214
1.6467884795633232
1.6467672654919638
1.6467584121999383
1.646739441656497
1.6467151401784497
1.6467740927314365
1.6467549660518352
1.6467468246663488
1.6467282240169059
1.6467048314743613
1.646767010841322
1.646747380436728
1.6467390736212628
1.6467202666490366
1.646697309057224
1.6467564400515364
1.6467399249350876
1.6467336330195919
1.6467175565714023
1.646696788603357
1.6467618880882622
1.6467466369312043
1.6467425346394764
1.6467284396335078
1.6467100917759427
1.6467562411638088
1.64673579847943
1.6467228837884804
1.6467008555785725
1.6466734927165305
1.6467247202471247
1.6467020265997725
1.6466894148873241
1.6466675967177267
1.6466398974194352
1.6466847233674684
1.6466611691124726
1.6466458120058773
1.6466212428658416
1.6465919115729253
1.6466432004427247
1.6466195067804434
1.6466051032196825
1.6465814132749284
1.6465532771671416
1.646596032452291
1.6465725915818876
1.6465573199784276
1.6465327824373766
1.6465044158428774
1.6465512362444785
1.6465256726658044
1.646510533034575
1.646486698106244
1.646458703264507
1.6465042950232298
1.6464803429927786
1.646466140178509
1.646443970702551
1.6464179796082012
1.646472500868266
1.6464539522642092
1.6464449484123154
1.646426065230773
1.6464030258533524
1.646445781138502
1.6464247938363272
1.6464125483003496
1.6463913583929195
1.646365805966828
1.6464125018312539
1.6463928714266605
1.6463825311235876
1.646362857967426
1.6463385918058908
1.6463825775926828
1.646360740835447
1.646347164424581
1.6463246808175398
1.6462978346918369
1.6463379765550699
1.6463146249053295
1.6462988272717112
1.6462741224419173
1.6462452632750086
1.6462817470910645
1.6462554102666456
1.6462373932690386
1.6462103538318995
1.6461792567133642
1.6462153483302562
1.6461887066685723
1.6461704145739215
1.6461443732929484
1.6461142780481068
1.6461605222329265
1.646137231922392
1.6461238785631835
1.6461022035183988
1.6460767737707194
1.6461228915596005
1.6461022388349116
1.6460900583556668
1.6460690729122558
1.6460437082213095
1.6460885416043982
1.6460670357071205
1.64605487195675
1.6460339906041124
1.6460095199785585
1.6460500373120812
1.6460288381108323
1.6460161743529973
1.6459952930003592
1.6459704301756417
1.6460007967999999
1.6459761830496324
1.6459581381705686
1.645932225144298
1.6459021577809132
1.6459309388797418
1.6459020090798084
1.645880834042489
1.6458519618642338
1.64581940189858
1.6458477015775819
1.6458192903727513
1.6457980000920758
1.6457696149099386
1.645737443425921
1.6457639122225707
1.6457349731288182
1.6457125713073841
1.6456825336842202
1.645648509012685
1.6456786655967324
1.6456483528765247
1.6456267521822927
1.6455981253608603
1.645566569127664
1.645596088155725
1.6455682457326202
1.645548912730236
1.6455217227332286
1.6454911144695752
1.6455214792351696
1.6454933561387295
1.6454728595502006
1.6454453219643606
1.6454146505027376
1.645449037633216
1.645421421979296
1.6454023194636243
1.645374958460346
1.6453442758461403
1.6453765588559868
1.6453487238679372
1.6453284540485926
1.645300806795688
1.6452697710163582
1.6452944646935694
1.6452647560715998
1.6452422984872521
1.6452132999130573
1.6451813068703658
1.645207504287499
1.6451794536828477
1.6451587173137872
1.6451307559297985
1.6450993595502899
1.6451301035037014
1.6451028837664727
1.645083861177645
1.645058236259765
1.6450294588784642
1.6450626656939233
1.6450344292128911
1.6450154939859623
1.6449894118121853
1.6449602050564442
1.644978885632731
1.6449500524885157
1.6449271172018687
1.6448977096996362
1.6448651683216209
1.644883309856403
1.6448530417465264
1.644828459595144
1.6447980204789971
1.6447647597593873
1.6447881820421524
1.6447584734201832
1.6447368020929263
1.6447083797355129
1.6446773941428061
1.6447021082664193
1.6446730706581851
1.6446529458224182
1.6446261294369362
1.6445963055716104
1.644617644180145
1.6445895861404383
1.644567502167616
1.6445395184784617
1.644508473405313
1.6445266037875124
1.6444975141338913
1.6444741643429144
1.6444451100058057
1.6444128678887635
1.644431966686908
1.6444020554596828
1.6443793878350244
1.6443494543026336
1.644317082072125
1.6443354949864233
1.6443054555044956
1.6442814737338234
1.644251910095431
1.6442197534815242
1.6442338001596335
1.6442022420676734
1.6441773216212774
1.6441466668885285
1.6441139210464941
1.6441340310121506
1.6441040472931372
1.6440814205612824
1.6440528104687244
1.6440217821244498
1.644043107721638
1.6440140794072227
1.6439921199715755
1.6439639262421106
1.643933349577442
1.64394805425794
1.6439188698073648
1.6438954846998755
1.6438663374245766
1.6438345116706277
1.6438472218975582
1.6438176340952362
1.6437937898730863
1.6437640496521315
1.6437317870886876
1.6437438504658122
1.6437129838339892
1.6436879797432218
1.6436575908136977
1.6436247836324576
1.6436350663138526
1.6436034115661744
1.6435772606181362
1.6435459441654714
1.6435117912392327
1.6435199921051609
1.6434876756375665
1.6434607830427683
1.6434286970618863
1.6433946984130439
1.6434081279815687
1.6433760847522543
1.643351290701797
1.643321234490995
1.643288756310949
1.6432941727486907
1.6432616815572978
1.6432338447104844
1.6432010133653148
1.6431661280861352
1.6431744274665452
1.6431416035564306
1.6431143336325797
1.6430819855660002
1.6430473047508396
1.6430564480100196
1.6430247207705524
1.6429988653659604
1.6429684987416018
1.6429363142462379
1.6429414481518803
1.6429096688670268
1.642883270703402
1.642851985849722
1.6428187660229157
1.6428245412020726
1.6427928660079922
1.6427660198822895
1.6427341773994664
1.6427001861856791
1.6427051528025787
1.642672191343942
1.6426450496747937
1.6426129413887456
1.6425790486894407
1.6425821286610731
1.6425490891343566
1.6425215645598634
1.6424894655676343
1.642455372121838
1.6424531155825732
1.642420003564068
1.6423904752421883
1.6423571996524675
1.64232182737717
1.6423239593792598
1.6422917377086195
1.642264538417793
1.6422326178668898
1.6421992586327978
1.6421996359618511
1.6421666856557975
1.6421387781759595
1.64210688364775
1.6420733441135686
1.6420742140150315
1.6420429403139343
1.6420162205841704
1.6419853260708903
1.6419524296689874
1.6419520486224062
1.6419204607902251
1.6418932447705243
1.6418621216292955
1.6418291843345882
1.641831953892665
1.6418008660679486
1.6417750292509943
1.6417448652318913
1.6417130004439027
1.6417110636120127
1.6416787843196945
1.6416504065726125
1.641618197913319
1.6415844725027569
1.64158106352993
1.6415478344093046
1.6415190700393503
1.6414862870220397
1.641452030005028
1.6414498887091193
1.6414165127461529
1.6413875346183608
1.6413550359919125
1.6413210429193619
1.6413196191062838
1.6412880796019618
1.6412609862606722
1.6412304950991388
1.641198182349072
1.6411966563039844
1.641165893762934
1.6411390587898145
1.641108578780864
1.641076793919719
1.6410716042511622
1.641040378877924
1.641012540172347
1.6409812255784457
1.640948704646832
1.6409391506008504
1.640906776511578
1.6408773411278883
1.6408451324685949
1.6408114702560022
1.640804899525935
1.6407726536913652
1.640743984118365
1.6407120988839743
1.6406790928150066
1.640671843636149
1.6406397595140303
1.640611115963724
1.640579682408939
1.6405469031091557
1.64054139187446
1.6405096590587018
1.6404817701665018
1.640451039224437
1.6404189309383888
1.640413269143825
1.640381651571423
1.6403539150978552
1.6403230466072685
1.6402912543110684
1.6402847858130105
1.6402544935392047
1.6402276269671
1.640197832841995
1.6401666427852692
1.6401577913520076
1.6401270157996113
1.6400994689199522
1.640069336499834
1.6400380758100834
1.6400287243693572
1.639997714612721
1.6399698498844504
1.6399392936661836
1.6399076166133397
1.6398978339394095
1.6398667423971653
1.6398385969955596
1.6398078121493445
1.6397760811923499
1.639771183349711
1.639741071375995
1.6397150579764788
1.639686336358092
1.6396566165835396
1.639644341307341
1.639613961671636
1.6395857865298094
1.6395553845889388
1.6395241592157002
1.6395144248696294
1.6394838667925988
1.639456267867553
1.6394264904713225
1.639395880348905
1.6393839359326645
1.6393536399413309
1.6393259239141653
1.639295986664247
1.6392652408520718
1.639253106841922
1.6392230190321353
1.6391955130452802
1.6391658657625163
1.6391352203235865
1.6391232591784715
1.6390936602235666
1.6390667843576432
1.63903769842155
1.6390080622913688
1.6389963836783525
1.6389671193009336
1.6389405110969981
1.6389117448682804
1.638882276026842
1.6388697033484334
1.6388407419495152
1.6388141634858016
1.6387855552520072
1.6387562741457138
1.6387449468390578
1.6387164873063682
1.6386905166584196
1.6386625571331948
1.6386339024303052
1.63862020891732
1.6385921155611005
1.6385662638740364
1.6385385813046192
1.6385101403595677
1.6384956550131988
1.6384676638889895
1.6384413976975953
1.6384134158672048
1.6383848150684663
1.6383693798937902
1.638340738202248
1.638314009178665
1.6382859121049183
1.638257264837084
1.6382426140607362
1.6382144147549802
1.6381882656657059
1.6381606648818965
1.6381325585143305
1.6381187200177678
1.6380909370751056
1.6380655259150634
1.6380385868511702
1.6380111440622844
1.6379961494146322
1.6379692568198347
1.6379442527290669
1.6379177430396137
1.6378906366869774
1.6378766085965062
1.6378502866421976
1.6378257602537294
1.6377998044758915
1.6377733579844076
1.6377584098058506
1.6377324057001534
1.6377082659345572
1.6376827711301447
1.6376569900761044
1.6376424694132237
1.637617266434729
1.6375937660838833
1.6375690129262301
1.6375437987951518
1.6375284416885567
1.6375031922409669
1.6374793182785954
1.6374542863063708
1.6374287803493746
1.637412934387898
1.6373877815960258
1.6373638778934332
1.6373388477799729
1.6373134589250966
1.6372970571932406
1.6372721553344827
1.6372484969887129
1.6372238218991406
1.6371987230114187
1.6371819160690517
1.63715724655577
1.6371339190699585
1.6371096027218013
1.6370851358137752
1.6370688047149429
1.6370445943163225
1.6370218244596544
1.6369981456674834
1.636974362784539
1.6369590614408578
1.6369357135086446
1.6369137261915405
1.6368909191595957
1.636867915098688
1.636852320070325
1.6368295706600584
1.6368079997060476
1.6367856852465128
1.6367630956899344
1.6367465805734855
1.6367242010572174
1.6367026505496083
1.6366804513334297
1.6366580718171608
1.6366430790282729
1.6366210006317419
1.6366001062677569
1.6365785185848722
1.6365568268112138
1.6365409827084996
1.6365194768112226
1.63649886126181
1.6364775914275356
1.6364562119261976
1.6364408027742157
1.6364198972576478
1.6363999266992775
1.6363794375458038
1.6363588238551543
1.6363433942567707
1.6363229775950858
1.636303456857556
1.6362835067455876
1.6362634544016095
1.6362485805736042
1.636228860948348
1.6362100056482627
1.6361906968098079
1.6361712745867614
1.6361565717650268
1.6361374079101492
1.6361190674876394
1.6361003385834936
1.6360815799391268
1.6360669198689592
1.6360485125309527
1.6360307855005003
1.6360127685028931
1.6359946994599
1.6359807215560513
1.6359629759379608
1.6359459254975341
1.6359285404796229
1.6359111461678923
1.6358974210559218
1.635880301841235
1.635863840628937
1.6358470857319567
1.6358303419875586
1.6358169161365623
1.6358004790881935
1.635784661008173
1.635768634746606
1.6357526586716629
1.6357399726086619
1.6357243255349119
1.6357093773563545
1.6356941819622113
1.6356790609186194
1.6356664640762812
1.6356517222205067
1.6356373985865902
1.6356229429804425
1.6356085505722646
1.6355962697197735
1.635582111515836
1.6355683901213933
1.635554592517634
1.6355408729819547
1.6355292612844359
1.635515820563329
1.6355028092166612
1.6354896993555113
1.6354767158903007
1.63546561535283
1.6354529776176887
1.6354407599631673
1.635428477251913
1.6354163116427787
1.6354057928983803
1.6353939284089838
1.6353824003558357
1.6353709262068385
1.6353594985269366
1.6353496006096506
1.6353385019309437
1.6353277880163446
1.6353170536553432
1.6353064717129755
1.6352971444361784
1.635286926811517
1.6352770511993968
1.6352671885986225
1.6352574561113151
1.6352488686225144
1.6352394446899992
1.6352303646287893
1.6352213124490367
1.6352124108291524
1.6352045148004886
1.6351959012889943
1.6351875870384742
1.63517932483334
1.6351712726685168
1.6351639026700118
1.6351561646362727
1.635148666383064
1.6351412908082672
1.6351340806634493
1.6351274281477746
1.6351205432866236
1.6351138889121852
1.6351073646512135
1.6351009890913468
1.6350951618668035
1.6350891654947535
1.6350834349259282
1.6350778400468606
1.6350723920101349
1.6350674160994159
1.6350623044989396
1.6350575051707834
1.6350528266622746
1.635048291278579
1.6350441611053943
1.6350400327909733
1.635036099646752
1.6350323356500371
1.6350287315070104
1.635025426624957
1.635022259291425
1.635019255529108
1.6350164636658662
1.6350137257067747
