1.690783974800697
1.690740401708768
1.690694579683062
1.690667170802655
1.6906758854210409
1.6907543169865131
1.690935075038838
1.6913916085955654
1.692033960305616
1.6929828698011415
1.694151753131728
1.695605267143464
1.6974516417743666
1.699354801983138
1.7013186834038878
1.7033302141090374
1.705359736284403
1.7074128722644268
1.709636224419696
1.7118366655621122
1.7139495388455872
1.7159960685826412
1.7180913720709834
1.7202450072791662
1.7223800887836889
1.7244306947132135
1.7264333702416164
1.7283519918701045
1.7302035671603662
1.7324723196662581
1.7369412321978444
1.741104570852483
1.7454826826828234
1.7499646671419882
1.7544639402795636
1.7589112068235462
1.7632457455619577
1.7674377581222527
1.7714419847121698
1.7752325625932737
1.7788683857188488
1.782474410471879
1.7859300377785734
1.7893751232081885
1.7932153181907469
1.7968092549247257
1.8001234805201924
1.803199038018577
1.8060685369596454
1.8087373185611182
1.8113576075280247
1.8141496588121484
1.8168965908623713
1.8196141462151323
1.8220386373850803
1.824345621765181
1.8265689739204503
1.8291285416753784
1.8319579814835443
1.8346277469935446
1.8371372759719347
1.8395127122738724
1.8417446384891663
1.844003411351423
1.8465733804250695
1.8496704433526965
1.8524497038259635
1.8549945129529801
1.8573052924088294
1.8593685485908498
1.8612769094589803
1.8631776801756137
1.8652308161556375
1.8673632270512999
1.8692347616288325
1.8709983473850698
1.872965180531402
1.8756603871047544
1.8786108476617942
1.8813285435729161
1.884528214104118
1.8876044743943077
1.8903976501453197
1.8930221558630582
1.8954102424174915
1.8977228491320346
1.8998451398257006
1.9019616676265632
1.9042744148994675
1.9072486298195266
1.9110324608992995
1.9143572283718457
1.9173790925763048
1.9201562446741558
1.9227006321260893
1.9250319331026537
1.9272503657152857
1.9295825100420163
1.9331583147474183
1.936815502743875
1.940112439660931
1.9433201220187133
1.9462277122756293
1.9490571520837954
1.9517376000292361
1.9543718042738878
1.9573200158971507
1.9606118927132086
1.9635542008853069
1.9664238403847363
1.9692702877545907
1.9718197353075224
1.974071620810087
1.9761305196829144
1.9779992430932256
1.9798048557994203
1.9819240542091432
1.9843928212628255
1.9870852166689565
1.9899102991679296
1.9924597467208613
1.9946535816203075
1.9967204923197155
1.9987942903788154
2.0008994329524317
2.0033384016335694
2.0063030585850763
2.0108615067926583
2.0168549153083166
2.022744029520067
2.029485911308377
2.03631297146349
2.0429596952413616
2.04930140737573
2.0555374196225795
2.061748974714605
2.0678105540353777
2.0733359032087013
2.078437468923425
2.0835508415404775
2.089492384020904
2.094763322560706
2.0995639528243975
2.104043828908146
2.108196204010622
2.111923530629248
2.115253358202793
2.1181116124749764
2.120656281043632
2.1227840535133793
2.1245103913039354
2.1260150685590977
2.1280114189612527
2.1307650978128065
2.133577389500923
2.1367143710030914
2.140056567712409
2.1431771038863334
2.146232139864003
2.1491769780866
2.1517417465008872
2.15439858064167
2.157051619706704
2.1595253063030233
2.1618349612919845
2.163919722903247
2.1658779819895546
2.168229804486834
2.1705123317121098
2.1734130346093337
2.1776639411229137
2.1835908655337897
2.189660737797865
2.195485335721888
2.2008036424293684
2.205701398520553
2.21025253769336
2.2144394901526567
2.218439078316659
2.2226725555934674
2.2276335629471293
2.2334961116286394
2.238563943336708
2.243266323306017
2.2474752028696394
2.251223613242425
2.25449131402038
2.2573391669738454
2.260682909825135
2.269818078827237
2.2797682052067736
2.298011977680738
2.3160463181967206
2.334865114925787
2.3535395582180434
2.3718992913398833
2.3895730996597435
2.4065786935311175
2.422711419980301
2.437674700865453
2.4515008646096184
2.464203123698737
2.475775574681644
2.4862586983663255
2.4955774365879737
2.5038939936952547
2.511682894715111
2.5187330209892287
2.525079230991151
2.530825819024785
2.5359685683392996
2.5402865211911054
2.5437088361662283
2.546311133662919
2.548224695190409
2.550417686739689
2.5529204689167484
2.5552967485688525
2.5571782627900204
2.5584264210362453
2.559113751421836
2.559312782061099
2.5590670860459634
2.5584109596165288
2.558107634673358
2.5583940926132014
2.558340118202554
2.55815289446562
2.5577447129850976
2.5568965838344533
2.5557614345105213
2.5543285825778614
2.5526463801126784
2.5516048426572135
2.550868879078696
2.549870352481716
2.548689100015356
2.54727002280208
2.5456777776879767
2.543930356143261
2.5420631788749217
2.5401723878019236
2.5385919495901494
2.5370103869114864
2.5353315578469693
2.533499801285617
2.531544634483253
2.529534649920075
2.527451575009145
2.5255158052606075
2.5237324007754607
2.522555365059932
2.521492181616864
2.520262577074299
2.518902815489391
2.51740362001031
2.515730975513679
2.5139526311295306
2.512007865645885
2.509908767081794
2.508461859313028
2.5077247712676223
2.5074259441920055
2.5069449534804535
2.506483359822728
2.505755829745874
2.5047871015214387
2.5036277761594046
2.5022452441200045
2.501054433685092
2.5000202052644025
2.4988378283311543
2.4974499550740337
2.495934173708348
2.4943036967200354
2.4925689254278156
2.490703434859809
2.4887457380069455
2.4874469787507385
2.486307893792697
2.4849841151482206
2.4835965230078223
2.4820658424558637
2.4804328354170524
2.478685694989059
2.476938554561066
2.475100332315105
2.4736641069817797
2.4722947874283197
2.4708242658548953
2.469413622143283
2.4679110532635367
2.4663030656129945
2.464571105487996
2.4627534047627497
2.4608839785606333
2.4594722103821325
2.4582634084770043
2.457245203709476
2.4561783657490195
2.4549237418181855
2.45356426135
2.452110887896625
2.450551814555732
2.4489168396998657
2.4477445829686135
2.4468126810347766
2.4457804204311415
2.4446390865393233
2.443367595605162
2.441999119401868
2.4405361879799408
2.4389990417433736
2.437385712875111
2.4361001661048434
2.434817711618519
2.433449235415225
2.432033812719337
2.4305759413984083
2.4290604411494443
2.4274867497390007
2.425848682599191
2.4241462397300153
2.422746278453844
2.4213901713863235
2.4200051092964245
2.41860346131992
2.4171396865478267
2.4156691649744024
2.4141618171103802
2.41261904853937
2.4110369236272633
2.409755031374383
2.4084630189195066
2.4071659463636323
2.4058390754352126
2.4045063010556285
2.4031302347008374
2.4017269000240002
2.4002738076873475
2.3987822023597642
2.3975388230978147
2.396403954890605
2.3952555930807335
2.394058879194657
2.3928360214534226
2.3915875820904753
2.3903180589733686
2.3890187374837173
2.387695239955963
2.3866163139764556
2.3855078707411255
2.3843744081175267
2.3832159261056582
2.3820397337402968
2.3808390842201104
2.3796125719614882
2.3783703171664277
2.377120753336592
2.3761374070426062
2.3751284791269076
2.374114491110211
2.3730811060396872
2.3720373196504454
2.37098116412543
2.3699084227138094
2.368828653384136
2.367734265984912
2.366764132176866
2.3657847215169903
2.364806154207281
2.363827024664127
2.362842272786531
2.361841778372496
2.36083453715713
2.359823079190932
2.3588059988902916
2.3579102204552473
2.3570017917677077
2.356096174247389
2.3552043314464544
2.354313050878964
2.353427392645916
2.35254328055484
2.351663806889679
2.3507906583507654
2.350004515437349
2.3492280710508457
2.3484697586929197
2.3477200203950184
2.3469836351414175
2.3462556833894808
2.3455365868142906
2.3448266265325692
2.344125943102678
2.3434792340834347
2.3428425047078267
2.3422239073607956
2.341620490316759
2.3410314102255505
2.340458494345864
2.3399007587691725
2.3393594685207253
2.338835045275605
2.3383537734473308
2.3378902119725504
2.337447172018485
2.3370229668848017
2.3366184399216667
2.336233591129081
2.335870388324098
2.335528831506719
2.3352103262605537
2.334923024970544
2.3346326313965915
2.334340832239028
2.334046503030965
2.333749643772404
2.333450816696787
2.3331498812457547
2.3328472590943896
2.3325428096843304
2.332244123167075
2.331943609391126
2.3316428144984545
2.3313403329054503
2.3310363051704743
2.330730731293527
2.330423611274608
2.330114945113717
2.3298051544859377
2.329501688984406
2.3291980829245134
2.3288943363062597
2.328590308571284
2.328285999719586
2.3279804258426386
2.3276742897322467
2.3273671697133276
2.327058784669159
2.326758973685015
2.3264577571172604
2.3261563999911448
2.325854480631585
2.3255519990385807
2.325247690186883
2.3249425379850184
2.324636261316266
2.324329141297347
2.3240268002627036
2.323723756436255
2.323421274843251
2.3231183715751635
2.322815187190354
2.3225111594553787
2.3222058666951533
2.3219001522598446
2.3215935944743697
2.32129167511481
2.3209890529634447
2.3206864308120796
2.320383668102353
2.320081045950988
2.3197775804494563
2.3194728499226756
2.3191674166040888
2.318860718260253
2.318558939459054
2.3182558956326056
2.3179529923645186
2.317650089096431
2.3173466235948994
2.3170424553015625
2.3167380058915037
2.3164324320145564
2.316125593112359
2.315823111519355
2.3155196460178233
2.315216180516292
2.314912152781316
2.3146077033712573
2.314302691727754
2.313996836734084
2.3136904195069703
2.313383299488051
2.313084331854074
2.3127840991948467
2.3124848504441466
2.312185180018364
2.31188536903422
2.311585276933354
2.311285044274127
2.3109842493814554
2.3106823300218955
2.3103878602554717
2.3100921254637985
2.309797234022292
2.3095023425807852
2.3092071700225563
2.308911716347605
2.30861570043921
2.3083195439724533
2.3080225441555307
2.3077318694648556
2.307439226957126
2.3071468655661183
2.306854082500027
2.3065610183172143
2.306266970225874
2.3059719382260058
2.3056762034343325
2.30537920361741
2.3050888100434572
2.304797713677699
2.304506757870302
2.304215942621266
2.3039244245804245
2.303632765981222
2.303340264031853
2.303046778173957
2.3027527300826165
2.302464585442441
2.3021753163353766
2.3018866094617563
2.3015970592379698
2.3013080712476275
2.301018099348758
2.3007279868915274
2.30043703108413
2.3001450913682056
2.2998611634788615
2.2995762516809903
2.299291902116563
2.2990071308770523
2.298721656845737
2.2984349177891716
2.298147475940801
2.297859331300625
2.297570483868644
2.2972881021212714
2.297004877023733
2.2967223547179993
2.296439832412266
2.2961567478730887
2.295872679425383
2.295587767627512
2.295301871921113
2.29501541398127
2.2947350000509523
2.2944534616537466
2.2941719232565405
2.293889963184251
2.293607159761796
2.293323231872452
2.2930383200745803
2.29275228380982
2.292465123078172
2.2921826007724384
2.291900219025066
2.291617696719333
2.2913348932968773
2.2910518087576994
2.2907668969598283
2.2904812823701515
2.290194543313586
2.2899071014652157
2.2896280931185085
2.2893476791881913
2.2890674058162346
2.2887871324442783
2.2885060157221555
2.2882240556498665
2.287941533344133
2.287657464896428
2.2873728342152786
2.2870942475436546
2.286815239196948
2.286537074200407
2.286258768645506
2.2859808847656873
2.2857024386524247
2.285423430305718
2.285144000283928
2.284864429703777
2.2845937143003727
2.2843228583386073
2.284052564610286
2.283782130323604
2.2835107121283946
2.2832387316997407
2.2829653456874763
2.2826909757666844
2.282415481379004
2.282147858259543
2.281878829556472
2.281609519736678
2.2813402099168845
2.2810703378636465
2.280799200785159
2.280526798681422
2.2802528504357134
2.279977356048033
2.2797081867866003
2.279437471383196
2.279166896538153
2.2788961811347486
2.278624481822817
2.27835207971908
2.2780784125900935
2.2778036209942183
2.277527704931455
2.2772592384618275
2.2769893664085896
2.2767203377055183
2.2764510278857246
2.2761804530406815
2.275909034845472
2.2756363516250127
2.2753629656127483
2.2750888768086788
2.2748242054148
2.274558268995672
2.2742924731349046
2.2740255528072493
2.273757648571066
2.2734884793096337
2.273217763906229
2.272946486269381
2.272674505840727
2.272413488964236
2.272151909854301
2.27189089297781
2.2716293138678743
2.271366891407773
2.271104468947671
2.2708424681626527
2.27057990514419
2.270316498775561
2.2700588552997356
2.269799103448494
2.2695392110388912
2.2692783347207617
2.269016755610826
2.2687540520340024
2.2684905051070126
2.2682261148298557
2.2679607406441717
2.267704643310318
2.2674469998344926
2.267189356358667
2.26693016674087
2.266669712097823
2.266408273546249
2.266145569969425
2.26588132025063
2.2656162271816678
2.2653599892894527
2.2651034702805157
2.2648477946217453
2.264592540638058
2.2643365838625646
2.2640792215034615
2.2638212969109137
2.2635626695265607
2.263302917675319
2.263051037092297
2.2627980320423866
2.262544886434115
2.262290756917316
2.2620353623752676
2.2617782811328864
2.2615196537485334
2.2612593396638476
2.2609976199955515
2.260745598854168
2.2604917504540913
2.2602379020540146
2.2599834914204933
2.2597282374368057
2.2594718589862297
2.2592139343936823
2.258954744775885
2.2586945712495603
2.2584460640672037
2.2581965729763196
2.2579490497024906
2.2577008236368563
2.2574524570128607
2.257203247038699
2.2569530531560096
2.256702156481515
2.2564497136650488
2.256208093842384
2.2559660523446365
2.255724713638694
2.2554825315825853
2.255239084501227
2.254993950719536
2.254746286887346
2.2544969363548226
2.254245758563606
2.254001608690442
2.2537566154671125
2.2535123250355875
2.253267331812258
2.2530217763554834
2.2527750964318205
2.252526589249464
2.2522758331333304
2.252023390316864
2.2517775537433677
2.2515298899111778
2.25128124217046
2.2510314699628537
2.2507805732883592
2.250527989913532
2.2502741415134553
2.2500191686464897
2.249763774104441
2.24951864032275
2.2492723820741705
2.249026404942313
2.2487809900438998
2.248534591236959
2.2482874896382135
2.24803940413094
2.2477904752735003
2.2475400002740886
2.247297537101258
2.2470533872280942
2.2468090967965697
2.2465642441316005
2.246318407558104
2.2460720087511636
2.245823782685529
2.245574713269728
2.245324097711956
2.2450828995643746
2.2448404363915437
2.2445985354521567
2.2443562128376873
2.2441126251979675
2.2438679130913597
2.2436224981929467
2.243376099386006
2.2431284355538157
2.242891173040344
2.242653067176706
2.2424152424297903
2.2421772771245134
2.241938749585792
2.2416989570218213
2.241457618315879
2.241214592909604
2.2409698808029956
2.2407341644314958
2.24049633968458
2.240258374379303
2.240019846840582
2.2397800542766113
2.23953885612903
2.239295971281116
2.23905154029123
2.2388057037177336
2.2385671761790125
2.2383275241734024
2.238087872167793
2.2378480796038223
2.237607724806407
2.237366526658826
2.237124204044356
2.2368801947295536
2.236634498714418
2.2363975173176684
2.236159973687475
2.235922851732364
2.2356855892188925
2.23544818614706
2.2352097991666997
2.234970006602729
2.2347290895718697
2.234486626399039
2.2342569540370647
2.234025032741313
2.2337936736790063
2.233561892941616
2.233328706620615
2.2330941147160037
2.232858538902865
2.2326218386228374
2.232383592200838
2.2321574337978904
2.231930291486415
2.2317042736418284
2.2314781152388807
2.231250691810683
2.2310213005654314
2.2307903631782073
2.2305570362988454
2.2303216010440674
2.230092209798815
2.22986113185323
2.229629491674201
2.2293971487033666
2.2291638218240046
2.2289290893610323
2.2286936541062543
2.2284570943845883
2.2282195507543943
2.2279905811842253
2.227761049380612
2.22753165813536
2.2273017046566634
2.2270711889445227
2.2268395487654935
2.2266063624444925
2.2263723327733254
2.2261374597519916
2.22591340972446
2.225687391879873
2.2254617957103697
2.2252352156323387
2.2250084949959468
2.224780368775944
2.224550836972331
2.224319899585107
2.2240875566142724
2.223864631053629
2.223639878234292
2.2234148442982327
2.223188826453646
2.2229612624670874
2.2227331362470846
2.222504447793638
2.2222747754316634
2.2220432758109956
2.2218228803008513
2.2216013603238185
2.221380824255313
2.2211594448366414
2.220936519275998
2.220712047573383
2.220485889170435
2.2202579035087937
2.22002837170518
2.219807554519953
2.219586456218003
2.219365779591137
2.2191445407308263
2.218922177403627
2.2186986896095395
2.218473093440036
2.218246513362005
2.2180185277003632
2.2177977105151356
2.2175752066295757
2.2173527027440154
2.217129917741733
2.2169065705060067
2.216682942153558
2.2164580487758596
2.216232030931273
2.2160048886197976
2.21579067767754
2.2155763261769215
2.2153615530012196
2.2151460770337126
2.2149291954825947
2.2147107677895055
2.214489810045917
2.2142674467187176
2.214043115574464
2.213830591332539
2.2136170831820867
2.2134041372650786
2.2131907696729876
2.212976699289091
2.2127615044383058
2.212545044562271
2.212326757427543
2.212106924150843
2.211900303360083
2.2116918553106286
2.211483969494619
2.211275380886804
2.2110648244619338
2.2108525813367312
2.2106382298361122
2.2104223321935224
2.2102048884089602
2.209998127059839
2.2097893978936627
2.2095809498442085
2.2093722206780324
2.2091626481616897
2.2089515295033757
2.20873886470309
2.208524232085749
2.2083080533264368
2.208100026952066
2.2078893299688347
2.2076776490770764
2.2074645626017073
2.2072506327761716
2.2070358596004698
2.2068199619578794
2.2066027992900397
2.206384090480228
2.20617381517208
2.2059614314885168
2.205749610038397
2.2055369452381113
2.205323718204381
2.2051090855870403
2.204893047386089
2.2046751819264436
2.204455629766466
2.2042415593825693
2.2040267862068674
2.203812294147888
2.203597942647269
2.2033831694715675
2.203167412387338
2.202950109161137
2.2027314003513254
2.2025111453995425
2.2022981994825344
2.2020835668651935
2.201869355922936
2.2016545827472345
2.201438825663005
2.2012222252286096
2.2010046408856865
2.200785932075875
2.200566098799175
2.200360461916942
2.2001529977760153
2.1999456741934496
2.199737647819079
2.1995284969778197
2.1993179405529495
2.199106540777913
2.1988938759776273
2.1986805083855363
2.1984754337367476
2.1982692346210704
2.198062894947032
2.197855852481189
2.197647826106818
2.197439237499003
2.197229524424299
2.1970188274410685
2.196807005990949
2.1966054453011865
2.1964012140025644
2.1961974043790256
2.1959933136387644
2.195788520106698
2.195582320991021
2.1953754190835384
2.1951673927091675
2.1949586635429914
2.1947582273201176
2.194556526071995
2.1943544031487883
2.194151717992138
2.1939472055767935
2.193741709252922
2.1935353695788837
2.193327343204513
2.1931181923632534
2.19291649111513
2.1927133842833966
2.1925098557765796
2.192305202802874
2.1920997064790027
2.191892382896437
2.191684075405344
2.1914739406555572
2.191262681438882
2.1910583095818987
2.1908522510245825
2.1906460519089057
2.190439009443062
2.1902304208352468
2.190021269993988
2.1898105730107567
2.189598892118998
2.189386367877073
2.1891845260705893
2.1889815597972166
2.188779015198927
2.1885763300422765
2.188373223210543
2.188169554145365
2.187965463405104
2.187760248197954
2.18755447075736
2.18735712681843
2.187158096179167
2.186958924981543
2.1867590509921135
2.1865579119774345
2.186356070170951
2.186152541664134
2.1859480292487894
2.1857421112498345
2.185548000153209
2.1853536079398608
2.1851609024268455
2.184967494122025
2.1847733830253993
2.184577585228441
2.1843799601727882
2.1841812106502476
2.1839816177775404
2.1837936912488014
2.183602672436119
2.1834117941817976
2.1832196509022266
2.1830266642724894
2.1828324126175023
2.182636614820544
2.1824394114399746
2.182240802475795
2.1820499242214737
2.1818573592668193
2.1816652159872487
2.1814726510325944
2.181279102169413
2.181084569397704
2.180888490484023
2.1806912871034543
2.1804928186976356
2.1803029243518415
2.180111764980798
2.1799208867264768
2.179729586797072
2.1795374435175012
2.1793437540959584
2.1791492213242494
2.178953564085652
2.178756641821805
2.1785713859019262
2.178385708306964
2.1782007335038074
2.1780157587006506
2.1778289566387996
2.1776410301100606
2.177451697997711
2.1772606791850286
2.1770676925552914
2.1768872156196886
2.176704911425392
2.176522185556012
2.1763387568948267
2.176154063208392
2.1759675422632636
2.175780599643052
2.1755925325559518
2.175403622118685
2.175222301832916
2.1750397165218973
2.1748564284190732
2.174672578082805
2.1744878843963704
2.174302066243047
2.1741149830644746
2.1739274782108184
2.1737387083319133
2.1735610425635317
2.1733821117699
2.1732043054431576
2.173025655766249
2.172845600505729
2.17266428021996
2.1724809921171357
2.1722955956388956
2.172108371901962
2.1719304250168583
2.1717523375733934
2.1715741095715675
2.1713950382195755
2.1712145612839726
2.171032538206398
2.1708488284284906
2.1706631508335286
2.1704753648631505
2.170300229145268
2.170123266168692
2.1699467248671986
2.169768918540456
2.1695895660717417
2.1694092296945
2.1692269255002032
2.169042934605574
2.168857538127334
2.1686840891097843
2.1685095156253458
2.1683346610241854
2.168158822514498
2.167981437862838
2.167801944835763
2.167620624549994
2.1674376175638916
2.1672527833190958
2.1670761014592417
2.166897873457416
2.166719364338868
2.1665401524285146
2.1663598160512727
2.1661786363238646
2.1659953482210406
2.165810654534606
2.1656241335894775
2.165443937770597
2.165262195809744
2.165080453848892
2.1648982902129563
2.164716267135382
2.164533119590919
2.1643487070212064
2.1641631699846053
2.16397707071456
2.163803059463566
2.163628204862406
2.1634543341697725
2.1632803229187787
2.1631054683176183
2.1629293486912085
2.162752245156271
2.1625738765960842
2.1623935402188423
2.1622221995767084
2.1620484694424364
2.1618744581914426
2.16169932247356
2.161523062288789
2.1613445531702413
2.1611640762346385
2.160982474832147
2.1607987650542397
2.1606267216203006
2.1604527103693068
2.1602781368848682
2.1601027200502636
2.1599263193071314
2.159748934655472
2.1595705660952853
2.159391354184932
2.159210736690968
2.1590382715819456
2.1588639792142295
2.1586902490799575
2.158515253920436
2.158338712618943
2.1581616090840057
2.1579835216405407
2.1578040286134654
2.1576231300027797
2.157450102660313
2.1572753886175136
2.157100674574714
2.1569251171817485
2.156749559788783
2.1565730184872898
2.1563959149523524
2.1562171247170823
2.156037631690007
2.1558664316062344
2.155694107055573
2.1555216419465504
2.155348614604084
2.1551740411196456
2.154998624285041
2.154821942425187
2.1546446983318885
2.1544663297717017
2.154294848571207
2.15412182122874
2.1539492155613567
2.153775907102168
2.153601895851174
2.1534273223667357
2.153251483857048
2.1530739586470276
2.1528951684117574
2.152727060611928
2.152557968903571
2.1523895799870196
2.1522204882786626
2.152050412661778
2.1518793531363665
2.151706747468983
2.151532455101267
2.1513568977083013
2.151188649350111
2.151019698200115
2.15085088760848
2.1506817959001236
2.1505118608416
2.1503410824329108
2.1501686173238883
2.1499954494230606
2.1498205948219002
2.14965501707257
2.149488314856351
2.1493217531984934
2.1491547698655524
2.148986662065723
2.148816867565561
2.148645386365066
2.1484726401393215
2.1482986288883272
2.1481316455553867
2.147963818872279
2.1477971166560605
2.1476297116480363
2.1474618849649287
2.1472937771650993
2.147125107131826
2.1469551720733024
2.146784112547891
2.146622329874309
2.146459141617117
2.146296234476647
2.14613248398601
2.1459683118202904
2.1458037179794878
2.1456385619052405
2.1454718596890214
2.1453040330059143
2.14514716987497
2.1449893228354977
2.1448321785878313
2.144674331548359
2.1445150789252767
2.144354561276945
2.144192778603363
2.144029590346171
2.1438649965053678
2.1437102417498393
2.143553940852339
2.1433979210715606
2.1432420418491436
2.143085178718199
2.142927050562005
2.1427675168222002
2.1426069991738683
2.14244563817537
2.1422908834198413
2.1421340202888968
2.1419763138077856
2.1418173423014255
2.141656824653093
2.141493636395901
2.141329183113459
2.1411631836890455
2.1409956381226602
2.140836807174661
2.1406761489679678
2.140515631319636
2.1403544108794983
2.1401923470891946
2.1400291588320024
2.1398652677830046
2.1396999711503963
2.139533831167622
2.1393771085950384
2.1392188398804834
2.139060711724289
2.1389014591012065
2.13874164424468
2.1385807049212646
2.138418781689322
2.1382555934321297
2.1380911401496876
2.1379354014856315
2.1377789600297703
2.137622940248992
2.1374664987931307
2.13730879231202
2.1371498208056594
2.1369893031573275
2.136828223275551
2.136665456693442
2.136509858587747
2.136352433223358
2.1361951484173303
2.1360374419362196
2.1358790326633033
2.135719780040221
2.1355595435086108
2.1353980419517513
2.1352356970447253
2.1350812234059187
2.1349250630667798
2.1347693244027237
2.134612320713418
2.134454333115585
2.1342952210508637
2.1341348439608923
2.133973904637477
2.13381141917209
2.133655680508034
2.1334992390521728
2.1333435003881167
2.1331873400489774
2.133031039151477
2.1328737543454497
2.1327157667476166
2.132556514124534
2.1323952936843966
2.1322448962380607
2.1320933743248367
2.1319422740866956
2.1317904710567492
2.1316372624431925
2.131482507687664
2.1313263473485247
2.131168640867414
2.1310098099194144
2.1308582880061904
2.1307060633011607
2.1305541197128535
2.130401754449463
2.13024910806935
2.1300958994557933
2.1299414258169866
2.1297855465945696
2.1296284023469028
2.1294785671340115
2.1293277480125927
2.129177069449535
2.129025828653033
2.1288738850647255
2.1287209575678907
2.1285669056041674
2.1284114480568332
2.12825472548425
2.128104468596275
2.127953227799773
2.12780184644491
2.1276496217398804
2.1274965536846846
2.1273425017209613
2.1271867630569052
2.127030181042683
2.1268726151199333
2.1267198281814594
2.126565635659375
2.1264113025789295
2.1262568289401234
2.1261016525095116
2.1259453516120113
2.1257882073643444
2.1256306414415946
2.1254722321686783
2.1253208508138153
2.1251683449920638
2.1250151363785066
2.124861787206589
2.1247075946845047
2.124552558812254
2.1243968201481978
2.1242403786923365
2.124083656119753
2.1239356481655554
2.123786937419552
2.1236383672319104
2.123489515927546
2.1233392590395717
2.1231878776847086
2.123035652979679
2.122881882132678
2.1227274084938714
2.1225829144987003
2.1224381393868073
2.1222942076250804
2.1221502758633535
2.1220049385180157
2.121858757822512
2.121711733776842
2.121563444705922
2.1214138906097526
2.121272770015247
2.1211315088623803
2.120990809942958
2.1208498299068133
2.12070899042903
2.1205671670427186
2.1204243597478807
2.120279725194348
2.1201336850572057
2.11999523507156
2.119855379502304
2.119715383374687
2.119574543896903
2.1194331421856756
2.119290053774115
2.119145700337305
2.118999800758523
2.118852776712853
2.1187124994685136
2.1185715194323693
2.1184302582795023
2.1182884348931914
2.118145346481631
2.118001414719904
2.11785649904965
2.117710037237424
2.1175628726333926
2.1174232981808587
2.11728316149488
2.1171433059256244
2.117002747564563
2.1168614864116964
2.11671896023358
2.116575590705297
2.116430956151765
2.116285056572983
2.1161481527293096
2.1160102649771084
2.1158729394583515
2.1157354733812332
2.115597445070671
2.1154580111764982
2.1153170311403535
2.1151746455205984
2.1150312759923158
2.1148943721486417
2.1147560627213573
2.114618034410795
2.1144793033084275
2.1143397288558936
2.1141997327282764
2.11405847157541
2.1139159453972933
2.113772154193928
2.113633001416477
2.1134925836137763
2.1133523063694373
2.113211466891654
2.1130693623886208
2.112926133418699
2.112781639423528
2.1126361615198292
2.1124899808243254
2.112350546930153
2.1122106913608967
2.1120708357916405
2.11193041798894
2.1117894379527957
2.1116480362415677
2.1115056506218126
2.111362421651891
2.11121792765672
2.1110815860464904
2.110944119969372
2.1108065133338934
2.11066834446497
2.1105297539209635
2.1103904605851516
2.1102504644575344
2.1101094844213897
2.1099678015934398
2.1098339900337093
2.1096994756821736
2.1095653830057213
2.1094305875374633
2.109295370394122
2.1091593099006145
2.1090221249402186
2.1088843777463784
2.108745787202372
2.108612959551169
2.1084791479914387
2.108345055314986
2.108210681521811
2.1080754643784703
2.107939263326602
2.107802218924567
2.1076639094972824
2.107524897278193
2.107392631860434
2.1072586797423423
2.107125008740973
2.1069907755061594
2.1068559800379014
2.1067206223361996
2.106584702401053
2.1064480796741014
2.106310613596983
2.106178629295947
2.106045801644744
2.1059128334351795
2.1057793029921714
2.1056452103157186
2.1055104148474606
2.105374213795592
2.1052371693935577
2.105099141082995
2.104970389624263
2.10484023258192
2.1047103566562995
2.104579777938873
2.1044482153129196
2.1043152471033557
2.1041811544269033
2.1040455156084787
2.1039090334398884
2.103777470813935
2.103644783721093
2.103512237186612
2.103378847301965
2.1032448951838734
2.1031102402739763
2.1029750231306354
2.102839103195489
2.102702058793454
2.1025704961675005
2.1024375279579366
2.1023048408650946
2.1021714509804474
2.1020373583039946
2.101903125069181
2.1017676268091177
2.1016315663156107
2.1014946624719366
2.1013678788302594
2.1012403923967766
2.1011140304301823
2.100987668463588
2.1008606037051885
2.100732414479901
2.100602819671002
2.100472100395215
2.100339834977456
2.1002133324525007
2.1000858460190184
2.0999579379104523
2.0998298892435256
2.09970071610971
2.0995708401840893
2.099439980349941
2.0993079960489043
2.0991753089560623
2.0990471197307747
2.0989178060385982
2.0987884923464217
2.0986591786542452
2.0985294432869854
2.0983991456862814
2.0982685669688554
2.0981374260179853
2.098005722833671
2.097881328684131
2.0977556695093424
2.097630713126359
2.097505194509931
2.0973792542184198
2.0972523300183816
2.0971244219098155
2.0969959515678056
2.096866637875629
2.0967440709847835
2.0966205201854105
2.0964969693860374
2.0963732780283038
2.096248040528598
2.0961218191203645
2.095994332686882
2.0958660029032328
2.0957369703277786
2.095615246787099
2.0954933826880593
2.0953717997057413
2.095250076165062
2.0951277903909387
2.09500480182501
2.0948806887921925
2.0947554512924866
2.0946290893258928
2.094510739185879
2.0943922484875044
2.094274179464213
2.094155829324199
2.0940359330422136
2.0939150528517008
2.093792626519216
2.0936690757198435
2.093544259895221
2.093425206963402
2.09330446733125
2.093183446582376
2.093061863600058
2.0929392967092126
2.0928158864682005
2.0926913517603003
2.0925661142605945
2.092439752294
2.092318309870043
2.092196445771003
2.092075143905407
2.0919532798063667
2.0918311345906044
2.0917081460246756
2.0915843141085806
2.091459357725597
2.091333698550808
2.0912168945527663
2.091099949996363
2.090983286556682
2.090866763675362
2.090749678560598
2.090631328420584
2.090511994372043
2.0903912547398913
2.09026925008249
2.090152024409365
2.0900342365027957
2.089916589154587
2.0897985201312954
2.0896796077578377
2.0895597114758524
2.0894392529604224
2.0893176699781044
2.089195103087259
2.089080548022994
2.088964446816757
2.0888486267272426
2.088732806637728
2.088616424314769
2.088499198641644
2.0883812701767135
2.0882627794783386
2.08814372654652
2.0880288903655324
2.087912789159296
2.0877959851612538
2.0876784783714064
2.0875597065563096
2.0874402319494076
2.087319913992339
2.087199174360187
2.087078013052952
2.0869647230139368
2.086850730183116
2.0867375807024615
2.086624009546724
2.08650959504082
2.086395039976555
2.0862793604454013
2.0861628375640815
2.086045471332595
2.085935835810967
2.0858260597309783
2.0857169864427947
2.08560777259625
2.0854972937244556
2.0853863931775782
2.0852742276054514
2.08516149979988
2.0850476475274204
2.0849398392644862
2.084829641509414
2.0847188815208977
2.084606997065493
2.0844937070264775
2.0843794330789343
2.084264596897947
2.0841486362500716
2.084032113368752
2.083925710689428
2.0838187457766604
2.083712202538976
2.0836055187429303
2.0834978510383575
2.0833891994252567
2.08327970446199
2.0831685227983905
2.0830562166679023
2.0829479867298852
2.0828383512082573
2.0827287156866294
2.082618096256474
2.0825067740345133
2.0823947490207475
2.082281458981732
2.082167747267633
2.082053051645007
2.081946930082406
2.081839543494555
2.0817334219319537
2.081626878694269
2.0815196326647794
2.081411262168401
2.0813020483218563
2.081191710008423
2.0810803877864625
2.0809772179494432
2.080872923645536
2.080768769899989
2.0806637728042765
2.080557932358397
2.0804508268872683
2.080342878065973
2.080234085894512
2.0801243098145226
2.080022264444392
2.079919094607373
2.079816205887076
2.079712614374974
2.079607898395983
2.079502198508465
2.0793952335956973
2.079287144216041
2.079177930369496
2.079073636065589
2.0789682172947925
2.0788627985239967
2.078756817519756
2.0786499931653495
2.0785419037856934
2.0784326899391488
2.0783226327424376
2.078211872753921
2.078105329516237
2.077997942928386
2.077890415782174
2.0777819047274346
2.077673253114334
2.0775638987094283
2.0774539820710785
2.077343643757645
2.0772326026524066
2.077125637739639
2.077017688918344
2.0769098806554096
2.0768017912757535
2.076693280221014
2.0765840663744695
2.0764738686193973
2.0763628275141586
2.0762509430587537
2.076143275354181
2.0760347642994414
2.075926253244702
2.0758176016316017
2.0757082472266957
2.0755986117050678
2.0754881328332737
2.075377232286396
2.0752657695060743
2.07515922626839
2.075051839680539
2.07494473420941
2.074837207063198
2.074729398800264
2.074621168862247
2.0745125172491465
2.074403584519324
2.074294089556057
2.0741907791606766
2.0740866254151302
2.073982893344667
2.0738787395991207
2.073774304736852
2.0736698698745832
2.0735645916621483
2.07345889177463
2.073352489095307
2.073252692658953
2.0731526151058772
2.073052678111163
2.0729524599997258
2.072851539096484
2.0727499154014364
2.0726474483562227
2.0725438568441206
2.072439843656935
2.07234117168747
2.0722416563678383
2.072142141048207
2.0720424851702144
2.0719421265004168
2.071840783922091
2.071738738551961
2.0716361309483857
2.0715325394362836
2.0714334457917354
2.0713342115888262
2.071235399061
2.0711363054164518
2.0710367900968203
2.0709361503103003
2.0708348077319747
2.0707326218034834
2.0706297330831864
2.070531061113721
2.0704315457940896
2.0703324521495414
2.070233077388271
2.0701334215102785
2.0700326411653975
2.06993101747035
2.0698288315418583
2.0697262239382836
2.06962642750193
2.069526068832132
2.0694252884872513
2.069324367584009
2.069223025005684
2.0691209796355534
2.0690185125903393
2.0689156238700424
2.0688124540330235
2.068714906530447
2.0686170779111483
2.0685195304085715
2.0684225451394394
2.0683249976368625
2.068226887900842
2.0681282159313765
2.0680289817284674
2.0679287636170303
2.0678322000229814
2.067735074195488
2.0676379483679943
2.067540260307057
2.067442010012675
2.0673431974848486
2.0672434010484952
2.067142901820336
2.067041559242011
2.0669452767646836
2.0668481509371905
2.066751165668058
2.0666536181654815
2.066556211221266
2.06645739869344
2.0663584456072526
2.066259070845982
2.0661591338512673
2.0660629919323013
2.0659665688966133
2.0658702864192864
2.0657740039419594
2.06567744034791
2.0655803145204166
2.065482345342757
2.065384095048375
2.0652845797287434
2.0651905461851934
2.065095247616394
2.0650003707226774
2.0649053532706
2.064809914143439
2.064713912782834
2.064617489747146
2.0645205044780135
2.064423238092159
2.0643303290154975
2.064237138822114
2.064144229745452
2.0640513206687907
2.063957989917046
2.063864237490218
2.063769922829946
2.0636749053778685
2.0635793256923467
2.063489227782906
2.0633980054065773
2.0633066424718876
2.0632152795371974
2.0631233543690635
2.063030726409124
2.0629376767741014
2.0628439243472734
2.06274946912864
2.062657684518867
2.0625651971172885
2.062472569157349
2.0623796600806874
2.062286469887304
2.062192998577198
2.062098683916926
2.0620043692566536
2.061909492362937
2.0618188322200526
2.061727609843724
2.0616370902592003
2.0615461489995934
2.0614549266232647
2.0613631420134917
2.061270654611913
2.0611774644185292
2.0610841336667844
2.060996284691121
2.0609078734820137
2.0608208678565165
2.060734002789381
2.0606471377222446
2.060560132096748
2.0604724236794456
2.060383590795255
2.0602944767943416
2.0602087361940944
2.0601221522436806
2.0600352871765444
2.059947578759242
2.0598598703419397
2.059770756341027
2.059681220665031
2.0595911227555903
2.059500322054345
2.059413738103931
2.059326451361712
2.059239445736215
2.0591520184356344
2.05906402890161
2.0589757582508637
2.058886644249951
2.0587969680155935
2.0587070106645142
2.0586205672724613
2.0585338427636866
2.0584472588132727
2.0583601126294147
2.0582725447704733
2.058184414678088
2.05809600346898
2.0580067489097065
2.057916932116988
2.0578309104000185
2.0577443264496047
2.057658304732635
2.0575720018989436
2.05748541794853
2.0573986934397546
2.0573109850224522
2.057223136046789
2.0571347248376814
2.0570502492626836
2.056965773687686
2.0568812981126876
2.056797103654412
2.0567127686377753
2.056627590270972
2.0565421307874465
2.056456109070477
2.056369665678424
2.0562858928952314
2.056201557878595
2.05611750397868
2.0560331689620432
2.055948412270323
2.055863374461881
2.0557777744199948
2.0556916121446642
2.0556051687526113
2.0555229421113905
2.0554404343534474
2.0553582077122265
2.0552759810710057
2.0551931921963402
2.055109981646592
2.0550259277466774
2.054941311613318
2.054855992688154
2.054775171630544
2.0546942100145724
2.0546136700736843
2.054532989574435
2.05445160628338
2.054370082433965
2.0542878557927438
2.054205348034801
2.0541218563683303
2.0540418786608865
2.0539614792783594
2.05388079877911
2.053800258838222
2.0537192972222504
2.053637492256113
2.053555546731614
2.05347289841531
2.0533896878655615
2.053311115741728
2.053232824734617
2.0531542526107835
2.0530761021620334
2.0529975300382004
2.0529185362392837
2.052838699090201
2.0527584402660346
2.0526771975333413
2.052598484851147
2.0525190693771473
2.0524396539031478
2.052359957312426
2.052280120163343
2.05220028301426
2.052120164748455
2.052039905924289
2.0519592254250396
2.0518833239100664
2.05180700072001
2.051730958646676
2.0516544948982585
2.05157789059148
2.0515008646096184
2.0514231358359516
2.0513448448288405
2.0512659915882847
2.0511913550985614
2.0511162969337544
2.0510415198856697
2.050966742837585
2.0508918252311394
2.0508166265079715
2.0507410061097207
2.0506645423613032
2.0505876569378025
2.050513582681523
2.0504392273085217
2.0503650124938813
2.05029065712088
2.050216161189517
2.0501409624663496
2.050064920393015
2.0499883160862367
2.049910868429292
2.049837215848096
2.0497632821501774
2.0496896295689813
2.049615976987785
2.04954246496495
2.0494681095919485
2.0493934731022247
2.0493182743790572
2.049242513422445
2.0491691419579707
2.0490953488184136
2.0490215556788565
2.048947340864216
2.0488728449328537
2.0487976462096857
2.048722166369796
2.0486461242964613
2.0485699416647662
2.048496570200292
2.048423058177457
2.048349686712983
2.04827645580687
2.048202803225674
2.0481290100861167
2.048054935829837
2.047980439898475
2.04790566285039
2.0478335564111654
2.04776130941358
2.0476892029743556
2.04761695597677
2.047544568420823
2.047471478073071
2.0473982471669583
2.047324454027401
2.0472502392127607
2.047177429981731
2.047104058517257
2.047030827611144
2.0469574561466697
2.0468835224487516
2.046809448192472
2.0467353739361926
2.0466608780048303
2.0465861009567456
2.0465148378676874
2.0464432936619072
2.0463721711312104
2.04630062692543
2.0462289421612887
2.046156695163703
2.0460840264910343
2.0460107955849214
2.045937283562086
2.045865879914667
2.0457939140338035
2.04572194815294
2.0456498417137157
2.0455777352744913
2.0455052071601836
2.045432538487515
2.045359869814846
2.0452869200254553
2.0452169219616465
2.045146642781116
2.0450769258340293
2.0450067872118596
2.044936929706412
2.0448663694091596
2.0447956685535456
2.0447242649061264
2.044653001817068
2.0445839876617873
2.0445145518314227
2.0444451160010586
2.044375680170694
2.0443056821068857
2.044235824601438
2.044165545420907
2.0440948445652936
2.0440240031513186
2.0439548484376764
2.043885272048951
2.0438156956602254
2.043745838154778
2.043675699532608
2.0436057014688
2.0435351411715468
2.043464299757572
2.043393317785236
2.0433257092135655
2.043258100641895
2.04319119486203
2.0431237268487203
2.043056399393772
2.0429890719388233
2.0429211822504305
2.042853292562038
2.0427851217569235
2.042720183794113
2.0426549647145804
2.0425900267517703
2.042525510464043
2.0424607130595938
2.042395634538422
2.0423301343421674
2.0422643530291906
2.042198150041131
2.042133493195043
2.042068555232232
2.0420034767110606
2.0419385387482505
2.041873179110357
2.0418078194724636
2.0417418976011255
2.041675694613066
2.041609351066645
2.0415445536621952
2.041479756257746
2.041414818294936
2.0413497397737643
2.041284661252593
2.0412193016146993
2.0411535203017226
2.0410874578720235
2.0410209737672416
2.0409565980378757
2.0408918006334265
2.040827284345699
2.040763049174694
2.040698673445328
2.0406340165992396
2.0405696408698737
2.040504421790341
2.0404394838275306
2.040376654240136
2.040313824652742
2.0402511356237083
2.040188446594675
2.0401254764489196
2.040062365744803
2.0399992550406862
2.0399357226614865
2.0398721902822867
2.039810485161781
2.039748920599636
2.03968721547913
2.039625229241902
2.039563243004674
2.0395008350923627
2.0394387082967733
2.039375878709379
2.0393129085636237
2.03925148455984
2.039190060556056
2.039128495993911
2.039066790873405
2.0390052263112604
2.0389433806323933
2.038881253836804
2.0388189864828536
2.0387565785705424
2.0386967007087304
2.038636822846918
2.038576944985106
2.0385170671232937
2.0384574703782037
2.0383975925163917
2.0383375740962184
2.038277274559323
2.0382164127889837
2.0381585027442264
2.038100171024386
2.0380422609796285
2.037984491493232
2.037926440890114
2.0378681091702733
2.0378096368920717
2.0377510240555092
2.0376921301022244
2.0376349228492727
2.0375777155963206
2.0375206489017295
2.0374631605320555
2.0374058127207424
2.0373480432343465
2.037290133189589
2.0372320825864705
2.037173329191547
2.0371171058471225
2.037060741944337
2.037004378041551
2.0369484358138488
2.0368920719110633
2.0368357080082773
2.0367789224304085
2.0367218557358178
2.0366645079245047
2.0366089873718853
2.0365534668192664
2.036497805708286
2.0364422851556667
2.0363867646030474
2.036330962933706
2.0362750207060034
2.0362189379199402
2.0361627145755157
2.0361078968147015
2.0360530790538878
2.0359982612930736
2.035943584090621
2.035888906888168
2.035834089127354
2.035778849691457
2.03572361025556
2.0356682302613014
2.035614396409015
2.0355604219983676
2.035506588146081
2.0354528948521553
2.0353989204415077
2.035344805472499
2.0352904093867683
2.0352358727426765
2.0351813360985846
2.0351282050381037
2.0350754956527055
2.0350229268256688
2.0349702174402706
2.0349175080548725
2.0348645175527524
2.0348115270506324
2.034757974315068
2.0347044215795034
2.034652555544272
2.034600127275596
2.0345484017987254
2.0344962546467715
2.0344439669364567
2.034391679226142
2.034339110399105
2.034286541572068
2.034233551069948
2.034182106709799
2.0341303812329286
2.0340790774311412
2.034027773629354
2.0339766103859276
2.033925166025779
2.033874002782353
2.0338225584222043
2.0337708329453337
2.033721075285518
2.0336711770673412
2.0336214194075253
2.0335716617477098
2.033521622971172
2.033471584194634
2.033421685976457
2.033371084966475
2.033320343398132
2.0332712885301216
2.033221952545389
2.0331726165606563
2.033123421134285
2.0330742257079133
2.033025030281542
2.0329758348551703
2.032926498870438
2.0328771628857054
2.0328296541596664
2.0327818643169056
2.032734355590867
2.032686846864828
2.0326394786971504
2.0325918294127505
2.032544180128351
2.032496109168868
2.032448038209385
2.032400529483346
2.0323531613156685
2.0323055120312685
2.03225800330523
2.032210213462469
2.0321624236197082
2.0321144932185864
2.032066562817464
2.0320184918579813
2.031971685923748
2.031924879989514
2.031878214613642
2.031831689796131
2.0317853055369803
2.0317389212778303
2.03169253701868
2.0316461527595298
2.0315994873836574
2.031553384241229
2.031507562215523
2.031461740189817
2.03141577760575
2.031369815021683
2.0313238524376156
2.0312777492951875
2.0312315055943984
2.0311855430103316
2.031140845451514
2.031095866775974
2.031051309775518
2.0310067527750615
2.030961914657883
2.0309173576574264
2.0308723789818868
2.030827400306347
2.030782281072446
2.030738286305434
2.030694432096783
2.0306507184464926
2.0306067236794805
2.0305628694708293
2.030519155820539
2.030475301611888
2.030431306844876
2.0303875931945856
2.030344582336101
2.0303015714776165
2.0302585606191315
2.030215830877369
2.030172960577245
2.03012994971876
2.0300869388602756
2.030044068560152
2.030001198260028
2.029959171310071
2.0299172849184743
2.029875539085239
2.0298336526936427
2.0297920474187685
2.0297503015855334
2.029708274635576
2.02966638824398
2.0296242207356614
2.0295831776942315
2.029541853536079
2.0295006699362883
2.0294597674532193
2.0294190055285117
2.029377821928721
2.029337060004013
2.029295876404222
2.029254833362792
2.0292143525548063
2.029174152863543
2.02913409373064
2.0290940345977377
2.0290539754648353
2.029014056890294
2.0289742788741134
2.02893407918285
2.0288941606083086
2.0288556476173776
2.0288168535097246
2.028778481077155
2.0287402492029463
2.0287020173287376
2.028663644896168
2.028625413021959
2.0285871811477505
2.0285485275984585
2.0285112796327773
2.028474031667096
2.028436924259776
2.0284002385275386
2.0283631311202184
2.028326023712898
2.0282891974223003
2.028252230573341
2.028214842049299
2.028178577992145
2.028142032818269
2.028105628202754
2.0280693641456002
2.028032959530085
2.02799655491457
2.0279601502990556
2.0279234645668183
2.0278870599513037
2.027851217569233
2.027815375187162
2.0277793922467304
2.027743971539743
2.0277082697160336
2.0276727084506847
2.0276368660686144
2.027601304803266
2.027565462421195
2.027530744506013
2.0274957454741087
2.0274611681172874
2.0274264502021055
2.027392013403645
2.0273572954884633
2.027322577573281
2.0272880002164597
2.027253282301278
2.027219267177901
2.027185392612885
2.027151377489508
2.0271176434828533
2.0270839094761985
2.027050316027905
2.0270167225796114
2.0269828480145957
2.026949395124663
2.0269162233514524
2.026883473253325
2.0268504420384756
2.0268175513819875
2.02678480128386
2.0267519106273717
2.0267193010876055
2.026686269872756
2.0266536603329897
2.0266210507932234
2.0265888629285405
2.0265565345054966
2.026524346640813
2.0264920182177693
2.026460111469808
2.0264279236051252
2.026396016857164
2.026363969550842
2.0263324844779644
2.026301280521809
2.026270076565653
2.0262390131678587
2.026208090328425
2.0261774486057136
2.0261466663246415
2.02611602460193
2.0260853828792187
2.0260550222732294
2.026024942783962
2.025994863294695
2.025964643247067
2.025934704316161
2.025904905943616
2.02587496701271
2.025845168640165
2.02581537026762
2.02578627468688
2.025756757431057
2.0257276618503175
2.0256987068279386
2.02566975180556
2.0256409373415423
2.025612122877525
2.0255833084135073
2.025554634507851
2.025526944510722
2.0254991139552314
2.0254715645164634
2.0254441556360563
2.0254167467556496
2.0253893378752426
2.0253620695531964
2.0253348012311507
2.025307673467466
2.025280826820503
2.0252538396151794
2.0252269929682165
2.025200286879615
2.025173580791013
2.0251468747024117
2.025120309172171
2.0250937436419303
2.0250673186700507
2.0250415964899764
2.0250158743099025
2.02499043324655
2.024964992183198
2.0249399727949293
2.0249146722899383
2.024889652901669
2.0248646335134004
2.0248394735667703
2.0248147352952235
2.0247899970236767
2.024765399310491
2.0247409421556664
2.0247162038841195
2.0246917467292946
2.024667570691192
2.0246431135363676
2.024618796939904
2.0245949020185234
2.024571007097143
2.0245472527341235
2.024523638929465
2.024499884566446
2.02447655187851
2.0244530786322126
2.024429605385915
2.024406553814701
2.024383642801848
2.0243607317889953
2.0243383830095865
2.0243156125550943
2.024293263775686
2.024271055554638
2.0242488473335905
2.0242266391125425
2.024204571449856
2.0241827849038914
2.024161279474649
2.0241396334870454
2.0241184091745255
2.024097184862005
2.0240759605494847
2.0240548767953257
2.0240337930411663
2.0240127092870073
2.0239917660912092
2.023971244570494
2.0239508636081402
2.023930201529064
2.0239099611250713
2.0238897207210784
2.0238694803170856
2.023849521029815
2.023829421184183
2.0238096024552736
2.023790064843086
2.0237705272308983
2.023751130177072
2.0237317331232454
2.023712617186141
2.0236936418073976
2.0236743853119323
2.0236555504915503
2.023636856229529
2.023618583642591
2.023600170497292
2.023582038468715
2.0235640469984992
2.023545774411561
2.0235279234997066
2.0235102131462126
2.023492502792719
2.0234752141143084
2.023457644319176
2.023440355640765
2.0234232075207155
2.023406199959027
2.0233893329557
2.0233724659523724
2.023355739507406
2.02333901306244
2.023322708292557
2.0233064035226738
2.0232903798695125
2.0232740750996294
2.0232583325631905
2.0232424494683907
2.023226706931952
2.023211104953874
2.0231955029757964
2.0231804632311627
2.023165142369807
2.0231502431835344
2.0231352034389007
2.0231204448109894
2.023105826741439
2.0230912086718886
2.0230768717190606
2.023062394207871
2.023048478930126
2.023034141977298
2.0230203672579137
2.02300659253853
2.0229928178191456
2.022979183658123
2.022965690055461
2.02295233701116
2.0229391245252204
2.0229259120392804
2.022912840111702
2.022899908742484
2.0228872584899884
2.022874608237493
2.0228619579849973
2.0228497294075853
2.022837360271812
2.0228251316943995
2.022813043675348
2.022801236773019
2.0227892893123287
2.0227776229683605
2.0227662377411146
2.022754711955508
2.022743467286623
2.022732222617738
2.022721118507214
2.02271001439669
2.0226993319612494
2.0226886495258087
2.022677967090368
2.0226677063300107
2.022657305011292
2.0226470442509346
2.022636783490577
2.0226268038469417
2.0226171053200286
2.0226074067931155
2.0225979893829242
2.022588431414372
2.022579154562542
2.022569877710712
2.022560741417243
2.022551886240496
2.02254317162211
2.0225344570037245
2.022526023502061
2.022517449442036
2.0225091564987334
2.0225010041137916
2.0224929922872112
2.022484980460631
2.0224771091924114
2.022469519040914
2.0224620694477777
2.0224547604130025
2.0224471702615054
2.022440001785091
2.0224331144253993
2.022425945948985
2.022419339706015
2.022412733463045
2.0224062677784365
2.0223998020938274
2.022393336409219
2.022387432958054
2.0223813889485287
2.022375344939003
2.0223695820461995
2.022363959711757
2.0223584779356756
2.022352996159594
2.022347795500235
2.0223425948408758
2.0223378158565994
2.022332896313962
2.0223281173296863
2.022323197787049
2.022318840477856
2.0223144831686635
2.0223101258594705
2.0223061902253607
2.022302395149612
2.0222984595155022
2.022294804998115
2.022291150480727
2.0222876365217006
2.022284263121035
2.022281170837092
2.0222779379947875
