0.13728979343455244
0.11347541645618572
0.10071776346253275
0.10719124089111402
0.14420729257951037
0.1523871323962916
0.15101544443380865
0.151875628869814
0.1544373705114448
0.14936570833999613
0.14368913651161933
0.14001218824513514
0.13589557361695925
0.13300355192041316
0.12763294087713695
0.12385805127902594
0.12178497272287334
0.12026406260573276
0.11934815123833073
0.11717360768697992
0.11529202391902389
0.11356005300868645
0.1110229966654888
0.10872283680235931
0.1062628000585231
0.10321324090829939
0.09994476806044938
0.09881671839207974
0.09751564657079752
0.09854742625568386
0.09988396620312821
0.10060915156675285
0.10442791830179467
0.10761294308565816
0.10995644130141133
0.11264315708769465
0.11624488771179758
0.12051553569317389
0.12397108223488527
0.12219111959634028
0.12393390130063178
0.12670091488660043
0.12897053869164998
0.13121778186950736
0.1369324475164503
0.13801736112991927
0.14235215991115485
0.14637579601360332
0.14773720607688678
0.15029077358822557
0.1544457779370876
0.15808484625497582
0.16375975555445102
0.167220302804824
0.17021100161201239
0.17355885287652326
0.17628428054664308
0.18059789906791499
0.18115983263474505
0.1860831386887863
0.18461282830422082
0.18993411152397138
0.19147033750639483
0.19496821858616817
0.19489279868247333
0.19674457138721949
0.19510340469942644
0.19731745536320405
0.19658476210631307
0.19404121443430897
0.1913243181995014
0.18964675637492717
0.18866871778976266
0.18752936066526182
0.18821198342308806
0.18884154243669535
0.1875446212599032
0.1858368013622977
0.18499229413604987
0.18474534069069337
0.1876114809817416
0.18724693634901837
0.18535617556363088
0.1861875252404794
0.18480188384854207
0.189464889112961
0.19205500023776498
0.19368457095850722
0.1964298972954261
0.2040456056322492
0.20345512339684568
0.20370959923187534
0.20299867745360747
0.20380624379871423
0.20746341477545044
0.20736642734148814
0.20955407756607827
0.21053317536187036
0.2117949064579301
0.21564776339029249
0.21763653891004608
0.22033971997053486
0.2210245425976715
0.22185387659078518
0.21618813565130945
0.2145703208887725
0.21744894275620963
0.2168063308847574
0.21420104589444655
0.2160853558161902
0.215597419275038
0.21558745359258083
0.21671139088403982
0.21780708533763338
0.21567231618342514
0.21584018470256203
0.21299927961676046
0.21358665029419546
0.2133847915148224
0.21623583834953808
0.2150111599115845
0.21610989755778032
0.2161417906906344
0.2153841193060052
0.2142795047850104
0.21189679272973264
0.20883255080289315
0.20442494210509043
0.2016331847624612
0.20216450285541923
0.20217160540697637
0.20298011513384992
0.20413273947556243
0.20368418052653817
0.20173663580162196
0.20369051465530177
0.20529215667288275
0.20695282241478793
0.20854255535563584
0.21149967035246164
0.20841286977252105
0.20776294907035836
0.207199430895038
0.20719470754246258
0.20795786136638744
0.2096747165887312
0.21151623637002337
0.21380877444074048
0.2168258276435802
0.21999868437014267
0.22262159123631306
0.22424021082546086
0.22531828008422192
0.22647842938234386
0.22469304460242726
0.2259845625346176
0.22552032101123284
0.2251888335278754
0.22385122997662632
0.22545159210549395
0.22628646635267502
0.22622936482124045
0.22591997251121707
0.2256680849155356
0.2270832563139754
0.22551659700829627
0.22447281125776103
0.22355375820645387
0.22274089822719653
0.21988484819593315
0.2196896912169331
0.21829847060354832
0.21648874243098737
0.21530878062959433
0.211082155265676
0.2110977020307496
0.21025216309586078
0.2089309112519618
0.2079963986907113
0.2060206055205835
0.2060499291628698
0.20603462389402466
0.2065110217519884
0.206203417721259
0.20229054925729073
0.20166414750752298
0.20096245685127417
0.19988620704080634
0.19825649397681472
0.19886882714625942
0.198100462391245
0.19749158177758577
0.19615523101171373
0.19544610176204674
0.19572042091063047
0.19511022331819344
0.19452247658182395
0.19347899069736
0.19187920431598016
0.18960036345282852
0.18900885057683559
0.18894136620604698
0.1884747559958137
0.1883686512467059
0.18897276392857087
0.1894038701179528
0.18944297403951008
0.18939911810406587
0.18912894349247716
0.18778955097319364
0.1869083542007668
0.1866601601070808
0.18567059557920798
0.18498787880019418
0.18426677799827557
0.18312666021967666
0.18229138950497414
0.18131174523822483
0.1799859284421824
0.17890505479369603
0.17809902279654452
0.17697344834018625
0.1759546135233083
0.17509466502080756
0.17340289217271374
0.17222383613184894
0.17108990732699783
0.1702057962031439
0.16923890568773864
0.16873247143007455
0.16796034295807258
0.16706502589856823
0.16631307868863543
0.1654738530194177
0.16474883149427683
0.1639087919006606
0.16291330625947253
0.1619299120660316
0.16090342827101237
0.16023533635676163
0.15943554460856108
0.15867655785547233
0.15780174930511126
0.1569024520854758
0.15585531127826943
0.15499551699893302
0.15410855349952576
0.1532727747211975
0.15237010294417025
0.15077331865983765
0.14975050383817085
0.14884337687260724
0.14811980195099125
0.14743185841519443
0.14694479284916703
0.14638717963765077
0.14585538920655805
0.1454472983121746
0.1449974905038465
0.14470220943174122
0.14426440844872213
0.14390948515607413
0.14346836592359857
0.14293015669092904
0.14260498649888506
0.14226739306132327
0.14183972888947768
0.1414680600666878
0.14105487488813287
0.13996477769856913
0.13924330495958095
0.13860702170448153
0.13792895436599487
0.1372418623964292
0.13630928994496996
0.13548747227103733
0.13486649989420402
0.13413041136742487
0.13335702457393353
0.13269889335743304
0.13197019905315951
0.13135662897656794
0.13066081165605675
0.1299623970693757
0.12969031883115692
0.12942434292592414
0.12897817890911195
0.12846651234973236
0.1276316207100164
0.1277342762883781
0.12701984243763237
0.1264241955015052
0.12568843147981953
0.12506873351663347
0.12427373186214634
0.12375603032260825
0.1232068163542136
0.1228622124719409
0.12232674240865812
0.12254598883459401
0.12225902943118794
0.12194145145694757
0.12162803341413389
0.12124624744142654
0.12041040667903015
0.1197885313958652
0.11893994011318347
0.11824849121833246
0.11770049149798412
0.1165599034975979
0.1159654874946573
0.11546053082062582
0.1151735576446851
0.11475875010924766
0.11492693984182892
0.11464617231337011
0.11450398687116052
0.11412743653571812
0.11365040448916842
0.11302345989080904
0.11235878144035308
0.11165742903244225
0.11087742975272831
0.11020089564816811
0.10945526855097812
0.10897519351524627
0.10853936134282428
0.1084145378731773
0.1081726536266629
0.10787645423578225
0.10763173264408019
0.10735573265786942
0.10684274879001299
0.10637836453140934
0.10479060214691616
0.10384615760940014
0.10308367077760734
0.10228033258155436
0.10149548842751407
0.10064726570307683
0.10006990087842785
0.09955048264115705
0.09905759197598511
0.09867190404658017
0.09845157803383679
0.09820184276273038
0.0980683553187082
0.09774338014304086
0.09742540570712205
0.09694075683810342
0.09656778097777136
0.09635606421840401
0.09610027008127293
0.09566018849451718
0.09463431757706102
0.09436807300746759
0.0940907154632473
0.0939807763038074
0.09349576529855644
0.09335511791365075
0.09303240175721299
0.09259230774099678
0.09223116729492765
0.09196465103498025
0.09226462136927088
0.09214983431985528
0.09219093797545662
0.09224625483624009
0.0922268625954182
0.0922813112748633
0.09206850925739847
0.0918137487257056
0.09161810766560625
0.09150021120669395
0.09095319551739717
0.09045175853315318
0.09011321119845254
0.08976563081183699
0.08908440883274321
0.08805774277791843
0.08788050418492092
0.08766279066485923
0.08770828063143207
0.08763632067700874
0.08768113853064011
0.08761968289165156
0.08732466620371979
0.08706519339650076
0.08695987324694866
0.08616871466650022
0.08547236285864407
0.08512266101320565
0.0847882440714693
0.08458798850139398
0.08412957676139551
0.08391549899160651
0.08372198748161486
0.0834956764433446
0.08349264044028895
0.08361968900289807
0.08333207664951069
0.08299152096423232
0.08246941963680127
0.08183521245677566
0.08127103184261603
0.08073256936114441
0.080482394503808
0.08039750606723886
0.08041736675535859
0.08035710876850892
0.08008022194572775
0.07984424131225505
0.07980467060294322
0.07991446274358517
0.08002047017619716
0.08008728515880807
0.07991857034329317
0.0798176649054216
0.07961424508770651
0.07902531923823168
0.07868859003550165
0.0787643399891813
0.07853864186221797
0.0783867834585547
0.07777862889435642
0.07746350563751611
0.07733068598724367
0.07723110602252403
0.07725189939560839
0.07638197254820286
0.07615365845616874
0.07594970604995106
0.07584413957312922
0.0758181937849738
0.07524806386934806
0.07520799415611326
0.07506618572793854
0.07518945686212726
0.07514749730334525
0.07531002481062267
0.07546311057810302
0.07545520360643017
0.07528193007175185
0.07510449207353206
0.07585841129123216
0.07591944728808998
0.07562764613330453
0.07545856826910477
0.07563721060050682
0.0758434713110586
0.07598280830463999
0.07559630734929965
0.07542583279041372
0.07508619538118617
0.07449295137577142
0.0743035896649183
0.07390829762670595
0.0733820884883505
0.07333886688524377
0.07356569319629266
0.07328145300979627
0.07273815352909424
0.07216599925569368
0.07170665038166123
0.07086834150422512
0.07026426204295283
0.06954140492854745
0.06899552275023438
0.06871696542835894
0.06832438226492639
0.06819417489767687
0.06809334912203319
0.06837582948893164
0.06831336720026393
0.06915844148728652
0.06941507674969957
0.06971852389405221
0.07015545217003545
0.07047181811606276
0.07195523359998252
0.07264760687554699
0.07300124914643406
0.07367104638455822
0.07399823234033608
0.07501534938118896
0.07518626399340839
0.07527079288056812
0.07523261541384317
0.07553016284187616
0.0763863044379622
0.07619134695899492
0.07598268443919377
0.07574707654112625
0.07546371935971852
0.07504108871385598
0.07476926477155459
0.07474950640225356
0.074635213377482
0.07448432509619018
0.07437434535585057
0.07421959219465539
0.07372465279894742
0.0734641932034237
0.07327216312952059
0.07399366782004012
0.07423722618802936
0.07466165924388747
0.07500943695295896
0.07504556665489295
0.07602236714128303
0.07616553208675803
0.07598515247548566
0.07565948612714629
0.07570605216845984
0.07695653366847
0.07719486713145962
0.07724442854023428
0.07712013847649182
0.07732137673123289
0.07827399194882821
0.07856258413240015
0.07894170835059747
0.07914218709208087
0.079311087212356
0.07960871473436432
0.07939543223104309
0.07934126616441385
0.07972322746058275
0.07991621648437412
0.08058344083829348
0.08101682253938332
0.08122963206662033
0.08143546052878038
0.08168996736108954
0.08269249727785806
0.0830540550863957
0.08339518390821675
0.08354626072249106
0.08409168565979522
0.08476033650035932
0.08488331671684944
0.08473253276006877
0.08487375402290281
0.08478216233927023
0.0858795370117798
0.08621672758154805
0.08602168743162485
0.08593445423581539
0.08563271367128171
0.08467729459110312
0.08467682484432112
0.08440260035917639
0.08393358452238128
0.08402283880525016
0.08417053324711612
0.08425448206595192
0.08404636859419397
0.08391935628681235
0.0834331588261812
0.08320336055800925
0.0826883294745786
0.0824076460040294
0.08189410704133351
0.0812383584522086
0.08014535290765361
0.07908224494193423
0.07826692859323242
0.0773932255013823
0.07688342862833016
0.0779666104176327
0.07756772269487872
0.077118180940892
0.07647595824866436
0.07610540885330049
0.0760532125137507
0.07569699169502311
0.07516694732084499
0.07493333635201652
0.07441158842688574
0.07400209391634834
0.07386548207533299
0.07367740124159466
0.07354754041392479
0.0735857023334788
0.07266466454320232
0.07249417516359213
0.07221762889710445
0.07188103059632474
0.07157038838397574
0.07100328918471349
0.07072990673567782
0.07034364016661192
0.07032192501103092
0.07006917501327069
0.07158470618306582
0.07206760807067535
0.07200570588444062
0.07218619879683462
0.07217184250610394
0.07235513545877942
0.07248853960013385
0.07253144015304626
0.07250368064092615
0.07214604610231506
0.07179131526852545
0.07143083828091269
0.0709723250114367
0.0709913443186448
0.07073803128332358
0.07180925990367656
0.07215019895829537
0.07232834617381212
0.07234599830057444
0.07241680792738732
0.07179701492928028
0.07158024118172322
0.071155115234753
0.07098657632358343
0.07066721795804358
0.070310291448511
0.07024247273019785
0.06981406683023274
0.06936461206834979
0.06916922233695398
0.06894562644943598
0.0684220220735765
0.06758948238279121
0.06693882149488503
0.0664217803832672
0.06714276552102884
0.06656452498270572
0.06640540508024195
0.06653902684924852
0.0668622339479958
0.06634659207556713
0.06613170959927771
0.0660383760092321
0.06574372752538998
0.06541719363318164
0.06569154484100334
0.06534256796721434
0.0652541312355003
0.06503512371752232
0.06497944906943558
0.06404626289058968
0.06370549426369346
0.06294272670987018
0.06256354572541951
0.06222747927596887
0.06297628149735186
0.06276014721609673
0.06251199499331808
0.062237030026799665
0.062008324784020456
0.061536196638518094
0.06111969028872321
0.06079316648486647
0.06010881744999169
0.05981478508635877
0.05920339388112354
0.05862189717895496
0.05804202819261181
0.05749014802434393
0.057003054152589334
0.05769885028982175
0.057019267549148496
0.05632891105631825
0.05564450433538657
0.05515566371343676
0.05495905287642138
0.054592277066645246
0.05420656995155267
0.05399917006083985
0.053598278059945687
0.05363858189997098
0.05334768230892045
0.05281063494547469
0.052563201228221446
0.052413314867831205
0.052897793083087154
0.052802108717290464
0.052399060585803514
0.05208030142003391
0.051799608470022684
0.0515921562179572
0.05122354517184486
0.051065588851729134
0.05112678040216315
0.051273958125595875
0.051185920883249914
0.05094779815445984
0.05068255376063953
0.05047129814102989
0.05048580242077888
0.05208629397713992
0.05238486322290299
0.05254674446669961
0.052473361596093004
0.052297242433879614
0.05194241763371379
0.05158480723097458
0.051587652395227154
0.05181161653404752
0.051900300233261365
0.05159222087728857
0.051417684374859864
0.051303308259305104
0.05098182136755483
0.05092229382045475
0.0508688593631537
0.050712362457937775
0.05068066124620264
0.05074464290281161
0.05090920495070847
0.05050253937559076
0.0498972203066227
0.04926630786201671
0.048692677129437104
0.047931947311619316
0.04733675892687361
0.04636145031005132
0.045548744962453286
0.044953626149607566
0.044461029161004445
0.044784937505488474
0.04500423814324543
0.045363390653496205
0.04583342858683587
0.046119904049869764
0.04720451076612595
0.04742928475302707
0.04773137660674963
0.04798692112697365
0.048191304369248594
0.0488178303778536
0.049050006475482355
0.04920734657195921
0.04935977147494879
0.04948887582372608
0.05054006262499751
0.05071518873794917
0.050558343967247746
0.05007233696427909
0.049674915865300394
0.04968118287592704
0.04955045075913744
0.049456347403630356
0.04931838820697156
0.04913048547780013
0.04899100755232199
0.04925743513092051
0.049437831921762695
0.0494341280836483
0.04934435930088465
0.05073674137914812
0.05092282489865282
0.050668212605522144
0.05045922660547802
0.05003331649091249
0.050262356930907
0.049923486276033144
0.049821865013945345
0.04938279086639006
0.04908763887185599
0.048187986721028635
0.04763939590316779
0.04740084734964733
0.0471671582147594
0.04669093038821495
0.046884497582661756
0.046645009748248735
0.04637557131293054
0.046278120987055034
0.04612744022211501
0.046503242716005776
0.046330265567217435
0.04634722662500948
0.0466189954007899
0.04681597746303531
0.04667775498113203
0.046917051439800524
0.047304374682174716
0.0474858926247908
0.04770926306342138
0.04752128671048434
0.04767358457431444
0.047613586358347296
0.04761114077500575
0.04770021935020322
0.04838435536469221
0.04860115520546749
0.04861042694051042
0.04844747080340163
0.04839022676521699
0.048419373975004794
0.04834400106674504
0.04787732900787668
0.04762910814937514
0.04742302743713877
0.04767856531026695
0.047366669710469475
0.047093673583285846
0.04676571098918989
0.04629603104406325
0.04652771334718556
0.046551246271539205
0.04622880070927933
0.04604822413847628
0.04578853277917691
0.04699712506852407
0.046955078551083364
0.046699902995312195
0.04647072340605267
0.04608672374458818
0.045875918928287296
0.045820735731762235
0.04581952606998802
0.0456827816307966
0.045585013889771486
0.04466371657600463
0.04399354003215557
0.043653846037501845
0.04329030671707356
0.04297175516330028
0.04251671381627299
0.04236394799181545
0.042434864761424926
0.04239567513020774
0.04242859469341224
0.04284888431147298
0.04297873701356497
0.04308848108277076
0.04305572471925146
0.042870374227217796
0.04168842989834551
0.04125899061541827
0.04090763773961003
0.04071608805613019
0.040306902760739324
0.040931506291129675
0.040900155020185784
0.040903013691827056
0.04107665992225196
0.041089044479913406
0.041383736611939365
0.041571418127029525
0.04165013885606446
0.04174287420692871
0.041935165125190174
0.042278224729506556
0.04242419719036659
0.04245784888642056
0.04274901812310599
0.04306229031963448
0.04327719421478116
0.04303608850659424
0.04272070479489956
0.04249546400597079
0.042199473447131854
0.04152235507264717
0.0411659754967839
0.04113338964089906
0.04108540512691161
0.04097573739885677
0.04187972257870093
0.042000457513235584
0.04192419300701343
0.04182218169643209
0.04146157323857088
0.04172118214177621
0.04175874308625652
0.04172707427445739
0.0416962628133741
0.041329176581653054
0.04157716392166578
0.04142037421390802
0.041554511760578505
0.04148433066679193
0.04152086801992083
0.04151790673874297
0.0414665250162107
0.0413391563383406
0.04126413050586878
0.04115797484200933
0.041135193749748104
0.04119811096202741
0.04129659410903965
0.0413681706886865
0.041423308851594794
0.04178007385594744
0.04175325752113345
0.04177182896087475
0.041659147376944164
0.041667761972919104
0.04122039507786244
0.04120370813268622
0.04123175097324953
0.041190402025678786
0.041119894485395846
0.04074981579731726
0.04073931275277156
0.04064072033898998
0.04049602989537763
0.040389126106361146
0.0406460863677339
0.040785382684191844
0.040825366514643927
0.0409950592735263
0.04099869201769588
0.040757920114320126
0.04049142172944779
0.04050363269133005
0.04063553837228353
0.04057012039546587
0.04057630469985877
0.04069105989929976
0.04063917112997862
0.040568767341541724
0.040450399251715195
0.04031029117245227
0.04000801786360847
0.03990741693874891
0.03962197217575338
0.039287778277274046
0.03945962875954166
0.0394225931931609
0.039329867294744754
0.03944025376142993
0.039285350292444066
0.03927687803916704
0.039089386102229604
0.03886835073605774
0.03854716417452634
0.03828871223135931
0.03872057211349349
0.03872055550855825
0.0386725421408329
0.038408366364524923
0.03820670752844645
0.038168715064581644
0.03801207356951213
0.037660097378418377
0.037513998425926315
0.03733533584877539
0.03715174542799182
0.03686038889381764
0.036441812811089894
0.03594626518419477
0.03571044134509469
0.03538915479475617
0.03507689146954471
0.03500554291651548
0.03480549347125357
0.03470955010128606
0.035178484313963636
0.03530788129470512
0.03561309952637924
0.03572830908628042
0.0357170633272168
0.036465900454587176
0.036783533759926136
0.03667462409104113
0.036764306307006334
0.03680135963159017
0.037262595449299246
0.03748599444559964
0.037922477617073916
0.038172497377067044
0.03833624945411148
0.03841987323099594
0.03851929688902652
0.03846866451478559
0.03860616763028454
0.0385953584454802
0.03933419274936532
0.03958271210303113
0.039576411266494756
0.03964311690703072
0.03966281852979314
0.04013790726367932
0.04025494852559709
0.04032006517810855
0.040550794782035535
0.04071841596139725
0.04151566648426649
0.04161609490616424
0.04178563434507115
0.04190906536341221
0.04198726793665061
0.04220148092715606
0.04210111286456642
0.04196465266176508
0.041815114660783546
0.04164913312661674
0.041472427435342844
0.04122683784359286
0.041021069992343576
0.04091299589884052
0.04089278134282969
0.041389922370766656
0.041486685288537856
0.04160637400895605
0.04170080202092934
0.04170417570466218
0.04128526201012929
0.04087982176914157
0.04044336403462481
0.04019175896724001
0.039920479342553744
0.04002543503559426
0.03998598481462831
0.03995868942995446
0.039959621844801854
0.039798933605475886
0.040159708423782275
0.040155363028958016
0.040045792756171594
0.039932855726957386
0.03978795733253793
0.03989210378756163
0.03986593523417264
0.03983312094008149
0.03974690921687333
0.03986568062475313
0.04003590118562339
0.040136321117504425
0.040013062934494525
0.04000578024226683
0.040086232212000625
0.04065847501114901
0.04091242712623019
0.04106557582608734
0.041047331403636866
0.041087390784361605
0.04060986231915891
0.040294599249176305
0.04010510140296079
0.039985987447666
0.040045272504058094
0.04023974478331521
0.04039967507997611
0.04059017146033641
0.040634905401951596
0.040782067018539
0.04058394257755099
0.04053365603259554
0.04059647799396773
0.0405450135883944
0.04059457405148344
0.040739922898605105
0.040895596648426395
0.04091224594978119
0.040967315462603494
0.040993658993852364
0.041160371692073074
0.041064542388870626
0.04101533133225766
0.04090999328060652
0.04069781922538858
0.040947466513689225
0.04091804995392865
0.04092488889549146
0.041029872426065275
0.04117190465284078
0.04167522488173393
0.04184089049252036
0.04202675131335055
0.04210513691890286
0.04208545703763933
0.0426282658303035
0.04268170910870089
0.04263859526034787
0.04263392900190592
0.04247948323064668
0.042049934982367976
0.04165645162085937
0.04133020837134781
0.04112922026775541
0.04087723091636185
0.040631333547055275
0.04029189789995214
0.04003519505369346
0.03987416080428433
0.03970615338260645
0.039580806432282886
0.03935720855307109
0.03921720762397942
0.0390716684569046
0.03906222653744561
0.03912815566653075
0.03908406594324664
0.03912275345950948
0.03914420727057062
0.0390929125924074
0.03913618004177454
0.03908451607142703
0.03906066443130044
0.03897908934818795
0.038929081800392666
0.039528199950273
0.03962135281252509
0.03971243365219366
0.0396632695903488
0.03955720310714248
0.03968108164945925
0.039714837265793966
0.03963334974183567
0.03944113506574658
0.03928658089865651
0.03933662430941371
0.03935999831097249
0.03934577369833193
0.03923245820141846
0.03913438937300362
0.039074733934261266
0.038833939821114126
0.03877365678770258
0.03857486124673976
0.0384140618537687
0.03783260786973838
0.03762003971807671
0.03743705341740545
0.037398932213333
0.03736782187764145
0.03738623041591743
0.03747820548925304
0.0375097937682811
0.03753709830496949
0.03762544451838915
0.03761502995733025
0.03756420044368991
0.03758622770516378
0.037680279867244836
0.0376736191281025
0.038114218506256334
0.03842135949151929
0.03873078976484597
0.039008926936378106
0.039073155684379
0.039598012858427976
0.03979247805690419
0.04001358482259606
0.04013036824001748
0.04024449008826477
0.04044542221378487
0.04053409372781809
0.04067561446884974
0.040758234819370916
0.04084170804247718
0.04104577321616137
0.04103362894161387
0.04103386498195363
0.041063779620037995
0.041107970693947934
0.04133689977741089
0.041347444390824405
0.04120714873026495
0.04105654724895141
0.04079816975493641
0.04049973658300009
0.040197729732717694
0.04000190250014955
0.03973862025605128
0.03936842109478081
0.03928210893597938
0.03908618949033263
0.038839980506743456
0.038627867192459836
0.03837480271198948
0.03859139814556118
0.0385509518664088
0.03838033208191798
0.03821348848339263
0.038126934488752505
0.0382074235350611
0.038111690072456385
0.03795958987051873
0.03778337584736197
0.03760301606684818
0.03765959361231149
0.0375389634391597
0.03734075613432645
0.03717992560624256
0.0370534735868184
0.03745625275644104
0.037540614516061076
0.03761823903617724
0.03772029086898401
0.03773888932759334
0.03746056708672123
0.0373937835234329
0.03733544430680457
0.03738613578450423
0.03750308359905369
0.03769221129272292
0.03782222260601108
0.038009742425619386
0.03813431892907232
0.038078776094068234
0.03816639681795109
0.038172377139378565
0.03816850411114642
0.03808783198344308
0.038009209451328074
0.03810349917894386
0.03804582379933466
0.0379815875963682
0.03793573695308779
0.03786645042729236
0.03764751232582924
0.03745607945485936
0.037265115808877876
0.03707203826430932
0.036940145134110924
0.03680937578931831
0.03667212054413199
0.03656795985940065
0.0364311193829451
0.03627078214655469
0.036051144075929735
0.03591236266181049
0.03573977634064467
0.03556781223513593
0.0354332958768969
0.03534023914077236
0.035170082332122585
0.03496486532380669
0.03477938658186293
0.034645393349769946
0.034773613432079485
0.034660141353883366
0.034556494862263
0.03450369908301314
0.03441982141633738
0.034372801971812375
0.034271521540577984
0.034155080794617605
0.03403832778886508
0.03402907406312262
0.0341548381623484
0.034219122378053975
0.034202924621885664
0.03412453774659286
0.03401963727164156
0.03375634002053151
0.0335488984535043
0.03338544020190189
0.03318701725311521
0.032982343019878166
0.032900711364788365
0.03277482449413361
0.03258602451317838
0.0324641604814232
0.03230564698234896
0.03220796355830426
0.032012583819290064
0.03186926441596777
0.03168964759804121
0.03147953182639529
0.031140971095787964
0.030955006484138122
0.03079448395749705
0.030683609509455607
0.030547326109029035
0.030668518383250958
0.030712381491987496
0.030731748670568375
0.030769849186132743
0.030718391978099703
0.030844140025090696
0.030914389190906316
0.031004083613137563
0.03113588563312688
0.03125924484150536
0.03141319693880333
0.031487546412799286
0.03161139967998497
0.031625921828349765
0.031647715758610855
0.03149117609712573
0.03142676650580088
0.03141105974146132
0.03129857365666644
0.031201906705392617
0.03112453820012456
0.031144773537252986
0.031103358042706274
0.031013834132017984
0.030937586039244458
0.031017086694778595
0.030960701312196807
0.0309369488816523
0.03087761597455172
0.030826924479563683
0.030919820286020153
0.03091456152405329
0.030930769028003235
0.030869618172372243
0.030820282185839057
0.030868182681647354
0.030858619971864207
0.030797465893537188
0.03071631473398821
0.030610082060298707
0.03086369508076782
0.030894094187118904
0.030859841700766413
0.030807878647044103
0.030796881097320154
0.03111072892251409
0.031180646769161904
0.031213029194579654
0.031212497860176547
0.031157740414069324
0.031233851121791254
0.03129312737137169
0.031337868442474145
0.03139133958715364
0.031426838044604194
0.03177051102753331
0.03192807032793389
0.03201360122971772
0.03208960306588496
0.03208004796464422
0.03212092676801009
0.03216713265573452
0.03215428073191583
0.03210765749491616
0.03206750090429767
0.032055145691381515
0.03199389618113985
0.03193612406949035
0.03184884298058877
0.03178027510436523
0.031625260664412784
0.031522789084742334
0.03142924864504858
0.03130191404996029
0.031175390056088187
0.030843303262086706
0.030654054085191822
0.030488592657651713
0.030250368622042022
0.030050831364354248
0.03004408411046912
0.02997287303359226
0.029879522434946976
0.029807984408934212
0.029745720642744777
0.029737067943652214
0.029733580162607017
0.02970300041200519
0.029642259118613283
0.029569031443642358
0.029490335275190585
0.02941985681449439
0.029355190518895853
0.02918984121540737
0.029114876260912317
0.029147700634127034
0.029084223793553632
0.02902525691243598
0.028904266291257544
0.028808446924143513
0.02870547423034778
0.028618400129382177
0.028595369394799994
0.028528994382917172
0.02846834401549017
0.028305555521145855
0.02823194655852572
0.028187062786192818
0.028153702665158636
0.028155735485292502
0.028227301108106357
0.02826090187099168
0.02824253880672939
0.028227371787483236
0.02824851046405429
0.02812777689852092
0.02805905072249323
0.027954998517220605
0.027855636674727974
0.027759932945133924
0.027618680859036075
0.027504244471435055
0.027400940580709045
0.027267670339028646
0.02711875097279405
0.02699449120912724
0.026876925789684914
0.026772786319029573
0.02669563240818456
0.026584352138245452
0.026515022530211874
0.026415595925222298
0.026347180673010954
0.026291504127435254
0.02624873477007248
0.026222465030890717
0.02619928831067853
0.026154273190703792
0.02610422882423789
0.026074968900110587
0.026014597836628593
0.025953926380689097
0.02588473003769726
0.025833621796799138
0.025775498211654205
0.025766113050694338
0.025753591241113347
0.02570782353861204
0.025665032662069046
0.02563612512054583
0.025662318279044114
0.025645602089040757
0.02564125286849674
0.02561175836224446
0.025580315029704485
0.02561593069357385
0.025603994010743775
0.025600807323758
0.02559020742056162
0.02557769269777156
0.02553052390902205
0.025500556704259658
0.02546931728967594
0.025447219874728224
0.02541215212577223
0.025363304190558766
0.025310840450366398
0.025269112512373876
0.02522753372255877
0.0251744079717423
0.025156965442904616
0.025130621937241627
0.02507711157482191
0.025023965056741974
0.02497794556135241
0.024907847443826386
0.02485844642910734
0.024796817676168106
0.0247502652139522
0.024711507103827274
0.024725594478800513
0.024706668850306982
0.024657340989211053
0.02462490178689102
0.024576916440485794
0.024548413729146602
0.024510899608121722
0.024481068550388497
0.024447482343317055
0.024421263157604737
0.024356213369325957
0.02429749978652731
0.02425791772127952
0.024219829730924826
0.02418039979238391
0.024057735796114504
0.023976039933263513
0.023909602246595066
0.023843528366844554
0.023784611054688272
0.023684680829304486
0.023620980348867313
0.023546280174310225
0.02348226696258444
0.023418075788328496
0.023368914278271202
0.023308718638102566
0.023255057092293606
0.023205605976343274
0.023169886528731774
0.023121122110142372
0.023083602775307476
0.02305710981134459
0.023028828831151434
0.022999288095367863
0.02300660008181706
0.022991653246195
0.022973458025925143
0.022954120149658086
0.022930543365307764
0.022887088652648685
0.022849561387848452
0.022816856286980686
0.02277967290718576
0.022742481496900436
0.022707799831929668
0.022670425449923655
0.02263690123094815
0.022607256412388022
0.02256833816241648
0.022543032892991664
0.022509683718429735
0.022479967942996767
0.022444917220128452
0.022412116276511834
