1.470514665427753e-06
3.3912699288502566e-06
4.6819292357608874e-06
6.903146868531489e-06
0.00015373238205762294
4.5310223798897984e-05
6.162329684638129e-05
0.00022254237019403268
0.0001949682622023475
0.0006917071481092517
0.00031803020114985287
0.00031388912674378797
0.00032799737127260604
0.00037975016997001955
0.00039461964703051816
0.0003835629305997113
0.0003912687041787345
0.0003575547096743537
0.0003606458992985612
0.00035633521247556047
0.0003491254711670246
0.00032307323004794104
0.0003257738399447709
0.000312779903288938
0.0004913057617383166
0.0003232212672247896
0.00029049835505521275
0.0002805732478612438
0.00026900328942315723
0.0002911795175584555
0.00020104430302449546
0.00018625599125808215
0.00018805875750999297
0.0001898767050232748
0.0002536857420392989
0.00018275416131225308
0.00020661717404895087
0.00014469433816204238
0.00012103368650284362
0.0002453573939541271
0.00013805302513282728
0.00013874837665529187
0.00011211527868045796
0.0001334973098936754
0.0002972200864799283
0.00014504638915511467
0.00013980954957948155
0.0001457581141554283
0.00016036129699584378
0.0007420637179586923
0.0002636905162285445
0.00022074566394059706
0.00018114101664293828
0.00018045619302991487
0.00035032316902756765
0.00017761644833490375
0.00014974945676927794
0.00014213157398859744
0.0001739202038700445
0.0016864876979024973
0.0004941507753706287
0.0005081593469464312
0.0004514097789666834
0.00044631299964094384
0.0006144510299287417
0.00045457539200892736
0.0004236033775097621
0.000375844146179209
0.00034553534456581404
0.0013934062343792268
0.000530250047261664
0.0004308744149589238
0.0004089633724630079
0.00033575170064546647
0.0012228153098383186
0.00040794437393167754
0.0004326604507990614
0.0003556606394954847
0.00030766041379214456
0.001144937248555008
0.000420739756269678
0.0003661569238254985
0.0003531630353435314
0.0003178994284092886
0.0016443044073569909
0.0004751664939740821
0.00040021205863295385
0.00040817361511031133
0.00039832107152836037
0.002522786857163763
0.0006473143094691192
0.00047918043716528276
0.0004540628663494296
0.0003388098039965812
0.0011352649777663477
0.00039879396460118115
0.0003414909303857965
0.00026983760520815804
0.00032506534696211787
0.003364405854572455
0.0007208085703360008
0.000683689995340223
0.0005899551375972128
0.0005915846438700048
0.0024776412813953194
0.0007141483150469995
0.0008127024369713863
0.0006349118936413586
0.0005989060625280424
0.0028287615652723527
0.000796752203302923
0.0007180883168383571
0.00067899000365954
0.0007711569854964226
0.004143065905035365
0.001032339238194906
0.0011894859229909511
0.0009115659176068573
0.0007392977677711097
0.0016713284759418629
0.0007842713436109923
0.0006994838484749266
0.00060563381316601
0.000634357686168908
0.004586319499126706
0.0011150100797270998
0.000999555328763488
0.0008831746222475893
0.0007817981717112973
0.00197504902179397
0.0007896313863994383
0.0006721232754083101
0.0005933425409458734
0.0004966692461797755
0.0025315701410242933
0.0008104174729721913
0.0007453419205729917
0.0005505621169862843
0.00044359028813009774
0.001023682974697048
0.0004323519532684321
0.0004046064087463853
0.00029060019368500116
0.0002920885505986641
0.0025291686459911035
0.0006271193639169981
0.00044960119350917
0.00047954719736183595
0.0005506126467720019
0.003401368654804918
0.0006929236540471959
0.00054792125561664
0.0004756072744370289
0.0004055440200439111
0.002854980670758353
0.0008140190026401431
0.0006159746026181269
0.0006016415276439802
0.00046481080186743195
0.003661368922870656
0.0006708059196513396
0.0006185748652226769
0.0004975479988961772
0.00041568704876297844
0.003516927194243935
0.0009043733582248353
0.0007618622897847719
0.0006373842800731971
0.0004887288209815934
0.003903035936026234
0.0011519194610867852
0.0008491039287014049
0.0008793955745821
0.0006006264968886832
0.0032832027347262033
0.0008490879537716179
0.0005873278290381325
0.000520325003688913
0.0004617864332335782
0.0030914858900249636
0.0007385582820684046
0.0005755960865711683
0.0004901609409171147
0.0003977847274772814
0.003223465185542072
0.0006988857902233464
0.0006148015566494286
0.0005121111267750739
0.00046555545758372084
0.003855320765246473
0.0008496117952959364
0.0005826280616646977
0.00035472086450031546
0.00041936670878582475
0.003330227413136684
0.0007011081706479761
0.0005878351030102128
0.0004973792455559826
0.00042116024448536664
0.0023976046739424928
0.000558262494454952
0.00042676334527223315
0.000311415593927491
0.0002931323423691742
0.0022115875879245637
0.0004969540793283719
0.00039658885445939117
0.00029290898158627405
0.00021168221356169164
0.0019958047688101643
0.00034628491201897773
0.0003044504193438749
0.00021895121470813758
0.00016847959424862394
0.001349098718482082
0.00026045424746901536
0.00018849074818028965
0.00017149033297650168
0.00011110756605451528
0.000840974700780551
0.00016736518268227116
0.00010189297820248984
7.673542216709264e-05
5.943618620091939e-05
0.0003787903683771442
7.440959529447893e-05
5.096822755457144e-05
4.1018665068082826e-05
2.9769925745701467e-05
0.00013435737508899487
3.309580153866209e-05
2.4036679409859554e-05
2.488383415521297e-05
2.1508325974332798e-05
0.0001393158034837732
2.7931306106166443e-05
2.8666816740362163e-05
2.2587119675290723e-05
1.9097133711764538e-05
0.0001393940318966211
3.380609656891784e-05
2.5864877260450804e-05
2.1754070124526834e-05
1.6965791609463484e-05
0.00013637132582118924
2.689064487994511e-05
2.407510304510586e-05
2.0751211915887218e-05
1.6072978767933426e-05
0.00017055320298633303
4.698554452777187e-05
3.604783293572592e-05
3.063626443395439e-05
2.7028770179107077e-05
0.00015733904861268874
3.73050914790261e-05
3.2512244867778455e-05
2.483905982803693e-05
2.0890056423477803e-05
0.00015037354617737915
3.433360837866537e-05
2.405937990506372e-05
2.8976582684848144e-05
2.0789146980624967e-05
0.00019256889618153385
4.5257221196448376e-05
3.75217643185652e-05
3.1479546009560625e-05
2.198772542293729e-05
0.00017239710461012235
3.872465520782448e-05
3.296287323174398e-05
2.6577649260078246e-05
2.5167122417803753e-05
0.00016576620339196549
4.462942053986213e-05
3.433933245808579e-05
2.659243416958052e-05
2.3540151293005056e-05
0.00022807398421379583
4.725742523097137e-05
3.6735640425891165e-05
3.5551501728267194e-05
2.9384822789985313e-05
0.00019730454596239395
3.629816479083678e-05
3.647267545310786e-05
2.8207690164012426e-05
2.526553167402615e-05
0.00018801043843014908
3.507115733856035e-05
3.405571299318381e-05
2.7882649409346877e-05
2.522236633293603e-05
0.0001857890052231131
4.115552468702244e-05
3.220305523084772e-05
2.579982432304238e-05
2.2854131717945082e-05
0.00017040215475395368
4.242481647580226e-05
3.953752777908404e-05
3.454988842201469e-05
2.7178166955763308e-05
0.00019130508464867158
5.152604482675105e-05
4.0522662895145625e-05
4.075458418120464e-05
2.6510907421810847e-05
0.00018743827603092327
4.6272547576269504e-05
3.832861569589179e-05
3.4869198480929616e-05
3.1579181731148024e-05
0.00022839826730704476
5.919046753993624e-05
4.7097271318176496e-05
4.051207950322304e-05
3.653908389186136e-05
0.00019947949030491054
5.279765930755955e-05
4.479002742081856e-05
3.672331190154787e-05
3.161084188200037e-05
0.00022463766592315936
5.867925950868402e-05
4.475448695008635e-05
3.713917345034808e-05
3.185358635547078e-05
0.00022874537285296766
4.3121456417519463e-05
3.356877371221365e-05
3.169503751878728e-05
2.5723384833219132e-05
0.00026035464318359175
6.0275000849484784e-05
4.84995591207918e-05
3.7745394165245235e-05
3.6895776151048574e-05
0.00022224120552280494
5.273069851433819e-05
4.937718399356855e-05
4.0269992356675705e-05
3.566078233376236e-05
0.0002772374712321284
5.013645662188076e-05
4.615427219328178e-05
4.1657783756894974e-05
3.0891041256068494e-05
0.0001966640042204141
5.6202908688627675e-05
4.344066979355876e-05
3.0104311439136607e-05
3.2274656183675867e-05
0.00024946713944403766
5.959456873919848e-05
5.1788050899669095e-05
4.1413026142229445e-05
3.1947861090699976e-05
0.0003449007459583351
7.166063713152968e-05
5.4494802650923926e-05
4.5256251683198705e-05
4.046716112705096e-05
0.0002474300958633305
6.250495544424156e-05
5.37218785804476e-05
4.327964221553399e-05
3.3120376923594375e-05
0.00029261609230984704
6.264932397838626e-05
5.488936594214798e-05
4.684140414535002e-05
4.210512123389829e-05
0.00034745591749403717
6.536318160542944e-05
5.531460179772456e-05
4.914917632267006e-05
3.41226057805066e-05
0.000301109168268612
7.09379384497631e-05
5.871232942338947e-05
4.894245979085332e-05
4.305819792921518e-05
0.00027939114560370404
6.0617608797742375e-05
5.4791292645555817e-05
4.1012692026772305e-05
4.147530580315042e-05
0.000341889841263634
8.04394948537031e-05
6.14533687374926e-05
4.56664067839908e-05
3.868943986619406e-05
0.00028555784342506495
7.578214442176449e-05
6.136553191952185e-05
4.551459922277095e-05
3.7789653399024726e-05
0.00028612434277238465
6.172835264548938e-05
4.2207042322324245e-05
4.2211891668363446e-05
3.4884362348511507e-05
0.00034154776899921006
6.0780463543551434e-05
4.8813443726578716e-05
4.669862762760715e-05
3.6102167069826636e-05
0.0003704026519638728
8.269517738115548e-05
7.2732779138978e-05
5.279352555335611e-05
4.437188501054664e-05
0.0003004517777188537
7.183684402226013e-05
5.4988314553113296e-05
4.478675055379878e-05
3.607453745015878e-05
0.0002429862581211092
5.5635631352571025e-05
4.353843953758391e-05
3.8609730719215526e-05
3.0466542601091116e-05
0.0003013245262854473
6.914199602786405e-05
5.612328575784971e-05
4.637278716291059e-05
3.6218497297417057e-05
0.000307773627534708
8.042000250386903e-05
7.153096354963509e-05
5.2592204296599366e-05
4.886548526269218e-05
0.0003449462561567111
6.47744116266853e-05
4.910382645157085e-05
4.962628649255192e-05
4.687433759840021e-05
0.00031322072772610823
6.778807288389764e-05
5.9350191813729796e-05
4.987589635834705e-05
4.528379087393694e-05
0.00036141104105274504
6.50561626633947e-05
5.897082461559471e-05
5.7712386756685725e-05
4.817536107375636e-05
0.0002689891889556555
5.7375816426822725e-05
4.3870550941098066e-05
4.261009548744138e-05
3.508108849831433e-05
0.0003455276072075266
6.94179286552781e-05
6.177524807306091e-05
4.849383498393577e-05
3.923662330310234e-05
0.00030904073812382314
6.363377142058884e-05
5.0521487628795266e-05
5.1562558446677924e-05
4.0517477248343016e-05
0.00032611501426623774
6.72244686015112e-05
4.9158305053876696e-05
4.634260958861406e-05
3.6272132189928255e-05
0.00028275364999056913
6.776897676733229e-05
4.9867804251477924e-05
4.872127388508621e-05
3.864687554986124e-05
0.0003546607907243483
5.9441950672857536e-05
5.7777479513620765e-05
5.380836479259929e-05
3.1919870753332e-05
0.0002783097219234985
5.583488041280704e-05
4.4373631044668224e-05
5.0429343907319744e-05
3.856098252230672e-05
0.00033260399318340385
7.043912163452886e-05
5.505457176334605e-05
5.2985374134108577e-05
4.1055088086228604e-05
0.0003233366358502823
6.965847510678275e-05
6.27460605797067e-05
5.058285347393175e-05
4.3032024940577155e-05
0.0003834281566766301
8.491216897521625e-05
5.9768697448545844e-05
4.7485553400274306e-05
4.922172262526394e-05
0.0003610112883500965
7.219235366982126e-05
6.527501413859115e-05
5.2352627210101947e-05
4.681607672156308e-05
0.0003036637749768358
6.598378738511216e-05
5.583013551365313e-05
5.3295248691047326e-05
4.717945673635155e-05
0.00026566562918745853
7.622960959005448e-05
6.65348906194121e-05
5.071531116038365e-05
3.55853959383661e-05
0.00037224020947055757
7.302155210313047e-05
5.5985765171434596e-05
4.8479447054636685e-05
4.305258674099373e-05
0.00035894260221375657
6.923150715488555e-05
5.4733661207422256e-05
5.0345618916727595e-05
3.8789102493584336e-05
0.0003128852573042185
7.694471998798945e-05
6.070707437460728e-05
4.83970654841207e-05
4.273435325604256e-05
0.0003643643673724394
8.136552987205025e-05
6.969190452475124e-05
5.969189266102062e-05
4.4425985036310144e-05
0.00030256489941942686
7.543292075459299e-05
5.634930552662881e-05
5.421399229004127e-05
4.791146516732327e-05
0.0003290873109518881
9.298936026965642e-05
8.541833746516569e-05
6.945236233528939e-05
5.7650752666463076e-05
0.00035622980443689487
7.496104775053473e-05
6.119084091788113e-05
5.91706726524383e-05
3.792627468037849e-05
0.000378604977197497
7.770611547128759e-05
5.9125396975501415e-05
5.675651570591785e-05
5.4213275023944195e-05
0.0003754292604680282
8.636246343279497e-05
6.343224766869111e-05
5.5269110163850314e-05
4.484537211403518e-05
0.0003748536695742768
8.90532263080033e-05
6.965078763915237e-05
6.160274343732297e-05
4.8220629782289655e-05
0.0004543037285686965
0.00010542691263343039
7.923846215244704e-05
6.631854839364186e-05
5.6816936641810606e-05
0.0004575587335552881
9.751709419003356e-05
8.193049823658084e-05
5.526377609089563e-05
5.5211111166528426e-05
0.0003760362946592357
7.57998288327354e-05
6.35115040794396e-05
5.3888570848997903e-05
4.316161122758816e-05
0.0003977894915633498
7.681024458377549e-05
5.9702292689880706e-05
5.454388891429112e-05
4.236267674085938e-05
0.0003814866356729556
9.482407928082261e-05
8.049878836845323e-05
5.8972634027790275e-05
5.27666960298721e-05
0.00037016228608422423
7.494246235853739e-05
6.357210804239417e-05
5.382367885367525e-05
4.709286893764236e-05
0.00035563761635178706
7.305033702452389e-05
6.667035250729309e-05
5.575783258153189e-05
4.257704630192795e-05
0.00033320322540722193
6.987940371666649e-05
6.018484415494786e-05
4.1830984000694394e-05
3.8290117889985576e-05
0.00031230189020152964
6.0775226948409616e-05
5.653966664375251e-05
5.1953600669283256e-05
4.422840010765925e-05
0.0003494449911035847
6.654630213241668e-05
5.213809492283649e-05
5.417747261160182e-05
4.2206323344387204e-05
0.0004090924113793326
0.00010789608676705654
8.128033622849472e-05
6.47742356233177e-05
5.6696663950848e-05
0.00035208380559186253
8.501775487066834e-05
7.647564407758364e-05
6.333822454872096e-05
5.479311817049152e-05
0.0003462571876557598
6.997468754382506e-05
5.6660104410494664e-05
5.078955061719776e-05
3.8167965579942455e-05
0.00032336067158540054
7.953653068635138e-05
5.8014593958068077e-05
4.486727404890254e-05
4.3241511758170185e-05
0.0003195201451810209
7.466884251945361e-05
5.477044461087054e-05
4.249317838962263e-05
3.487052585393348e-05
0.0003401034831460282
7.719280842456464e-05
7.446415645414146e-05
6.177752393937278e-05
4.658469546012344e-05
0.00029545398334761524
6.539444291650364e-05
5.369572160410669e-05
4.816719736977981e-05
3.698756280094989e-05
0.0003535926268311255
8.428719507417943e-05
7.182863051929187e-05
6.21053962365062e-05
4.684517007069076e-05
0.00038926485997934555
7.265557163067361e-05
6.654435402621894e-05
5.891620408316684e-05
4.132063066821871e-05
0.0003214241764211634
7.931919073910858e-05
6.329794166284509e-05
5.2636361839955035e-05
4.092333299211124e-05
0.000429513582566152
9.367856244503963e-05
7.077597166256023e-05
6.320284743987071e-05
5.912656420083626e-05
0.0004553142690947531
9.160299112045735e-05
7.260195311499992e-05
5.9427627384927205e-05
5.237561927754074e-05
0.0003212267960853348
7.751497150056212e-05
6.113118355337837e-05
4.6669490170822e-05
4.2414014337103666e-05
0.0004597683460074217
8.692939023175025e-05
6.64571661392395e-05
5.029989121919117e-05
4.166710920949324e-05
0.00031266757337541733
6.82778289050979e-05
6.215592101680784e-05
3.9748729660367825e-05
3.881795191932591e-05
0.00034528438885800706
8.802693577536086e-05
6.077197927214317e-05
6.42807362193574e-05
4.589347412314562e-05
0.00024772722670449317
6.644848053112072e-05
4.700872943346189e-05
4.940681454293674e-05
3.9599065882566226e-05
0.00035980735336508006
7.878794356400329e-05
6.1447715178859e-05
4.953646023670951e-05
3.7739923090009364e-05
0.000481628190509461
0.00010200144835046248
7.531031618706147e-05
6.538419760354938e-05
5.714982932185943e-05
0.00029529408920054147
6.766957100413813e-05
5.803246112628676e-05
3.769787218597804e-05
4.1324417780161e-05
0.0003638852902729899
6.762627394719715e-05
4.9862066792605895e-05
5.618015297253515e-05
4.38488023138136e-05
0.00037140732645208317
7.781558384810398e-05
6.314629206727044e-05
6.496443474948199e-05
4.420980758324514e-05
0.0003505294174713025
7.754213649053412e-05
6.105693055815158e-05
5.4861712806068994e-05
4.246556721012454e-05
0.0003735259316432347
9.311847454157284e-05
7.15405954271696e-05
6.154343685462024e-05
4.218266075001707e-05
0.0004370125738602405
8.892590494686619e-05
7.652983311932674e-05
5.6348949677228184e-05
4.400621330279739e-05
0.0003680003976486102
7.847375854484722e-05
6.209356440878821e-05
5.390454751287871e-05
5.349846604562401e-05
0.00039224719270684606
7.234467814168763e-05
5.70147387197159e-05
4.8765030005714234e-05
3.963540810741395e-05
0.000333130319246964
8.846056775057891e-05
6.785866451220774e-05
5.697332740685813e-05
4.69639229234187e-05
0.00037964894409844846
9.000278674861508e-05
6.927918898255927e-05
5.3764335106189836e-05
4.551014322692219e-05
0.00037855517425567254
8.05937887960108e-05
6.748007492631375e-05
5.172716294085617e-05
4.8860421476791595e-05
0.00038577326286252895
7.762563738703786e-05
5.788703193383817e-05
4.775499659357457e-05
4.125418826700414e-05
0.0003874312523270177
9.692174430543733e-05
7.595100503808333e-05
6.142185019023192e-05
4.349099777375327e-05
0.0003038435595211491
6.693613050552603e-05
6.160742144921875e-05
4.431903278518037e-05
3.511776322712897e-05
0.0002994172321121056
6.583844675671779e-05
5.16551488193046e-05
4.245292533492075e-05
4.257333403389729e-05
0.00038237605609776123
8.238847049293579e-05
6.632770142142434e-05
5.601024864386285e-05
4.674725063699727e-05
0.00040255199678802426
8.662939002645276e-05
6.868746236780523e-05
7.185984362242127e-05
5.033485585516984e-05
0.00033380590743227386
6.599974268900317e-05
5.374276086184614e-05
4.570794477424118e-05
3.954984066225915e-05
0.0003386528909903026
8.660826202918933e-05
7.69325789519858e-05
6.907430628885467e-05
5.258728873673007e-05
0.00037391707017939515
7.682580877651231e-05
5.998659399406238e-05
5.95798849151421e-05
4.743263802251923e-05
0.00035650954336213786
6.780236110715679e-05
5.7064114703097526e-05
4.708754714038853e-05
3.7108601139609836e-05
0.0003189128464127704
7.768047396479906e-05
7.187373053904241e-05
6.641717065319437e-05
5.7318975399823345e-05
0.0002966930086625555
6.577581932885877e-05
6.125818197579896e-05
4.610882351956462e-05
4.059041132302125e-05
0.000395657210107128
8.358736039280773e-05
6.467835267231744e-05
5.01136074894287e-05
3.948241839683285e-05
0.00033644048549829947
7.737694847288632e-05
6.357474815703738e-05
5.194481627165493e-05
4.7188119876629215e-05
0.00030010978967530703
5.753000477692961e-05
5.559527019418852e-05
4.8722652501167666e-05
3.3502806594762985e-05
0.00031814649823856336
6.659290312437092e-05
5.654645744085546e-05
4.667458292674324e-05
4.332701378169405e-05
0.00025802936434104703
5.2440764863840964e-05
4.2155499467118034e-05
3.039890596865761e-05
2.9224695867645644e-05
0.0003053799770882736
7.197399621854269e-05
6.151199301562488e-05
4.363758176753613e-05
3.787677837061863e-05
0.00038024894461667364
8.269300170185256e-05
7.546433357376439e-05
5.347043411463108e-05
4.806174398714934e-05
0.00025694640192132405
6.0827393740308206e-05
4.588853979607133e-05
4.395064654225202e-05
3.2362132021964825e-05
0.00033126651958739
7.319649198163028e-05
6.443420676107248e-05
5.690572110817978e-05
4.555094932533394e-05
0.00032408691599361284
8.08604874110108e-05
5.8913809449904514e-05
4.9029605229275206e-05
4.07920581571137e-05
0.00026304244267177934
6.35718179067684e-05
5.298045680456263e-05
3.8796187847727024e-05
3.473601686922278e-05
0.00032314671943709867
7.547581259249761e-05
6.294029874209485e-05
5.528933781920834e-05
4.222053143813199e-05
0.0002794868811541625
5.252497939631133e-05
4.1575443117079394e-05
3.969372930949637e-05
3.2746287419111956e-05
0.00035263635257584344
8.062712709997887e-05
6.891252385580767e-05
5.5251677872115336e-05
5.0954765657854596e-05
0.0003584314221426074
8.170317243345566e-05
6.515569087830932e-05
5.302343140782866e-05
3.9770176692119385e-05
0.00025958185650022886
6.439798401904813e-05
5.414993238329172e-05
4.973385903515135e-05
4.366717269907148e-05
0.0003526030165314688
6.658965837855242e-05
5.357009310765061e-05
4.7444427987874736e-05
4.379276462190606e-05
0.0003010089750155482
6.954898895220205e-05
5.6703891219066464e-05
4.020262595064179e-05
3.2659136358025254e-05
0.0002881554667688391
5.2055155827374254e-05
4.53964626368836e-05
3.944447323674803e-05
3.2017153175072685e-05
0.00021671603827758077
4.8880774719594465e-05
4.257465572022342e-05
4.086698151344055e-05
3.3202534220283304e-05
0.00031818701073147294
6.434092220061994e-05
5.2313251276823735e-05
4.700850441057145e-05
3.721979349797931e-05
0.00022656741406400569
4.730625111408581e-05
3.793018686604456e-05
3.2800115154361115e-05
2.778748766598378e-05
0.0002336461549874844
5.2566604277010074e-05
4.1301068623849573e-05
3.304274208499466e-05
2.991736964125769e-05
0.00023533555724451907
4.962624826094225e-05
4.5203853445566355e-05
2.7973691982031684e-05
2.809345535808296e-05
0.00020606472131265527
5.772128410380624e-05
4.4031713694228904e-05
3.541640005987733e-05
2.9751356579217356e-05
0.00022326775728009836
4.6161598178281526e-05
4.728622244182865e-05
3.648527110858902e-05
3.642814106369582e-05
0.0002560268411505131
5.1897975075628457e-05
4.0741398988786666e-05
2.958349451220272e-05
2.6632427561125704e-05
0.00022384398923990445
4.263637350360797e-05
3.750082457521753e-05
3.0356670801631085e-05
2.9472250045640645e-05
0.00025881985937060726
5.711372737001444e-05
4.577643838872371e-05
4.117162513028575e-05
3.243109706249283e-05
0.0003560877394049432
7.756140331912004e-05
5.49405625819087e-05
4.8799468097613586e-05
4.03533058958425e-05
0.00026969596990837836
6.12092224573565e-05
5.152286096520517e-05
4.0594461272795315e-05
3.456918668158558e-05
0.0003118823636430223
5.5252082752373935e-05
4.9404767110891956e-05
4.592079437182451e-05
3.806235204294946e-05
0.00025184959988524684
5.384370466911211e-05
4.6930819007809197e-05
3.3279280609534555e-05
3.0975509839749026e-05
0.00024062234677225687
4.3330852696204674e-05
3.854488108017418e-05
2.9619502899607444e-05
2.6901337776921927e-05
0.00020514770013824863
4.747648302964052e-05
3.4471518218493016e-05
2.9269730858616025e-05
2.519096942774278e-05
0.00017709776020986912
4.086172469238543e-05
2.9864393771434724e-05
3.1994975428627693e-05
2.30067885403482e-05
0.00021508514250011469
4.589564041096944e-05
3.992431296615702e-05
3.1053966292427925e-05
2.7565424108838232e-05
0.0002174761157654101
4.442410886331956e-05
3.0406504199706132e-05
2.934331321502141e-05
2.6090751680472185e-05
0.0001505225557606224
3.9876055280755236e-05
4.3487179535726135e-05
2.686313916964025e-05
2.751532204021675e-05
0.0002481387376511051
5.3137773702435334e-05
3.97073209470557e-05
3.586288164527065e-05
3.0360474709990888e-05
0.00018837213815155816
4.1842596437863417e-05
3.284852656602391e-05
2.7345452616959815e-05
2.3617733662403142e-05
0.00019497490208502432
4.202728245435541e-05
3.0841390424594786e-05
2.7350053332604e-05
2.362163469408355e-05
0.00019192986694460494
4.4224313532977394e-05
3.8898183206180084e-05
3.108456535281189e-05
2.3506929540850455e-05
0.00024539310839556943
5.109940397252569e-05
4.0384421798113416e-05
3.2155374770892955e-05
2.587952023278066e-05
0.00020395924864609837
4.175170739313769e-05
3.446888774229496e-05
2.7363492008024256e-05
2.227084954287897e-05
0.00021860165047798684
4.5430763900821624e-05
3.8976239894610145e-05
3.1514306251052204e-05
2.6598884730682147e-05
0.00017463998786699196
3.637395075369906e-05
2.719302086083862e-05
2.4824464669898904e-05
2.1566863438620708e-05
0.0001910780640960882
4.307503617977162e-05
3.590760865636454e-05
2.903559859197494e-05
2.5244342719093042e-05
0.0001872032369572365
4.391149883338229e-05
3.567639118961445e-05
3.0581271744706595e-05
2.2581483148257038e-05
0.00019539838578893254
4.054008400806297e-05
3.437792842159669e-05
3.1771439112230116e-05
2.1695705518853982e-05
0.00027406314402987067
5.080160727512212e-05
4.013349455497557e-05
3.2843343063420733e-05
2.7034782381859188e-05
0.00016673195470367559
3.6343622847344393e-05
3.225423547323189e-05
2.5496264026502834e-05
2.2591892522836638e-05
0.00014725319439840313
3.059753789439841e-05
2.2652702639395657e-05
2.040017069724225e-05
1.8443983694095086e-05
0.00015071695498152147
2.597646295228551e-05
2.348676437793288e-05
2.1530505790727398e-05
1.4294998832377377e-05
0.0001821011148015593
3.855543577666841e-05
3.19728993197128e-05
2.4796470216532508e-05
2.147537741196074e-05
0.0001834310139559985
4.176453251487505e-05
3.073181954797646e-05
2.539343508506504e-05
2.1656586465108123e-05
0.0001548272649745846
3.352401675393888e-05
2.9668699130790188e-05
2.177776461749374e-05
1.898958101032404e-05
0.0001636215342550403
3.5368728489463324e-05
2.765535633807949e-05
2.2077772395496465e-05
1.750861646497235e-05
0.00013617945021834104
3.41869059876704e-05
2.3623357731473886e-05
1.976606828505852e-05
1.4780584011147765e-05
0.00017683946572643456
3.312305142371542e-05
2.8434925663446477e-05
2.552718383870429e-05
2.0719360770318526e-05
0.00019117173554675503
4.0192828210212174e-05
3.1407577799509104e-05
2.5471521503040642e-05
2.1910010184889016e-05
0.00017083795005382168
3.7764018585597375e-05
3.4618626543104494e-05
2.8088057783251287e-05
2.1200500616863306e-05
0.0001357264249255939
2.6011200256548823e-05
2.3636772879713176e-05
1.9777272279409028e-05
1.3482351927991175e-05
0.00013639749686544063
3.070716218721236e-05
2.2808563332549685e-05
1.7047666165592e-05
1.3959416116235009e-05
0.0001028062543975509
2.548391368045988e-05
2.2989864558806975e-05
1.740647864382501e-05
1.4733675740789018e-05
0.0001245537788113768
2.67349179416252e-05
2.192357702468541e-05
1.8953598560524692e-05
1.342846230321658e-05
0.0001508322058541787
3.315598249791943e-05
2.6680330481944815e-05
2.1689706582243594e-05
1.9848325514440073e-05
0.00011157973013390638
2.2998480020352764e-05
2.115709331965967e-05
1.6878764588542076e-05
1.4442571136646396e-05
9.258266657570826e-05
2.1991241542287375e-05
1.6167214648067078e-05
1.2482506658525695e-05
1.1115766787884005e-05
0.00013485088220350502
2.758213025114124e-05
2.30058518683516e-05
1.6824018801524672e-05
1.3079240937929015e-05
0.00010812288156573821
2.1938057982465606e-05
1.7598670872273366e-05
1.4804804010258718e-05
1.0881040203659776e-05
0.00013815802067352869
2.5151837121697492e-05
1.962279983816542e-05
1.6471822450166343e-05
1.4093721104526708e-05
0.00013413321759190444
2.1765518993448223e-05
2.051743544902586e-05
1.5938762797547856e-05
1.4333502540033443e-05
9.990329598813339e-05
2.1649478527107468e-05
1.772469832028149e-05
1.4632309686291608e-05
1.2550912240155221e-05
9.723919778078145e-05
2.2842018177963592e-05
1.8024413622102286e-05
1.5883443366333417e-05
1.3147422043372335e-05
0.0001522671508127616
2.1655050278981298e-05
2.0941845209778985e-05
1.534993569685852e-05
1.4100969486275502e-05
9.696443035360251e-05
2.3561611233414648e-05
1.886184531323307e-05
1.3328717471532776e-05
1.3745643122046137e-05
9.846484677055234e-05
1.6959275661600685e-05
1.3627421418724065e-05
1.190205135425706e-05
9.16488278769549e-06
0.0001222769794337261
2.5114691416024624e-05
1.987812684720767e-05
1.5295944687959456e-05
1.4046542146054516e-05
9.753840790538381e-05
2.2320242144271736e-05
1.8928219904487488e-05
1.5119243809235144e-05
1.1607672802680932e-05
9.266918867321826e-05
1.8513162114165015e-05
1.7085036752176186e-05
1.2680237219258506e-05
1.0418340422666712e-05
8.20848626525006e-05
1.5002841609642969e-05
1.4586558872988878e-05
1.1610076474680655e-05
9.288315013918183e-06
0.0001103121369127806
2.179223120056855e-05
1.72081344101775e-05
1.4231365441159526e-05
1.2088067106755676e-05
0.00010746750298810266
2.0246499945870387e-05
1.667409060700836e-05
1.4352057885601236e-05
1.1077011912909435e-05
7.621935788287395e-05
1.9176736736398126e-05
1.4710570712373383e-05
1.0720552132258261e-05
9.827457833803156e-06
6.217563258346186e-05
1.3341900739593972e-05
1.1257552611636056e-05
9.351768190037937e-06
8.220247350816806e-06
8.552787374846991e-05
1.590476015174928e-05
1.4832928505582453e-05
1.1199485109629258e-05
9.770019693738478e-06
8.51196395549595e-05
1.7574523874871534e-05
1.4000426447031948e-05
1.3345430012394568e-05
1.0009339667179923e-05
7.613511015284927e-05
1.4537774440709773e-05
1.185692351682548e-05
1.0546366743885535e-05
9.23574782594965e-06
6.303606723577074e-05
1.2989948997169978e-05
9.176649550427597e-06
8.75974887051381e-06
7.5085382806734515e-06
6.530657384552755e-05
1.573249795358341e-05
1.3110786864135776e-05
1.1382837791522074e-05
8.880020258365679e-06
5.291837697907579e-05
1.2575383014281165e-05
1.0847305696146703e-05
9.178721387422148e-06
6.973603361586759e-06
6.144555831156665e-05
1.1622954918730213e-05
1.0699355472614523e-05
9.179609916649142e-06
6.497422132866441e-06
5.084329839133115e-05
1.055115036748405e-05
9.47840006752913e-06
7.2431004177778595e-06
5.216347101816925e-06
7.045876704668501e-05
1.5023398943855054e-05
1.2966945289059591e-05
1.03141966629937e-05
9.151819776760585e-06
6.343207593153343e-05
1.1566770314468289e-05
9.599474163462469e-06
8.287933543890571e-06
7.542782858158386e-06
5.667080175709893e-05
1.0315678238850167e-05
9.540726708805274e-06
8.199250493095471e-06
6.857704831145716e-06
5.131002911911234e-05
9.54140546572256e-06
7.692934778881498e-06
7.037103785711363e-06
5.307761927912721e-06
4.1088348656285765e-05
7.872387172589206e-06
6.9481390602340736e-06
5.367771684097809e-06
4.443415798657319e-06
4.809957907053423e-05
9.036171795698179e-06
7.63469283155428e-06
6.85942935631771e-06
5.01046650664191e-06
5.0399600238721136e-05
9.66325523931857e-06
7.814278344833248e-06
6.50208982535685e-06
5.0705392542358244e-06
4.291821812744444e-05
8.262193707877167e-06
6.472685164208891e-06
5.130522276429438e-06
4.713013567095624e-06
3.310891454839709e-05
7.96458664377002e-06
6.592543999787129e-06
4.7729772167302155e-06
4.355420705896756e-06
3.0218222399494506e-05
7.547585212759118e-06
4.9522717353267324e-06
4.683857657386791e-06
3.669586931902819e-06
3.4546327072094964e-05
7.220000762575287e-06
5.93721806605355e-06
4.922907712755316e-06
3.8190498383020265e-06
3.0938892762963356e-05
6.593974414245467e-06
5.221569234323111e-06
4.117653658302539e-06
3.2225654055455337e-06
2.7987615271379613e-05
7.340453453826579e-06
6.326029852296155e-06
4.446201041992578e-06
3.909141407819089e-06
2.957116764008326e-05
6.35622107080123e-06
5.192497211569314e-06
3.9690427793875615e-06
3.5513047598137697e-06
3.0200055673146112e-05
6.088092913847815e-06
5.0734943405767515e-06
3.9096363074255065e-06
3.4620235121536126e-06
2.8918991101456327e-05
6.297438777926791e-06
5.640918638821859e-06
4.088986005788631e-06
3.0145532782744578e-06
2.4414250496537504e-05
5.014413753247505e-06
4.357831970237321e-06
3.31319537366889e-06
2.447621350827896e-06
2.6564908937283056e-05
4.8953426486132e-06
4.417814178974608e-06
3.3134093946857747e-06
2.985095299764464e-06
2.3014567445085407e-05
5.1046127698963255e-06
3.970316481091189e-06
3.0150934083401006e-06
2.776312087331434e-06
1.8090473502919282e-05
3.970507073458352e-06
3.134654643007169e-06
2.2689230270251423e-06
2.0002615864480664e-06
1.8360216521585628e-05
3.4930583526145675e-06
3.4931054905020223e-06
2.7168961652742275e-06
2.1496588939180954e-06
1.651028027678634e-05
3.911255814970012e-06
2.955874084660593e-06
2.4184714609469558e-06
1.7914826465644798e-06
1.6212671555369365e-05
3.075434281925658e-06
2.866458334863604e-06
2.388743666544761e-06
1.8811572628660184e-06
1.5705964283203975e-05
3.075596458931426e-06
2.8367477075719216e-06
2.448588451465483e-06
1.9111143122275842e-06
1.1974181514676629e-05
2.8368576611446384e-06
2.2097872912505025e-06
2.0007743295278306e-06
1.6125815764704998e-06
1.101919062223279e-05
2.6578169127879784e-06
2.0307128596504464e-06
1.6723688471608971e-06
1.4334732243925538e-06
9.974514220252802e-06
2.2697018633117447e-06
1.672428481433147e-06
1.4633889501770119e-06
1.3140759092673592e-06
8.481719117836704e-06
1.8516810635864888e-06
1.582903259015627e-06
1.2245211860831675e-06
1.1349318709357867e-06
8.243158357762152e-06
1.4634861548385675e-06
1.3141622547153485e-06
1.1051001957012977e-06
8.661668047904042e-07
7.765597935211138e-06
1.7920932844290988e-06
1.5531598529444357e-06
1.2246165001422198e-06
8.661987819273777e-07
4.779018769476742e-06
9.85687253561385e-07
8.662165825216908e-07
6.87004365554306e-07
5.973993652392785e-07
4.540224326509993e-06
1.1052020636452413e-06
7.766339751555986e-07
7.46768456584032e-07
5.07805978567063e-07
5.1676679745247705e-06
7.16910759844753e-07
6.273009435950408e-07
5.675615229969806e-07
4.4807756354060975e-07
3.2560308786435174e-06
6.870595294962572e-07
4.779572394360846e-07
5.078324340566889e-07
3.883446073257984e-07
2.4196869313455653e-06
5.377131061595037e-07
4.779697184674713e-07
3.584791307789226e-07
2.6886067332212345e-07
2.0612672557569328e-06
3.883577167708964e-07
2.688643037377964e-07
2.0911763025033502e-07
2.3899261267859393e-07
2.1509353133091214e-06
4.481146160080462e-07
3.8836757844121383e-07
2.987454959635301e-07
2.0912265309488532e-07
1.2846119648818159e-06
2.688737978988588e-07
2.0912480224635888e-07
1.7925044633361136e-07
1.4937586729495749e-07
1.0157573238642444e-06
2.091274387657681e-07
1.4937717931968555e-07
1.195020826225449e-07
8.962681098813948e-08
6.871398696208861e-07
1.4937873235833436e-07
1.4937908938327858e-07
1.1950353927657098e-07
5.975189816842507e-08
3.286358621135941e-07
8.962818196851273e-08
2.987611599617144e-08
2.987616776603495e-08
2.9876214180547876e-08
