0.2040816326508921
0.19587628865850226
0.27354260090136434
0.5878594249190291
0.6866791744838936
0.8125496425731852
0.912184983112597
0.867253098760381
0.7039840637449937
0.6983915696061349
1.0228473733291532
0.930807248764417
1.006026006977467
0.9979744575665856
0.9636637871932133
0.9880464480874525
1.0134424662444699
1.0033881983700899
1.0145216260269752
1.0234279633165402
1.034817911529006
1.0473878736323394
1.0499436725497593
1.0547230531494263
1.0510094578546023
1.0522217593058156
1.063876328615886
1.0589631499091123
1.0566316205894262
1.069433147719478
1.0653959424083819
1.069188176164916
1.069463927410909
1.0656730408698873
1.0590853586481397
1.0693688285341691
1.0351681311253744
1.065898799841738
1.052019415697421
1.0487704918032486
1.0488833557763018
1.0548411497730763
1.0455943653873752
1.044180040582873
1.006391220141982
1.024968918358929
0.9967311764050315
1.019621526209953
1.0024216273336106
1.0055807297877322
0.9950619878125488
1.0098386026972803
1.0583534658985503
0.9909845634972206
0.968967476210719
1.018418282965006
0.9919267582188595
1.047097578347608
1.007380790521492
0.9742131979694653
0.9895220784775102
0.9938368444644516
0.864701363549073
0.8985129393588903
0.925575101488542
0.946210268948726
0.9607970342910347
0.9156760454972701
0.9675298645072641
1.0354638839067354
0.9682947729220363
0.8560582094274247
1.0297005197590674
0.9674774774775575
1.0155624317436833
0.9754394413676948
1.022822727632885
0.9616184805223609
0.9257820775369354
1.0149848674984172
0.6977851525863733
0.7940475211707017
0.7859805510534384
0.7526824034335625
0.7149724303689989
0.8372373516155832
0.8832303304016409
0.8891755406740913
0.8524495677233676
0.8600282036118837
0.9354498946735121
0.9479432282896495
0.9243008202391466
0.9511760847155467
0.9038639616129656
0.9680210534709894
0.8162162162162246
0.7958143074581492
0.8111151351529157
0.8485371193525099
0.8361648236239184
0.8784441354903559
0.876955903271696
0.9672083064469131
0.8581390715281878
0.8583269294104473
0.8339401993355446
0.8347961719452281
0.9100671140939233
0.8914188237039276
0.7716983416051413
0.887626060509034
0.8456677087985761
0.9270773953080453
0.9012163975585387
0.8816264487934478
0.8022929882610689
0.8937084882746371
0.835727169483602
0.8844544431946036
0.8554874677478723
0.8727135761199727
0.843591473623686
0.8279552500336715
0.8558691508331795
0.8199041461610275
0.8591198150022173
0.7626041578991852
0.8120042184418922
0.8321740963220856
0.7062081558125327
0.6387790810705921
0.7426508509541178
0.543549963352101
0.4487527628670573
0.4483123059647503
0.5354394491697009
0.5040723981900382
0.5012572617706318
0.4387386507859194
0.309870697504964
0.23510237343399687
-0.05690246872576739
0.28438109781973475
0.31610391961624384
0.22253591297848116
0.23597918559519687
0.19650427668276998
0.3729788783684952
0.3786249351035436
0.3840940801276049
0.4705150534959348
0.32981406534111296
0.1466098198321905
0.3507599503223007
0.4185479658754789
0.49771033013845806
0.3779482660307877
0.4647946353729946
0.4553679653680044
0.5913375989096129
0.6934398797937155
0.507164494060801
0.6090879689520821
0.5987109568666434
0.6033441568294365
0.6448347107437997
0.6598108108108014
0.7272844074416871
0.6541071963269932
0.7024734059910028
0.7495181089580932
0.7935164192203386
0.764268481509492
0.7720818123067854
0.7823314963967761
0.7570268689579148
0.7870801562526726
0.8144758879085723
0.7900610405640829
0.7782959671675129
0.8063578504251394
0.84228198400798
0.7965504423462988
0.7900455815321109
0.7695413817495718
0.784808295850618
0.7842981422874454
0.860901075325077
0.787488959717374
0.7436731696818604
0.7279240873663071
0.7915418916974964
0.7931688559704662
0.8386577561453095
0.8515574569341983
0.8077791843522677
0.7548997827804015
0.7363630006060865
0.8657804767255707
0.8308522746481287
0.8625230265402181
0.8731873253592252
0.8538256437949382
0.8378362681782184
0.8193403030266942
0.8106366017537773
0.8085178915690967
0.8060983315002391
0.8393735049823856
0.8611471705370339
0.8870310934070962
0.8676866601465631
0.8925140656540242
0.8503484606545387
0.6138475300092323
0.7465486569534141
0.6928571428571513
0.726373576516493
0.7056649518065305
0.8102625298329209
0.7488217118284346
0.794753130234804
0.8206524767370572
0.8847190574112122
0.886555583992253
0.8771415961160567
0.8988555311474514
0.9128143126893533
0.9269190540228383
0.9534248504047709
0.9271790992668434
0.9716943813640234
0.8839202667315404
0.8761010937038162
0.8701649820271001
0.9024424856904211
0.9256029409340589
0.8980764680031043
0.9071824191531142
0.9314616917224924
0.9349386213409129
0.896621775450502
0.921464283008876
0.9546272817018481
0.9647141447118888
0.9654949357392109
0.9689328258264682
0.9891709025381246
0.9917477962865239
0.9957451778682473
0.9053694512299545
0.8982205081362865
0.9659808442710304
0.9204828104814345
0.9158848137768851
0.9438979232193357
0.9281411764705771
0.9252543234994606
0.9444922666814337
0.8041066929247688
0.7446842474937643
0.7188338401001672
0.6938303136723105
0.6443499502398181
0.6457988462503107
0.7028329056920152
0.6596581289934733
0.6438210855088645
0.6791034700032035
0.5840256456565099
0.6209144792548311
0.7674136886735554
0.7062943262411161
0.7490802060338958
0.7497328800388955
0.8052322587289937
0.8104275624090388
0.7833412560080515
0.6796181442296118
0.6409096700216489
0.7245273109243793
0.6135185718398876
0.7264733107065374
0.7858743464188459
0.7565316500087473
0.6887166236003662
0.687731463241651
0.718320357793582
0.6799183673469157
0.6830622458555573
0.6899521531100992
0.7505249555806379
0.7332536837912422
0.8266558309631025
0.8602020202019988
0.6867060561299336
0.6776154757204921
0.6871277693956857
0.6540208613727673
0.7377754820936692
0.6611228440690894
0.672687929250115
0.7801067826775484
0.7023869984762862
0.6155382907879732
0.6030075187969464
0.677611940298447
0.6694963214487806
0.6540233415234593
0.7326024059692373
0.7896795546862113
0.5850795066130225
0.5968992248061494
0.3704603753207406
0.5903103044495973
0.5981112277018367
0.6727935813274156
0.7298512089274629
0.6399160342320757
0.5893069981269363
0.699902565768132
0.6798475464505983
0.4830736968245324
0.7180962343096003
0.7428721587176372
0.7530418505147247
0.7624766479851921
0.8300516687613759
0.8272702027215904
0.7974559686889843
0.8223665223666322
0.6644137063816992
0.7666056267687263
0.839536091396958
0.7905640668525467
0.7018273927988915
0.777032065622505
0.7393295475363318
0.8057903254808993
0.8395721925134931
0.7654427645789574
0.8131108104044894
0.8933757433274582
0.8497078407391794
0.8727860374919324
0.961724363161326
0.9013636965444959
0.902022589965787
0.8874538745387222
0.78178515827701
0.8172337374526695
0.8392114791471718
0.8734721289455681
0.9024288107204332
0.927523727351367
0.8891891891891976
0.9089907101244699
0.9324346539537365
0.6902584493042236
0.818097591105789
0.8391351019784022
0.8955525606468051
0.8968092328580725
0.9034867002157801
0.9378583317919842
0.9043530351437641
0.902621722846333
0.7214230171071871
0.909554920375859
0.8178372352286238
0.8564664839271146
0.8822152886114079
0.8972958208140989
0.8955489614246714
0.9135048231513323
0.886534518113641
0.6978373438925437
0.797686053783804
0.8280126545871391
0.8505641964010312
0.8562765312312254
0.8421550094517685
0.8714380384361438
0.9068322981371976
0.8736591179974921
0.7211246200606986
0.8492029297716401
0.8547358834244901
0.8545000000002144
0.8605024051308175
0.830447761194239
0.8499025341133397
0.7998533724335893
0.8227642276424485
0.578431372549141
0.75685903500423
0.7629704984739764
0.8229813664599287
0.806962025316647
0.8780487804875702
0.8980070339969228
0.9135338345861963
0.9161028416794277
0.6175182481751788
0.8081761006282441
0.8561403508773106
0.9226305609307455
0.9483870967728447
0.920096852298003
0.9005235602095907
0.8694362017802626
0.9096774193540077
0.8480565371066137
0.8320312500041059
0.8777292576404317
0.8529411764740923
0.8670212765955482
0.7873563218460187
0.8451612903179561
0.8380281690176145
0.8244274809186607
0.6541353383527346
0.749999999996125
0.8155339805808879
0.820000000010069
0.784946236548903
0.829545454540971
0.7692307692427537
0.7777777777750987
0.7205882352978721
0.5753424657716678
0.4457831325386885
0.6547619047614127
0.6790123456864211
0.628205128211691
0.6708860759543741
0.7397260273969345
0.6197183098529561
0.7352941176425536
0.39999999998611174
0.33720930232346885
0.4390243902351242
0.477777777780564
0.5531914893691681
0.5624999999920884
0.6595744680890359
0.6236559139839141
0.6941176470436858
0.5365853658546913
0.4096385542241755
0.33734939758809346
0.3466666666592596
0.35526315790555696
0.42465753425211344
0.417910447766995
0.38461538461333017
0.3787878787890744
0.5102040816359068
0.35526315790555696
0.4358974358871635
0.3521126760625369
0.16000000000370354
0.2676056337990287
0.39705882352077665
0.3968253968271464
0.3166666666661844
-0.0
0.13432835821359598
0.3384615384677019
0.39062500000508604
0.4218750000038145
0.4262295081817917
0.4769230769086956
0.5
0.420289855066265
0.6263736263704818
0.597701149422535
0.643564356442621
0.6400000000090273
0.697916666667797
0.6631578947387656
0.6868686868810858
0.6603773584995274
0.6862745097929087
0.585585585593476
0.6796116504782368
0.6388888888933539
0.5423728813616674
0.7043478260860376
0.577586206891004
0.687500000003875
0.7241379310226134
0.7345132743294853
0.6377952755972245
0.6923076923066651
0.8294573643409809
0.8135593220324021
0.8715596330194865
0.6776859504167804
0.7217391304241498
0.5752212389425396
0.650943396224252
0.7058823529366712
0.6899224806255798
0.7031250000023311
0.6833333333239299
0.6557377049098682
0.7435897435969723
0.7102803738293496
0.6288659793904842
0.6489361702041212
0.2934782608599252
0.5200000000120365
0.4615384615487339
0.24637681158362848
0.6025641025626759
0.5970149253696537
0.4492753623217577
0.3709677419517422
0.41071428570210694
0.31325301204516875
0.20987654322151886
0.2500000000103335
0.395348837207894
0.5189873417727082
0.42499999999891497
0.42500000000813765
0.438356164381607
0.32432432432939673
0.6220472440961027
0.5811965811890989
0.6946564885472916
0.7368421052638449
0.7272727272787053
0.784615384616001
0.5867768595057923
0.7304347826042326
0.6886792452925983
0.62142857142432
0.5555555555569844
0.6279069767476287
0.5853658536609463
0.5403225806441452
0.6890756302494038
0.6956521739018856
0.6601941747551543
0.7029702970383823
0.3223684210586428
0.6274509803908219
0.5838926174561547
0.6583850931722561
0.6956521739078865
0.6913580246918872
0.7062499999997965
0.7687499999977622
0.6315789473762355
0.6629213483134013
0.5935483870958348
0.6858974359017874
0.6896551724170958
0.6619718309804054
0.6521739130429313
0.6691176470617332
0.5882352941138926
0.6962962962970584
0.6529411764679451
0.7151515151525354
0.872093023256166
0.9062499999976266
0.891566265057595
0.9012345679026899
0.9005847953253777
0.8977272727334376
0.8888888888888888
0.801152737751527
0.8136792452828837
0.8766816143512857
0.8937500000005425
0.9123173277637432
0.8886597938145585
0.9214437367295627
0.9304347826092864
0.9024943310643849
0.8839907192606713
0.9039408867007712
0.9319371727717045
0.9435483870951935
0.9490616621984413
0.9355742296932389
0.9206798866849812
0.9303030303043375
0.8977635782754337
0.87628865979609
0.8754578754568273
0.8527131782950953
0.8266129032236895
0.8197424892715695
0.8000000000033067
0.7208121827374934
0.6850828729276999
0.71264367815897
0.7863247863249766
0.769230769224349
0.9710144927526508
0.7835051546410203
0.9016393442594958
0.843930635833974
0.7619047619008253
0.8343949044598664
0.8285714285657599
0.6058394160577467
0.5646258503404574
0.6068965517251288
0.7605633802789351
0.731884057968462
0.8412698412746527
0.6046511627935144
0.7666666666647377
0.762711864407029
0.8601398601434258
0.5955882352990922
0.6212121212109256
0.5882352941124982
0.5784313725403428
0.5909090908983304
0.5945945946022032
0.3593750000122912
0.33802816900340865
0.5466666666681069
0.6476190476240864
0.7247706422017618
0.6372549019657068
0.6995515695015249
0.6952380952415594
0.7163461538438265
0.6954314720801894
0.8021978021927708
0.6010101010112966
0.6683937823854703
0.7244897959190904
0.7219251336936126
0.7701149425351578
0.7245508981994222
0.75
0.6554054054036618
0.625
0.5928143712531276
0.38926174497465355
0.5310344827535014
0.4604316546855137
0.5413533834550154
0.5609756097578188
0.5867768595057923
0.5042735042785771
0.4464285714274643
0.5146198830430729
0.39310344827487126
0.4971751412444894
0.5503355704713626
0.5909090909096033
0.5073529411788171
0.6440677966126631
0.5370370370403115
0.5392156862701714
0.49532710280631603
0.4903846153815658
0.6885245901616017
0.5555555555621502
0.6666666666666666
0.4173913043562273
0.4159292035402309
0.43396226414569017
0.5480769230754785
0.42331288343996065
0.3221476510050693
0.3783783783809146
0.6190476190495874
0.6666666666666666
0.6241610738332448
0.5971223021673484
0.4924242424284271
0.629032258062258
0.3591549295754846
0.43103448275939477
0.2727272727344464
0.23469387754613985
0.1428571428734948
0.04597701150847323
0.3333333333274881
0.3578947368286402
0.43209876543633235
0.33783783783926447
0.49006622517104487
0.5031055900550125
0.6470588235300124
0.6902173913040401
0.64705882353105
0.6994535519100282
0.6818181818231137
0.7177914110394817
0.7395348837186018
0.7572815533961764
0.7587719298273666
0.8009049773750679
0.8018433179697326
0.8457943925273069
0.8916256157629991
0.862944162440932
0.8307692307647109
0.6793248945151388
0.7136929460563577
0.6776859504119188
0.7692307692241224
0.8373205741618448
0.8535353535285783
0.75
0.773255813955953
0.6455696202501048
0.5624999999989567
0.5882352941156447
0.7083333333314497
0.5588235294090115
0.6562499999997174
0.691099476438363
0.7916666666670972
0.7857142857175066
0.7027027027023857
0.6923076923040667
0.768240343347032
0.8110599078343963
0.849056603774512
0.6353591160200328
0.7317073170726544
0.7333333333395059
0.6899224806297527
0.6065573770540791
0.27388535032185196
0.6982248520637727
0.7736842105224686
0.7550000000037759
0.6967213114729605
0.7469387755136457
0.7090163934404652
0.7038626609435664
0.7230046948343415
0.3632075471670688
0.3113207547181399
0.5981308411208888
0.6772727272694992
0.8527918781737072
0.7678571428602798
0.7919463087222517
0.5916666666741413
0.46363636364855887
0.05217391304452841
0.41600000000499976
0.4014598540112687
0.5774647887325666
0.4509803921557503
0.5696202531702593
0.602564102558253
0.6407185628746872
0.6046511627881157
0.6060606060590119
0.4198895027590395
0.5057471264386165
0.3609022556453788
0.4402985074563055
0.5000000000077501
0.547169811327244
0.5476190476141269
0.18421052630617157
0.2515337423304389
0.5833333333309222
0.5904255319109641
0.6256684491928468
0.6701030927786157
0.6574585635346398
0.7282608695629612
0.7333333333352623
0.7289156626516105
0.572115384617391
0.7427385892155935
0.7868852458989567
0.6853448275859811
0.8026905829581751
0.7230046948343415
0.7989130434750817
0.6724137931036203
0.6967741935579976
0.5977011494212353
0.626760563377785
0.7416974169755408
0.7018181818178145
0.7739463601516766
0.762845849803809
0.7729257641965095
0.7292576419196097
0.7107843137298286
0.5442477876133726
0.5372340425559913
0.5906735751239409
0.653846153849578
0.6529411764679451
0.628378378383847
0.6594202898548901
0.6641791044833162
0.7322834645666062
0.3492822966556856
0.5314009661874238
0.5760368663614747
0.530701754384362
0.4611872146132838
0.5550660792954237
0.6082949308757972
0.668269230768348
0.6326530612225014
0.8222891566247262
0.9681528662430594
0.8848684210535896
0.9065743944666818
0.8601398601382046
0.854545454544192
0.9047619047573625
0.9263565891475476
0.937254901961345
0.24696356275647954
0.5000000000036781
0.7441860465088111
0.6709401709427707
0.6543778801831152
0.7989690721601512
0.6299999999972223
0.6243902439059503
0.6606334841609766
0.7482014388499092
0.5511811023615589
0.7613168724306884
0.740909090902276
0.7014218009479063
0.5268292682906175
0.4923076923119382
0.5850000000012586
0.5210526315809191
0.7212389380536411
0.5970873786373403
0.8000000000015431
0.7107843137237798
0.5956284153048491
0.7277777777827609
0.6287425149666985
0.652694610782676
0.8116883116908737
0.8095238095259966
0.7607361963237229
0.850574712645857
0.5371428571473921
0.7513513513482571
0.691011235958015
0.7656250000026843
0.7424242424262351
0.8010471204200854
0.5121951219515638
0.7474226804160151
0.591623036653783
0.6516853932570024
0.5312499999989828
0.5592105263112059
0.6870748299366324
0.6598639455780706
0.6937499999958634
0.3312883435558646
0.29677419355351753
0.19354838709135475
0.2916666666616434
0.33116883116626916
0.4666666666736108
0.217741935490984
0.3106060606054628
0.2656249999915233
0.4692307692311288
0.616822429906997
0.7763713080152086
0.7368421052600976
0.6755555555506175
0.5416666666662899
0.5329670329678715
0.45664739884277056
0.37195121950858057
0.31578947368552207
0.2999999999979576
0.4619883040941016
0.5645933014368375
0.5302325581390842
0.5701357466070457
0.682027649769106
0.7277227722746324
0.6598984771581209
0.7360703812291485
0.780701754389438
0.7922437673124999
0.7396121883653846
0.8240469208211293
0.8347578347595257
0.8416422287395254
0.8809523809510278
0.8179104477627565
0.7412398921811064
0.6492307692314595
0.7808641975285655
0.7725856697775847
0.7864768683274241
0.7518796992487091
0.7193675889290364
0.7533632287035313
0.8082191780840378
0.4919354838719274
0.6040816326522225
0.7290836653414285
0.76264591439326
0.7983539094616396
0.7154150197612457
0.7090163934404652
0.702479338842323
0.6653061224497315
0.7073954983921035
0.7257525083615147
0.8084415584402774
0.7750865051884614
0.9047619047573625
0.74349442379055
0.7837837837787114
0.7584541062860679
0.740384615385739
0.5477178423223961
0.7063197026019906
0.7033898305102825
0.5770925110090046
0.5981735159795634
0.5022222222248627
0.5317919075119567
0.5476190476188015
0.4545454545520764
0.7897196261706504
0.7519083969438588
0.6874999999992022
0.6074074074058833
0.6380597014910145
0.7528517110250348
0.8365758754823336
0.8047808764913785
0.8361344537836273
0.4447949526842385
0.7153846153868753
0.5542635658921771
0.6179245282986036
0.5849056603792125
0.4325581395396158
0.4972677595643449
0.44565217391447925
0.5191256830590725
0.38759689922214596
0.2039800995020149
0.462882096071458
0.571428571429529
0.7911646586310381
0.8185654008423365
0.8471615720535935
0.78095238095616
0.7777777777758293
0.42028985507519856
0.4539007092235693
0.46372239747430216
0.5719424460410989
0.6192170818522047
0.5787671232887096
0.7037037037028377
0.6824324324315606
0.671280276818064
0.7465181058490837
0.6377952755897619
0.816272965875761
0.7535816618878963
0.743119266053536
0.7713310580220551
0.6390977443629632
0.6823529411746284
0.6932773109244004
0.7727272727288099
0.7687074829916708
0.8240000000005555
0.8185053380792372
0.6418439716326465
0.7829457364327523
0.8050541516255216
0.6992481203024694
0.8178438661676689
0.6689189189176772
0.8213457076545004
0.7663755458510566
0.8080168776363891
0.8502202643155298
0.9069767441886755
0.808353808352624
0.8928571428584082
0.8421052631578947
0.8436578171085554
0.7231182795730288
0.8419540229862265
0.5686900958505261
0.737160120843814
0.7353846153820514
0.768328445747905
0.7500000000025834
0.7397260273981724
0.7005494505481927
0.6066066066082034
0.7838709677385574
0.8612903225839691
0.7738515901081747
0.745318352057636
0.7568627450959567
0.789256198347226
0.887966804976563
0.5714285714285714
0.6666666666666666
0.7391304347869844
0.7798507462667956
0.7307692307697444
0.7568627450959567
0.7166666666705245
0.6751054852347564
0.647887323940333
0.25088339222413253
0.6758409785917461
0.8348082595862049
0.9241379310343589
0.8447653429644293
0.8533834586486775
0.7302904564298615
0.9166666666706853
0.9053497942407411
0.6514657980464867
0.687134502922908
0.7327044025157061
0.7115987460822042
0.7025495750723679
0.7008797653974471
0.7294832826754777
0.7445482866032831
0.7492260061950622
0.4335443037955212
0.6453488372075712
0.7451612903224362
0.6513157894726698
0.6301369863037317
0.6428571428529473
0.5647058823478953
0.6044776119378331
0.594594594596225
0.6586666666695308
0.6057142857131237
0.6279069767459595
0.6942148760338483
0.8583569405092463
0.92966360856399
0.9003690036872712
0.959259259262236
0.8618181818183196
0.8427835051561499
0.7228915662655643
0.8011049723750812
0.7849740932652973
0.813008130080727
0.700854700852249
0.7382920110197448
0.7126099706746809
0.6888217522641498
0.8625954198481038
0.6246913580248608
0.6621923937358962
0.7651515151497217
0.7984693877550568
0.8812154696116302
0.8192090395452243
0.7290502793290671
0.824797843664242
0.46135831381836806
0.6332518337421493
0.660377358489948
0.6821705426360762
0.6945945945980312
0.7113702623879407
0.6838905775069412
0.7026143790897692
0.5559322033883144
0.7521008403377129
0.8057395143486844
0.8926553672317492
1.0178217821787283
0.9092627599248881
0.858757062146006
0.9362934362915859
0.951644100580037
0.90135396518435
0.7938461538452828
0.848714069590924
0.9706744868043701
0.8837876614052361
0.9237804878044907
0.9270998415229904
0.8720930232541709
0.8617594254920601
0.9112754158941154
0.7481060606062786
0.8084677419357309
0.7499999999982065
0.7758241758252492
0.7325301204790247
0.7794871794887089
0.7731092437005846
0.7988338192416136
0.7436619718344573
0.8249336870026892
0.6384839650166283
0.6751412429397371
0.8235294117650063
0.766467065872185
0.7886904761884618
0.7529761904784201
0.7253086419768797
0.7096774193566452
0.8166259168697307
0.5932642487047913
0.8387909319912903
0.8245125348181198
0.8170731707350121
0.7455357142862332
0.8288100208769024
0.8397435897431379
0.8661257606491515
0.784768211920092
0.9160583941603913
0.9281641961230884
0.9329411764708044
0.8973105134486988
0.8804483188033713
0.8486486486496251
0.947666195190267
0.939004815406738
0.8093922651949268
0.8461538461530709
0.910256410256442
0.8888888888888888
0.8683431952670586
0.8402555910532853
0.8336162988118803
0.8610108303232241
0.8847656249988742
0.7848837209311714
0.8095238095224974
0.8292682926802417
0.6825842696622776
0.7050147492618117
0.762658227846641
0.8200000000005787
0.7295373665484824
0.821969696969398
0.5978552278794921
0.5555555555542566
0.6182336182354783
0.6734693877530362
0.683473389356151
0.6135135135116621
0.6919060052200622
0.8740740740745822
0.7955665024646444
0.644705882352797
0.5520581113788018
0.7764423076944343
0.6314496314476822
0.5917312661508445
0.5886889460154356
0.7282608695642432
0.6969696969689724
0.7660818713424763
0.7774936061372785
0.6112759643947486
0.7151898734203641
0.6981132075443887
0.6170212765986263
0.7499999999980624
0.7841409691671395
0.4380952381005918
0.45500000000290786
0.4306569343099454
0.62989323843379
0.7243816254405039
0.5949820788533365
0.5772058823552407
0.6614785992201603
0.4435483870964919
0.5739910313920545
0.4068627450977055
0.2145748987872747
0.3939393939387961
0.4680000000038887
0.5714285714296135
0.6230158730169665
0.6216216216218028
0.6477732793485276
0.6920289855078845
0.8473282442726342
1.0292207792215478
0.9428571428576743
1.0570469798694861
1.015873015869779
0.8639053254466742
0.7262247838622482
0.8689458689485744
0.7887323943655773
0.9134328358218082
0.8189233278959605
0.7693574958821943
0.8290155440398351
0.9042553191493619
0.7982142857140311
0.7734241908011047
0.8879310344816232
0.8672727272702883
0.8327137546482556
0.7035573122520288
0.6787234042548398
0.6762749445687541
0.7587822014043619
0.6862745098030039
0.7240437158470464
0.7175141242920121
0.7106918239005727
0.7508896797163578
0.6080246913600257
0.7409836065566119
0.6883116883147627
0.6193548387079071
0.6234177215171097
0.6962457337898721
0.745874587461015
0.7526881720430777
0.7472924187740565
0.8486486486479893
0.7388888888877637
0.732620320854771
0.7270194986078216
0.6791907514449272
0.670520231215091
0.7889908256877811
0.7719869706847022
0.7827586206895726
0.23793103448341918
0.43773584905811175
0.529880478084949
0.6305970149279594
0.543071161047642
0.5680933852139026
0.5441176470601375
0.6007905138335582
0.6338582677185267
0.6925465838474826
0.4625407166105175
0.7195571955663062
0.6190476190464943
0.7163636363633838
0.7377622377658882
0.7673611111121367
0.7684887459789663
0.5732484076415162
0.3472222222242315
0.4864048338364777
0.5323943661963979
0.5129682997096817
0.6754385964880666
0.506134969324451
0.5785953177234999
0.5953307393008462
0.5637860082346569
0.46408839778828004
0.6644736842117286
0.766272189349158
0.8567251462012349
0.8067484662571623
0.7734138972798734
0.8402366863910188
0.845930232557098
0.9373040752318171
0.7860824742237251
0.853960396038285
0.9435294117631681
0.9250000000016768
0.8968609865457062
0.872017353581757
0.8847826086949794
0.9031531531518058
0.9239631336425254
0.6930455635513171
0.7494145199056281
0.849137931035144
0.7933884297506729
0.7914893617023792
0.7177242888399966
0.716279069766916
0.6724999999982314
0.7364130434775046
0.5071770334909351
0.6699751861009582
0.8042959427208823
0.7442922374450761
0.745238095238666
0.7971014492744507
0.7568306010938811
0.763020833332933
0.6988950276273166
0.7965686274520128
0.7394736842117285
0.7932011331452701
0.6763848396515328
0.7246376811558468
0.7024539877281828
0.7281879194620512
0.6506849315076637
0.80219780219913
0.8818443804034438
0.774271844658384
0.8516746411471927
0.7839643652557113
0.8452914798205056
0.7427293064887645
0.7799511002428279
0.8233766233745855
0.788203753351169
0.663461538463304
0.5064516128996851
0.4448818897635374
0.5270758122752732
0.4705882352933167
0.6073059360769324
0.5662100456649962
0.9849246231151395
0.6510416666602149
0.5190476190454933
0.4557522123908081
0.49785407725066066
0.5000000000036781
0.5714285714307187
0.40291262135762784
0.39784946237050905
0.49743589743731276
0.22222222222698498
0.8402154398572519
0.8675213675204005
0.8593749999997351
0.9247863247860711
0.8774509803918649
0.9216867469867076
0.9278033794159426
0.8723723723725211
0.8562691131495711
0.8331108144185758
0.7416798732169021
0.8406249999982454
0.806249999998186
0.8400646203563861
0.8464052287575952
0.8133561643827166
0.823741007194312
0.8537037037037573
0.8674496644296817
0.8112244897968071
0.7953321364453095
0.8409961685803622
0.778004073321203
0.7450549450548193
0.8479262672810507
0.7512562814085256
0.6909090909122884
0.6155606407300291
0.7108433734946815
0.7852494577019823
0.8719646799133748
0.9192825112086678
0.9049881235180645
0.8369829683706416
0.787234042554665
0.6934097421205007
0.45542168674650413
0.5913043478258682
0.6162790697665617
0.6328358208951047
0.6528662420366319
0.6354838709661884
0.718213058418793
0.6419354838714736
0.6101083032510433
0.6603174603172853
0.4494773519169664
0.4981273408249928
0.6008583691027096
0.4467213114765179
0.5846153846185691
0.596363636364371
0.6596491228068465
0.6920529801299378
0.8553846153840565
0.8587848932683774
0.890879478828149
0.8811188811177775
0.8985765124556809
0.894833948339767
0.9083969465625588
0.9329388560150834
0.8897637795270747
0.881804043546181
0.8070175438592675
0.886269070735197
0.788203753351169
0.878491620113144
0.8801128349787812
0.8355555555560471
0.9234167893973607
0.9301948051939085
0.8132716049368411
0.745825602969954
0.800376647833413
0.8369098712414215
0.7615740740727253
0.835937499999329
0.8376068376077677
0.8685015290502668
0.8190476190481439
0.726384364819797
0.8401084010826338
0.7297297297278981
0.6796407185626564
0.6874999999993219
0.7218543046340484
0.5980392156884994
0.7344827586232493
0.706093189965139
0.6942675159250459
0.6786885245911157
0.6094276094259365
0.6727828746161622
0.7560240963887709
0.6768292682906174
0.7841269841302209
0.7211538461516526
0.7723880596972627
0.5
0.7349081364832865
0.8706199460928928
0.7892156862753232
0.6960784313734251
0.6751269035515773
0.7007672634275756
0.7551020408147772
0.7374301676010162
0.5442708333339809
0.5977337110484233
0.6751412429348331
0.6666666666684528
0.7958579881648751
0.804560260587185
0.8198757763995247
0.6885245901651474
0.8130841121488757
0.8087649402376522
0.9181585677755947
0.9270386266121442
0.8614318706696812
0.8918918918938428
0.8490153172862448
0.7986425339342612
0.7911547911554304
0.7044854881241835
0.813333333335288
0.7015590200421409
0.732009925555309
0.8333333333354608
0.6985915492960639
0.9621451104091272
0.8159722222218037
0.8745762711852039
0.7462121212076377
0.6840579710116632
0.5132075471690944
0.7545126353765725
0.7527272727257577
0.6181818181768827
0.6197718631174691
0.7231833910062663
0.6585365853662962
0.6408450704245154
0.6978922716631157
0.6938775510198458
0.7717121588098843
0.7728237791963362
0.7967145790565321
0.8231578947357572
0.773835920178698
0.800894854583306
0.8507109004739531
0.8918406072108325
0.6832669322721632
0.8446215139437409
0.7855670103093595
0.8279569892483957
0.8615702479314388
0.8119658119658754
0.7521008403340657
0.7617977528112769
0.8565022421539326
0.8624708624696645
0.9076576576577369
0.9589371980692231
0.8560606060605729
0.7594594594565682
0.6975476839241053
0.7290502793277532
0.7956656346751722
0.5742793791569585
0.8434065934026103
0.7837837837817759
0.9159891598907957
0.8010075566753824
0.9007633587804131
0.9457142857144133
0.8686567164181889
0.8866279069785487
0.6478494623635089
0.7135135135159483
0.7583547557872855
0.8858695652185195
0.9893048128354409
0.917475728154542
0.9502487562202805
0.8691588785038389
0.8199052132706881
0.8097345132720251
0.7184265010354869
0.7808857808849696
0.7535211267576074
0.6650246305427776
0.7441860465123321
0.6031746031728535
0.7671232876691968
0.7636986301354389
0.7129629629606312
0.6227106227095046
0.781481481480148
0.8481481481475528
0.8210116731551154
0.8639999999982223
0.659919028339142
0.8137651821842145
0.6806722689071952
1.05243445693237
0.7093425605520743
0.8542372881338377
0.7115987460822042
0.7290969899650211
0.6666666666646146
0.6208178438676585
0.6493055555550323
0.7335640138439067
0.8717201166179873
0.8626198083044943
0.732394366198354
0.7521367521343426
0.7545454545442589
0.678362573099712
0.7568389057765996
0.6656626506029609
0.7312925170067425
0.9540540540558167
0.785377358489581
0.8992805755407963
0.8782383419682595
0.8394736842078934
0.9297297297307696
0.889830508471875
0.8649425287349154
0.7950310559001188
0.590308370044036
0.5800000000014757
0.7315270935944899
0.7453083109922066
0.8328611898003204
0.7142857142842971
0.7264150943376141
0.8694158075609985
0.8880866425983277
0.5245901639303828
0.7323943661976997
0.7307692307661957
0.7439024390242182
0.6809338521411817
0.7792792792828018
0.8080808080816052
0.6256983240255972
0.7967914438520546
0.5256410256417866
0.5810276679877426
0.5532994923870393
0.5053763440877276
0.48108108107747966
0.48947368421629706
0.4088397790082804
0.5355191256824898
0.6153846153832457
0.7811634349027939
0.7268518518535448
0.7582159624398509
0.7533936651604326
0.789351851855303
0.8412322274851687
0.8501118568243696
0.8112359550546807
0.9069767441850137
0.7276119402994985
0.7519083969438588
0.755952380952545
0.7906504065028602
0.7938144329923845
0.8684210526318795
0.831858407079816
0.8476190476166463
0.8786407766985995
0.5986547085201445
0.5989847715741632
0.5594059405957612
0.6424870466303999
0.7084468664841629
0.7048710601707225
0.6838905775086093
0.7355623100291602
0.7979094076618168
0.6899999999968173
0.7285223367712355
0.8346456692940294
0.6037735849075144
0.6651583710389467
0.6009852216794688
0.6510416666602149
0.6775956284124494
0.6976744186109888
0.8089622641493017
0.6405405405378014
0.6464646464654878
0.6839237057204854
0.7054054054075992
0.7249283667598544
0.7521367521392885
0.7357357357344206
0.8441558441517449
0.7454545454544179
0.6950959488251848
0.8810810810808613
0.8721934369588263
0.9261168384869833
0.8608695652157635
0.8872727272718665
0.817359855334993
0.8258317025447627
0.9300567107742284
0.811999999999625
0.8682170542651829
0.8432989690726372
0.869098712447743
0.8623655913987166
0.8471910112380854
0.8057553956827643
0.8258575197884469
0.8240740740744834
0.8222222222219364
0.9069767441850137
0.9429928741077749
0.9123222748804832
0.8635235731987051
0.8439897698225048
0.7702349869442703
0.7999999999990356
0.5966981132052779
0.6173708920189324
0.7388059701511229
0.7534883720951452
0.8198433420364588
0.8489583333345813
0.8398950131250578
0.8215297450424371
0.9107142857119791
0.7499999999976666
0.702127659576531
0.8839779005535725
0.9098360655759478
0.9365079365095111
0.7986111111082647
0.8059701492569219
0.7651821862316592
0.7956521739124199
0.6163934426219617
0.6969696969687404
0.7636363636354071
0.7269841269857891
0.7068403908819471
0.6881720430092139
0.740890688260589
0.7038626609435664
0.7217391304371454
0.7702127659591758
0.8054474708154911
0.8068181818196763
0.9045643153480044
0.723999999998639
0.6765799256493581
0.8778625954207577
0.817021276599737
0.8761467889951727
1.105610561061041
0.9937304075215491
1.0433436532538856
1.015197568391271
0.914012738856338
0.8372093023234354
0.7894736842072202
0.6730769230789562
0.6549520766782023
0.7566371681408282
0.8108808290158703
0.7754629629620048
0.7756097560982839
0.8117359413223068
0.8682170542639136
0.8947368421025151
0.8614130434792736
0.8621700879759573
0.9214501510587011
0.8032258064532026
0.8859060402726789
0.7749196141494895
0.8091603053424492
0.7436823104727984
0.6984126984135732
0.7182539682507971
0.7453703703669099
0.6707317073148356
0.5126050420208522
0.5833333333365059
0.5791855203655809
0.6018957346026935
0.5326633165867724
0.5454545454528575
0.5449438202294312
0.5755813953522995
0.8297455968674617
0.8663446054731676
0.8365695792881168
0.8112324492988381
0.8355555555560471
0.8515742128943805
0.869565217390399
0.8580152671766084
0.8627760252354485
0.7282051282038042
0.7603960396051176
0.7381974248917605
0.8137254901969961
0.7622950819699347
0.685975609759583
0.7735191637667546
0.6035087719303162
0.6338582677141944
0.6838905775069412
0.6785714285712582
0.700564971750609
0.6878453038669131
0.6676056338039327
0.716867469879581
0.7561728395014266
0.7346278317152467
0.7449664429528637
0.8930481283451254
0.7792207792231216
0.8143712574833493
0.7444089456885844
0.7721088435385598
0.6942446043159627
0.7252747252740963
0.6999999999985533
0.8095238095230938
0.6516853932633583
0.6055045871528948
0.7512437810938398
0.8159203980080596
0.698492462311514
0.7783505154596277
0.6388888888945149
0.7157894736846914
0.6737967914461339
0.5266272189304133
0.22695035460730945
0.4692307692346727
0.6730769230900846
0.3762376237616955
0.42857142858408187
0.4778761061915633
0.3749999999963833
0.5615384615381533
0.8643216080362556
0.7431693989061189
0.7342995169127098
0.6713615023475709
0.8254716981106969
0.6966824644576278
0.7704081632673849
0.6914893617068429
0.7988165680459393
0.6130434782627402
0.6094420600851014
0.6513761467894292
0.6729857819897804
0.7019230769286946
0.6476190476158197
0.6759259259262236
0.676328502410111
0.7386934673407165
0.7241379310400857
0.6222222222208506
0.8185840707955425
0.6491228070195476
0.5327102803720122
0.5943396226429772
0.7179487179530551
0.6340206185539334
0.634285714286848
0.7901639344270507
0.6008583690952589
0.6486486486473806
0.735294117647917
0.7090909090928603
0.7582781456951548
0.759075907585767
0.8456375838906626
0.8250825082553632
0.7277777777779385
0.7376093294491038
0.8138297872347547
0.7424657534240581
0.862637362636393
0.7633802816888597
0.8310991957101314
0.8296089385487186
0.7719298245595334
0.803167420813511
0.7952127659591537
0.8391959798969768
0.8243243243222319
0.8106666666691233
0.8904109589027414
0.890710382512132
0.8619718309888359
0.8773841961821927
0.8489065606362652
0.8160919540214212
0.8517857142837989
0.8675136116158283
0.856884057971157
0.852517985611376
0.8749999999996069
0.8999999999983307
0.8980392156846326
0.880907372400781
0.8177966101707072
0.8803418803408024
0.7707865168551774
0.7775175644029532
0.7919621749403938
0.8083538083534415
0.8115577889479676
0.8131578947387657
0.8498659517420034
0.7381615598926877
0.7970149253758105
0.722807017543539
0.734082397001164
0.7399999999986112
0.8617511520780462
0.7738693467358164
0.6010362694330812
0.9138888888928272
0.7154255319142674
0.8538461538467017
0.9215189873409376
0.9586374695839185
0.9697732997472737
0.9221105527630081
0.896276595746265
0.8980716253478044
0.6794117647039601
0.6973684210489497
0.7526132404151678
0.64257028112615
0.640350877192181
0.6280193236677297
0.6226415094288414
0.623417721511616
0.5173611111075112
0.7567567567559642
0.7193675889290364
0.8277680140572338
0.8066406250010993
0.7639155470247985
0.7365145228253578
0.8302752293568484
0.7656612529046805
0.6363636363684189
0.7943396226400385
0.7437379576150823
0.7901023890786196
0.8051282051235787
0.8117839607192846
0.7708333333324543
0.8424908424889558
0.7667304015261713
0.783300198805277
0.8580246913560071
0.7984293193689558
0.8158682634731472
0.8580246913560071
0.7954545454548017
0.7641025641028989
0.7854545454537879
0.8435643564362835
0.7455752212375445
0.6373831775677644
0.7374999999996383
0.8620689655208194
0.7326203208535299
0.7717391304370388
0.8121212121207657
0.5794701986718801
0.49808429117881986
0.5555555555589847
0.7894736842098393
0.74731182795535
0.751497005989798
0.7849162011149886
0.8183060109316962
0.7851458885967784
0.850331125829587
0.8305555555570826
0.8526912181278457
0.8027397260306549
0.7416020671824889
0.865102639299084
0.8253968253957915
0.8751857355141401
0.8108108108110926
0.91872278665144
0.8184438040353462
0.8522895125547703
0.817333333334432
0.8548387096783227
0.7837465564718464
0.8569230769243424
0.755555555558005
0.7605177993497689
0.7229965156776721
0.6580882352966988
0.7151515151505374
0.9159482758599725
0.6926713947969587
0.8578199052093708
0.7619047619024
0.7833333333334711
0.7581863979879928
0.7839999999940003
0.763020833332933
0.7847769028873305
0.9440000000029443
0.6755102040802878
0.7619926199259983
0.7725631768939719
0.750000000001584
0.7984189723274051
0.7942386831279248
0.8103837471797273
0.8066157760821893
0.8125000000021876
0.7782805429826576
0.7675906183355137
0.7726269315654678
0.7120181405880159
0.6597222222220548
0.7381546134674354
0.6878306878282092
0.7255434782579724
0.49086757990574387
0.623831775701579
0.6381418092938386
0.7154255319175705
0.6323119777172513
0.6492307692207763
0.702875399363326
0.6342281879158661
0.5907335907333837
0.49999999999361755
0.457875457870147
0.7136363636288313
0.6445497630234269
0.5837837837796244
0.4740259740406142
0.23021582733938742
0.3333333333243616
0.16949152544666973
0.7125000000061484
0.6831275720264568
0.777777777781075
0.7198275862048968
0.49397590361428984
0.56666666666336
0.44131455399413066
0.3811659192820225
0.44723618089426453
0.9649122807108379
0.867605633802624
0.9319371727762491
0.8643216080449794
0.7487562189018416
0.8110236220420777
0.7628032345001874
0.6656804733784643
0.7272727272662478
0.7354368932013267
0.7321867321933347
0.7714987715008047
0.7448453608276021
0.7428571428576581
0.8437499999926021
0.8298507462731428
0.7169811320692915
0.7260726072582678
0.7173252279641353
0.6749116607831077
0.8616600790527937
0.8130841121552947
0.518518518524472
0.3951219512137289
0.4761904761952001
0.47395833333841936
0.5858585858557518
0.7311827957046787
0.6928571428549285
0.6927899686576332
0.7355623100344368
0.7933130699156149
0.7641791044763744
0.7893175074160436
0.7969230769194611
0.7461300309605511
0.8948374761012924
0.7729831144444637
0.8536155202806426
0.9451553930513918
0.8754646840154217
0.9085820895539912
0.808429118778661
0.798780487806255
0.8047210300485466
0.8882113821153702
0.9017681728873859
0.8101010101003583
0.8417849898539266
0.79045643153113
0.7939262472858403
0.8
0.8443877551033513
0.8381962864656016
1.1002570694117233
0.9202733485196865
0.8852040816292638
0.8992805755370525
0.8172839506154423
0.8909574468089035
0.8522727272754174
0.8680351906215389
0.81907894736117
0.4659498207918312
0.5458015267191758
0.7180451127770477
0.7701149425226194
0.8901515151398579
0.8023715414993183
0.6887966805048598
0.6929824561411524
0.855813953493705
0.7023809523824286
0.7573221757226745
0.8765432098873035
0.9423868312788366
0.9110169491494877
0.9521739130475476
0.9311926605489975
0.7175925925942298
0.8382352941121406
0.6819484240702788
0.652027027037053
0.6878980891752143
0.7835051546433575
0.7797833935028006
0.7148148148117667
0.738281249989563
0.6222222222253656
0.7126865671622938
0.7616580310839349
0.7233429394820465
0.7139240506274593
0.8329297820860495
0.8830548926037262
0.8904761904789854
0.9154589371987362
0.9084337349397389
0.9133858267692856
0.8684210526331091
0.8215102974781104
0.8737864077687085
0.7235142118818538
0.7882037533521548
0.7223796033963406
0.6207951070392566
0.7538940809987718
0.7034482758577754
0.6666666666666666
0.5958702064909143
0.7270029673652871
0.5973597359681894
0.6546762589952317
0.580392156869473
0.6733067729070439
0.5958333333312839
0.6181818181875571
0.4396551724163734
0.4976525821649815
0.7310924369779773
0.7612612612746468
0.8149779735645086
0.5565217391366044
0.6063348416207129
0.520547945206131
0.550925925922205
0.7269230769190194
0.6161616161598449
0.6032786885216416
0.6634615384651766
0.7129032258048258
0.7209302325610903
0.7785234899376559
0.7256317689556931
0.7743190661497523
0.7286821705443048
0.6591928251136436
0.7027027027005288
0.7459677419307419
0.6652719665255554
0.6785714285753036
0.6666666666666666
0.653658536581235
0.7619047619003879
0.8051118210878923
0.7670250896040844
0.7446808510575427
0.772388059702266
0.8134920634915167
0.7488584474911907
0.7537688442081295
0.6540540540579091
0.7118644067740089
0.5454545454559119
0.6164383561680756
0.701680672266517
0.7021276595622082
0.8418604651074909
0.7209302325521305
0.7451923076907829
0.7412935323408867
0.8031088082902487
0.7244444444453361
0.8193832599105466
0.7420814479700567
0.8697674418663238
0.9186602870837243
0.9343434343364377
0.8571428571399047
0.8709677419390969
0.7938931297637087
0.6156862745174929
0.7742946708507282
0.734042553193978
0.777777777776395
0.741573033714148
0.9017094017114308
0.9134199134223209
0.7751196172254368
0.7157894736755545
0.8663366336767256
0.38709677418933325
0.4339622641480593
0.4863013698467252
0.4577464788837431
0.5777777777669186
0.4961832061024191
0.5042016806627067
0.5080645161385163
0.5730994152095467
0.671641791050706
0.6666666666666666
0.6378378378412871
0.6739130434868754
0.6949152542449352
0.6875000000049319
0.676470588233492
0.7012195121796309
0.780701754384362
0.6679999999969446
0.7202797202747114
0.7617449664422101
0.8317152103578053
0.8380952381009068
0.7908496732030593
0.7826086956501543
0.8344594594627486
0.8393442622965749
0.6744186046449928
0.7269372693711336
0.7429718875523288
0.7937219730991975
0.8009478672931191
0.75
0.7459459459458445
0.7052023121308396
0.8235294117599002
0.6993464052370642
0.763358778635261
0.7709923664041208
0.6638655462248622
0.5462184873905447
0.6052631578827145
0.5840707964533791
0.6826923077115684
0.22580645160477406
0.29927007299436564
0.4375000000105488
0.5629629629602958
0.4903225806448723
0.7461538461493263
0.6350364963464802
0.6559999999875561
0.6984126984135732
0.5944444444416582
0.5846994535488023
0.7102803738293496
0.8592233009709556
0.88038277511143
0.8282828282739719
0.8536585365981718
0.8167539267031887
0.8449197860976467
0.9176470588280947
0.7202380952334205
0.922580645158978
0.710344827581583
0.7323943662009713
0.718518518519852
0.6739130434700565
0.5820895522589159
0.5645161290399356
0.706185567003298
0.46341463415377715
0.45212765957328926
0.5721393034908373
0.4915254237384554
0.5232558139509064
0.5624999999986438
0.6199999999912041
0.6356589147449565
0.6143790849661337
0.349999999981193
0.42105263159177125
0.41666666665762486
0.4367816091995308
0.5104166666610155
0.5333333333399468
0.4466019417688457
0.5
0.8167539267031887
0.7166666666612014
0.7572815533982219
0.7500000000044287
0.7383177570076779
0.7272727272631624
0.8039215686184404
0.8695652173891165
0.8599999999909727
0.6292682926837531
0.7536231884016645
0.7586206896569417
0.71052631579284
0.7650273223935891
0.744186046514914
0.7117647058881197
0.728395061729718
0.7911392405002095
0.7044334975302055
0.7537688442081295
0.7877358490519686
0.8916256157706242
0.7874396135250304
0.8061224489797726
0.7663043478313172
0.8055555555544839
0.8690476190380236
0.929824561400659
0.688311688322522
0.7202797202625714
0.4803149606477885
0.6226415094148036
0.5876288659576095
0.558139534873393
0.5394736842117286
0.5135135135059049
0.5604395604370448
0.1999999999826397
0.20987654320458457
0.3258426966331585
0.5145631067964438
0.6304347825914666
0.6091954023098599
0.6666666666923856
0.5769230769230769
0.4731182795751112
0.5887850467353405
0.5858585858557518
0.5178571428632323
0.6083333333316455
0.661764705884981
0.7352941176425536
0.7720588235425522
0.7647058823514394
0.6496815286642516
0.7403314917107995
0.7798742138389501
0.798780487799198
0.6942675159122981
0.7006802721025771
0.6506849315195543
0.669117647053192
0.7120000000171103
0.7399999999939818
0.6307692307626565
0.7380952381155771
0.7049180327840859
0.6557377049147669
0.6752136752235671
0.6982758620759324
0.5840707964661591
0.6990291261955921
0.8137254901847318
0.523809523817397
0.6999999999956599
0.6829268292734564
0.758620689685448
0.7906976744477107
0.8351648351606423
0.6813186813232934
0.7040816326613762
0.6271186440702902
0.5217391304452841
0.5714285714244033
0.5882352941210797
0.6355932203220267
0.6140350877176952
0.6388888889094283
0.6000000000063128
0.5900000000020832
0.6371681415882978
0.4081632653017842
0.6862745097812284
0.574712643664858
0.6666666666815045
0.6527777777617034
0.6885245901331422
0.5636363636179991
0.27083333335744486
0.5352112675980574
0.587301587319958
0.6153846153599617
0.6666666666842023
0.5079365079181373
0.6333333333140441
0.6034482758661974
0.6491228069769349
0.6271186440408659
0.5696202531812469
0.5952380952489208
0.7875000000113926
0.7931034482758621
0.7499999999802723
0.8620689655117367
0.8795180723103246
0.8499999999978299
0.8625000000065101
0.9906542055965591
0.7157894736703607
0.8172043010503794
0.7349397590603366
0.746835443045207
0.7837837838015372
0.7887323943524219
0.7361111111305343
0.782608695652174
0.6352941176235113
0.8545454545603758
0.6634615384689218
0.6605504587296237
0.7387387387409932
0.7207207207328381
0.7456140350901238
0.8235294117870177
0.8053097345257824
0.5357142857253573
0.7924528301732287
0.737864077664012
0.7857142857041631
0.8229166666723178
0.846153846162651
0.8690476190559843
0.75
0.8933333333487647
0.5662650602586039
0.7731958762713161
0.7555555555718443
0.7878787878713485
0.8369565217686659
0.7882352941118803
0.7228915662751403
0.8243243243059368
0.808823529391491
1.0
0.6944444444283701
0.7837837837647623
0.6933333333345678
0.7777777777617034
0.7391304348198016
0.7343749999686362
0.7333333333140442
0.7333333333564804
0.8630136986099393
0.7638888889049632
0.9404761904875081
0.8987341771829227
0.9506172839770771
0.902439024401604
0.891891891905841
0.8115942028817775
0.8461538461867177
0.6101694915373929
0.607142857176072
0.661016949165509
0.7454545454648756
0.6727272727766276
0.6122448979881054
0.6521739130762955
0.5365853658123491
0.4210526316222279
0.7941176470723393
0.5357142857253573
0.7571428571138052
0.65
0.71666666666956
0.6349206349390056
0.7166666666280882
0.6379310344899835
0.7037037036822712
0.5937500000033907
0.6491228070378483
0.6065573770342507
0.7142857142452238
0.7021276595917576
0.622222222218793
0.6904761904486344
0.6249999999782996
0.6578947368012292
0.8636363636327768
0.5833333333273054
0.7843137255128892
0.8541666666425551
0.7708333333574449
0.8
0.7105263158111139
0.6285714285260792
0.724137930943656
0.9459459459738442
0.6857142857369604
0.6857142856377587
0.6410256410553168
0.6052631578827145
0.5750000000412308
0.589743589713914
0.6410256410553168
0.46153846153846156
0.4565217391534068
0.6382978723561433
0.5434782608465932
0.5777777777966383
0.6956521739228886
0.5714285713931423
0.6666666666666666
0.6578947368925993
0.6578947368012292
0.7272727272655536
0.6999999999930558
0.7555555555041177
0.7209302325656507
0.7209302325656507
0.6428571428571429
0.6279069767272858
0.6486486485953884
0.5945945946072756
0.837837837827693
0.6000000000198403
0.5555555556198529
0.5714285714143997
0.5757575757926471
0.6874999999525304
0.5806451613336782
0.6206896551971848
0.6551724137394331
0.5
0.6176470588025048
0.6969696970398396
0.6571428571315198
0.6764705882473082
0.806451612888774
0.7878787878437166
0.8235294117526918
0.8181818181818182
0.6393442622624235
0.7538461538239656
0.8055555555622532
0.8513513513177466
0.8947368421172855
0.8799999999944447
0.9027777777617034
0.9117647058808512
0.8923076922879694
0.919354838726839
0.9016393442641613
0.8833333333651605
0.9166666666811336
0.9322033898644212
0.8644067796779733
0.9259259259044934
0.9411764705882353
0.8913043478457773
0.8461538461692547
0.8269230769153727
0.8163265306035684
0.8297872339891127
0.7954545454491652
0.8372093022899031
0.8292682927345636
0.8108108108615348
0.777777777788494
0.7441860465247725
0.6486486485953884
0.7560975610251811
0.75
0.7999999999603193
0.7878787879266124
0.7812499999559211
0.7333333333719118
0.7241379310633822
0.7368421053160563
0.7999999999603193
0.8918918919476884
0.7999999999603193
0.8749999999593118
0.8999999999884265
0.8
0.7857142857231431
0.8214285714551434
0.6428571429102866
0.6666666666666666
0.7407407406978758
0.7391304347694818
0.7500000001085019
0.7142857142857143
0.8500000000173603
0.7777777777134803
0.8500000000173603
0.6000000000347206
0.7647058824730817
0.7058823529892326
0.8235294117526918
0.6470588235053837
0.7142857141794268
0.6363636363349416
0.6363636363349416
0.8888888891460786
0.38461538449211624
0.5454545453397667
0.7272727272440326
0.7272727272440326
0.7692307691896798
0.769230769251314
0.8333333334297794
0.75
0.8181818182679023
0.7692307691896798
0.6666666665702206
0.6666666665702206
0.75
0.6363636365358046
0.6363636362201628
0.6363636362201628
0.7272727273301167
0.7777777775205882
0.769230769251314
0.8181818182679023
0.8333333331404411
0.8333333334297794
0.8333333331404411
0.7272727272440326
0.7272727272440326
0.8888888891460786
0.8000000001388824
0.9090909090048249
0.909090909291772
0.909090909291772
1.0
0.909090909291772
0.9000000002083236
0.8999999998958382
1.0
0.9090909089761302
0.9090909089761302
0.81818181800965
1.0
0.8999999998958382
0.8750000002712547
0.888888888760294
0.8888888891460786
0.8888888891032136
0.8749999998372472
0.8333333336226717
0.8571428574262906
0.8888888891032136
0.7499999997829963
0.8749999998372472
1.0
1.0
1.0
1.0
0.7142857143565726
0.8749999998914981
0.7142857140022808
0.6249999999457491
0.7499999997829963
0.8333333337191178
0.8571428570011405
0.8333333337191178
1.0
1.0
0.7999999998611176
0.7999999998611176
1.0
1.0
0.8333333331404411
1.0
1.0
1.0
1.0
0.6666666662808822
1.0
0.6666666674382355
1.0
1.4999999982639702
1.500000000868015
1.4999999982639702
1.0
