-3790.324277097342
-1869.4153726475438
-1037.031274728919
-647.6488553741065
-448.861758340204
-355.51340480701526
-309.0038934421447
-275.51902454661035
-236.15110558423476
-212.72753399059943
-175.1157588725709
-149.14031222296177
-126.13073745068083
-111.05874920441265
-98.4990105745034
-89.60921386756564
-80.92499134927002
-74.63830384918633
-68.81663452027668
-64.15714417987846
-60.36814666742079
-56.86456175397092
-53.836857113447174
-51.936275775141674
-49.70334741454029
-48.077915742416366
-46.2702416935914
-44.88452287894218
-43.11842759554449
-42.00665681303435
-40.783444315706475
-39.58620501174252
-38.44280868151067
-37.700991171091204
-37.04297822002515
-36.606490484296586
-36.04922962364644
-35.3212483945572
-34.709934564874686
-34.144169080174564
-33.48831019976558
-32.87895259374592
-32.39219542231146
-31.974915815358553
-31.37466638888752
-31.290879712042578
-30.97499423460463
-30.27907612376771
-29.82732221448982
-29.47861143718798
-29.46726874624659
-29.14817973774295
-28.63047746982535
-27.876903514571616
-28.036542885644216
-27.66945055789551
-27.26421805899897
-26.692335260805955
-26.60117698022436
-26.132925664257932
-25.634726149702562
-25.32493424673605
-25.06163032767594
-25.015207495821052
-24.72734538335819
-24.149120707102227
-23.649861154278064
-23.3457083553946
-23.063649083793027
-22.84950024000303
-22.45027614428936
-22.156436897952553
-21.97063947071515
-21.62045367908455
-21.01568251012248
-20.702256540563404
-20.17685205207657
-19.73181362987648
-19.377159837615967
-19.09851726007966
-19.308659409462848
-19.243156772027007
-19.21671343490131
-18.94029438999713
-18.665609235523668
-18.494927717538054
-18.053581773312974
-17.788326758725795
-17.484996649791864
-17.37810863167315
-17.395784627580866
-17.119767368423155
-16.782578951848443
-16.464776080336947
-16.273798171847197
-16.120005444784027
-15.941472343811743
-15.778788659656394
-15.52566586481521
-15.746153366621918
-15.76632544197533
-15.521914576132307
-15.45737612119693
-15.321016361922682
-14.9551403995169
-14.695298742049072
-14.539526666256583
-14.338519636108565
-14.283089248377804
-14.125066653071713
-13.891086988058543
-13.673623640798553
-13.457219069373652
-13.343567271507585
-13.18360188219531
-13.07057703309193
-12.980974619218472
-12.786176239999104
-12.567120478339682
-12.415743835501631
-12.303756485374599
-12.170624618632937
-12.078385901073664
-11.938117598546361
-11.737252200054943
-11.537673399487343
-11.415337034648882
-11.403443796418866
-11.283870528154853
-11.113922164009578
-10.97803935162094
-10.838472208116752
-10.713585910324383
-10.66145506271182
-10.654273205807613
-10.699606161695215
-10.61590534757514
-10.517065607874194
-10.496470868500609
-10.439271539500043
-10.332210282544285
-10.2565226078129
-10.24694816829803
-10.268126588702065
-10.256334564245275
-10.17575829369779
-10.063357219081457
-9.975997761638057
-9.821770247454841
-9.713364054138836
-9.596356082787313
-9.495532579067369
-9.420270581679477
-9.377878250023112
-9.320842403999137
-9.232231133715594
-9.165346711700362
-9.07257741755933
-8.983507589522183
-8.914461208471867
-8.862530036658825
-8.723210354811961
-8.735109665065696
-8.663416191594653
-8.52553252148565
-8.447919791083304
-8.352819573064524
-8.292842390227625
-8.210086091308716
-8.168190631328397
-8.06211726795864
-7.978875218688996
-7.861748173816174
-7.8145686719120215
-7.779989903870062
-7.712970772848756
-7.672380004498514
-7.61353884879461
-7.594012518047737
-7.497867394517053
-7.373827401330473
-7.253562415846604
-7.15694895241881
-7.088115458848428
-7.059243567097214
-6.9913952602278115
-6.93546360401561
-6.888537316194473
-6.908150939656808
-6.892563951083956
-6.861501864861793
-6.847880210651424
-6.792754898402223
-6.751131780135481
-6.731586622331635
-6.697353114245296
-6.655260901187551
-6.612950307557201
-6.5674460346317876
-6.52924418273192
-6.447585116406618
-6.379062401492021
-6.332326341169406
-6.252811025377651
-6.221313513038227
-6.184025102993472
-6.147451971472767
-6.08323348621431
-6.039711148692318
-5.998016054537423
-5.930921695961753
-5.897254424881399
-5.862218301793053
-5.822126489430538
-5.793950394021131
-5.7465047396366185
-5.737519913128093
-5.690217094720706
-5.65302130265263
-5.6145015143244885
-5.580127610835003
-5.549009257006146
-5.51644048007897
-5.500416152225377
-5.51135180931294
-5.443309242042073
-5.394128205500824
-5.354734160312956
-5.323032359063463
-5.310920793605966
-5.3020858596567155
-5.291439766172873
-5.273049070063789
-5.251742688948745
-5.220190903963543
-5.193632226646929
-5.16949529934694
-5.150778219446649
-5.11883283846493
-5.109120461796206
-5.08357877688055
-5.06531207682557
-5.063246255131123
-5.04686358877837
-5.03453963428048
-4.998653837738986
-4.989015831232075
-4.968565152187882
-4.948297731837586
-4.935959900606214
-4.9191712862456125
-4.906419503351922
-4.86994814743642
-4.840466635078183
-4.823642656342924
-4.798087936776688
-4.780579619183905
-4.77567633865071
-4.761621781353568
-4.7496148621347
-4.736669367861094
-4.716442829144937
-4.706506491752666
-4.6936757118656764
-4.671729688402575
-4.653946363208346
-4.648779550422271
-4.621451849518009
-4.613733652832362
-4.598790341627194
-4.606633177006091
-4.604027719556655
-4.597842724980058
-4.602281944432288
-4.5976667551739165
-4.599995762813352
-4.599964256138708
-4.601371412172478
-4.606172203144892
-4.595224193000771
-4.593190019540648
-4.591259384872109
-4.596596389046232
-4.592429839865261
-4.588841719207458
-4.585687248428902
-4.581821610137544
-4.5813253357440535
-4.5680683628442775
-4.556338042278348
-4.546857042115724
-4.5365910867581505
-4.531082080154375
-4.527031737815128
-4.523745667358027
-4.524156132895872
-4.508459284625504
-4.500157807358536
-4.494915941240194
-4.494525877622122
-4.4883259829241755
-4.479508405695186
-4.482797717582207
-4.479834205058216
-4.474390354281865
-4.4553262155349636
-4.474513659872238
-4.478535533045469
-4.479742619126608
-4.480899460138051
-4.479267477826129
-4.482434886014689
-4.481908405617505
-4.485425723512275
-4.481293942952384
-4.470872813185386
-4.462206541891463
-4.457731195995493
-4.4578742219217204
-4.463561835040711
-4.462317099766185
-4.46732840835802
-4.472717899807789
-4.486873597511884
-4.485499421910195
-4.479057598204166
-4.476969214050307
-4.478517882530884
-4.481641958165363
-4.482108146810826
-4.483711010494864
-4.484714164639483
-4.464873005687254
-4.467101899650251
-4.464588097552932
-4.471265532318812
-4.477297653921724
-4.482516209994681
-4.486038248427867
-4.48780905373284
-4.491410440187574
-4.4998992237466275
-4.5037013856370525
-4.5074708175110025
-4.5011528170269814
-4.501069621013729
-4.497289919833116
-4.497138369945977
-4.496119101251095
-4.491310649835199
-4.49882220104154
-4.4964784905136
-4.489704658156083
-4.478929218633274
-4.476952386512915
-4.476905449139259
-4.4756849741907505
-4.474580043039958
-4.47329174609114
-4.475345782867366
-4.477181549831814
-4.477684004881969
-4.4797248670850305
-4.478856937140594
-4.478702150758994
-4.480415046934816
-4.4838892483200326
-4.484365219746612
-4.481614072238116
-4.482912784929967
-4.484512166429514
-4.487175714140111
-4.488213555060577
-4.490189442487765
-4.491601290864686
-4.493296815928398
-4.495594230212485
-4.499511599348391
-4.5006580569810835
-4.500558582260423
-4.501894436729549
-4.505105429692894
-4.503916937302554
-4.503303348983293
-4.504125526199684
-4.506528089921451
-4.51144542696781
-4.512906538102697
-4.515108269513993
-4.517843155983922
-4.520250406914524
-4.520792558545152
-4.521235028552585
-4.522586777726255
-4.523379392269168
-4.527288139576265
-4.5294984586870815
-4.529485687944043
-4.528952570778081
-4.5280692218650636
-4.528679523848683
-4.528101478582325
-4.528903644495575
-4.528832425721136
-4.527894981934012
-4.528237375190489
-4.53037204986753
-4.5319835336538805
-4.533864990381521
-4.535350023906485
-4.536712457412557
-4.5385948183439275
-4.540191470317729
-4.5408932645780045
-4.54198636383606
-4.543154629024034
-4.544098678031945
-4.545146724455973
-4.546715437381973
-4.547761827484523
-4.548836053339961
-4.550121285995881
-4.5505836870429786
-4.551486269897512
-4.5524812790816025
-4.553349050396885
-4.553480208685208
-4.554208371641716
-4.5546076664283754
-4.555805804327014
-4.557034800505706
-4.55760610293576
-4.55852451127917
-4.5597804502618615
-4.561589833255375
-4.563074894983297
-4.564562956649658
-4.5657176307238165
-4.567314753188732
-4.568478824971955
-4.57032271137306
-4.572121206007811
-4.573600534712773
-4.575676912930881
-4.577243116085453
-4.578341948217529
-4.57925699604086
-4.580556552629272
-4.58140965006539
-4.581562771790603
-4.581329014995815
-4.582327457640757
-4.582726449855777
-4.583766473425255
-4.583444334263518
-4.58376787854886
-4.584594813805724
-4.5858832222651085
-4.5865624280780395
-4.587479897683505
-4.58789188474236
-4.587488292974095
-4.587291838913775
-4.587313995447417
-4.587584912717825
-4.588629533199936
-4.58882526004294
-4.589799658099624
-4.590496166456404
-4.591178698917526
-4.591570877073603
-4.591854043558239
-4.592731303484685
-4.5932892941171914
-4.594483268455325
-4.596199409137987
-4.598136289828094
-4.599263930365622
-4.600605558219442
-4.601788535028935
-4.603226145011126
-4.60398570552289
-4.605140360546883
-4.605876551321792
-4.606597046602749
-4.607704835195163
-4.608400093756254
-4.609239728230365
-4.609448039031141
-4.610043438319786
-4.610692038062082
-4.611163902241987
-4.611640196200175
-4.6122511705298
-4.613451785886964
-4.614277860092429
-4.615119864991287
-4.615682624938445
-4.61656633988142
-4.616703256365524
-4.616916179578295
-4.617429410214035
-4.618006373537763
-4.618838092079335
-4.619724798740667
-4.620631726260957
-4.621570464840614
-4.622316856107603
-4.62279327645683
-4.6234808261622575
-4.6241595959150015
-4.6242542555095
-4.624706902026968
-4.6251447886662795
-4.625491194558377
-4.626382693770608
-4.627031324499842
-4.627993303084823
-4.628519275631076
-4.6296871387563705
-4.6308856742585
-4.631541095234539
-4.63215808132859
-4.6334619642047965
-4.634438968764671
-4.634622153959292
-4.6353158721908745
-4.635961373493092
-4.636395015487462
-4.637252692432956
-4.637747714978512
-4.6381974303390505
-4.6385089774612105
-4.638812503784992
-4.639064846788266
-4.639353253089735
-4.639218671321576
-4.639547796807136
-4.639848326649766
-4.639081128904438
-4.639787604839157
-4.640349096733613
-4.640779003308776
-4.641653166531951
-4.641913988124674
-4.642881967707313
-4.643539662240196
-4.643964167725017
-4.646707604267238
-4.647852274897923
-4.649047817248242
-4.6504820977964245
-4.651218656269536
-4.652376499308529
-4.653155522911961
-4.6543055983905814
-4.654981901015726
-4.6541095475803225
-4.654809116749606
-4.654732899700344
-4.65492798172008
-4.655925110596447
-4.6565099011424795
-4.656404569681984
-4.656696791380511
-4.656894033574413
-4.656466381997408
-4.656302724603691
-4.656524986090755
-4.657117047784082
-4.657257735065528
-4.657890763022655
-4.658153731294426
-4.6584054817698695
-4.658399849236965
-4.659040187485763
-4.660131966317963
-4.6605766843307475
-4.660532424082524
-4.661041259434446
-4.661504877595524
-4.6615710965309844
-4.661955739527622
-4.662621639324129
-4.6618438478948505
-4.661975932163886
-4.662538726147954
-4.6628975971882864
-4.663510705242034
-4.664323000581362
-4.665236630814535
-4.665721608264832
-4.666239930181238
-4.668062910045304
-4.668885788921831
-4.669329969540401
-4.669406605094029
-4.670032661169755
-4.670797705248673
-4.670946968896221
-4.671203907467472
-4.671238112479704
-4.672577878532292
-4.673050218207352
-4.673536467761663
-4.674118073288355
-4.674732586561124
-4.675649856662778
-4.6763857949714644
-4.677450134900781
-4.678265908992611
-4.67793283432544
-4.678684853822091
-4.679723392044357
-4.6803537332892855
-4.6814044546193685
-4.682191345117469
-4.6824676887542775
-4.682925290035486
-4.6836843300374404
-4.684081878836084
-4.684777318478007
-4.685234253996862
-4.685991297426506
-4.686485059772696
-4.687162245032416
-4.687733628653445
-4.688070280094997
-4.688771549615229
-4.690907701426367
-4.691770438259246
-4.692724690931594
-4.693849622803439
-4.694552762419196
-4.696086536038106
-4.696815399341798
-4.697647284895808
-4.698192376321239
-4.698756573564459
-4.698827959419079
-4.698802399461709
-4.698686255809061
-4.699027957916378
-4.699105199485452
-4.698895515488122
-4.698441951850615
-4.698476074976117
-4.698684025924157
-4.6988879636538705
-4.699526050271186
-4.700025145903925
-4.701313272603146
-4.702075809971965
-4.702806621483674
-4.7039158843031625
-4.704246264638232
-4.704180626212496
-4.70411300719177
-4.704859809222825
-4.705297412429231
-4.705358913580264
-4.705619257858045
-4.7056837067768775
-4.706246657394204
-4.7060193484501305
-4.705310278800944
-4.705549430018789
-4.705872110644409
-4.705975219393257
-4.70673441097516
-4.707251888658876
-4.707715573055637
-4.707850678960352
-4.70815030580296
-4.70945348397103
-4.709596864189098
-4.709787211910182
-4.710581611570429
-4.711175062641204
-4.711645033502179
-4.712151942078576
-4.712729627674101
-4.713021504448776
-4.7121950185980905
-4.712217302572061
-4.711703271306723
-4.71170452947206
-4.711177274026134
-4.711231688920503
-4.711306781787053
-4.711556840062244
-4.71227778058426
-4.712144996872972
-4.712078966334564
-4.712086601448077
-4.71184746389979
-4.71192204798157
-4.712422051690977
-4.71292276575044
-4.713444658562875
-4.713987606441254
-4.715104627042372
-4.716284956355382
-4.717260817376239
-4.7186547158717
-4.719145474319484
-4.719694781857422
-4.7201249505545535
-4.720914913846734
-4.720957704001153
-4.720943423224532
-4.721180720018399
-4.721282896595648
-4.721739562064609
-4.721708561089123
-4.721842931206808
-4.722627707061621
-4.7228679555535
-4.723407666894696
-4.724276250456855
-4.724066502465863
-4.7241466004663675
-4.724134989767654
-4.724366053261489
-4.723915259908524
-4.724271150848226
-4.724615109270564
-4.7250697256042535
-4.725371323272055
-4.725396378706643
-4.725658658253626
-4.7261998083636945
-4.726772833103476
-4.727266838954295
-4.727804753797637
-4.728498926393328
-4.728868798580143
-4.7287815317271855
-4.730012764058914
-4.730586947802861
-4.73141383908378
-4.732290759274758
-4.732687312708818
-4.7333891561806105
-4.734212915122107
-4.735198117150629
-4.734638598223813
-4.734611374831692
-4.734774867770507
-4.7355518925445175
-4.7365724823776
-4.737366628074131
-4.738141863267319
-4.73839150803976
-4.73868399082763
-4.7392635145049145
-4.739528530705391
-4.739747811415011
-4.7400384056995435
-4.740007969804491
-4.739885261854383
-4.740173046206966
-4.740078488982572
-4.740372941609987
-4.740516202972447
-4.741174077670578
-4.74180713306788
-4.742056885785306
-4.742245629633335
-4.742110169585796
-4.742465174862991
-4.742586740567469
-4.742966991244712
-4.74262770425177
-4.743256107059414
-4.7436300578567145
-4.743885521025295
-4.743946330539163
-4.743866200424341
-4.744604046036281
-4.745060474130566
-4.74510922342742
-4.745774787700249
-4.746001242148905
-4.746403338341148
-4.747028948028138
-4.7477135606614596
-4.747954546114337
-4.749231865465399
-4.750280989081043
-4.751091095771441
-4.752175643372019
-4.75283011240951
-4.7533555276879795
-4.753827742566221
-4.753994512514966
-4.754612068170838
-4.754947524205713
-4.755330871808502
-4.755575386740659
-4.752899140838636
-4.752281496941361
-4.7517323201994675
-4.751928648828585
-4.752388467695154
-4.7525500645625955
-4.752329473264087
-4.753032501289216
-4.753256793964766
-4.754361355008119
-4.7551295116212415
-4.755880986996325
-4.7563996249430955
-4.757331174611514
-4.758625079995786
-4.759490159500148
-4.759675883084782
-4.760324639294671
-4.76009602202735
-4.759981894033387
-4.760015373256902
-4.760306629003503
-4.761167593119067
-4.761800345816132
-4.762515925178834
-4.763132613761675
-4.76366732532213
-4.762700579015609
-4.763597202495779
-4.763841954203827
-4.763699978092715
-4.763809675069057
-4.763961769532576
-4.764529494507919
-4.764524513816735
-4.764516820044724
-4.764956855271478
-4.7653244686383305
-4.765469698726435
-4.765854373869601
-4.766775075413273
-4.767334005804642
-4.768142276856789
-4.769044899769227
-4.770011142149584
-4.770609181212176
-4.771525384931147
-4.772269775447256
-4.772813814202367
-4.7735066674198166
-4.7741797720012595
-4.77514419174361
-4.776000194743775
-4.776747396468805
-4.776669630642108
-4.7770773071034665
-4.777799220993464
-4.778220871731459
-4.778741500643908
-4.779722652310571
-4.7804531674608715
-4.781077646048292
-4.781999538551872
-4.782712829526593
-4.78383542454924
-4.783832521855884
-4.784292570816448
-4.784388028441886
-4.784693922299178
-4.78471332096596
-4.784692293894708
-4.785046243868085
-4.786253800357097
-4.786692920065842
-4.787007618716497
-4.787495596989627
-4.787872618457356
-4.787954463246519
-4.78796263553724
-4.788191287580153
-4.788454423501037
-4.788486890228347
-4.78874027469319
-4.78887978865096
-4.789446600542094
-4.789156854362091
-4.788719461046297
-4.789001032324512
-4.7892929547493885
-4.789144833083707
-4.789493661628375
-4.789743799853671
-4.790647012600793
-4.791700588485488
-4.792778181147419
-4.793284027393658
-4.7937187385720845
-4.794024084945213
-4.793734541991293
-4.793977522129084
-4.793621673719438
-4.793601944073135
-4.793280901586806
-4.793525238939857
-4.793567156901451
-4.793083630819096
-4.793085818646782
-4.793926773924027
-4.793042727718154
-4.793205868505678
-4.793263201153104
-4.793299149422571
-4.793499667334245
-4.793427716636895
-4.79397977852819
-4.7941730167263295
-4.79445954190871
-4.794856744429644
-4.794734368351918
-4.794710685659155
-4.79482019388062
-4.795282678642876
-4.795287284607422
-4.795184209006814
-4.795480799438196
-4.79609937856693
-4.796867869298072
-4.796377709457454
-4.797103077184685
-4.79770248142608
-4.79810309883135
-4.797927973577433
-4.798432216533792
-4.798176907943212
-4.798244996249674
-4.79733951228409
-4.797849474090398
-4.7978884878711705
-4.798293271320519
-4.798575944192566
-4.799589777989053
-4.800295535831433
-4.800256451750749
-4.800737874155149
-4.800524558894789
-4.8001522717284235
-4.800112286387978
-4.800184900208778
-4.800143767349444
-4.8001187257888365
-4.799827601426732
-4.799288184444917
-4.79968403908477
-4.79940606722896
-4.799851958084277
-4.79998226446372
-4.800594659930132
-4.800845652911812
-4.801235319939714
-4.801737034086396
-4.802327609796588
-4.802635366911414
-4.802676783238349
-4.80249429371809
-4.803029364459733
-4.803841179679028
-4.804681434268057
-4.804384627613402
-4.804231766910547
-4.804204830609576
-4.804216355259997
-4.805067693767629
-4.805061240454774
-4.805377409033997
-4.8058216816423025
-4.805487490664211
-4.806336533296742
-4.806655870361723
-4.807365641810158
-4.807536665136206
-4.807140932796123
-4.807225754585318
-4.807523757385851
-4.807762796819654
-4.807759566794357
-4.808373766400649
-4.808719411451785
-4.809122802328665
-4.809052238064608
-4.8093075652712365
-4.809692801384996
-4.810027359576036
-4.810647402631162
-4.810063096583238
-4.809642724628478
-4.808707648915226
-4.8081076930309035
-4.807828960713312
-4.808779602266047
-4.808863315860384
-4.809169396489416
-4.809985118804471
-4.810442232738062
-4.810267079315539
-4.81022162733856
-4.810176854898824
-4.810116862836413
-4.81002917927468
-4.809235835438013
-4.809144317685691
-4.809641856609112
-4.809749318349162
-4.809697877981094
-4.809719360820914
-4.810194161985682
-4.810688484356904
-4.81029569517194
-4.810377402476396
-4.810645824025377
-4.810517236063994
-4.810612782775018
-4.810577471264864
-4.810828598478523
-4.811021148026592
-4.811082497297487
-4.812198862954798
-4.812499107848806
-4.8129929807227345
-4.8135012929919
-4.813990036979678
-4.8145015544067515
-4.815108903994812
-4.815525846892802
-4.815836016000631
-4.816288000275529
-4.816617890401857
-4.8167587943974155
-4.817202396014723
-4.817595394413788
-4.817592380090664
-4.817483365200162
-4.817347041692761
-4.817658349265734
-4.817845620014329
-4.818006965934809
-4.817545628998213
-4.817511832343753
-4.818007428955857
-4.817914370726676
-4.817682190413432
-4.81791135959754
-4.818085215465468
-4.817303558563033
-4.817456204148351
-4.817444609498404
-4.8176770995010845
-4.817958238384433
-4.818308177623033
-4.818802321710384
-4.818879678286328
-4.819212019662711
-4.819052673801519
-4.819524028317056
-4.819571051042079
-4.819915306126961
-4.820617195026901
-4.8209307883253425
-4.82150963245033
-4.822514421764277
-4.822883183533887
-4.824172405324315
-4.824871545263141
-4.825724656026288
-4.8260092018725915
-4.8265477035743825
-4.826486306373416
-4.826325547212798
-4.8261183569969575
-4.826370163726528
-4.825329174509191
-4.825716526496433
-4.825887927952275
-4.82599453838491
-4.825673568293837
-4.825756937531143
-4.82607908640656
-4.826246100929821
-4.826322295091012
-4.826644985104782
-4.826150631491076
-4.825622004430856
-4.8252813433555275
-4.82501548528523
-4.824924238160532
-4.824953955429551
-4.825190782461036
-4.82581965024352
-4.825368201865603
-4.82508583292098
-4.825207963761192
-4.825335677105523
-4.825702208594444
-4.8263750630146
-4.82676121482848
-4.8269607491791575
-4.826805776872872
-4.826209863036251
-4.826285361352489
-4.8263448409691545
-4.826635235439903
-4.826983751756309
-4.827785784154468
-4.828166557450481
-4.828337451539351
-4.828287446998175
-4.828142841546793
-4.828090999347202
-4.8279903410826135
-4.828341387522832
-4.82872318747885
-4.829018279954628
-4.829422741393019
-4.830078299706036
-4.830099472208937
-4.830071086934867
-4.830663994637515
-4.830687738233561
-4.8305704377488174
-4.830694007930322
-4.830791521362439
-4.830728451556311
-4.830644907413191
-4.831036136150592
-4.831618564990665
-4.831291020182856
-4.8318996366241596
-4.832096855588061
-4.8327605634252375
-4.832612413709117
-4.832444261634032
-4.83275169826897
-4.833251599985104
-4.834179467080153
-4.834549359516308
-4.834977593769713
-4.835578696972387
-4.835815634624959
-4.836150789123825
-4.836293550061415
-4.836725598357077
-4.837458980492003
-4.837060634839567
-4.8373938850249445
-4.837777787982491
-4.837956123786249
-4.838356008681207
-4.838806402285782
-4.839251967638296
-4.8396635161182235
-4.839793862140615
-4.83987305753028
-4.839646464467348
-4.84027769911169
-4.840745509053871
-4.840792247448281
-4.840691529004111
-4.840967761032389
-4.84097571181337
-4.841553520395772
-4.841772138872935
-4.841631389256287
-4.841041849907807
-4.841044657360598
-4.840270222306799
-4.840215084832522
-4.840531227823556
-4.840365786372008
-4.839921645456288
-4.84027840430913
-4.840264163446124
-4.840230052903375
-4.840303644476547
-4.840368590056119
-4.840020000983282
-4.839836378161355
-4.839823062480848
-4.840112048271479
-4.840089619894551
-4.8409469883908
-4.841410695522222
-4.841426119822925
-4.841941160879985
-4.841854403650295
-4.841889239200839
-4.8416631615476575
-4.842014795100714
-4.842382382029532
-4.841852298560546
-4.841711797272431
-4.842042151975333
-4.842094764959947
-4.842468440402694
-4.84282464428992
-4.843710788670207
-4.844248301612891
-4.844693002483504
-4.8454182725088035
-4.8452857496817625
-4.845285282060411
-4.845131227454653
-4.845545883458856
-4.845806306846128
-4.845939840315145
-4.846091559449275
-4.845185782962832
-4.845035032756947
-4.845216212779311
-4.844781523384546
-4.844815059208354
-4.844637766678623
-4.843704538162202
-4.8437318901020845
-4.844057112260771
-4.845215750723721
-4.845605828364455
-4.845569303171243
-4.845791064835449
-4.8459948167828975
-4.846330729235737
-4.846732182496961
-4.847079874492073
-4.847408857222364
-4.848433594298578
-4.848736502070654
-4.8493208864087185
-4.849121318205552
-4.849295076852779
-4.849416310507952
-4.849747026813473
-4.850074729325554
-4.849490659661102
-4.851346099212327
-4.851783187301749
-4.851890938217755
-4.852697277288147
-4.852759983198785
-4.853773824902868
-4.854606876256953
-4.855820893002864
-4.856020544528544
-4.8555815209068545
-4.855697911766484
-4.855680988853181
-4.855392022989984
-4.855552381240299
-4.855646912302733
-4.8557461191524895
-4.855763291472849
-4.855961107050643
-4.855936738543259
-4.856239444559716
-4.856207056397432
-4.856266548327561
-4.856099420748384
-4.856321031570736
-4.85652190031653
-4.856530772291128
-4.856893190113418
-4.856280186937778
-4.85674570789797
-4.856541746926979
-4.856283008974016
-4.856660763802222
-4.856978116269479
-4.857314561781996
-4.8575093963948905
-4.858057507696849
-4.857994426628256
-4.857842629871966
-4.8582869986532184
-4.858910865678929
-4.858852244491995
-4.859136913537048
-4.8589730234905915
-4.859276310211773
-4.859750156166162
-4.858304888336343
-4.858660355957917
-4.858792904589414
-4.859196953119067
-4.858824460864108
-4.859046963406632
-4.859391465260783
-4.859289263740401
-4.859537242481799
-4.859309767470212
-4.859360626061491
-4.859308825218193
-4.8593081018409325
-4.859090517982944
-4.858910640332927
-4.858354322565092
-4.857801438961303
-4.857287272487858
-4.858087183579687
-4.857818621640725
-4.858082925533482
-4.8584131789496094
-4.858295973077806
-4.858398105434555
-4.8586907272247775
-4.858985736814375
-4.859193429538602
-4.859744264553563
-4.859176481851511
-4.859463056462998
-4.859718604050045
-4.859671252515069
-4.859551843401959
-4.859682085071138
-4.859666308843675
-4.860001949905117
-4.8599453017404155
-4.859666077589201
-4.8596345387612
-4.859851463353836
-4.859909399866431
-4.859991822873212
-4.860589508921471
-4.860914430741152
-4.861264643638127
-4.862183003182128
-4.863228650052123
-4.863274644045369
-4.86342488746809
-4.863626119734153
-4.865127727381209
-4.86592447542056
-4.866166058920805
-4.86621490452406
-4.864865867682406
-4.864609085213763
-4.864980578973991
-4.864978455350189
-4.864612622529334
-4.864715050055449
-4.864530026505398
-4.8644250063935335
-4.864429743762755
-4.864827411910021
-4.864967143898515
-4.865751154819111
-4.866963880130369
-4.867251417787137
-4.867520042335764
-4.867514418359954
-4.867687518341093
-4.867619097208793
-4.867490742385024
-4.866820730059741
-4.866775374597053
-4.866778918440213
-4.866757660848713
-4.86659752063178
-4.866881465234913
-4.866716794470843
-4.86678694878761
-4.865690940633321
-4.86554973956409
-4.865623398886962
-4.8655528066813645
-4.865521169958104
-4.865495213522546
-4.866145964806744
-4.866398206677209
-4.866978940368062
-4.865921618287993
-4.865284487950765
-4.865285889204275
-4.865355220243119
-4.865749716042316
-4.866017726947611
-4.8664901033257095
-4.867508001132211
-4.8678761537239925
-4.867701323838332
-4.867691412247553
-4.867669485156714
-4.868544310793025
-4.8687372181684045
-4.86901689204921
-4.869031078398821
-4.868993013434788
-4.869540403614822
-4.869857309917126
-4.8703336938942385
-4.870453160298365
-4.8707708926616196
-4.8714001308285635
-4.8723687301243945
-4.872539195711493
-4.873075305588517
-4.873648739985677
-4.873589744995662
-4.873610822037718
-4.874374628992662
-4.874413491444594
-4.875428106700595
-4.875326183223574
-4.875111192138133
-4.874985809919039
-4.875012824405292
-4.8749360340843335
-4.874603313042584
-4.874659224955426
-4.874136267871491
-4.874058557156391
-4.874137935125617
-4.8742497646442775
-4.874274878148737
-4.87436516396204
-4.872793019637804
-4.873262893689775
-4.873216523036854
-4.8737097107895755
-4.873648615616224
-4.874000768847156
-4.8742857830593405
-4.874585051262658
-4.875226628923302
-4.874704964888764
-4.875090370569501
-4.87507232583499
-4.874860428381515
-4.875259103491915
-4.87499386286059
-4.875296072820232
-4.875878313294303
-4.876059936987466
-4.876716599452679
-4.87684230833295
-4.8768662627532295
-4.877036815734287
-4.877208794948125
-4.87730463653156
-4.877179623285156
-4.876913493409434
-4.87674316997324
-4.877470253696964
-4.877837766264332
-4.87906248381392
-4.879688614606166
-4.879442363431297
-4.879243881194738
-4.878677299696804
-4.877831848841672
-4.877502504987961
-4.879034623635241
-4.879358332263774
-4.87923937083117
-4.878928349220198
-4.879220632377333
-4.8792075450198915
-4.8795200076765095
-4.879975248297534
-4.879901624427834
-4.880279591005582
-4.880454821783728
-4.8809228266109255
-4.881500009304151
-4.881537998609883
-4.881732190357866
-4.881778218370819
-4.882019789406485
-4.882041740933385
-4.882107454261131
-4.881801404149412
-4.882615971395212
-4.882860963236263
-4.883916411488537
-4.883751092636821
-4.883902625772167
-4.883580028613725
-4.88374770287968
-4.883473475838677
-4.882926498209818
-4.882929592107798
-4.882685167523629
-4.882515643456658
-4.882740319395172
-4.8827850243810405
-4.882478318240161
-4.882805468810334
-4.88229431188918
-4.881707458411574
-4.8814084911550575
-4.881096278300563
-4.880594245495631
-4.880689744077927
-4.880487349776287
-4.8805434091696025
-4.881209353259005
-4.879794295716854
-4.879832752516446
-4.88015860025029
-4.880567169371526
-4.880646502881717
-4.880402776851339
-4.880954640647952
-4.8813790183831145
-4.881475995394586
-4.880127738097168
-4.879650386318225
-4.879242209960415
-4.879246715795613
-4.879051325849312
-4.879331956622883
-4.879293964280738
-4.879723278192468
-4.880299927881544
-4.88131034105329
-4.881457912047798
-4.88141489867245
-4.881528970203919
-4.88116753296681
-4.880810663598766
-4.880832283160199
-4.880878880488451
-4.881079858802357
-4.881143070455504
-4.88100290304555
-4.880498796654116
-4.880018017606016
-4.880463363980586
-4.881008612035858
-4.881975788852143
-4.882279103165088
-4.882559865094206
-4.883418045687113
-4.883578586994399
-4.883763401275338
-4.883903984184666
-4.8840093663090585
-4.883477269695813
-4.883289619828737
-4.8832337334663105
-4.883875923480228
-4.883729862743083
-4.883993685194235
-4.884236799005036
-4.884400963582829
-4.884612492187875
-4.884088108954601
-4.883626394824695
-4.8834917745798805
-4.88319616329983
-4.883573592189932
-4.883553375342329
-4.883457050124677
-4.883499385629781
-4.883625681526126
-4.883334577900618
-4.88368755656243
-4.883752231241809
-4.883802411644702
-4.883743974591287
-4.883981083348154
-4.883751748490692
-4.883334336321214
-4.882759817190438
-4.883257282340145
-4.883487322676311
-4.883591926001391
-4.883815975486874
-4.8840828751929735
-4.883953705797003
-4.883895183872717
-4.883730578889848
-4.8833828506597285
-4.883660884058299
-4.88376198296678
-4.884002712799243
-4.884344819323867
-4.884436653148294
-4.8846936610938005
-4.884734622314981
-4.884209450110438
-4.884041259477054
-4.88424158231315
-4.883919927125497
-4.883817873051825
-4.883677790264208
-4.883715357188865
-4.884008179984416
-4.8831414677952445
-4.883327196727271
-4.882659278327029
-4.882590090969366
-4.882882764367538
-4.883254444832361
-4.8833226775737115
-4.882571276497265
-4.882441287202775
-4.882447534294176
-4.88252729625892
-4.882969584080669
-4.882963862343158
-4.8837932126202075
-4.8845835951185395
-4.884539313048913
-4.884483396525319
-4.884099880418219
-4.884074412791703
-4.883833866671919
-4.8841050410311215
-4.8842758250391505
-4.883913024464
-4.883665879669192
-4.882885598545606
-4.8818465066620504
-4.881086056899308
-4.880176176323102
-4.879784551136034
-4.879079579638549
-4.878536700623458
-4.8779212922545865
-4.87753691350307
-4.877632054378294
-4.879223688162051
-4.879608342909044
-4.879746084460432
-4.880177364199913
-4.880083080269356
-4.880417981571593
-4.880351947169833
-4.880322988982087
-4.879924185510431
-4.880356462312262
-4.880810426028194
-4.88146504044572
-4.88129370679294
-4.88094394880867
-4.88093350335998
-4.880758165106222
-4.880715159754709
-4.880488291858701
-4.881341945453676
-4.881601218833742
-4.882199463545456
-4.882797632800143
-4.8829859438803105
-4.882842331419715
-4.882928636995636
-4.882977858765503
-4.883382608760349
-4.88399033526246
-4.884461397620248
-4.884921127922681
-4.88513889273997
-4.885204603698101
-4.88532048781661
-4.885040122339078
-4.88510937590333
-4.885113662798018
-4.884916368553805
-4.884878530437684
-4.885624217038224
-4.88544830635063
-4.885251464116585
-4.885366663436473
-4.885784903739962
-4.8858299006305606
-4.88594345783004
-4.885156023501011
-4.884945639810186
-4.884630584708909
-4.8838785332503365
-4.883646856599524
-4.883130286196299
-4.883277968931747
-4.883458727365726
-4.883442780388612
-4.883773153830362
-4.8835498090789216
-4.883158585350467
-4.883008296203867
-4.882436474005304
-4.88240342892292
-4.882577283439131
-4.8823829898127435
-4.88216618399074
-4.882084893245472
-4.882431720093586
-4.881912559983146
-4.881907094089479
-4.882143600903723
-4.881817250417846
-4.881624027481237
-4.881363094191997
-4.880718722846162
-4.881435812382987
-4.880783108800724
-4.880601130864716
-4.880447217343287
-4.880516325000314
-4.8803992149766575
-4.880296161856607
-4.880398029334072
-4.880423691068469
-4.880998127956204
-4.881272558243403
-4.8812815939522345
-4.881729551096034
-4.882116026854755
-4.8823623017888425
-4.882704654814319
-4.883130083716077
-4.883354783564049
-4.88328082926045
-4.883221367694022
-4.883081062415281
-4.883174053419747
-4.8832962786437015
-4.883597387652673
-4.883436358472866
-4.883126482500991
-4.883240391803884
-4.882416504693427
-4.882070625649693
-4.881161599323365
-4.880448860701407
-4.880026557337901
-4.880004006842716
-4.879908986833725
-4.879998283586361
-4.879860062939137
-4.879790718768552
-4.87963232664592
-4.879570348236854
-4.879713069693931
-4.880066921177405
-4.879839877750456
-4.879933448409684
-4.879866475056532
-4.879910180077088
-4.880160027116171
-4.8800004217331985
-4.8803809234721545
-4.880460024217891
-4.880082125449189
-4.8796807704583385
-4.879654172209319
-4.879807105918259
-4.879969546607369
-4.87944596746139
-4.878744377552107
-4.878544274894672
-4.878520540552477
-4.878651325455468
-4.878794699950543
-4.8785141315367735
-4.878612397837099
-4.878846211883662
-4.877587677483099
-4.877639875183447
-4.877341884818687
-4.8770619555405315
-4.877072393301732
-4.87737296224768
-4.877291588812126
-4.876834479773638
-4.876737707181773
-4.876882392262896
-4.876754072615604
-4.876951654233532
-4.87692058081231
-4.876823569687258
-4.876574057414839
-4.876471841329174
-4.876331449613075
-4.876346863511701
-4.8759394856462315
-4.875795805152682
-4.875765694774725
-4.875472920693532
-4.875526060339997
-4.875038454229637
-4.87552222355675
-4.875723257290214
-4.876153853996172
-4.875824498089487
-4.876288067886082
-4.8760433401119165
-4.875742460433649
-4.875087010767331
-4.875411049139979
-4.875321435746836
-4.875736555131242
-4.875958022704485
-4.876327418160413
-4.875793670867035
-4.875576762683317
-4.875746016717094
-4.875752187048204
-4.875681533490413
-4.87544209310604
-4.876117082512932
-4.875865293162382
-4.876351877000616
-4.875875517095744
-4.875570144075334
-4.8756599661311775
-4.8754790733566935
-4.875433334306601
-4.875435466353103
-4.875297259487708
-4.874791699903278
-4.875289197790481
-4.875329257640976
-4.875591678964068
-4.875813117549098
-4.8758721512960825
-4.8759788448447665
-4.876145538315445
-4.87611329355593
-4.876508363461975
-4.875525779707624
-4.875441632095686
-4.875306029840426
-4.875139867054529
-4.874885555216853
-4.874747383147113
-4.874652588959547
-4.874290515246342
-4.874363018870202
-4.874437658893514
-4.874770398953512
-4.87492963495791
-4.87488769249891
-4.875267868252634
-4.8748161196672815
-4.874577230954714
-4.874881050727289
-4.874671583737818
-4.8743928854316305
-4.874502118844691
-4.8749421944882325
-4.875610170876374
-4.875958930784266
-4.875817855151396
-4.87558646566743
-4.875565368495279
-4.875236813314096
-4.874686952909155
-4.874529838479304
-4.874323213922988
-4.874301412410518
-4.874524875903152
-4.8744717810127405
-4.874419191183075
-4.874717997620818
-4.874887938539021
-4.875292997318075
-4.875338739612838
-4.87524374066515
-4.875325227396619
-4.875116177793018
-4.874991495782184
-4.875055485833523
-4.875327834464479
-4.875584803947849
-4.87445804086171
-4.873875186262
-4.873519147855527
-4.873698942556061
-4.8740637686331265
-4.87408912172406
-4.874180131988996
-4.874207848967698
-4.873942508291204
-4.873618398473075
-4.873641611743581
-4.873610580061872
-4.873737788134047
-4.87382757021347
-4.874057608562118
-4.874204741886387
-4.874323692225184
-4.874382214528964
-4.875179923568039
-4.8748538101037315
-4.874744776438353
-4.874472018915692
-4.874038891722261
-4.874119920575071
-4.873888453704275
-4.873736366211352
-4.87370391145049
-4.873842494046617
-4.873927073309065
-4.873869745539839
-4.873860977239488
-4.874155696759839
-4.8739699512213
-4.873931570477467
-4.873917829204266
-4.874165187661335
-4.874902378785851
-4.874735533136338
-4.874883181761524
-4.874608288947714
-4.874549988417837
-4.87450021649965
-4.874827961870959
-4.874774404928377
-4.875041501828344
-4.874867776754499
-4.874680554964675
-4.874161855829232
-4.873978244161468
-4.874261382846675
-4.874398355608969
-4.87455923994449
-4.874370604303185
-4.874452114107939
-4.8744092242813215
-4.873868080692663
-4.8736942015140166
-4.873394085857193
-4.873223320937619
-4.87311461188372
-4.873063219600423
-4.872945765897847
-4.8728342232793
-4.872328232234204
-4.872101195675496
-4.87145074431069
-4.871341880055564
-4.8710503351315015
-4.870759062849126
-4.870628226258864
-4.870967989922755
-4.8708217645564735
-4.871212440906209
-4.871469441601533
-4.871729789914924
-4.871733367249735
-4.872077057901741
-4.872277090984786
-4.872586780302717
-4.872713229437452
-4.87282616873676
-4.872918293560477
-4.873149425930999
-4.873349792120969
-4.873414217816749
-4.8730312654326475
-4.872752998443211
-4.8726009821637115
-4.872448044266541
-4.872497511107209
-4.872681014026934
-4.872868557190965
-4.87313095378477
-4.872963754391495
-4.872779992963292
-4.872398306963934
-4.872464364376153
-4.87234693082293
-4.872364701330902
-4.872130073706588
-4.871894301916873
-4.8716258853563215
-4.871247933105952
-4.871268629257498
-4.87127921654073
-4.871250623207237
-4.871113798072287
-4.87048630965295
-4.8708865934857
-4.8705667144191285
-4.871185690127743
-4.8715035438464245
-4.871124194279409
-4.8709443758988815
-4.871029284619135
-4.870749382793406
-4.870839035632541
-4.871437147324763
-4.871100345719762
-4.8707936506867995
-4.870898660717371
-4.870789116820317
-4.870661357452578
-4.8708556220006916
-4.87110595426817
-4.871244199924259
-4.871542099611757
-4.871232786067617
-4.871522691104696
-4.8713837769553745
-4.871089142291197
-4.871125584265062
-4.871010581757062
-4.8706488105523675
-4.870326361756824
-4.870042506844614
-4.869528818377463
-4.8690797826288
-4.869160643641978
-4.868724678091633
-4.868333465911384
-4.868549982935265
-4.868409582358925
-4.868216939316802
-4.868701040851949
-4.868906951518168
-4.869083564901166
-4.8692689376471066
-4.868995374753727
-4.869043370857438
-4.868841463800684
-4.86874501240674
-4.868976459955256
-4.869644696199569
-4.869736455036499
-4.869744495994253
-4.869696960349031
-4.869538985324024
-4.869595268107602
-4.86956405283487
-4.869314810458125
-4.8693701558107065
-4.870054335775783
-4.870070890538398
-4.870094543888701
-4.870215890397602
-4.86954347995782
-4.869504943672882
-4.86920155264535
-4.869388114719998
-4.868860377040006
-4.869067722483148
-4.869021859337609
-4.868846666568057
-4.868681418085384
-4.868816640899732
-4.8688792916238315
-4.868941707367306
-4.868938633150602
-4.8690436060397175
-4.867984149122979
-4.867629011003704
-4.867246466526292
-4.867325343155715
-4.867258717858357
-4.86738394342713
-4.867616684955166
-4.86754059491016
-4.866805657145461
-4.865906985900121
-4.865805204216202
-4.865723507669996
-4.865710758743267
-4.865426263646723
-4.865765578761852
-4.8659615382874515
-4.8661950910522105
-4.865944291926111
-4.867022938304249
-4.866970258985999
-4.866895385001968
-4.866819790647803
-4.866442655354122
-4.866334028508503
-4.865968918835404
-4.865527790192252
-4.864908352082505
-4.865299256780251
-4.86490765142239
-4.864740306788921
-4.8644965321708185
-4.864198030398361
-4.864473627185353
-4.864079800946121
-4.864147526068458
-4.863986351038947
-4.865265282316802
-4.8651620998253495
-4.864740305337828
-4.864413928989574
-4.8641678061907205
-4.864190684893691
-4.8641378538641975
-4.863957340831741
-4.863686729244097
-4.864003103137467
-4.863339717024649
-4.862911868209816
-4.862524416566255
-4.862578180040652
-4.8626156731911445
-4.862471362165738
-4.862526539275344
-4.862996086625873
-4.863586224084065
-4.863656525393182
-4.863507669722005
-4.863655580487502
-4.863852810093199
-4.8637902930844525
-4.863714820745023
-4.863513390605274
-4.863140912869357
-4.862959087225736
-4.862897488143018
-4.862855032580896
-4.86263972699734
-4.862528661101711
-4.862622747421483
-4.86262887851793
-4.86275834223324
-4.8625826602147235
-4.863132394720887
-4.863374864301069
-4.863388544870391
-4.863756080359806
-4.864379226059775
-4.864114952369295
-4.863997439277056
-4.863621382725192
-4.863384307124649
-4.863200565083487
-4.862693262800979
-4.862491422337681
-4.86248881211138
-4.8624355249959335
-4.862045318153275
-4.86206842597217
-4.861996515807323
-4.861660595781994
-4.861666018976052
-4.8617315476284215
-4.861727777122644
-4.861555703915885
-4.861591060702534
-4.861413816828152
-4.861520112574202
-4.861420883284154
-4.8613353279636335
-4.861406035264438
-4.861233513920848
-4.861067132608131
-4.861075852176533
-4.861154799715772
-4.861217252357692
-4.8610855141194556
-4.861065247632149
-4.861057234928256
-4.860913016664938
-4.860758676976562
-4.860269558563419
-4.859961912128185
-4.860032103765041
-4.859905373939114
-4.859678082235119
-4.859533016784286
-4.85914020316628
-4.859008812465978
-4.859020586410707
-4.859138320800557
-4.8594656602192075
-4.859687057402555
-4.859555375841171
-4.859187308781571
-4.858670482779678
-4.858512277851553
-4.8580280838845304
-4.857732954516593
-4.857524219830676
-4.857235040898335
-4.857303974951142
-4.857574343895912
-4.857693184490566
-4.857710601540659
-4.857881713638074
-4.85763058459978
-4.857199984547724
-4.857188447017391
-4.857432683026963
-4.857550339537746
-4.857760962684002
-4.857830856424568
-4.857543751020055
-4.857353621075482
-4.856985640421021
-4.856683346658161
-4.856598426985059
-4.85656526195991
-4.856507640149305
-4.856504102823246
-4.856366504775137
-4.85660336706964
-4.856890595791302
-4.857404681628978
-4.858005257843036
-4.858124828347865
-4.857963853127529
-4.85797748080748
-4.858034909397939
-4.858084100867488
-4.8581405965903635
-4.8585344112359365
-4.858800208585065
-4.858850823676191
-4.8590276511183585
-4.859192242004971
-4.859517463407533
-4.859663007722424
-4.859815867395906
-4.859613784541622
-4.859711763566095
-4.859731311884397
-4.859765698536808
-4.859641104133658
-4.859540305755672
-4.85939829455109
-4.859384878650275
-4.859516519110538
-4.859455049956043
-4.859197423149869
-4.859625089727563
-4.859520520492423
-4.859524528696422
-4.859458110968832
-4.859626976247453
-4.859465647557631
-4.859336829598316
-4.859421608567949
-4.859579633786854
-4.8593632052348585
-4.859736728165302
-4.859693391009726
-4.859558439357263
-4.859502386049111
-4.8597089356276335
-4.859559380033189
-4.859650996033762
-4.85952452378476
-4.859562912359037
-4.85947742242819
-4.859482368955309
-4.8593876963536715
-4.859598240013026
-4.859548313204923
-4.859635451599679
-4.859454343495225
-4.859148679140111
-4.858903327899996
-4.858792669085232
-4.858589022827491
-4.858469197326929
-4.858398340710238
-4.858473199345099
-4.858545000027528
-4.858616331691227
-4.858601970891753
-4.858625277800427
-4.858593731489179
-4.858762533115678
-4.858879312299944
-4.859016112233821
-4.859169636410359
-4.858942649607643
-4.858902621550543
-4.858632340333797
-4.858142709114527
-4.858068331328561
-4.8578447446272435
-4.857530572936262
-4.857525631292024
-4.8573049154192445
-4.857111510431419
-4.856790614796195
-4.856795561339844
-4.856706635151745
-4.856519627312743
-4.856536565448417
-4.856505517946106
-4.856607132129646
-4.856767560607942
-4.857109862930957
-4.85703551997843
-4.857034106195465
-4.856779796362045
-4.856715572906234
-4.856487637757646
-4.856461764249886
-4.856240909096221
-4.8563610969145135
-4.856408606764127
-4.856434244303815
-4.856338516161157
-4.85586956959041
-4.855811957445978
-4.855574466865371
-4.855773863225707
-4.855660525606897
-4.855498053382014
-4.855353699589569
-4.855127295980883
-4.855150805407957
-4.854828522700952
-4.854986249681957
-4.855072757136764
-4.854828287984163
-4.854654823215338
-4.854737559045242
-4.854564805390401
-4.854516861628628
-4.854409221346488
-4.853893418863388
-4.8538114176884
-4.854001975011102
-4.8538849601692045
-4.853600671198267
-4.853548047928053
-4.853175708815621
-4.852899018002941
-4.852762328639129
-4.852768202120854
-4.852791451687475
-4.852863085075907
-4.852813059142384
-4.8530098783251905
-4.852860034772396
-4.8528804739285025
-4.853042997351162
-4.85301340347519
-4.852861439695296
-4.853119335682745
-4.853210003791002
-4.853173359557333
-4.853059908324967
-4.853026323310571
-4.852922270064381
-4.853017864200934
-4.852843827736452
-4.8527233431495205
-4.852501418860754
-4.852475353271598
-4.852538757542696
-4.8524614979369645
-4.852316850930606
-4.852352074031623
-4.852146382080878
-4.852048474408648
-4.852258382715475
-4.85221635351559
-4.85233422575638
-4.852385661385144
-4.852248991040232
-4.852263548049937
-4.852187471841887
-4.8524321487632225
-4.852205317692052
-4.852329999811003
-4.852339393387209
-4.85227411567824
-4.852545332325655
-4.852671443872895
-4.852691407874439
-4.852626116574868
-4.85252302483467
-4.852595352434074
-4.852004804603141
-4.852017717626266
-4.851900346304832
-4.851752206494705
-4.851883900182747
-4.851706886314005
-4.8515402166649
-4.851678714969005
-4.851659936092647
-4.8516770732990135
-4.851713224027732
-4.851990718285414
-4.852020769995018
-4.852008796049722
-4.851918172962586
-4.851768392184987
-4.85175782750402
-4.85162143692655
-4.851799380291478
-4.851767686836473
-4.851764400082538
-4.851843046766365
-4.851890468734435
-4.8517547761260555
-4.8517991459107925
-4.851740220587329
-4.851466979499836
-4.851150115565519
-4.850973864374424
-4.850855586566248
-4.850905336770186
-4.85078987900954
-4.850795041599431
-4.850686629213609
-4.850585261058606
-4.85050735984797
-4.850435327414889
-4.850325288571486
-4.850225577446736
-4.849990510237314
-4.8498621946083205
-4.849861021827513
-4.84966961663128
-4.849619187694744
-4.849475412411622
-4.8498997267215245
-4.849952273427492
-4.849986524976163
-4.849939839914821
-4.8499170871302715
-4.849752651232063
-4.849498631557374
-4.849424049322886
-4.849309834841418
-4.849394267943948
-4.849380192241821
-4.849379254670952
-4.849330709466846
-4.8492378381061645
-4.849183198008613
-4.8490865813494235
-4.849042029012197
-4.8490019287856825
-4.849056800405806
-4.849047889106922
-4.849230099284878
-4.849388635310424
-4.849400371323502
-4.849352764501395
-4.849515753261944
-4.849334929619036
-4.849329539082834
-4.8490760287543715
-4.848923610379038
-4.848940258285371
-4.848917983464272
-4.848875072004135
-4.848869444519151
-4.8489379131641845
-4.848835445467825
-4.84882817668308
-4.848676945479683
-4.848667332807535
-4.848682575468855
-4.848554796334693
-4.848454922349566
-4.848609188264675
-4.848687027343187
-4.84882583196747
-4.8486994536855255
-4.8485055614486665
-4.848537445933374
-4.848525489283328
-4.8487219634019105
-4.8486949989518475
-4.848709301105182
-4.848438980518169
-4.84848164836827
-4.8484038153717
-4.848106337651238
-4.8479556202372045
-4.847836084302495
-4.847814755962393
-4.847807021539229
-4.847799521523999
-4.847776318534022
-4.847761789005169
-4.84775920970006
-4.847586952855039
-4.847704602544679
-4.84751852238342
-4.847441188873054
-4.847393853402589
-4.847244351601967
-4.847224902580206
-4.847176164759123
-4.8472106090757
-4.847190692242611
-4.847100482186173
-4.847071662495901
-4.847097436103866
-4.847286060663711
-4.847318163342942
-4.847320272339252
-4.847207797433429
-4.847108683240432
-4.847119226928607
-4.847187880963434
-4.847153904758237
-4.847141252988192
-4.847092047071864
-4.847195378404135
-4.8471377372816615
-4.8471049340348
-4.847058307175323
-4.846744361193823
-4.846733585258358
-4.846752093532952
-4.8468097242355155
-4.846760760547575
-4.846676188776014
-4.846713203102463
-4.846648545495982
-4.846441700200124
-4.846432095645058
-4.846453880266857
-4.8464461502205864
-4.846344724655965
-4.846250095878386
-4.846213089054956
-4.846117059703207
-4.8459952726874755
-4.845973257652843
-4.845978884107998
-4.845965531494347
-4.845871618136185
-4.8458660012581
-4.845714014137198
-4.845733450708366
-4.845737432716951
-4.845683573303724
-4.845751013662455
-4.845751950363099
-4.845787779701904
-4.845651960491223
-4.845637206425476
-4.845552675375007
-4.845529492555279
-4.845519892161205
-4.845484535061111
-4.845525745999125
-4.845508653522245
-4.845451988276601
-4.84547914961877
-4.8454714229301175
-4.845401412859971
-4.8453981355071605
-4.845359267472589
-4.845318527630441
-4.8452981582422705
-4.845161896457503
-4.845141294111395
-4.845113434269867
-4.845040157107721
-4.845032197597822
-4.844998017986397
-4.84489852578616
-4.844849132374225
-4.844850771031063
-4.844715003144492
-4.844718982023247
-4.844736537915159
-4.84464782384336
-4.844562857676039
-4.844549984255978
-4.844544600836987
-4.84449802337203
-4.844416573283592
-4.844389891962276
-4.844357827957012
-4.8443552535322
-4.844333253659471
-4.844378189714075
-4.844354785443276
-4.844376317361817
-4.844461978980849
-4.844470638995205
-4.844469000562344
-4.844479767021634
-4.844505279354238
-4.844524004499739
-4.844475086041847
-4.84445846826453
-4.84448304377527
-4.844480937376607
-4.8445424945891835
-4.844738410481548
-4.844724365834484
-4.8447686068509945
-4.8447817156666755
-4.844778204384911
-4.844833682516883
-4.844815189592914
-4.8448971230354125
-4.844876289496721
-4.844902271298869
-4.844779141128786
-4.844654611819342
-4.844614819931797
-4.844596094989849
-4.844647356562772
-4.844699085672905
-4.844726004622283
-4.844779842828982
-4.844832277979874
-4.844888225867606
-4.844912805586363
-4.844835087307655
-4.844828766660785
-4.844842812079291
-4.844894780311364
-4.844926617318924
-4.844921935648763
-4.844967584919022
-4.844984674072986
-4.844974841817185
-4.8449404291038345
-4.844942770086909
-4.8448882256491705
-4.844812849312802
-4.844833448400719
-4.844763222970632
-4.844813082895979
-4.844757839104972
-4.84482338263814
-4.844836257520253
-4.8448252554163
-4.844721791005426
-4.844725770240887
-4.84474285798213
-4.844813785116935
-4.844853111945911
-4.844872307400428
-4.844873010013729
-4.8449135078764485
-4.84493481069483
-4.844928958252321
-4.844886586996584
-4.844815189602325
-4.844785460944943
-4.844726472689079
-4.84470891693193
-4.844662336099464
-4.844630502523202
-4.844582285061231
-4.844571986089798
-4.844550920471548
-4.8445876683363736
-4.844585327684184
-4.844495916833511
-4.844439510076882
-4.844372572987291
-4.844321551969836
-4.844290658798682
-4.844279893168217
-4.844225831781964
-4.844171303585066
-4.84411279820036
-4.844034169230815
-4.843989941643199
-4.8439730931848395
-4.843950394770459
-4.843964668975738
-4.844000003871212
-4.8440334672468
-4.844029957032706
-4.844063888837216
-4.843976135204523
-4.84398198535394
-4.843992983893675
-4.844031829372275
-4.8440470402006985
-4.84407559005985
-4.844103905637176
-4.844132690109534
-4.8441411148602835
-4.844211556183623
-4.844285276254515
-4.844352211138862
-4.8443568918662745
-4.844380764204514
-4.844353147119424
-4.844339104723891
-4.8443173389958485
-4.844291828956182
-4.844305403309148
-4.844306339262216
-4.844315700733235
-4.8443061052263925
-4.844304701025427
-4.84430095637107
-4.844284573857097
-4.844261404499171
-4.844246426435496
