6.133493410041069e-06
1.4482374658794585e-05
2.5143677557931317e-05
3.8023786353621654e-05
0.00023532066874252323
0.00038389134308196754
0.0005409627720073673
0.0006620350374510849
0.0008504562153055225
0.0011435027932239982
0.001330165891816018
0.0015216402213900858
0.0016956552570228764
0.001863187113035015
0.0021218667916428208
0.0022789163272587663
0.0024205687443393845
0.002543149892385888
0.0026341058345341556
0.002633315934998254
0.0026582923607568077
0.002687782851279051
0.0027162529054261995
0.002736051952065274
0.002583556008013706
0.002548484151817232
0.00248803656250228
0.0024288259926827675
0.002376514398823501
0.002222656241247667
0.002085566074051144
0.001995648980867912
0.0019428940756333183
0.0019097948972815015
0.0019605177368051704
0.0020135921357475064
0.0020537901102259813
0.002100304901829666
0.002141027831103449
0.0022407378783035974
0.002276264762742011
0.002376658456028992
0.0024278260160192104
0.0025054120837087373
0.002619326415222752
0.0026128761478522913
0.0026202974811930617
0.002616008550335173
0.0026103690477688856
0.002750213239353716
0.002759926386697842
0.002846154160413989
0.002864820292167604
0.002915394656298463
0.0028635783606418682
0.00296251628681963
0.002881133915580921
0.002890989504720146
0.002864398514241863
0.0029703785887495314
0.0029228303099532436
0.003029378274235489
0.0030626303532565796
0.0030799282057336163
0.0030247742367295856
0.002954324518713231
0.002916816977261995
0.0028562146843502997
0.002765025445022051
0.0028597243542935
0.002928306774083396
0.002983778958510956
0.002915348403422599
0.0029025871325127094
0.003042103438691925
0.003106839482525938
0.0031732113700247678
0.0032122521880766234
0.0032836505343166846
0.0033967711452525186
0.0033662453488350215
0.0034167448093587027
0.0034037179827803915
0.0034120801687422936
0.0032721686153151836
0.003181502598123248
0.0031426815937962587
0.003089614413430316
0.00304188640418741
0.0030896658329984963
0.003041622945566382
0.0029903286725365807
0.0029716156712912565
0.0029317733055962782
0.003181810040729545
0.0033363574574518033
0.0033722748498153867
0.0033712424276268345
0.003339282888754733
0.0032157103880456803
0.0031539100941802003
0.0031237377772667676
0.003074950037267895
0.0030333771690094734
0.003015088737668357
0.0028689082244657722
0.00286981910424285
0.0028747412741302668
0.0028852171151084877
0.0028990692911869463
0.003329787035103754
0.003537816375655457
0.0038256875588068466
0.0040366144388873666
0.004226917531353441
0.0042096994519727525
0.004220741186878803
0.004214935542539665
0.0041719053396607145
0.004204296203020174
0.004106736402005744
0.004040913831313903
0.003983452560137298
0.0039011743840178877
0.003832157939296433
0.003740748332357202
0.003668864658572489
0.003612757499047208
0.00357096715221702
0.0038519893486423746
0.0038616361971070263
0.003917086963106767
0.0039182127210292276
0.003912929918481396
0.004030529005414634
0.003957391629682305
0.003919366532283715
0.0038359316509299604
0.0037494597428819098
0.003596569633078686
0.003453875257031134
0.0033394674548518936
0.003229295410044558
0.003117830320206346
0.003022135580275418
0.0029283283674050955
0.002860112360120032
0.0027852650336719245
0.002702750940292858
0.0026154746962377207
0.0025062217787511555
0.002399372740804333
0.0023016177131168635
0.002205490708571807
0.0020837706755004537
0.00200048670121174
0.0018872444553290385
0.0017996654260373113
0.0017055197706817794
0.0016668092312662826
0.0016358526636836201
0.001609477188730439
0.0015814358929924078
0.001557951027273563
0.0015677189103225292
0.001536121529497261
0.0015151992687163329
0.001480168878764228
0.0014519906122995435
0.001456063662910202
0.0014350202393315931
0.0014239286773993338
0.0014030359311855123
0.0013896744867279531
0.0013957335007399054
0.0013820259870110025
0.0013727528977013174
0.0013579038927256737
0.001345217109436227
0.0013151816057301677
0.0012797803198910495
0.0012445296669382413
0.0012073697690053906
0.0011718229514961912
0.0011333577073161121
0.0010876742013212323
0.0010513286201372862
0.0010097163708545
0.0009749179152432556
0.0009384623075593637
0.0008913889621939001
0.0008346294482655318
0.0007814385037157965
0.0007279331951740605
0.000654408186935058
0.0006004785646912742
0.0005483823913087166
0.0004977331394275947
0.0004534989997955864
0.0004136268259351212
0.0003770538704707615
0.0003468391913039506
0.0003174976081585298
0.00029264814496163727
0.0002908356089394152
0.00027109277141690134
0.000251910029950196
0.00023306698275982565
0.00021732349046114767
0.00023022437993047923
0.00022188063197397484
0.0002174161291689865
0.00021024271275940136
0.00020289101098231057
0.0001932104368848776
0.00017987254083263101
0.0001672926351819563
0.00015440812240855273
0.0001438910517036792
0.00012978020036674253
0.00011866254457486538
0.0001088428880181531
9.952155893936122e-05
9.133699645239153e-05
8.166054575916681e-05
7.464515994634798e-05
6.733750579693882e-05
6.118316777119363e-05
5.5708222294495415e-05
5.512405920596384e-05
5.214950943311237e-05
5.030451901674366e-05
4.834466346008917e-05
4.654047714868823e-05
4.378513694934595e-05
4.176776928342228e-05
3.9604692669057124e-05
3.778034363592294e-05
3.62600331535221e-05
3.424958562134837e-05
3.2658858807376306e-05
3.126480061807083e-05
3.003143684389798e-05
2.8795677260720488e-05
2.645745117551687e-05
2.466202324212452e-05
2.3113912171445877e-05
2.1469841097644773e-05
2.0182060470961278e-05
2.005647897620799e-05
1.8975052883825967e-05
1.781954259770285e-05
1.6874775932547335e-05
1.6053229880253668e-05
1.6137094607867823e-05
1.591379397789841e-05
1.5725632505197628e-05
1.5191399158897098e-05
1.4651569010838587e-05
1.480647376824551e-05
1.4216783770240713e-05
1.3661001010394136e-05
1.3013326644553107e-05
1.254588766488869e-05
1.2651270304575894e-05
1.2109327279773238e-05
1.1712952242600964e-05
1.1094791957119729e-05
1.0818743013287678e-05
1.178319151687619e-05
1.2545618874571443e-05
1.3524446518458116e-05
1.4380341535365764e-05
1.5085993295255257e-05
1.5274854109531774e-05
1.5122632530655412e-05
1.5082868134078268e-05
1.4908938339906796e-05
1.481491485587947e-05
1.5936364986452053e-05
1.7291691317483532e-05
1.825744193986492e-05
1.8959165681493193e-05
1.9356252113904784e-05
1.9463222204092637e-05
2.0196411852513866e-05
2.0439536679525546e-05
2.067554605917677e-05
2.1041839850140168e-05
2.1025322028257473e-05
2.0593163441459074e-05
2.006218361712198e-05
1.9233119542713195e-05
1.847313464230563e-05
1.7608775913130297e-05
1.640549282150497e-05
1.596527253718861e-05
1.5548407406535856e-05
1.5102087699185283e-05
1.572718283483768e-05
1.521585286956026e-05
1.5105972835650125e-05
1.430779211876847e-05
1.3622470581123001e-05
1.4898214328102653e-05
1.4941264691382027e-05
1.5253308396351385e-05
1.5084916153944271e-05
1.4955348449305251e-05
1.486346474251819e-05
1.4784041894861647e-05
1.477854606064738e-05
1.4653987843766251e-05
1.4791999080304787e-05
1.7141716189621565e-05
1.816312139948629e-05
1.9527270913059013e-05
2.071821493860206e-05
2.1828882863364608e-05
2.5322537546240592e-05
2.7347716120498344e-05
2.921366141041829e-05
3.014036080948628e-05
3.078877244003272e-05
3.2404109061957e-05
3.2600006453534375e-05
3.330543473995959e-05
3.3472811228912733e-05
3.3454206875799296e-05
3.3306242474666765e-05
3.206855807968333e-05
3.155871009845605e-05
3.088105555131408e-05
3.003288617160567e-05
3.157031236190248e-05
3.0982945849916736e-05
3.067869671034713e-05
3.01312617544967e-05
2.938614185617561e-05
2.85620404657766e-05
2.7189493951393822e-05
2.6088313352690527e-05
2.4778592729944237e-05
2.3434989403252035e-05
2.1229722229814012e-05
2.007021975460552e-05
1.9546171922190367e-05
1.8604938850935095e-05
1.7691114739882743e-05
1.7777422717774144e-05
1.707109602248522e-05
1.727481544844649e-05
1.708706210388664e-05
1.670929072754121e-05
1.6962733347357823e-05
1.6559303055425656e-05
1.6748354161923953e-05
1.6400111550531818e-05
1.612644167354458e-05
1.8058040144566954e-05
1.8648979086131985e-05
1.8790376064276265e-05
1.8884968329833378e-05
1.8731861298142312e-05
1.9937453680886928e-05
1.9527598034531403e-05
1.8925417954960056e-05
1.8294170232504947e-05
1.758272969287172e-05
1.808305269880188e-05
1.7536314140821774e-05
1.7961590827351537e-05
1.8195482945546148e-05
1.830571400905087e-05
2.1034831842385236e-05
2.1882381763158312e-05
2.2706253723553532e-05
2.3258226780041882e-05
2.3615270534004876e-05
2.380825603748969e-05
2.3510203572320473e-05
2.4996288672446108e-05
2.5993226573139983e-05
2.6888064509849164e-05
2.7890934220037808e-05
2.718922229676464e-05
2.6335289199674504e-05
2.4929392983983765e-05
2.3437731999298736e-05
2.457114374891545e-05
2.4199156306483e-05
2.4097838902581106e-05
2.419838233832659e-05
2.418089781396559e-05
2.545962117862991e-05
2.5173091436172318e-05
2.512405940761036e-05
2.512192278995333e-05
2.521325041113805e-05
2.7553800979584754e-05
2.6646312905766126e-05
2.6185688128558727e-05
2.5617977698202538e-05
2.5027619479569075e-05
2.7575171495563298e-05
2.821982557937284e-05
2.9373834800142812e-05
2.982147975298679e-05
3.0282740124036076e-05
3.091687470990956e-05
3.0177731477771745e-05
2.9636658013299243e-05
2.8885498767105872e-05
2.780009935810028e-05
2.5805831260865515e-05
2.4167711473142283e-05
2.248475889750129e-05
2.123509152681558e-05
2.0159781688100914e-05
2.06350770316483e-05
1.9865820894536727e-05
2.013915108835938e-05
2.025966871617566e-05
2.0455724989301147e-05
2.2013541128438405e-05
2.2078058128945994e-05
2.248529878999228e-05
2.2503503282962493e-05
2.264856724286614e-05
2.449988792587725e-05
2.495871035180867e-05
2.5340188702805966e-05
2.5215034694957907e-05
2.4806949283558982e-05
2.436822341969576e-05
2.2673430214781156e-05
2.117777131505095e-05
1.9757792717749337e-05
1.872494575352416e-05
1.915692207904471e-05
1.8108984351430597e-05
1.7251743911527832e-05
1.6262883330606517e-05
1.5584395805212724e-05
1.6685358529644196e-05
1.5748332908485642e-05
1.5322383812103356e-05
1.4904818411299327e-05
1.4532350315390358e-05
1.7419487898673032e-05
1.7372028206636448e-05
1.803816682397355e-05
1.807336803088133e-05
1.8240824377188036e-05
2.1231910270086924e-05
2.086484336589315e-05
2.1178042536664627e-05
2.109375743740737e-05
2.099652151947409e-05
2.273606840297566e-05
2.2480358259563727e-05
2.275771063004578e-05
2.2903963975340612e-05
2.3652405636107657e-05
2.638185320393764e-05
2.707579577181939e-05
2.793552481158477e-05
2.819661796267124e-05
2.864149265128645e-05
3.1114484671068274e-05
3.099512273778792e-05
3.145233823313094e-05
3.1587328264385314e-05
3.179073202107508e-05
3.2101135837915965e-05
3.1592234740373615e-05
3.228109304894156e-05
3.2690866024236536e-05
3.2778530680477024e-05
3.368598829681548e-05
3.2351223126377945e-05
3.1237770491675527e-05
3.008050932356728e-05
2.8860119883983693e-05
3.06259173802295e-05
3.117922333617281e-05
3.1172048364884443e-05
3.106870399421119e-05
3.0383987193010494e-05
3.096278036887184e-05
2.9554850706137545e-05
2.8818508777548734e-05
2.7944576619227378e-05
2.6987659368284146e-05
3.0432242354869042e-05
2.9395374174745074e-05
2.9814183949716404e-05
3.014856646704919e-05
3.041294299675184e-05
3.334893817031469e-05
3.267139532471583e-05
3.264207912988752e-05
3.203925797197315e-05
3.1564596166681585e-05
3.313071637889631e-05
3.26767361283724e-05
3.259312808041557e-05
3.230648173376683e-05
3.211245409742563e-05
3.164918713419058e-05
3.0523106682057244e-05
2.932682358692506e-05
2.7691283358236865e-05
2.6083738829342508e-05
2.6063051276958778e-05
2.5203936263178445e-05
2.4855322357051556e-05
2.4396042739774676e-05
2.3883049023564408e-05
2.5125218955182877e-05
2.4569364819822644e-05
2.4708278794235034e-05
2.4203943426816105e-05
2.3279336001207812e-05
2.4272037670898994e-05
2.3349448820053774e-05
2.349279701032002e-05
2.3232636155384552e-05
2.307269019057417e-05
2.313216952236452e-05
2.224331877202029e-05
2.1032171801953714e-05
2.0033933306761335e-05
1.8841582802596278e-05
1.8214321204998318e-05
1.640404539133281e-05
1.601989152721553e-05
1.59457257401972e-05
1.606273328304687e-05
1.7970992201120898e-05
1.8403862941656727e-05
1.933797793896707e-05
2.0375392857008955e-05
2.131087231480855e-05
2.4026743457278115e-05
2.4494914598993253e-05
2.478959893101745e-05
2.4567354463825015e-05
2.459104390886269e-05
2.6441089635069464e-05
2.641985594046027e-05
2.666990919806446e-05
2.682042502833035e-05
2.6820992305893895e-05
3.045486254130174e-05
3.017907583589322e-05
3.086805182601553e-05
3.11590461340057e-05
3.111734154841208e-05
3.369761892441084e-05
3.470803032821234e-05
3.5913081247897475e-05
3.667058026873187e-05
3.750902811606938e-05
3.718371961438158e-05
3.767599482955214e-05
3.767669078339264e-05
3.753329500919098e-05
3.716198476145504e-05
3.898215658837247e-05
3.968638221614424e-05
4.060845472260714e-05
4.0983143379020635e-05
4.1749597249437226e-05
4.215427990703963e-05
4.171592554242962e-05
4.1130650024057076e-05
4.066842482819766e-05
3.975559510921367e-05
3.962440839067887e-05
3.9616404519730085e-05
3.981947348238395e-05
4.0599931781798145e-05
4.110889518428476e-05
4.2779990512747484e-05
4.2047014352579244e-05
4.184068334368085e-05
4.1025076343558565e-05
3.98605693158759e-05
4.019974498681357e-05
3.953300346003118e-05
3.901976859069222e-05
3.801525547320075e-05
3.677252973733766e-05
3.452567493438357e-05
3.232442073420421e-05
3.1040861072684164e-05
2.9375110130981556e-05
2.8115232036313226e-05
2.9390537917050653e-05
2.7812827522094337e-05
2.6835700148041333e-05
2.5422971900724527e-05
2.4338494604688362e-05
2.477337395506405e-05
2.3799631311653094e-05
2.2546225110338994e-05
2.1010472269217897e-05
2.0034021013103233e-05
2.0449072911546033e-05
2.0205539802754498e-05
2.1197596625535103e-05
2.142595643213983e-05
2.1970489299244552e-05
2.4811612426816227e-05
2.4515118656019873e-05
2.48921640311746e-05
2.4952249897056676e-05
2.514562428607583e-05
2.504530849106271e-05
2.468006338513982e-05
2.439995316649871e-05
2.358812267716736e-05
2.304877654578493e-05
2.412331693054818e-05
2.371957757913948e-05
2.311073672065972e-05
2.2300167156521128e-05
2.130291732721734e-05
2.0618401441975543e-05
1.897864790473427e-05
1.83427231411718e-05
1.7787701147161118e-05
1.736622128174764e-05
1.979079657492342e-05
2.050057233471067e-05
2.0560468087999303e-05
2.0502948522527193e-05
2.0398465106461635e-05
2.0755123791170704e-05
2.0323934157352386e-05
1.9882317211844232e-05
1.899713117094497e-05
1.832017281078133e-05
1.8466242214634538e-05
1.763143352750435e-05
1.7486184597988627e-05
1.7563108144677886e-05
1.7680626723993357e-05
2.262976682239827e-05
2.3660289469546942e-05
2.4292842006943458e-05
2.4394533860510483e-05
2.390291576714639e-05
2.5254862341961306e-05
2.4783737490243346e-05
2.4849013506013218e-05
2.4668605579414534e-05
2.416692832956113e-05
2.291983314650784e-05
2.190386973972406e-05
2.1102434366398375e-05
2.0422557445759937e-05
1.9462022527272254e-05
1.971130320582297e-05
1.741650004810032e-05
1.6242755616583997e-05
1.536411311096204e-05
1.4688776327746192e-05
1.445513890821019e-05
1.4882723006074526e-05
1.5286266111665173e-05
1.5526330554437944e-05
1.56800599656199e-05
1.7630816778041288e-05
1.7953901916218894e-05
1.822015817264614e-05
1.8331939493856824e-05
1.8158069282576686e-05
2.008637058741497e-05
2.0313129430310345e-05
2.016562433710997e-05
1.980711856260784e-05
1.9414243196827366e-05
2.1762425616111863e-05
2.1860692431314256e-05
2.2567177985508926e-05
2.3021309044533947e-05
2.3008117379253575e-05
2.2937901375152124e-05
2.224040858456678e-05
2.1638137567178743e-05
2.0835350037964214e-05
2.009406485603368e-05
2.160030841240787e-05
2.076013740724049e-05
2.0473491090082007e-05
1.9762465564781044e-05
1.902757403907339e-05
1.8422354263111035e-05
1.8469374001300082e-05
1.8379087583714927e-05
1.8129489971178985e-05
1.773658779196177e-05
1.9848826700187e-05
1.9943980542424266e-05
2.0539000600851828e-05
2.0914780790043138e-05
2.136482761115533e-05
2.361298872808093e-05
2.365445658371048e-05
2.3739309611201332e-05
2.385167417297385e-05
2.407450366796589e-05
2.7059098310955916e-05
2.803440452225939e-05
2.9556070946852735e-05
3.076653430610478e-05
3.20343449825139e-05
3.546132752250367e-05
3.742503174607609e-05
3.918956131774315e-05
4.0342822504412995e-05
4.0964977035279324e-05
4.163578737704945e-05
4.157765760943946e-05
4.1382262907696615e-05
4.0309090349735516e-05
3.888748458525245e-05
3.865685704518623e-05
3.696229029335171e-05
3.534830753579729e-05
3.343147095761084e-05
3.1240470813265e-05
3.070596312763067e-05
2.8529153279302937e-05
2.691563896986279e-05
2.522905439896277e-05
2.385530123963175e-05
2.7098372002997746e-05
2.7884259643777886e-05
2.8347094084226736e-05
2.8653029079868872e-05
2.8389960792904664e-05
2.998205948489536e-05
2.9985407743379847e-05
3.070729545166452e-05
3.0795972331591875e-05
3.091927926105148e-05
3.257174234188122e-05
3.2456700525248184e-05
3.2269513052850216e-05
3.18743791990636e-05
3.134412837266698e-05
3.2316729376411726e-05
3.283832337286107e-05
3.378872230704305e-05
3.450100886769352e-05
3.49871804939724e-05
3.63329874810294e-05
3.604684338302266e-05
3.60369221893383e-05
3.571997170316152e-05
3.504060953351188e-05
3.453909036626095e-05
3.292416323678534e-05
3.1684170943157575e-05
3.028705039632905e-05
2.9428129199252327e-05
2.7326906568216275e-05
2.6015926451948954e-05
2.490933521997257e-05
2.385770070634811e-05
2.2962436200336713e-05
2.5319936829531346e-05
2.456403906427634e-05
2.443188348929093e-05
2.3952780325262062e-05
2.342416846654263e-05
2.128658652414516e-05
1.9676917927336832e-05
1.855847133289002e-05
1.7600259938701515e-05
1.7126493369586337e-05
1.8819750394490215e-05
1.8555695545261243e-05
1.8840860151946467e-05
1.8795372777445446e-05
1.876816947592328e-05
1.883060450317037e-05
1.865329876942438e-05
1.8828577535331865e-05
1.82886124447402e-05
1.790847201360582e-05
2.0059451576759953e-05
2.0150422094603896e-05
2.0501658740508883e-05
2.0124495853259646e-05
1.9720341736641895e-05
2.1720948222855875e-05
2.2046390693987076e-05
2.2612685378411038e-05
2.3141549428145166e-05
2.3385566817562064e-05
2.393703815460038e-05
2.3524639171911122e-05
2.2990917031644894e-05
2.2312657511657617e-05
2.1629813388323745e-05
2.1940358853170412e-05
2.155188766172597e-05
2.0927008943008133e-05
2.0374469869089463e-05
1.9794484452596156e-05
1.9945722903773443e-05
1.9610899950418217e-05
1.946457761865243e-05
1.9174012603833606e-05
1.8742350438278905e-05
1.949326077589947e-05
1.8689331678758477e-05
1.8500235239781385e-05
1.7888913937460856e-05
1.7190550362367367e-05
1.740504416349082e-05
1.6664922727469528e-05
1.6413648521759305e-05
1.608036346525474e-05
1.5546118892896498e-05
1.692151222622404e-05
1.6701278967635997e-05
1.700691347259795e-05
1.7036508862528402e-05
1.6773960989625617e-05
1.7863368918905727e-05
1.719206646692729e-05
1.6899563944859356e-05
1.6303339496009985e-05
1.574171927359488e-05
1.7872274721798473e-05
1.7013760605443904e-05
1.6875886997927835e-05
1.6410558739852397e-05
1.6192518408295143e-05
1.814764704858659e-05
1.7806164747641804e-05
1.8203502772527196e-05
1.8229582885632398e-05
1.8380772025412305e-05
1.764309783945678e-05
1.7222417947154274e-05
1.6745576905289995e-05
1.614944831872323e-05
1.5593133966888684e-05
1.664311766919589e-05
1.585912619787887e-05
1.57747028941905e-05
1.533224342502594e-05
1.4999443191060751e-05
1.5924979767870302e-05
1.5423557251332404e-05
1.5463709655782503e-05
1.5465597054617872e-05
1.5616359849860932e-05
1.6917724189294423e-05
1.685998885784961e-05
1.6997193319904705e-05
1.708138047890857e-05
1.710305723641996e-05
1.8286768463090685e-05
1.8271654356721625e-05
1.8340646343553742e-05
1.8266317760211892e-05
1.7862338498962095e-05
1.7550689770503867e-05
1.7025221475592173e-05
1.6834876803037058e-05
1.666275169633538e-05
1.617784231922662e-05
1.6251153120767765e-05
1.6035138610164184e-05
1.5506838232079874e-05
1.479802002846293e-05
1.4029497082707823e-05
1.5300965297879714e-05
1.4813088585592382e-05
1.4638909241081499e-05
1.418358405556597e-05
1.3444510363818839e-05
1.3899068142853592e-05
1.3559842177288914e-05
1.3491968474538787e-05
1.3366659410547332e-05
1.2945758506551783e-05
1.4497691361981975e-05
1.4272951556800331e-05
1.4350634575599392e-05
1.408901506487122e-05
1.3393239059387324e-05
1.3128904183499407e-05
1.3383804609111868e-05
1.3390252430804342e-05
1.322578720840711e-05
1.2901027301645778e-05
1.3916802617368204e-05
1.4112058066571006e-05
1.4459854781524169e-05
1.4800008982488817e-05
1.517041487844639e-05
1.5721210136939554e-05
1.5730181511987915e-05
1.579741497578876e-05
1.5583274538680512e-05
1.5260888302427116e-05
1.6543827974522336e-05
1.64223999724404e-05
1.6876558773663237e-05
1.7334532746631465e-05
1.7666427816798985e-05
1.7883704342086972e-05
1.7576245780604496e-05
1.749006422424585e-05
1.7115460296493962e-05
1.684018425889697e-05
1.8363410183185036e-05
1.8231985100485917e-05
1.824873465856726e-05
1.7981391255020684e-05
1.7831938722104995e-05
1.852332034960084e-05
1.8339380464319367e-05
1.8520555471121477e-05
1.86207603012606e-05
1.856597131855943e-05
1.9280184990291116e-05
1.886902459118239e-05
1.868763662034657e-05
1.8260438308217874e-05
1.7554962777570746e-05
1.678024427696348e-05
1.5992718338213252e-05
1.5065638394424903e-05
1.417104891056173e-05
1.3262037381856909e-05
1.1969956609325636e-05
1.0973665540838762e-05
1.0368755029333213e-05
9.788030414288684e-06
9.299518845604925e-06
1.0124305570843692e-05
9.779933518317168e-06
9.757564606953623e-06
9.711814493230677e-06
9.495767561321566e-06
9.872476589153496e-06
1.0127027293591852e-05
1.0996927662455446e-05
1.150886458670297e-05
1.2042869816645764e-05
1.2164823694573261e-05
1.1845506452997059e-05
1.1820026037946552e-05
1.1686982152578848e-05
1.1600711860743094e-05
1.2996914747918218e-05
1.3040752007304757e-05
1.34850827977551e-05
1.3631051890468151e-05
1.3431698374588371e-05
1.3683323043799606e-05
1.3575643666324499e-05
1.3521093697170524e-05
1.3192683248402053e-05
1.289581863497069e-05
1.3398481221809323e-05
1.3026881542814907e-05
1.2770233271947235e-05
1.2368221429732188e-05
1.1949446117099676e-05
1.3107875049251842e-05
1.2675429511024377e-05
1.2566383097041555e-05
1.2283220008902299e-05
1.1987506044050112e-05
1.2977436115737043e-05
1.2800823959418294e-05
1.28230210300133e-05
1.2967058799168208e-05
1.2940417093041975e-05
1.245301667131627e-05
1.2170420462855097e-05
1.1891714455546294e-05
1.1466004945529417e-05
1.1028660673132977e-05
1.0148007905754808e-05
9.81849264502053e-06
9.396666520418747e-06
9.00521667085669e-06
8.624225146780328e-06
8.60253678968745e-06
8.184286187905702e-06
8.196872559393829e-06
8.189904734990414e-06
8.117530677999584e-06
8.324529251988975e-06
8.491032842961238e-06
8.450404733786227e-06
8.438990513166657e-06
8.312902247014423e-06
1.0454985552468884e-05
1.0662423316592197e-05
1.1158780222608931e-05
1.1435283579107003e-05
1.1632634799104144e-05
1.1993695814658365e-05
1.210215256873342e-05
1.2271975593961583e-05
1.25203190803391e-05
1.2581302097872322e-05
1.2692249198505011e-05
1.2707963036966905e-05
1.2645639614350589e-05
1.259034743173397e-05
1.2382803445594732e-05
1.3231485141422021e-05
1.2965105723315473e-05
1.3023691420897438e-05
1.2890536710238234e-05
1.2852579275629712e-05
1.2829290223699211e-05
1.2922157123314623e-05
1.3018208733061366e-05
1.3183042047213443e-05
1.3143314346779205e-05
1.2975483480109931e-05
1.2872652367912928e-05
1.2889795348793883e-05
1.2778798427139837e-05
1.2639746841115254e-05
1.2132394251267272e-05
1.1209823610743517e-05
1.0927064447305549e-05
1.0593253782528792e-05
1.0270660281654171e-05
1.1266722376199353e-05
1.1681586585112725e-05
1.2292117736293124e-05
1.2639426841772303e-05
1.2973882089621644e-05
1.3721410077395257e-05
1.3746654644918929e-05
1.387580597542962e-05
1.3920254681421643e-05
1.385283200916397e-05
1.3197073727759584e-05
1.2749208688446038e-05
1.22707022262547e-05
1.1856336815462473e-05
1.1337602173777015e-05
1.0511271376590484e-05
9.35035916038312e-06
8.80435505076575e-06
8.38743026564866e-06
8.245790524478645e-06
9.172741065413862e-06
9.412638568097621e-06
1.0277457192884229e-05
1.1023501460317033e-05
1.168472454920817e-05
1.325742560869762e-05
1.3596541758518807e-05
1.419364682056038e-05
1.454313578033729e-05
1.4914552587269406e-05
1.4342670454378778e-05
1.4225336674721718e-05
1.4015279214403494e-05
1.387814094802525e-05
1.3699785224456038e-05
1.411372045681655e-05
1.3841043873239562e-05
1.3668261669612099e-05
1.3126432498750482e-05
1.2722412367709914e-05
1.2617287746600308e-05
1.190522786125725e-05
1.1577609260878645e-05
1.128016486327285e-05
1.1085121412705427e-05
1.1024089492396342e-05
1.1056847783315725e-05
1.104947900278152e-05
1.0963113389302012e-05
1.0907567938584487e-05
1.0927549021258192e-05
1.0579933445937373e-05
1.0340906088609724e-05
9.96050488357003e-06
9.584881470621523e-06
9.519269429892193e-06
9.484102580505177e-06
9.418868430362536e-06
9.328265118970192e-06
9.265902499140262e-06
9.86840328899194e-06
9.475903769424826e-06
9.491115205689645e-06
9.284400605269978e-06
9.171094351142514e-06
9.109900427804989e-06
8.906841726983564e-06
8.90310348486031e-06
8.763059703200948e-06
8.730381691482097e-06
8.978528110206842e-06
8.306958991816308e-06
8.076783577480342e-06
7.741184038936273e-06
7.5054799862730025e-06
8.051412354060456e-06
8.159760303242898e-06
8.28245444370873e-06
8.51410314271397e-06
8.658409930692948e-06
9.270012652962533e-06
9.523562465690716e-06
9.905866870953356e-06
1.0178255498535265e-05
1.0407571610288566e-05
1.0878060384070846e-05
1.0844131820718195e-05
1.0834939093444514e-05
1.0678956614706938e-05
1.049476870415495e-05
9.901262924182069e-06
9.481039119212779e-06
9.133700572888063e-06
8.721434522759733e-06
8.370183732995917e-06
8.425305393399815e-06
8.21119157068487e-06
7.985128041287245e-06
7.6110510871820655e-06
7.1304259709368035e-06
6.726156128213126e-06
6.150584108418215e-06
5.858813632203957e-06
5.469253782832308e-06
5.039817898676856e-06
5.1298619573731415e-06
4.745508655359367e-06
4.644996821119901e-06
4.491183649865535e-06
4.4712869046070675e-06
4.79503519478866e-06
4.686409814802517e-06
4.616928992868755e-06
4.589693184628554e-06
4.509206250447105e-06
5.30742859825537e-06
5.348628322702455e-06
5.671470571683761e-06
5.8734511303309215e-06
6.0640619736519216e-06
6.429929540240395e-06
6.462674989352342e-06
6.35610752108277e-06
6.169535220600561e-06
5.931260213767589e-06
6.378155939085747e-06
6.194565407979651e-06
6.399287315169471e-06
6.519132168539284e-06
6.671221658213877e-06
6.94358099111435e-06
7.095444047018669e-06
7.343702461186371e-06
7.426004817074875e-06
7.446316323700676e-06
7.89336153789009e-06
7.996116604672496e-06
8.10107060276089e-06
8.083680032002964e-06
8.055623862585586e-06
9.036386400149286e-06
9.304641044834702e-06
9.531555628054883e-06
9.619636259314661e-06
9.556693805561493e-06
9.40037558132066e-06
9.175009173016314e-06
8.868387662225836e-06
8.559129168737286e-06
8.230364679962009e-06
7.892044276532066e-06
7.384637144170413e-06
6.955942979136602e-06
6.64133807010889e-06
6.213583255736925e-06
5.835522513488875e-06
5.661129116354251e-06
5.449546035036037e-06
5.259616534365141e-06
5.0521733908818e-06
5.291960570536316e-06
5.090793619389279e-06
5.08848750639861e-06
4.938473401632318e-06
4.831177586347978e-06
4.643935373522121e-06
4.3470177437928835e-06
4.156224185546738e-06
3.934112079084505e-06
3.837791008507452e-06
3.939494255246867e-06
3.7600851445979533e-06
3.8122013994020054e-06
3.7779183811559455e-06
3.7401255669872306e-06
4.5326519884918514e-06
4.4837371846357916e-06
4.7135523088542855e-06
4.677030821747097e-06
4.686068390493204e-06
4.553122022405892e-06
4.4541412608989345e-06
4.371360904650954e-06
4.26766518433081e-06
4.169512343618113e-06
4.121744525473635e-06
4.0456059550699806e-06
4.161097383612448e-06
4.1897493895401514e-06
4.234456860362937e-06
4.822917919266876e-06
4.9926982480958054e-06
5.17054177363701e-06
5.273196753519801e-06
5.335128837537227e-06
5.8035934453498175e-06
5.940062600656213e-06
6.034824390457212e-06
6.053380825265004e-06
6.0847948113418994e-06
6.452386772330978e-06
6.500424835736854e-06
6.633652157415255e-06
6.763944351211047e-06
6.898857852444626e-06
6.99443425462223e-06
7.2068985068053105e-06
7.374849364545789e-06
7.397793367809745e-06
7.3227797003667924e-06
7.4373820187816385e-06
7.2844926549829785e-06
7.228752415457975e-06
7.1746617631751855e-06
7.09142704281103e-06
7.336297443666486e-06
7.245506132084333e-06
7.243400524935376e-06
7.175064841433536e-06
7.102719539287542e-06
6.967891340962451e-06
6.486232136686224e-06
6.128540555149721e-06
5.657732123703134e-06
5.220198195496255e-06
4.601200616708707e-06
3.844902990688013e-06
3.278943252617103e-06
2.752029886085037e-06
2.3423241802965755e-06
2.5586896988740193e-06
2.4470939124389056e-06
2.4642043844246742e-06
2.4553448139469852e-06
2.4645704837987375e-06
2.9677937100716052e-06
2.863493453005699e-06
2.950029205820246e-06
2.9693938211157007e-06
2.91383289322814e-06
3.239474251144285e-06
3.244470703354751e-06
3.285563799303033e-06
3.315124707382008e-06
3.243555687647802e-06
3.3373263782749685e-06
3.3041546732950744e-06
3.3414994648836204e-06
3.3553773754797377e-06
3.306285786502272e-06
3.3313330877123564e-06
3.243305286879857e-06
3.168592940898853e-06
3.1257362541129785e-06
3.102577099842055e-06
3.46218039851345e-06
3.3665770253680757e-06
3.423278682874364e-06
3.4457231978581592e-06
3.511252969132493e-06
3.6864060421141035e-06
3.85815327810825e-06
3.99588713892058e-06
4.12496298310158e-06
4.204082118434305e-06
4.365266932162548e-06
4.343882645138881e-06
4.344791316978848e-06
4.320972298275192e-06
4.263651146321964e-06
4.337500521874774e-06
4.267813810341836e-06
4.243300046342931e-06
4.145848964566988e-06
4.043528349225391e-06
3.8922779407525405e-06
3.7704304054595992e-06
3.6170274141974074e-06
3.450766258632351e-06
3.3281090840627087e-06
3.396319855412106e-06
3.2185002448015183e-06
3.1148789065099464e-06
2.924675052732542e-06
2.7476817745971977e-06
2.6953515581830937e-06
2.5958713440905468e-06
2.5230551216070734e-06
2.4491523006005052e-06
2.375365821572552e-06
2.324109555707885e-06
2.2951412963249737e-06
2.2864474171884824e-06
2.283004407291612e-06
2.29297323795233e-06
2.3145186811115076e-06
2.318661601810319e-06
2.3414945228988915e-06
2.3501680973221437e-06
2.310698188135402e-06
2.399510859933438e-06
2.3691676634624607e-06
2.3566285771863433e-06
2.3323353538050188e-06
2.3044362544940255e-06
2.3446702553925985e-06
2.3872377166486263e-06
2.4225624902426347e-06
2.440259502869942e-06
2.430041021581341e-06
2.356232459982765e-06
2.194446726527559e-06
2.0725463779544355e-06
1.9375167797540203e-06
1.8529473535029593e-06
1.7966214253347192e-06
1.6900682186780107e-06
1.6688711141063542e-06
1.6340706642107524e-06
1.6122832363462393e-06
1.6541287962200164e-06
1.6235472029594528e-06
1.6301229334643157e-06
1.6062028252372492e-06
1.5596591409517363e-06
1.5327439364178226e-06
1.4778204758216835e-06
1.4537899605655008e-06
1.430334507198855e-06
1.4456421636940765e-06
1.5880283997434866e-06
1.5961056661183528e-06
1.655581346085031e-06
1.6761602068307032e-06
1.7141309976693154e-06
1.769333397916709e-06
1.837841216125856e-06
1.8583367017579637e-06
1.85588776462359e-06
1.8306852550570645e-06
1.9250396791482365e-06
1.8564998037373421e-06
1.802372683100362e-06
1.7251452809801121e-06
1.6561294303344412e-06
1.6658133764817653e-06
1.6106410511156872e-06
1.581836663681744e-06
1.5447247385141337e-06
1.5098490190028371e-06
1.420627568628325e-06
1.3722325063907165e-06
1.3529345681774395e-06
1.3324578763050808e-06
1.3117555162794902e-06
1.3700165040002894e-06
1.327482151695053e-06
1.3024425201651097e-06
1.289523219327216e-06
1.2694937141736574e-06
1.3262676519799783e-06
1.3253300538747213e-06
1.3310056919966476e-06
1.3387337006209072e-06
1.3271106890342353e-06
1.2797033103326092e-06
1.2441329050926117e-06
1.214817829870679e-06
1.1700959926032544e-06
1.1336754066078893e-06
1.0712799701573645e-06
1.0074405658824338e-06
9.490882822522594e-07
8.943895260518505e-07
8.482902312830035e-07
8.67837429785548e-07
8.549484808347373e-07
8.397416790781104e-07
8.309373210160547e-07
8.138030486013078e-07
8.689339089682742e-07
8.931108271695174e-07
9.215721675704072e-07
9.59622099873889e-07
9.943088397961474e-07
1.0650906473000017e-06
1.089442078936924e-06
1.1170583357917901e-06
1.1173530752656952e-06
1.1313684007138087e-06
1.1074789893548317e-06
1.092853757475419e-06
1.0572359500499963e-06
1.0352989378338357e-06
1.017169230570399e-06
1.0426795976120819e-06
1.0423436277877626e-06
1.0672255741554544e-06
1.0756973789338965e-06
1.0641361932810485e-06
1.069190374739744e-06
1.0794965552880677e-06
1.0656565390407548e-06
1.0714591817475964e-06
1.0625526705848824e-06
1.0559371432291452e-06
1.0486859122776872e-06
1.0196848822065619e-06
1.011042289884054e-06
9.902132063431823e-07
9.679927205701228e-07
9.514479714123552e-07
9.215838604707445e-07
9.135027791250404e-07
8.780412890935863e-07
8.843384831630374e-07
8.510419810931419e-07
8.389527823579092e-07
8.148883568035624e-07
7.921880026338659e-07
7.706529230555118e-07
7.522439132113918e-07
7.204485774592379e-07
6.974554623397495e-07
6.675404596222901e-07
6.377508095594271e-07
6.243940701582728e-07
5.952861113060809e-07
5.82319692732844e-07
5.476273787458898e-07
5.41727961503747e-07
5.270321550263238e-07
5.207351106202932e-07
5.106226304037828e-07
5.079088695213319e-07
4.879000768230087e-07
4.7195817479059916e-07
4.6471991869977274e-07
4.4161064923712456e-07
4.301924173022081e-07
4.201120902886379e-07
4.142577857613073e-07
3.92658128252382e-07
3.843129676887049e-07
3.636337456969261e-07
3.4965129462192393e-07
3.606017831043012e-07
3.2695223552637037e-07
3.0653083902382016e-07
2.861821845327069e-07
2.9372104429570946e-07
2.6497941586798317e-07
2.538711692397373e-07
2.3093869800150096e-07
2.089732605029866e-07
