1.6710065866609527
1.6709550408765146
1.6709005787405913
1.6708550674323697
1.6708257250257803
1.6708319571149726
1.6708880708793392
1.6710091597899013
1.6714144536010391
1.671954519461159
1.6725846968378992
1.6732806065305506
1.674017447070675
1.6747654267421825
1.6755070723978056
1.6762181088436625
1.676883053623192
1.6775463509345505
1.6781450433640248
1.6786736476715916
1.6791283738484033
1.67950300644636
1.6798028206918272
1.6800245424498297
1.6801754022751172
1.6802476703801599
1.6803712263327053
1.6804347869860266
1.68041968519446
1.6803298898585985
1.680169016255818
1.6799422688878398
1.6796517070898778
1.679303515107982
1.6789062027808999
1.6786069064894402
1.6782520164677592
1.6778266493386298
1.677348195043857
1.676818165842733
1.6762371982570519
1.67561554736015
1.674966008072128
1.6742958275888282
1.6738374507723197
1.6734020677855606
1.6729003742049222
1.6723721859246712
1.6718144909070407
1.6712147147264087
1.6705741491475898
1.6698982441284234
1.6691820884664448
1.6687289931167115
1.668223347276572
1.6676702556011922
1.6670646279963617
1.6664314968256784
1.665788593173345
1.6651033878635315
1.6643808586630733
1.6636313126487214
1.66317126548254
1.662820664702485
1.6623164437559026
1.661760541816004
1.6611364946017624
1.6604497167086951
1.659710895878547
1.6589475523182642
1.6581770926107424
1.6578428354637926
1.6575968863550496
1.6572305118993131
1.6568093133638888
1.6563251158120202
1.6557804362089676
1.6552002216327282
1.65457013994227
1.65393192283765
1.653808932682254
1.6536059487945591
1.6532794068741825
1.6528897806517608
1.6524204893586205
1.6519137722481423
1.651356582703701
1.6507911786999074
1.6502372362486664
1.6502962559638348
1.650315272572444
1.650209148164434
1.6500694025088911
1.6498483588754136
1.6495599229770355
1.649197648470497
1.648795033875274
1.6483602541281226
1.6487030523158677
1.6493406224980118
1.6497106392728986
1.6500121488296786
1.650182676346324
1.650272340633581
1.6503048531683175
1.6502312059327224
1.6501254725903898
1.6507700777944454
1.6515638267111103
1.6521053278654698
1.652557202175031
1.6529230940390807
1.6532201541837168
1.6534545751755367
1.6536414608862433
1.6538044978310669
1.6550232498529593
1.6561390871175845
1.6570650245535994
1.657868082081457
1.6585639314501472
1.6591362623087509
1.659594119091114
1.6599779001297472
1.660362315610037
1.6619601246803912
1.6634329341834135
1.6647670464197288
1.665903870182304
1.6668902834290928
1.6677229475408861
1.6684082984602595
1.6690351413780633
1.6696315061347056
1.6716938138635211
1.6738982885268587
1.6757016462933099
1.677304770112624
1.678724947999914
1.6799449460236175
1.6810413714536832
1.6819992140245539
1.6829398060227707
1.685463542128457
1.6879836504759484
1.690191526162593
1.6921701770385937
1.6938892247893438
1.6953623005498484
1.6966510096450442
1.6978564092702335
1.6990494341629117
1.7020452135824333
1.7050948851804548
1.7078175925903736
1.7103022034071376
1.712479503166201
1.7144205202112062
1.716140764040489
1.71771098425939
1.7191797229351267
1.722839802291838
1.7260269168342093
1.7289331879767174
1.7315270142844479
1.7338475480880984
1.7359366375753744
1.7378431659558924
1.7395306725956885
1.7409954839735626
1.7440660359825688
1.7466945256862587
1.749111415576542
1.7512287491582936
1.7530199256449357
1.754568425077674
1.7559504012566822
1.7571202908703238
1.7582052526677003
1.7612665272675618
1.7644126173563137
1.767166343762905
1.7695588003689264
1.7716307744924267
1.7735070909692652
1.7750837263293768
1.776444618244016
1.7776225163834887
1.7804714714426868
1.7828234153086868
1.785030219724993
1.7869209265866883
1.7885558348929365
1.789977624886075
1.7911802433686577
1.7922353676869387
1.793144329128329
1.7963286562876837
1.798922719730984
1.801208519414031
1.8031685780292845
1.8047716436047747
1.8060973687304018
1.8071838240658422
1.80810803290836
1.8089135741192937
1.8124825434938252
1.8151158840760189
1.8173523637207671
1.819139816762932
1.8205524707962137
1.8216241488413936
1.8223826207218081
1.822868702877418
1.8231899674912928
1.8256309911261706
1.827417915813644
1.8289675093982236
1.8301894065866244
1.8310857207976117
1.8316588857909828
1.8319360057463692
1.8320386646468372
1.8320386688071106
1.8345480831724472
1.8361072329044725
1.8374770818872224
1.8385139842090676
1.8392467622424524
1.8397193817541202
1.8398736488431247
1.8397921324508495
1.8394863232517602
1.8409107591786276
1.8416562801286982
1.8421650898565751
1.8424829139245473
1.8425221203387965
1.8423068345233713
1.8418527032656211
1.8412003890754025
1.8403806072494457
1.8410536187986304
1.8411072946429259
1.8410080180445358
1.8408166704408666
1.8404521681080517
1.839962491476432
1.8393472536406053
1.838627825923787
1.837737614833524
1.838635559871589
1.8388327651398664
1.8389334603914038
1.83884364841445
1.838590857736497
1.8381527060879508
1.837531385932765
1.8367923799704613
1.8358996685560296
1.8365618633950014
1.8365594712379352
1.8364920581716684
1.8363002154954933
1.8359531613483064
1.8354681899856302
1.8348193995467763
1.8340048555047268
1.8330554312465936
1.833425570749539
1.833270712901746
1.833009060841965
1.8326005303383095
1.8320345002134053
1.831317344005732
1.8304704330385064
1.8295223775102425
1.8284605093891706
1.8286433201123182
1.8283556039411966
1.8280507224830214
1.8275874469448683
1.826997474447935
1.826273179211521
1.8253994220016014
1.824429649847448
1.8233498551093348
1.82342229794585
1.8229399350744444
1.8224126370926494
1.8217416474362202
1.8209073795391244
1.8199307720561706
1.8188721031851587
1.8177002249609469
1.8164581754093643
1.8162005962570056
1.815466624225224
1.8147236368815072
1.813875136689935
1.8129448746499712
1.8119324971383979
1.810819457657472
1.8096416718453747
1.8083867420880921
1.8083758546532358
1.8078542146429368
1.8073120312037794
1.8066901494117176
1.8059614858884867
1.8051546882750589
1.8042467835430511
1.8032597628963807
1.8021960892167581
1.8021277026465727
1.8016057381349675
1.8011084440431944
1.8005313351108683
1.7998636736729658
1.7990958702998565
1.7982388623496746
1.7972912020473604
1.7962678538954668
1.7961799681249853
1.7956692488317287
1.795174817007889
1.7945688482606597
1.7938518626241862
1.7930233775067812
1.7920869249803566
1.7910519363841646
1.7899402198701038
1.7894461125475702
1.788645821601363
1.7878243091017723
1.786926913219764
1.7859787287230315
1.7849505671350936
1.7838545223700215
1.7827064658699179
1.7815231552150657
1.781114986655175
1.7803613240505325
1.7796189066642383
1.7788232544226033
1.7779714260125037
1.7770532703674327
1.7760751319039567
1.7750396066325271
1.7739636351854469
1.7735520468810198
1.7728204378843924
1.7720948196811142
1.7713017717704764
1.7704535586377521
1.7695401498643555
1.768568081239418
1.7675443087396623
1.76648833988593
1.7659614121684462
1.7651675696456353
1.7643792478053062
1.7635430953044695
1.7626711602941931
1.7617560083663424
1.7608007222833286
1.7598174874852326
1.758804236316296
1.7581828121542813
1.7573573265938238
1.7565355270353855
1.7556770380279587
1.754788724022256
1.753865709178135
1.752910252523921
1.751933283097203
1.7509299333783843
1.7502133762500456
1.7493367026886413
1.7484613728954674
1.7475647591448127
1.746641615332224
1.7456936929327014
1.7447246363455307
1.743744459348207
1.742752679349043
1.7419779948841285
1.7410963747579384
1.7402282297565101
1.739349351250332
1.7384597558804964
1.737560537798844
1.7366519216601262
1.7357359210365508
1.7348150320920144
1.734053360961541
1.7332142754681275
1.7323849790974564
1.731552637406833
1.7307181032522554
1.7298841556961928
1.7290511442015912
1.728221872792559
1.7273983800029447
1.7266490191207484
1.725875532814504
1.725115945980883
1.7243640431717868
1.72362034442136
1.7228866511278802
1.7221647272471665
1.7214562992925806
1.7207639882362118
1.7201147318467644
1.7194593057722225
1.718811205938713
1.718167507674206
1.7175276118993663
1.716891281478624
1.7162582210325839
1.715628538728349
1.7150024092973917
1.7144046654101974
1.7137989629204506
1.713199055691214
1.7126015697409553
1.7120073620859462
1.7114158586084904
1.7108269220195738
1.7102406272041126
1.7096574733948866
1.7091026468855997
1.708539720324472
1.707982048188344
1.7074271925571451
1.7068744836268956
1.706323684262026
1.705775044078926
1.7052288418158972
1.7046849401839255
1.7041722946841962
1.703650916771106
1.7031342233255933
1.7026197389851276
1.7021068313881893
1.7015951885142913
1.7010852263907494
1.7005771488709482
1.7000708269864206
1.6995921667581262
1.6991043040056042
1.6986209593097328
1.698138825253351
1.6976583657069149
1.6971790335945052
1.6967007269894292
1.6962239284833736
1.6957488128078104
1.695304793093973
1.6948503165335513
1.69440019369899
1.6939510922114893
1.693502791576572
1.6930559553578062
1.692610076001867
1.6921655799367532
1.6917222321070315
1.6913066062575035
1.6908801824189919
1.6904570867990074
1.6900349085192543
1.6896132315524168
1.6891919955745343
1.6887716103725126
1.68835156631289
1.6879323147853045
1.6875401445558467
1.6871374592359796
1.6867388801057202
1.686340282254232
1.6859421025101957
1.6855440246928521
1.685145967676874
1.6847481789985153
1.684351374224758
1.683988560962846
1.6836123329001325
1.683239331129254
1.6828666829815937
1.6824940972380311
1.6821209519377287
1.6817481311387326
1.6813750191206154
1.6810020111093271
1.6806612181732448
1.680306800342567
1.6799555027167583
1.6796041676484912
1.6792524789570056
1.6789003409560188
1.6785482882406317
1.6781967014758383
1.6778451999966453
1.6775263025781977
1.677192748517412
1.676862013041691
1.6765309863468492
1.6761986470858252
1.6758658377139344
1.67553169289436
1.6751969219536749
1.6748618077904542
1.674563010731774
1.6742486459309334
1.673937276526767
1.6736244655879513
1.6733107934725915
1.672995931519108
1.6726799421315988
1.6723630229230384
1.6720460225891518
1.6717585830761952
1.6714580470233347
1.6711596098282826
1.6708596499732546
1.6705584586773714
1.6702560213796769
1.6699524441671372
1.6696478497678102
1.669342429554261
1.6690685400509828
1.6687789434363935
1.6684916828151828
1.668203548536609
1.6679140954514438
1.667623675102769
1.6673323873371402
1.6670399679772128
1.6667467664859312
1.666491591971458
1.6662189297487622
1.6659498120787972
1.6656794338460654
1.6654071793301386
1.6651328571584518
1.6648572598630424
1.6645803333603586
1.664301782271006
1.664063508866241
1.6638073733286685
1.6635535176207872
1.663297355041439
1.6630392704158916
1.662779617367363
1.662517505597398
1.6622538170839054
1.6619883417330914
1.6617646438453386
1.6615207457512629
1.6612790921245562
1.6610354249256407
1.6607893593292495
1.6605408121299188
1.6602908462774408
1.6600389979013588
1.6597859971296114
1.6595687871878495
1.6593336839112318
1.659100544283545
1.6588656469404484
1.6586290709271327
1.6583903253313643
1.6581495890448892
1.6579069577539904
1.6576623773751165
1.6574520568457063
1.657223597525323
1.656996571419043
1.656767271723482
1.6565352408085918
1.6563007282907627
1.6560643519705582
1.6558259350363695
1.6555860412052092
1.6553853038650204
1.6551664194133124
1.6549502453795675
1.654731783195585
1.654510623074459
1.654287045834628
1.6540610868384134
1.6538335635794912
1.6536042118805154
1.6534157702276475
1.6532069037137063
1.6530004043951922
1.6527913985120997
1.652579690531591
1.6523663538041404
1.6521508391736912
1.6519332048840674
1.6517138066386243
1.6515311165633986
1.6513297905445576
1.6511303616102773
1.6509288546195542
1.650725007475179
1.650518458233387
1.650309664524226
1.6500990881380162
1.6498864357755003
1.649720336869632
1.6495315083113606
1.6493456169059388
1.6491564555258147
1.6489643195503814
1.6487691819378645
1.6485716230463687
1.6483718488094166
1.6481699133105578
1.6480084156668033
1.64782582751827
1.6476454151925986
1.6474619929092968
1.6472754545813995
1.647085357139814
1.6468924931165783
1.6466974491102075
1.6464999318214435
1.6463427109384963
1.6461649383061445
1.645989834489024
1.6458124383613928
1.645632404620579
1.6454499953637916
1.6452650212986015
1.6450765214019096
1.6448854442159953
1.6447395455164504
1.6445715661671148
1.6444054943030217
1.6442360006142558
1.6440629394912563
1.643886173645009
1.643705923569991
1.6435225387291477
1.6433375064201334
1.6431985761781294
1.643035547553853
1.6428748819647299
1.6427109776029531
1.6425448745368119
1.642374871214584
1.6422026712681286
1.6420276797783835
1.6418500277939527
1.6417143592061052
1.6415579038134194
1.6414030626067193
1.641244832857531
1.6410837013178146
1.6409202233840368
1.6407542804884123
1.6405866131595632
1.6404160627614148
1.6402911568002292
1.6401424353553462
1.6399957774059493
1.639847397103465
1.6396944571415981
1.6395379164633124
1.6393779602007637
1.6392137063760412
1.639046594443659
1.6389251227879662
1.6387779219229224
1.6386324392506928
1.6384848057172405
1.6383338793275826
1.6381799325796118
1.638023581193755
1.6378639577530585
1.6377016010128969
1.6375811985474058
1.637438432533549
1.6372968105948111
1.6371517397896245
1.6370036403055783
1.6368524434981655
1.6366982159317562
1.6365415774870513
1.6363821932620617
1.6362671741900379
1.6361287473410862
1.6359916850617304
1.6358515212987346
1.6357080625993972
1.6355609761418652
1.6354106529918155
1.6352570931492483
1.6351011473900243
1.6349947900067177
1.634863751802896
1.6347354676999055
1.6346038324968852
1.6344684343267932
1.6343295332067012
1.6341867089490203
1.6340403900618863
1.6338918807909337
1.633787268642217
1.6336599663636922
1.6335354077853157
1.633406674372824
1.6332738867741388
1.6331377314343316
1.6329977070404869
1.6328548349396648
1.632708952881212
1.6326084802042888
1.6324843002107696
1.6323612455711398
1.632235183054016
1.6321062665895052
1.6319738700564972
1.631837991374855
1.6316996414909568
1.6315581547610964
1.6314715316335189
1.6313578958523207
1.631246188357732
1.6311315353897464
1.6310121168288572
1.6308885546359022
1.6307609548978466
1.630630800752071
1.6304974515165096
1.6304196835303504
1.6303141207592173
1.630211890366884
1.6301056182691773
1.6299952795044577
1.629879919290035
1.629759986935411
1.6296355739665949
1.6295068779965616
1.6294295655603135
1.6293260350826184
1.6292236902827735
1.6291173953035643
1.6290064761807386
1.6288921622750159
1.6287735861694415
1.6286518919391346
1.6285262038465949
1.628454605545531
1.6283537958864815
1.6282538266026105
1.6281485820923738
1.6280380041119473
1.627922177946931
1.6278023932820043
1.6276778097419884
1.627549504837632
1.6274742371756419
1.6273699058453637
1.627267731616718
1.627162206288043
1.6270526018115359
1.6269379010004092
1.6268192125674596
1.626696291056571
1.626569714745712
1.6264890532895713
1.6263821425899347
1.6262752506115268
1.6261644500564865
1.6260505292965768
1.6259324087409137
1.6258111326180593
1.6256872064012027
1.6255602577458959
1.6254868663671005
1.6253847795041914
1.6252848414223688
1.6251808054714847
1.6250721578578038
1.624959252204545
1.6248435321264945
1.624724331979947
1.6246023777325673
1.62453221056547
1.6244345252715628
1.6243384271218657
1.6242382227825611
1.6241345217336665
1.6240263109486675
1.6239145660116199
1.623798288456966
1.6236791111919204
1.6236087900947156
1.623510549404342
1.6234123087139682
1.623309782942241
1.6232020547489288
1.623089918746204
1.6229734747806237
1.622853675554741
1.6227295746064112
1.6226631496050203
1.6225666957519682
1.6224728628710066
1.622374541055306
1.6222724021889825
1.6221662008159194
1.6220557164416392
1.6219417623995447
1.6218245987067075
1.621758075938897
1.6216651104748887
1.6215738673639681
1.621478197722407
1.621379023050709
1.6212756631442133
1.6211682344905682
1.6210563626651897
1.6209414642410878
1.6208751578074814
1.6207823795557654
1.6206909949955577
1.6205951381417039
1.6204956410488363
1.62039164878082
1.620283839462181
1.6201727622489759
1.6200585731514476
1.6199992850986602
1.6199095355258037
1.6198227064647053
1.6197329360904826
1.6196393174635884
1.6195412764663264
1.61943920624451
1.6193342529533945
1.619225906959518
1.619175640459076
1.6190958006568839
1.6190180721933203
1.6189368199783907
1.6188498286666384
1.6187587228447322
1.6186623064341383
1.618561473893587
1.6184578331686528
1.6184092973418451
1.6183308387503417
1.6182544041317304
1.6181730437496988
1.6180879911252388
1.6179975301456722
1.6179017232150965
1.6178020929934878
1.6176984481082803
1.6176631211487518
1.6175949675538632
1.6175289190571929
1.6174578511909565
1.6173818013976122
1.6173001601971422
1.6172138657311443
1.61712303240713
1.6170268676930626
1.6169841188062186
1.6169122729689012
1.6168411468588406
1.6167649244141604
1.6166838074081087
1.6165985301288979
1.6165087659950856
1.616415357461986
1.6163182712474136
1.6162680109873815
1.6161903761299634
1.6161146966009305
1.6160358594245698
1.6159530970304836
1.6158663990179891
1.6157752370323955
1.6156799376551447
1.615581617919581
1.6155451884876655
1.6154763858901642
1.6154099816901386
1.6153391239176969
1.6152639873043106
1.6151845864109369
1.6151002722349628
1.6150113900790597
1.6149188676841428
1.6148879714155286
1.6148234663802004
1.6147599826919323
1.6146914193101374
1.6146187122962765
1.6145408007806934
1.6144579614215537
1.614370589444808
1.6142796957968326
1.6142432476436879
1.6141766603916434
1.614113336873892
1.6140443283428692
1.6139718355830759
1.6138935371620893
1.6138108246912808
1.613724030992504
1.6136334909677474
1.613602249396461
1.613540475580461
1.613481395541332
1.613416636729341
1.613346748300545
1.6132727932047362
1.6131933902312259
1.613108890923096
1.6130203623904116
1.6129938822517556
1.6129348833379529
1.6128784138702308
1.612817551154053
1.6127518105175966
1.6126797462659386
1.61260268344608
1.6125198940102183
1.6124317919055329
1.6123987177339199
1.6123342210191378
1.6122710056684888
1.6122038110165633
1.6121304778815915
1.6120529345501833
1.6119700265465366
1.6118836135127534
1.6117935144769515
1.6117643759237472
1.6117043743841133
1.6116475845753577
1.6115863245530935
1.611520925059036
1.6114508473378113
1.6113760601873708
1.6112968485864256
1.6112125240097683
1.6111902166250907
1.611134437762713
1.6110808846464753
1.6110214842663126
1.610956170057855
1.6108850293868384
1.6108097617248476
1.6107297347103637
1.6106466561355177
1.6106240304899433
1.610570198635404
1.6105178291168798
1.6104600970062541
1.6103982087827429
1.610332091641565
1.610260370612443
1.610184200171177
1.6101051341797925
1.6100940553723706
1.610047657925966
1.610003831528374
1.6099542077901348
1.609898899038624
1.6098378345491982
1.6097706856602771
1.6096987046140825
1.6096211155196694
1.609609435552776
1.6095632482001658
1.6095188851273363
1.6094691573822681
1.6094150717510665
1.6093556339284454
1.609291332746502
1.6092219913936263
1.609148419042948
1.6091348669531331
1.6090869094042943
1.6090400917703007
1.6089893863610403
1.6089339819232473
1.6088737453281796
1.6088085767292826
1.6087391646517633
1.6086652095559544
1.6086505258718402
1.6086041034637966
1.6085586191973509
1.6085080718784706
1.6084515316861048
1.6083894936927596
1.608323368231036
1.6082525062983208
1.6081770264623991
1.608159528353493
1.6081106347431933
1.6080623069300433
1.6080099249306998
1.6079523155481323
1.6078898074439198
1.607822190524269
1.607750744073175
1.6076751331886492
1.6076554114137391
1.6076051636345265
1.6075554421298683
1.607501574913007
1.6074434725380702
1.6073813638200811
1.6073144146242722
1.6072437815065808
1.607169356299905
1.6071597606298642
1.6071164105835487
1.6070758125579276
1.6070296480868203
1.6069784434447805
1.606921641155206
1.6068597529316946
1.6067932280837474
1.6067220832524576
1.6067151085545064
1.6066733206907624
1.6066335047964955
1.6065883991149068
1.6065384924780932
1.6064835435902107
1.6064245987599592
1.6063608321731164
1.6062932610164697
1.6062859638973492
1.6062473170398401
1.606210319730638
1.6061675770842037
1.6061195425703112
1.606065621269899
1.6060070030210902
1.6059429909781315
1.60587593985563
1.6058759356953567
1.6058401157434588
1.6058076718532293
1.6057697072805182
1.605725910004838
1.6056769331890752
1.60562300148798
1.605563796640656
1.6054997908381063
1.6054939747762305
1.605455263434487
1.6054181995609147
1.6053759166246646
1.6053291426735392
1.6052772391056092
1.6052201351962303
1.6051594430512524
1.6050943722187743
1.6050950524234358
1.6050621675442514
1.6050323300651559
1.6049977581952055
1.6049573848243355
1.6049108625697361
1.6048581040656718
1.6047997707955748
1.6047367280962614
1.6047383110801985
1.6047060127995298
1.6046757572129817
1.6046404676959114
1.6046002357743288
1.604554087944314
1.6045030517933372
1.6044469941926582
1.6043863686120503
1.6043969315456008
1.604368256862853
1.6043434512341435
1.604312080694389
1.6042764437945098
1.6042338113953143
1.604186760786024
1.604133852512126
1.6040757646981454
1.6040789972303895
1.6040487874068463
1.6040204725877272
1.60398646443479
1.603948177440909
1.6039057135327761
1.6038581345687948
1.603806915365799
1.6037519831190092
1.603763265779816
1.6037403842774427
1.603718351470793
1.6036905816474576
1.6036564341253694
1.6036159255456213
1.6035688229329168
1.6035160623487157
1.6034584592065582
1.6034642794287073
1.6034363203129434
1.6034094199866977
1.603376749361581
1.6033373203727177
1.6032921252452563
1.603240820756661
1.6031849274867718
1.6031242478226126
1.6031300389228502
1.6031014474455656
1.6030746927288808
1.6030424131694412
1.6030042884262132
1.6029609238189417
1.6029108112486066
1.6028557188313
1.6027952867033946
1.6027900156373018
1.602754464023023
1.6027201563304179
1.602680375798473
1.602635831753761
1.6025860395244589
1.602531687635775
1.6024734916546919
1.6024104926382468
1.602405679202202
1.6023701130269667
1.602335514115241
1.6022976743507245
1.6022549837077047
1.6022075711546495
1.6021557008689047
1.6020989110601491
1.6020394191539775
1.6020373993413586
1.602003780173962
1.6019715234960248
1.6019349484545486
1.601892453344367
1.6018440943291683
1.601790564094433
1.6017320456921802
1.601669637434524
1.6016647907162938
1.6016279327762426
1.6015927535064114
1.6015531019429343
1.601509206900835
1.601460926930826
1.6014072968495352
1.6013480233577038
1.6012842130879932
1.601288560573444
1.6012568551317006
1.6012276666552177
1.6011937333871973
1.6011542211928707
1.6011092611208426
1.6010596540236965
1.6010047425782723
1.6009458102288405
1.6009450572193986
1.6009139529371261
1.6008851513660474
1.6008520751142976
1.600814066858718
1.6007708208192317
1.6007225408492227
1.600669954996495
1.6006123768159757
1.6006224134749718
1.600596463771143
1.6005740627803196
1.6005471499732546
1.600515571419842
1.6004789131729025
1.6004376973467176
1.6003919801049744
1.6003426288646274
1.6003578429835692
1.6003403615157559
1.600323578973833
1.6003011551015067
1.6002730711775477
1.6002405003989868
1.6002020927571843
1.6001594208353935
1.6001114549660083
1.600122030380378
1.60009980204089
1.600078763539526
1.6000510914826096
1.6000182482061565
1.5999796096691938
1.599935246596364
1.5998863862682497
1.5998329496396604
1.599843749708781
1.599821363278913
1.599801905681349
1.5997780485949196
1.5997476390782648
1.5997126470207252
1.5996714249541304
1.5996254643364078
1.5995748670942496
1.5996024413847465
1.5995877244184473
1.599574840052474
1.5995561271438052
1.5995307473973996
1.5994998448883757
1.599464328636418
1.5994231523328282
1.5993772582794759
1.5993868705906096
1.5993657925666502
1.5993458627780825
1.5993203707043018
1.5992899050239593
1.5992532634181125
1.5992119394248252
1.5991653922085873
1.599114917694487
1.5991159827244157
1.5990869003348986
1.5990581528473709
1.5990251577209478
1.5989880917672388
1.5989455425735066
1.5988984566018942
1.5988464448668622
1.5987907055270796
1.5988038998334027
1.598779474869687
1.5987590167264283
1.5987326447548742
1.5987006688953749
1.5986633117225448
1.5986208478144122
1.5985732938120698
1.5985218561947334
1.598534746801116
1.598513398359401
1.5984954821430426
1.5984722511777234
1.5984434995299222
1.5984083098594077
1.59836819650561
1.598323203151397
1.5982735731727482
1.5982921155102172
1.5982750396690368
1.5982624069995897
1.598244954653688
1.5982224080533036
1.5981945550245051
1.5981621381760511
1.598124048795145
1.5980811959014722
1.5981029915725513
1.5980889194485914
1.5980768692173868
1.5980602718076193
1.5980381308338678
1.5980097681716072
1.5979767460034087
1.5979386066992245
1.597895612356264
1.5979247571498787
1.597917391386251
1.5979121723235732
1.5979021731070358
1.5978866012046022
1.5978642626178754
1.5978368256163928
1.597804323482339
1.597767188884123
1.5977797737104282
1.5977649756188024
1.5977498696669625
1.597729607056542
1.5977041524252196
1.5976730647840398
1.5976361985234426
1.5975940403953872
1.5975465217553664
1.597562875789154
1.597546003801358
1.597529456314869
1.5975085530223818
1.5974830068650496
1.5974516696074808
1.597415585478237
1.5973753701977467
1.5973316665282127
1.59735343307738
1.5973407421641088
1.597329929614169
1.5973133051626263
1.5972913576415764
1.5972645301201112
1.5972318345333558
1.5971942277441364
1.5971518865640615
1.597170156403639
1.5971554227962468
1.5971425280295908
1.5971232742854118
1.5970988763634713
1.597069215695985
1.5970350598533507
1.596996192501364
1.5969530504687064
1.5969696728401128
1.5969531752769008
1.596938129649022
1.5969177255893143
1.5968919110943638
1.5968601661300248
1.596822648786678
1.596780132875131
1.596732712001529
1.5967478221136424
1.5967293588213634
1.5967137016333297
1.596692582006639
1.5966669339226145
1.5966355217801282
1.596599356525558
1.5965573315262438
1.5965110235257123
1.5965372519678425
1.596527477406056
1.596521149630581
1.5965096215136576
1.5964930324244369
1.5964705191062378
1.5964414117550814
1.596406623550927
1.5963670884750982
1.5963854706420506
1.596371564929017
1.5963601512196055
1.596342259964886
1.5963190165187473
1.5962900090141472
1.5962560715858534
1.5962170919064913
1.59617324678767
1.5961931183324134
1.5961785844181329
1.5961660016719639
1.5961481686610683
1.5961249522567051
1.5960966145560835
1.596063093155106
1.596025407320696
1.5959844535917203
1.5960218939700137
1.596020675009978
1.5960235705600965
1.5960207561353046
1.59601283497521
1.595999368170995
1.5959795860721246
1.5959541085592992
1.5959238321713858
1.5959510653194837
1.5959468613634566
1.5959455737589139
1.5959383286432078
1.5959246871075201
1.5959056413769985
1.5958808586297912
1.5958519218498344
1.595817628718186
1.5958388107489743
1.5958290174659584
1.595819057772016
1.5958030656819933
1.5957817567628734
1.595754307280571
1.5957219070732098
1.5956846247852967
1.5956435233666237
1.5956526239641586
1.5956334118227111
1.595615447763211
1.595592867880641
1.5955653102312366
1.5955337524791897
1.5954980178128917
1.5954579959851032
1.595415367746181
1.5954359985407758
1.595424353936204
1.5954153594256348
1.5954014412317818
1.5953814552795265
1.5953564790796169
1.5953267268861213
1.5952907842061652
1.595250321389422
1.5952796034720507
1.5952732840171227
1.5952709189018315
1.5952633368039997
1.595250953750942
1.5952321971594055
1.5952074185724712
1.59517708602087
1.5951416051312342
1.5951804662428115
1.5951806056119622
1.595182937445068
1.595179835961428
1.5951694331983939
1.5951529689173676
1.5951313646188536
1.59510331397708
1.5950704998225393
1.5950946730897286
1.5950853457573066
1.5950765280583468
1.5950624829761624
1.595042397177351
1.5950167449330535
1.594985572006274
1.594949935106395
1.5949094244465105
1.5949257909611176
1.5949112612071101
1.5948984558863273
1.5948809536171478
1.594858446539358
1.5948315628542058
1.5948002505582755
1.5947642225927197
1.594725398923601
1.594744642267097
1.594733915002757
1.5947248809695926
1.5947117116249079
1.5946937766873202
1.5946710241534146
1.5946431503232497
1.5946113512753601
1.594575685253569
1.594588103668948
1.594573940018979
1.594560579301729
1.594542165932728
1.5945193218728126
1.594490018988818
1.5944560607591587
1.5944179692981162
1.5943757071632316
1.59439426822193
1.5943813817758201
1.5943713201551855
1.5943562079629359
1.5943361970490415
1.5943114767059317
1.5942816205056067
1.5942478765300152
1.5942094314457542
1.594229637892487
1.5942191519239899
1.5942113971748217
1.5941989933203982
1.5941814016053462
1.5941587301967666
1.5941320940478672
1.5941001348294608
1.59406383020574
1.59408322331907
1.5940734029942785
1.5940648598733465
1.5940510290452299
1.5940324846276244
1.5940080991865038
1.5939797448447892
1.5939464252170596
1.5939097232872523
1.5939266181565503
1.5939157265614206
1.5939063097831252
1.593893032271339
1.5938749787659656
1.5938519183718463
1.5938236888383266
1.5937908684433761
1.593753862813628
1.593770770163746
1.5937582123792158
1.5937478428983674
1.593732822232127
1.593713185742817
1.5936890894406808
1.593660188023046
1.5936258907311245
1.5935879011967742
1.593611970457135
1.5936026036021176
1.5935948176509005
1.5935823867547023
1.5935638506576426
1.593540449121124
1.5935118451630201
1.5934774085019476
1.5934390611841056
1.5934434981154295
1.5934246728793857
1.5934072725368988
1.5933854061411754
1.5933591485771335
1.59332806301609
1.5932929752722682
1.593254906692728
1.5932130065016086
1.5932248965622964
1.5932093641824576
1.5931956602426725
1.5931773841626855
1.5931554408019089
1.5931285612770294
1.5930968849571976
1.5930604534451456
1.5930197888551543
1.5930279013878137
1.5930090823921796
1.5929918651017116
1.5929712322269802
1.5929464661208652
1.592916886578706
1.5928838935324194
1.592847031432095
1.5928062690756846
1.592829889026544
1.5928210338851254
1.5928138740550188
1.5928025435510706
1.592786561861731
1.5927652612631575
1.5927390390614373
1.592707982622306
1.5926729843243568
1.5926888682472775
1.5926775668652413
1.5926682312122729
1.5926539822767039
1.5926352527269427
1.5926113145151863
1.592582065714743
1.5925493493266216
1.5925115074819685
1.5925285874834223
1.592516944958987
1.5925075240204187
1.5924935330217853
1.5924751258931942
1.5924517285169486
1.5924229331862794
1.5923896301996425
1.5923524685596506
1.5923620475885993
1.592346937476486
1.5923324472450737
1.5923137176953126
1.592290771708705
1.592262999805233
1.5922315418997417
1.5921962419819888
1.5921574079121872
1.5921664731474003
1.5921509220463321
1.592137455242117
1.5921204501255801
1.5920986357332716
1.592073008450613
1.5920436951659356
1.59201060435323
1.591974374614426
1.5919779586897522
1.5919583970853592
1.5919391599822728
1.5919160871073335
1.5918886417853042
1.5918568489778242
1.59182094166019
1.591781258894664
1.5917394065466859
1.5917375905874518
1.5917135504490034
1.5916907001486784
1.5916641513655148
1.591634259802868
1.5916005387087793
1.5915644337781698
1.5915252294440567
1.5914831898837865
1.5914898733626162
1.5914707361060856
1.5914523518589965
1.5914302712092059
1.5914044629546646
1.5913742780927607
1.5913401368110822
1.5913026465095108
1.5912622336160454
1.5912729005564248
1.5912572745704399
1.5912426512102866
1.591223667883863
1.5912007572595768
1.591173401383421
1.5911422409374607
1.5911075088969937
1.5910697107352085
1.5910854906513006
1.5910721299340507
1.5910618457388022
1.5910478817819442
1.5910302276627946
1.5910077434665073
1.5909811177182906
1.590950880852972
1.590917815001905
1.5909332704166903
1.590922611796857
1.5909138273800822
1.5909008722894658
1.5908842415975128
1.5908631240509585
1.5908383933071655
1.5908096478997742
1.590776823344551
1.5907964265516752
1.5907877336609098
1.5907811271471335
1.590769016591968
1.5907521862069036
1.5907301242783423
1.5907033009171505
1.5906721092691418
1.5906371463335145
1.5906397631453315
1.590621075198302
1.590602926006646
1.590581922867604
1.5905564703164174
1.5905268886941215
1.5904942118285952
1.5904581755424931
1.5904190148912487
1.590429571584389
1.590414669485934
1.5904023488369738
1.5903865481195165
1.5903668533863826
1.5903435017731418
1.5903159233223718
1.5902853037119222
1.5902516471020667
1.5902652969583013
1.5902531135983553
1.5902424841004343
1.590227950186154
1.5902103959135603
1.590188673047261
1.5901633973076843
1.5901343814825377
1.5901016796553724
1.5901083797752946
1.590092951402285
1.5900776852799285
1.5900582692850957
1.5900348511074849
1.59000706256292
1.589975550573878
1.5899398283883992
1.589901225213758
1.5899027915566026
1.5898830240186879
1.589864388075073
1.5898425820033104
1.5898175995629915
1.5897883986056893
1.5897563728229123
1.5897211914729443
1.5896828670366048
1.5896854942491048
1.5896653689276985
1.5896463398382703
1.5896237973981584
1.5895978976176082
1.5895679124488151
1.589534180954043
1.5894971774044315
1.5894575695238224
1.589457902345675
1.589436886725813
1.5894172439960934
1.5893946994758454
1.589368631204232
1.5893385295477909
1.589305078871457
1.589268310377279
1.5892281242187007
1.5892310343297753
1.589211327115822
1.5891923250681685
1.5891700384848564
1.589144910434977
1.5891160818221224
1.5890839353914237
1.5890481778436232
1.5890100843024442
1.589021891157669
1.5890083099459418
1.5889963990838878
1.588981526107345
1.5889626821500717
1.5889403664448476
1.5889146871587745
1.5888852449056288
1.5888526096428341
1.588864749319912
1.5888533772132318
1.58884269363176
1.5888282034003476
1.5888097879512102
1.5887871831070013
1.5887601205301027
1.5887292845854493
1.5886951287428144
1.588697456415647
1.5886796733280297
1.588663491945578
1.5886442714835838
1.5886218122489357
1.5885955484444836
1.5885657338468908
1.5885323351739713
1.5884956457249835
1.5885011518465089
1.588485076551023
1.588470515594967
1.5884531963778066
1.5884324012524218
1.5884084755214853
1.5883811778891532
1.58835073717045
1.5883177462042999
1.588334799163978
1.5883253345425417
1.5883184846527858
1.5883081006109812
1.5882937851110412
1.5882753613413574
1.5882524652780277
1.5882255212689138
1.5881958023576035
1.5882073866382143
1.5881954861768435
1.5881837854085843
1.5881688146656219
1.5881500143912168
1.5881276383620317
1.5881011145405075
1.5880715412387574
1.5880388685335045
1.588044751159751
1.5880297804167889
1.5880152548230544
1.587997084830033
1.5879753744445537
1.5879499614159627
1.587920331950525
1.587887777813057
1.5878523302056067
1.587850963555874
1.5878300977058455
1.5878101117535905
1.5877872801744946
1.5877606149036827
1.587730382198637
1.5876970251284492
1.5876617772141106
1.5876243659577292
1.5876280602802944
1.5876106599378073
1.5875955539859679
1.587577623208653
1.5875565035819619
1.5875315877060132
1.587503516262874
1.5874725679908448
1.587438678405693
1.5874441699662627
1.5874283276460737
1.587413444268848
1.587396328905072
1.587376207743939
1.5873534801716722
1.5873276053527607
1.5872987143358088
1.5872666157482513
1.5872738733447769
1.587259678492759
1.5872463323364654
1.5872292980980163
1.5872091831772932
1.587184858060133
1.5871568178190423
1.5871253307916395
1.5870905883504893
1.5870886184611488
1.5870688821252834
1.5870501983385266
1.5870289913460993
1.587004880483007
1.5869778823903424
1.5869479388242815
1.5869147793670686
1.5868789448542149
1.5868828721520767
1.5868660251259197
1.586850627954959
1.5868325723694492
1.5868108495031503
1.586785719373134
1.5867569885266988
1.586724837935727
1.5866892155968042
1.586694376415658
1.5866780535839187
1.5866631327642347
1.5866455764115042
1.586624685599837
1.5866000547025996
1.5865718626115388
1.5865398825917663
1.5865048385308125
1.586505102708158
1.5864862545906115
1.586468527666682
1.5864476763776096
1.5864230413200993
1.586395231974169
1.586363986242609
1.586329738873965
1.5862929995016988
1.586292165366931
1.5862717113839448
1.5862532376909833
1.5862317436397078
1.5862078491108198
1.5861809030215699
1.5861505579891488
1.586117799998296
1.586082213021695
1.5860875714535236
1.5860723365332159
1.5860592087912628
1.5860429109211631
1.586023251550351
1.5860004095705722
1.585974095842842
1.5859446057465554
1.5859125362809101
1.5859158436980714
1.5858998848902341
1.5858851596033883
1.5858673765157707
1.5858460447151483
1.5858213867761357
1.585793519186381
1.5857627019629568
1.5857289184647698
1.5857329185674123
1.5857169743205308
1.5857020285392076
1.5856839958352005
1.585662196003848
1.5856367060102035
1.5856083662294453
1.585576974888325
1.585542960494978
1.5855424113389212
1.5855239376459591
1.585507417201245
1.5854879824851835
1.5854655648532667
1.5854399146891058
1.5854113835357821
1.585379809142643
1.5853457926691592
1.5853460838882807
1.5853277391637866
1.585310060082998
1.5852892587172034
1.5852655077177396
1.5852383640155143
1.5852084578919114
1.5851755418106788
1.585140246053199
1.5851321876040902
1.5851083658799823
1.5850851078728876
1.5850593537018973
1.5850309390362225
1.5849995518553754
1.5849652462429074
1.584928966580825
1.584890369646594
1.584887376330056
1.5848665936854909
1.5848471402481998
1.584825450664086
1.5848008405682148
1.5847726172751049
1.5847417730099052
1.5847083160931614
1.584672167479684
1.584670162228021
1.584649726966265
1.584630733239158
1.584608679631143
1.5845833456477418
1.5845547936930526
1.584523358669064
1.5844889677709961
1.5844523885692468
1.5844469469319549
1.5844251512608756
1.5844046286333828
1.5843813851872444
1.5843552669923529
1.5843258788227585
1.584293538939358
1.5842588443413497
1.5842216972623138
1.584213264388621
1.584188735418076
1.584165055143256
1.5841388017394866
1.5841100958546903
1.5840785152211414
1.5840446152353065
1.5840084666218288
1.5839700360985238
1.583962150300751
1.5839385365903016
1.5839161938433015
1.583892060098707
1.5838658420572598
1.5838373088237994
1.5838062731860345
1.583773007641856
1.5837378866158487
1.5837313778684916
1.5837094137063492
1.5836886955460183
1.5836654729012452
1.5836403365308194
1.5836118844226856
1.5835814021012506
1.5835482780063599
1.583512967687924
1.5835061053173485
1.5834840101066014
1.5834622997211218
1.5834386007250725
1.5834124554884053
1.5833840179412277
1.5833532256794427
1.5833202388735657
1.583285334181763
1.5832789232008249
1.583257437470096
1.583236455132419
1.5832135486684065
1.58318795050766
1.5831598936254763
1.5831287664617015
1.5830955175586159
1.5830598910594198
1.5830532055004536
1.5830307629068983
1.5830095725555633
1.5829866120079996
1.5829611095335354
1.5829331129753126
1.5829029863572328
1.5828708565676266
1.5828368442544167
1.582827587646638
1.5828044586080114
1.5827816603111007
1.5827565468221767
1.5827289309289483
1.582699207857365
1.58266745457248
1.5826344303241442
1.5825998064507798
1.58259161487293
1.5825689351438044
1.582547293402832
1.5825238232218062
1.582497850636475
1.5824689866612989
1.5824377242886465
1.5824042195287618
1.5823683995768636
1.5823612293460743
1.5823384539306662
1.5823175360772233
1.5822941699030262
1.5822687547942988
1.582240689591569
1.5822100408592075
1.582177463840237
1.5821431644681787
1.5821348460019975
1.5821132125815713
1.5820924632191913
1.582069267616194
1.5820438691485592
1.582015737381459
1.5819850678477316
1.5819519146309287
1.5819166729569998
1.5819089868523388
1.5818864152903152
1.5818655452800137
1.5818424162413869
1.5818171800244052
1.581789705580464
1.5817604963026153
1.5817289239896126
1.581695531557103
1.5816899983938015
1.581669425843031
1.5816500639317497
1.5816285532393817
1.581604517261206
1.5815783262615346
1.5815498512718988
1.5815198099394185
1.581487800797734
1.5814774687593438
1.581454801511038
1.581432670937969
1.581408582956379
1.5813825895696827
1.5813541000190907
1.5813234492065928
1.5812912424519334
1.581257180215445
1.5812427295066274
1.5812171833492954
1.5811925025287803
1.581166086874358
1.5811378406997456
1.5811075039878713
1.5810755031667334
1.5810415823795323
1.5810066797678661
1.580993889008039
1.5809696117340206
1.5809461748351799
1.5809211591126757
1.5808947039356582
1.5808663287925782
1.5808357029417188
1.5808032236891678
1.580768951358885
1.580754286396
1.580728929531097
1.5807040739791087
1.5806773754261119
1.5806486445796766
1.5806176983877844
1.5805849591181607
1.5805503955687563
1.580514579777132
1.5804958460670975
1.580468076243762
1.5804410531894586
1.5804125386772274
1.580382676236493
1.5803510477598026
1.580317507637596
1.580282607106066
1.5802461880748335
1.5802356064200538
1.5802118346192238
1.5801895209941363
1.5801654704550048
1.580139766207293
1.5801117280463384
1.580081994574072
1.5800504929857129
1.5800173418490464
1.580008767526066
1.5799878475924867
1.5799682381449525
1.5799472308456366
1.5799240643645511
1.5798987303811503
1.5798715284351008
1.579842439805174
1.5798114020872722
1.579801090850248
1.579779709126348
1.5797589140009631
1.579736173947877
1.5797114099218987
1.579684218376532
1.5796552545548004
1.5796243582861855
1.5795918748733613
1.5795773825618122
1.579552312755757
1.57952744472295
1.5795009458630644
1.579472961785661
1.57944326159558
1.579411872334596
1.5793790082567778
1.5793450250654792
1.5793295405287822
1.5793037842776556
1.5792789807290823
1.5792522447336266
1.5792237718241273
1.5791935162375796
1.5791616339842267
1.579128220750351
1.5790934679085182
1.5790787322209894
1.5790534023978617
1.5790289254307315
1.5790027593926983
1.5789750769350996
1.5789454703511645
1.578914478396267
1.578882103150545
1.578848182363344
1.5788354248857022
1.5788116884471943
1.5787889671153372
1.5787646107961286
1.5787386590121635
1.5787108891888277
1.5786816175068819
1.578650675475263
1.5786184395986915
1.5786029529818577
1.578578596662649
1.57855488518578
1.5785294763174622
1.5785027361617334
1.578474259091961
1.578444240640983
1.57841267456839
1.5783798874556247
1.5783628511370393
1.5783376128399211
1.578313000663913
1.5782872173710107
1.5782600050242788
1.5782312346552485
1.5782010019502029
1.5781695856474436
1.578136973266151
1.5781209416535333
1.5780957553598298
1.5780714364830795
1.5780456573504507
1.578018784065981
1.577990411003037
1.5779607669766438
1.5779298686278924
1.577897522504082
1.577881237114802
1.577856294197078
1.5778317860278992
1.5778059236898068
1.5777784575664118
1.5777495998316455
1.5777192007156735
1.5776873767061446
1.5776546041543356
1.5776376406405301
1.5776129494193325
1.5775888759986987
1.5775636273008973
1.5775367498561543
1.577508509921952
1.5774789199791097
1.577448163079646
1.5774162537845173
1.5773971768519475
1.5773707923995737
1.5773447782115113
1.5773178113208954
1.5772897606791219
1.5772606574882388
1.5772304518249687
1.5771992643372332
1.5771672302339097
1.577149399303151
1.577124054919067
1.5770992576109037
1.5770733432693966
1.5770462162082646
1.577017907629555
1.5769885569024187
1.5769580059364767
1.5769265750727612
1.5769074773388256
1.5768816836452408
1.5768561645296841
1.5768295783040625
1.576801579665703
1.5767723204645767
1.5767418298225955
1.5767102658301388
1.5766776617693925
1.576658389303984
1.5766318426009576
1.5766056973642906
1.5765785973449338
1.5765504655778333
1.5765211377321997
1.576490807260735
1.5764597674626968
1.5764278456867487
1.5764088207575933
1.576383099868788
1.5763578927737185
1.5763317933000565
1.5763048534512165
1.576276815290262
1.576247701698696
1.576217348345729
1.5761861275758082
1.5761687043518189
1.5761439632073426
1.5761197982606996
1.576094437235523
1.5760680735845156
1.5760406885864473
1.576012242718723
1.5759827318210708
1.5759524408722008
1.5759326629336037
1.575907164619413
1.575882200900323
1.5758565008128842
1.5758301163605104
1.5758025545508332
1.575774119083792
1.5757448848443047
1.575714997441931
1.5756981254541353
1.5756748632867676
1.575652277163788
1.5756286364115628
1.5756040387965105
1.5755783054268868
1.5755513967800951
1.575523412702692
1.57549436359536
1.57547894146276
1.5754564385452436
1.5754346012714329
1.5754116594450982
1.5753879895709606
1.5753629988100954
1.5753368369323357
1.5753095871431448
1.5752814033726306
1.5752647747608144
1.5752415458756317
1.5752187163766724
1.5751947968861455
1.575169949654704
1.5751440852364755
1.575117357561566
1.5750897791107958
1.5750612958006134
1.5750440993115113
1.5750210721995768
1.5749986420868411
1.5749755255290336
1.5749513501817074
1.5749261222852722
1.5748997919164494
1.5748725754094444
1.5748445684505386
1.5748275342120894
1.5748045299816573
1.574781846092259
1.574758182458531
1.574733512038699
1.5747079284389087
1.5746812673283699
1.5746536639159607
1.5746250807592226
1.5746068462819673
1.5745828123839285
1.5745590593043275
1.574534515772827
1.5745089779360413
1.574482443713834
1.574455071196585
1.5744269103075725
1.5743980400919868
1.574380964250806
1.5743578227313597
1.5743353031727512
1.5743119640403294
1.5742877429299986
1.5742626939253086
1.5742368191063971
1.5742101538355857
1.5741829768511753
1.5741644053917938
1.574140945611451
1.574117643921488
1.574093726511098
1.5740690332097633
1.5740435640174848
1.5740173709376766
1.5739904664511577
1.5739629420839387
1.5739441376492607
1.5739204656949866
1.5738970953605165
1.573873030260429
1.5738482204714461
1.5738227013558894
1.5737963959487058
1.573769391615632
1.5737418339662275
1.5737241112025704
1.5737010092057193
1.5736784085217836
1.5736552316400154
1.5736312539056645
1.5736064545173643
1.5735809666038563
1.5735547007192678
1.5735278253546616
1.5735078456428162
1.5734843047371465
1.5734610737718275
1.5734372894901785
1.5734128957285112
1.5733878862464163
1.5733622922459432
1.5733361324483202
1.5733095337418785
1.573289050636981
1.573265110345088
1.5732413926278095
1.5732171507161128
1.5731922306798911
1.5731667635677489
1.5731408346652866
1.5731143420458107
1.5730873855558778
1.5730683731075417
1.5730453543161538
1.573022724510306
1.5729996225134546
1.572975954719454
1.5729517564906252
1.5729270403077884
1.5729018144914895
1.5728760811218656
1.5728591945731134
1.5728377275636136
1.5728166661807468
1.5727951138856475
1.5727730124344905
1.5727502078971705
1.5727268188414711
1.5727029055913537
1.5726784723070917
1.5726602128681975
1.5726384879217619
1.5726169730691206
1.572594963143974
1.5725723395785358
1.5725491522960846
1.5725254345788062
1.57250117394588
1.5724764640034525
1.5724574265934779
1.5724353230621848
1.572413385941818
1.572390974550311
1.5723680285637034
1.5723446041456821
1.5723206576133795
1.5722963428969028
1.5722716350346122
1.5722531405402844
1.572231403113029
1.572209902821344
1.5721878908160605
1.5721654315814124
1.5721425396783557
1.5721191839048416
1.5720954807485192
1.5720713678052902
1.5720531790910395
1.572032013701344
1.5720111020883107
1.5719898638938348
1.5719682200727254
1.5719461664647103
1.5719236157040528
1.5719007217208594
1.5718774657939012
1.5718588610523347
1.571837716464005
1.5718167154050988
1.57179530247915
1.5717735213690267
1.57175134711309
1.5717288192339345
1.5717059897349754
1.5716829751038606
1.5716649902429944
1.571644374009356
1.5716239491482824
1.5716031706639904
1.5715820323160699
1.5715605008223363
1.5715385824231987
1.5715163124809794
1.571493788762097
1.5714765527504
1.5714566208816958
1.5714370509567563
1.5714171502901007
1.5713969417632316
1.5713763172090462
1.5713553223905503
1.5713339926700645
1.571312386291414
1.5712951003564388
1.571275482588358
1.5712560374716136
1.5712363240172502
1.5712162527793954
1.5711959277648777
1.5711753073709656
1.5711544415209373
1.571133334375066
1.5711166059166939
1.571097651712182
1.571078890960372
1.5710598930729922
1.5710405873253983
1.5710209570764981
1.5710010397687502
1.5709808790850222
1.5709604667047683
1.5709432161321149
1.5709242993700616
1.570905505336066
1.5708865032884127
1.5708672516243702
1.5708476921001138
1.5708279079211067
1.570807944850354
1.5707878195289477
1.5707718066375593
1.5707538072157377
1.5707360178877101
1.5707180579884834
1.5706998422324572
1.5706813456579927
1.5706626535506898
1.570643745109183
1.5706247347409834
1.5706091399570472
1.5705917770570188
1.5705746679336532
1.570557315434307
1.5705397320398011
1.5705219489521838
1.5705039432899521
1.570485742094882
1.5704674015306612
1.5704522810178652
1.570435494315669
1.5704188906654917
1.5704021372454813
1.570385182052222
1.5703679772425734
1.57035057481995
1.5703330351083125
1.5703153019439726
1.570300262556503
1.5702838773206669
1.5702676668163031
1.5702513294236085
1.5702348505816264
1.5702182344506295
1.5702014498285701
1.5701845279174964
1.5701674583167258
1.5701527288696067
1.5701367534206765
1.5701209402223995
1.5701049148501915
1.5700887958718377
1.570072481360645
1.570056060762487
1.5700394737534025
1.5700228056189915
1.570008883264865
1.5699936358637379
1.5699786110372245
1.5699634364408777
1.569948112074697
1.5699326524996386
1.5699170244335174
1.5699012445174256
1.5698853231520467
1.5698713903972379
1.5698564882987824
1.5698417110085223
1.5698268609134816
1.569811910971885
1.5697968507830498
1.5697817094688882
1.5697664662280342
1.569751154342673
1.569737566890536
1.5697232056275914
1.5697089421310662
1.569694639111946
1.5696802716085918
1.5696658250600477
1.5696513161074062
1.5696367447506674
1.5696221463521525
1.569609093495117
1.5695953313115074
1.5695816481730878
1.5695679379928926
1.5695541778894195
1.5695403595421222
1.5695265037523667
1.5695126209208354
1.569498754730397
1.569486394558842
1.5694733437819426
1.5694604739769256
1.569447589610953
1.569434624119653
1.5694216669488996
1.5694086723356877
1.5693956465204275
1.5693826227853034
1.5693710676266048
1.5693588738659763
1.5693467945128592
1.5693346985186498
1.5693225630018457
1.569310408763812
1.5692981983620904
1.569285987960369
1.5692737484367356
1.5692624782567481
1.5692507670878062
1.569239157845556
1.5692275569238527
1.5692159601624223
1.569204342599626
1.5691927520786055
1.5691811428363558
1.5691695897577935
1.5691590476256085
1.5691481061072012
1.5691373226791734
1.5691265475716918
1.5691157766244832
1.569105041039597
1.5690942992143004
1.5690835594691412
1.569072877967806
1.5690630514026045
1.5690529273778722
1.569042913600379
1.5690329705475292
1.569023025414543
1.5690131052431955
1.569003205873214
1.5689933460258274
1.5689835236208995
1.5689744500651397
1.5689651289731275
1.5689559077276707
1.568946711443853
1.5689375775641328
1.5689284395241394
1.5689193576478335
1.568910319454396
1.5689013103828702
1.5688929835961425
1.568884450875894
1.568876007601518
1.5688676163305566
1.568859272902736
1.5688509689975112
1.5688427191758372
1.568834485995256
1.5688263318598645
1.5688186540757496
1.568810868124533
1.5688031924205548
1.5687955271172596
1.5687879720612032
1.5687804523674682
1.5687730075586506
1.5687656085128374
1.568758290592351
1.5687513845389074
1.5687443911197272
1.5687375287491516
1.5687307079813078
1.5687240016209756
1.5687173285428286
1.5687107241091889
1.5687042257625148
1.568697783579528
1.5686916638177113
1.5686855253346659
1.5686794950187217
1.568673522946602
1.5686676153587165
1.568661822178343
1.5686560893219301
1.5686504459113901
1.5686448898665866
1.5686395959189916
1.5686343248528996
1.5686291661141822
1.5686240989014746
1.568619098253138
1.5686142078520398
1.5686093736146287
1.5686046537847302
1.5686000067596118
1.5685955719084241
1.5685911890606519
1.5685868935786151
1.5685826709013588
1.5685786021542094
1.568574554208426
1.5685706373112467
1.5685667828181653
1.5685630240113662
1.5685594794586344
1.5685559619476788
1.5685525858860103
1.5685492639078928
1.5685460459366045
1.5685429423728283
1.5685399344953341
1.5685369931822108
1.5685341808375555
