0.00036472811822991645
0.0007224818585608429
0.001483416602805462
0.0022129949495783207
0.007606702427654353
0.01829482922336267
0.01610127742635119
0.01527346124077391
0.013566496095233166
0.017555852302612494
0.019849010607658268
0.019333266778918157
0.018639203402957744
0.0216974603847638
0.02586904570162355
0.02087172155551538
0.02378922914641381
0.024969126397206783
0.033129434811204055
0.04678198917020924
0.05832005724061567
0.0629323395605848
0.06769276445880533
0.06249689876722108
0.05385423960002709
0.04971299103047581
0.04741060082721789
0.05232091446215326
0.06127701920333122
0.08011787547530952
0.0694571261356413
0.0743889285759356
0.0813967011466223
0.09500622100857783
0.12236825267926667
0.12457657400571219
0.1212523964434078
0.11696851498474568
0.11549401609832294
0.13343985983544268
0.11799972521330869
0.102774191556391
0.09443265947418886
0.09749181923416328
0.0839875795532812
0.08450448874748033
0.09766227073729551
0.12163605176734153
0.14217598324836667
0.12338688173268826
0.11448599425001361
0.11016458911454963
0.1275526589896527
0.14965947161618245
0.14738091489587407
0.14764908631736504
0.16649761380349293
0.18691016865430743
0.19662209345073384
0.1574448824417733
0.17450933013332526
0.15389759439905432
0.16950936045076112
0.16060659601092034
0.15283562560343603
0.13432522408849745
0.1363255587621216
0.14884891892945837
0.16322966431458458
0.1709795380632614
0.15954008109981987
0.15701699591758866
0.16446666947336724
0.16287187978484444
0.1359236208386145
0.11906395428940876
0.13660003315617175
0.15314259067391986
0.1518686625309674
0.1786290732375594
0.17898705281444974
0.19067837461554119
0.18576392810892461
0.20169273921987851
0.17189789502091132
0.19440439837717388
0.22494434695831045
0.23280134325627716
0.23593763428268508
0.16212177831305674
0.1719378894504817
0.19142358025684
0.19655633822243762
0.20976042684429203
0.16023637367296326
0.21503384398797465
0.2287394320174385
0.24410663886919
0.2601517833079037
0.24277380766996712
0.22210066672906775
0.23847657373441114
0.26478870647640124
0.2607142552146415
0.21911513793032497
0.23273843606728942
0.25137560728985264
0.2541522510759547
0.25674416327403415
0.21602135342473008
0.26097687970249606
0.2740343433035381
0.276572077978464
0.24848818736585504
0.23614226533925833
0.22276311601757182
0.25762129491315844
0.2706106718379416
0.2843509612925052
0.21891619863758796
0.22015382516209936
0.23046757480085298
0.2386712604311648
0.2559158797985717
0.19750556436477135
0.23833144865220537
0.24720252098159756
0.24692356857256154
0.23900083615284828
0.21398271768429927
0.20358401291316774
0.23191755817461684
0.23717578713677417
0.23330619213871479
0.1789397703091314
0.19124258295356408
0.19243057983311587
0.2015061786686941
0.20442440925465988
0.16571365094160392
0.17343461445614983
0.19050610852859007
0.20992466371469773
0.2133665895376664
0.15057174216435618
0.15652777193075926
0.16958353040039972
0.1749573014928561
0.1678249244867772
0.15294403963138484
0.1361692713241061
0.14333836182061827
0.1411001208934129
0.13915657053689995
0.12597233074099312
0.12600789248588956
0.11222299321718682
0.09966355030596936
0.09182221456557901
0.12085892687663836
0.1020681130649752
0.10000318086871114
0.09009974228587934
0.0794391877504579
0.10346931487657843
0.08354316494466983
0.07632498044811016
0.07114955477855875
0.06586744006391537
0.09276249954277938
0.07705257459026765
0.07083263669972838
0.07145124393096022
0.06703753339702904
0.06770103744039188
0.0636650193765853
0.06480928798219036
0.0712969433619488
0.07056186083278272
0.09143299011210415
0.08117484899770984
0.07613774272832849
0.06884325536074162
0.06431083191268248
0.07221036138800968
0.06076745767720838
0.060406508060194146
0.06111244050446559
0.06273212546634695
0.07659435825635758
0.06329625004647185
0.05899796508989013
0.05305412285682456
0.054265300812475686
0.06550633476476528
0.05689814948793491
0.05485884518263881
0.05301360254083981
0.0508346126135169
0.043637502186781425
0.03789774804243304
0.038900779017502884
0.03951578670199033
0.0417461937821062
0.04220080025605675
0.042044598757563244
0.04283686295407508
0.043778671602105856
0.04647593212939399
0.04797647771638223
0.042436344728592555
0.04112106514627122
0.040431478268593696
0.040487991453451264
0.04360630842112943
0.041332193179015896
0.04001837364592307
0.03930441272518049
0.038397664817392436
0.0432920315428323
0.04180097333774316
0.04019253672919841
0.03874128902092222
0.03695081079136646
0.037962653423608494
0.037372453687693305
0.03659165070980731
0.035985033540158876
0.03532476340511077
0.03598195152871726
0.035921230351482945
0.03591886586926082
0.035959219243033
0.0357602511899297
0.03500380693002319
0.034653573186447566
0.03412839289213365
0.03393857537935086
0.03377157429828
0.03439767463608262
0.03437782922794318
0.034344088981065876
0.034608862347227425
0.03461836455963281
0.0338662917488361
0.03344519243014906
0.033173248961313205
0.03301528452976432
0.03272141944250773
0.03278165151189514
0.03274079378792436
0.033026906418618544
0.033380684320677756
0.03334207152598677
0.03324819141178159
0.033031237018712974
0.03319599064795134
0.03346987506492952
0.03359329408309454
0.03472132822283972
0.03484582536177808
0.035010357315632935
0.03508710949002451
0.035159530843199394
0.03654612836610088
0.036681406024785465
0.036825854920862516
0.037033104635342894
0.03721330493587286
0.0371967634973327
0.03748625543406279
0.037475392816532685
0.03748826894874607
0.03710008882196466
0.03721235838458319
0.03671089813378246
0.0366221060994202
0.03646302892038685
0.03616403351106842
0.03630408146924064
0.03589219808610945
0.03578941124928734
0.035746728079318627
0.035559416314469385
0.03519631978740501
0.035119646789453486
0.03506459661240961
0.03522531517534886
0.03536362398385366
0.03633500546644942
0.036281840749977104
0.03615175790622603
0.03593033153802111
0.035581240738695334
0.03540328556376636
0.035122209348190825
0.03510438598039183
0.034954452698503835
0.03473446476209667
0.03360727687396308
0.03328360806161441
0.03289049627375251
0.032669044347292044
0.03280476288937836
0.033521663964839875
0.033835754327846475
0.03397694150286256
0.03403479618535705
0.03403527978310392
0.034212516292391026
0.03390502936435764
0.033508824385181234
0.03312288380514968
0.032597048887188354
0.032702341645572994
0.03261853754312309
0.03258841553141227
0.032599499851997484
0.03279679026397684
0.03326367202627556
0.03332925900220507
0.033284398836009796
0.033229824921535055
0.033136197711502946
0.032949080873191004
0.032754287997550605
0.03264968499848178
0.03269027374705462
0.03268142340835143
0.033491834005500126
0.03367967959976545
0.03388549890034324
0.03428565940562691
0.03450993116039857
0.03455167330509112
0.034580924559341995
0.034453890130667346
0.0343180975493354
0.034165723747949656
0.03267374466954747
0.03182002084266027
0.03109434359543863
0.030760719843908636
0.030790914816406396
0.030893307113523682
0.031084178745685163
0.0311605523320916
0.031393716721963665
0.03155964732921391
0.03285168645349054
0.03331626542274763
0.03372364459944916
0.033778818919815226
0.033601069375565014
0.033319245531924814
0.032714667587628185
0.03218184122474712
0.031880059642117216
0.03159230571999526
0.031207838817927068
0.03088718141624277
0.030854470418004123
0.0308611840650404
0.030717239630364882
0.031481390939405794
0.031505088308775624
0.03164381520968393
0.031546545168273404
0.03164630237609752
0.031100010830086258
0.030807864263314295
0.03077841581008748
0.030505123446083183
0.030417556158328952
0.03047266770373144
0.030502968840097937
0.030520952446826732
0.030845419353065485
0.031115880583566662
0.030531712829734173
0.030335052523762767
0.030404982480218296
0.030318957775837797
0.030378795360408883
0.03000492780578718
0.029648821418912057
0.029560760349346987
0.029772343198617546
0.029950156602008494
0.030285290359165332
0.030389675000145683
0.030422486847570776
0.03057169764647231
0.03040808143895372
0.030672160090444118
0.030421607342129692
0.030459380990503875
0.030295748599501057
0.03015880249745194
0.03052513795375738
0.030541438448563905
0.030701954513125084
0.03043852261696754
0.030159429832429956
0.03015383319893713
0.030424415353670513
0.030638282183814893
0.030615290842441165
0.030590842317598354
0.029937122222456085
0.029611025112240983
0.029632281353430587
0.02978000423944432
0.029855145327666994
0.029509094488162965
0.029487070840925673
0.029753969804821236
0.029954643899776867
0.03026290187215794
0.030185942550798456
0.03021777629799176
0.03029704368638023
0.030365853300236268
0.03037507729419418
0.03024840173514362
0.030247062771608546
0.030065555672087352
0.029938488523821534
0.029915395593840318
0.030225641677573786
0.030043499580680855
0.029902842154184876
0.02988039130272562
0.030014959354514058
0.029934025048507125
0.02980775666551506
0.029692940125146085
0.02945964076125005
0.02925842864876621
0.02833908603941677
0.027998115807683372
0.027778939488724487
0.027532279723009066
0.027561747071646145
0.028261321679548913
0.028208659780930814
0.028319339267759487
0.02812448548498386
0.02814166568433252
0.02861549301916056
0.02838130519346719
0.02803073968274307
0.027727986359452502
0.02728889520799208
0.026913271965832503
0.026593372964845388
0.02651833970901599
0.026462919438233548
0.026484821463724457
0.026430851779139394
0.026321625161974067
0.026107785202944503
0.0261355003642388
0.02612842584212619
0.026313690301976635
0.026408998878957632
0.026788866986659547
0.027141574566352307
0.027460123541301645
0.026964928167460534
0.02684685351022025
0.0266774953456088
0.02670969640165742
0.026631548334910007
0.02651674330149534
0.026300653519209186
0.026149235435184673
0.02607947606370569
0.025938681398316732
0.02625765350133802
0.02615206339804125
0.026052261041000932
0.026070300193983115
0.02615204133351887
0.025789032772749913
0.02544137558434567
0.025169458400710287
0.024931966101030906
0.02472285645173049
0.024163176311364654
0.02401754120272867
0.02400265399134257
0.024045066926322935
0.024173577204389063
0.023858181336201656
0.0236061991256696
0.023636429737232973
0.0236846828723362
0.023802985378911252
0.02435114178353465
0.024631133153911914
0.02470561184256206
0.02488744612282755
0.0249087964898276
0.024955973325096224
0.02484716218009755
0.024900791375054646
0.02478360796975614
0.024703621299390688
0.024838775005291972
0.02475071967523492
0.024699928885249103
0.02483990771628203
0.02492070404284719
0.025062024907869893
0.025232432776534943
0.025247027701128213
0.02526019105087225
0.025520410431562696
0.02560737134922138
0.025607853096761675
0.025638919374584006
0.02564010977529655
0.025728957585164892
0.025316719617548736
0.025006758388210152
0.02468081724564479
0.024371129269378462
0.02410050384408402
0.02348184678320091
0.023051584586016256
0.022940601410846605
0.0229633042885217
0.022964164129652753
0.023689855410607003
0.024021384605001982
0.02420722904024973
0.024330734670813755
0.02429364938717452
0.024285343022208698
0.024086718825009998
0.0239008697583841
0.0236265187326718
0.023385693063675255
0.02355208785160881
0.02327727048073576
0.023367365450317958
0.023279848644855616
0.023271650619459777
0.022664810704773605
0.022561477944840584
0.022594486700334423
0.022609867117164183
0.022705216239941407
0.022271628418710776
0.02211970242600933
0.022090981024841493
0.022156342086683743
0.02223736225695822
0.022263049035793125
0.02216061778603981
0.022143084343569222
0.022156589055473838
0.022190911423491444
0.02212266809405963
0.02206481624042661
0.02198187691669331
0.022051779241756803
0.022137453652989792
0.02232401282201248
0.022418017178650305
0.022465133948375505
0.022580100696408797
0.02259408188010663
0.022878189859378947
0.022708310308387058
0.02271702272859867
0.022755967833989112
0.022747051641784647
0.022047129892527696
0.02186819521163089
0.02166716164477517
0.021712750091040314
0.021709135392512673
0.021701822291313025
0.021776796976198158
0.021893347716072955
0.02202976035931403
0.022171000730553378
0.022990413402502522
0.023290014737458613
0.023526115729913186
0.023710264545004446
0.02377612208154408
0.024017921004036984
0.023934369625322558
0.0239109359799518
0.02370386068666058
0.023467944519276075
0.022880472983958563
0.022411033433463214
0.022173827331229305
0.022110189267933122
0.022003297557882984
0.022414636891814346
0.02250698521532493
0.022522556951260788
0.022604953076850415
0.02266631042752247
0.022759671384271662
0.022696814631827964
0.02266698327963199
0.022553492799424753
0.022485399741242112
0.022048319024383718
0.021840028628871414
0.021637308754165967
0.02163522563482662
0.021692753448525153
0.021593393792093945
0.021480126216190415
0.021475066014569746
0.021378841213753854
0.021319191373744453
0.02142193594903243
0.021279641427439766
0.021260859160242594
0.021204282088858564
0.021152256068337358
0.021257435592682082
0.021318677782813204
0.021356521451565073
0.021351490559590236
0.021350621615247305
0.021540897935321872
0.021462862814258202
0.021366515940384034
0.02139722309465798
0.021533953108012337
0.021759215433563028
0.021763338333338104
0.021744908993633457
0.021607973443319727
0.02160998668979107
0.021144189079386356
0.021062914945079985
0.02111109456823531
0.021074802123437607
0.021039511577382177
0.021659970953769737
0.02166095984599737
0.021770000602668902
0.021773059139106134
0.021716926440629874
0.021259972410622333
0.021097832143160695
0.021147047372162393
0.02109774904281766
0.021070261776246737
0.02126584132305842
0.021120971238846428
0.020965431606406664
0.020733913292552888
0.02058699219754479
0.01997762313194922
0.019705403955105175
0.01954680656786355
0.01950207010166912
0.019578191330309268
0.01957931224222459
0.01957589638027603
0.019734729232082072
0.019853555385945403
0.020057919502822607
0.020218605512322296
0.020241921534720427
0.020362678938169333
0.020447834668129286
0.020382535906048785
0.02001149368947602
0.019864010579359836
0.019814036890552254
0.019714315163988284
0.01969802286516976
0.018884397356223954
0.018669323573846208
0.01869575335211117
0.01874876860114427
0.018888683973328442
0.019501787821504815
0.019721139887837455
0.019769060069807217
0.019857544699758187
0.019799693491130806
0.020208125764723868
0.020230537189635658
0.020074863754187003
0.019926205470396353
0.01990745520728516
0.019943634900161166
0.020022330940813363
0.020139899462652516
0.02014695799991285
0.020080883182725412
0.020156777588416084
0.020115633220240393
0.02010971703506999
0.020053800860532007
0.020039020958128748
0.019749816772504963
0.01960670292280326
0.01946387120760652
0.01938995829232242
0.01920220437680113
0.019028175910561194
0.018861568869631428
0.018849075500852183
0.018910144130310856
0.0188996984624288
0.018577510574341163
0.01845744313252799
0.018341722915823033
0.018234151246631258
0.01815868255600736
0.018226401062910798
0.018252012915100743
0.018133096701472846
0.018027783070891923
0.018020101290105794
0.01758905563159285
0.01739432166691292
0.017368727751902385
0.017469637052174355
0.017521298051241554
0.01790077206985578
0.01807882027135546
0.018323728392422148
0.018573494675015775
0.018784959621837034
0.018962874907738795
0.018994292644477034
0.01900019900396975
0.018876581598372584
0.018704133100583227
0.018775445769133627
0.018639277862769633
0.018574519759746243
0.01856301379252629
0.018442525419521513
0.018289015556931795
0.018128011418115274
0.018099474527861304
0.018039109717637704
0.018073310437684353
0.01831091528468001
0.018364742599029343
0.018432681166257295
0.018516007371099076
0.018556480113505792
0.018776989905538024
0.018725383069930542
0.01868868851062884
0.01857876734803185
0.018401050945462315
0.018278041494906815
0.018140143313041462
0.018071129901252574
0.017953994060166074
0.017970248106634678
0.01788521159164971
0.017791131327700844
0.017788009461792615
0.01768412694215028
0.017639456603298815
0.01765878124344964
0.017538723419511962
0.017414633246748863
0.017208095763357557
0.017163719799536292
0.01707768374854563
0.017038353725615112
0.01708426504622176
0.01716871667676
0.017246609591115132
0.01716624689181317
0.017193873628647896
0.01718824184488465
0.017156308548940607
0.017091980099304963
0.017324871581336294
0.01731276727592082
0.017365256161875446
0.01736691674241516
0.017441550491510208
0.017711147827227207
0.01787946134552792
0.01796814174393994
0.018065326818665423
0.018146906206595793
0.018244389141163234
0.0182019639436609
0.018202515055664798
0.018055441148046716
0.01794956723923702
0.01797812041596582
0.017896015845322386
0.017812547205104622
0.01765639753795963
0.017493896213383254
0.017438966298369763
0.017269005113491616
0.017128303002586456
0.017000650463265803
0.016840179737297296
0.016522371944220078
0.016341533605965235
0.016147484482492935
0.015943271493333352
0.015767917638134833
0.015503655750207623
0.015393246299694905
0.01532265429200079
0.015357659270842101
0.015313948937368083
0.015326692193948714
0.015295568726141623
0.015371675926458982
0.015394830146801179
0.015456691021922707
0.01550736532377718
0.015528878307763356
0.015542493209349941
0.015480775939181428
0.015373767975726042
0.015538731453060211
0.01546322200036619
0.015359214159800816
0.015289628955480972
0.015187363643457527
0.015108684900320751
0.015129022598802902
0.015072988172459946
0.015071849898787671
0.015054687696901905
0.014980346022753332
0.014970023441219624
0.014880015019736995
0.014786845276672914
0.014718454192050513
0.014908318409575877
0.01490179691157769
0.014970145362465156
0.014988895265656416
0.01500972390973009
0.014913076898787415
0.01483425403995585
0.014754932220223296
0.014722381294554176
0.014702180844326177
0.014626034972298356
0.014552289436714399
0.014437459029559022
0.014274685630929297
0.014172345774877958
0.01408479570114199
0.013955821998934019
0.013894782739825425
0.013790625027407707
0.013725423193837143
0.013864101003898278
0.013864224340825432
0.013912480537706051
0.013943647517793303
0.013912193887512548
0.013921247629544392
0.01389411152427532
0.013821114449836814
0.013738544380943662
0.013710241103376463
0.013718615121232857
0.013737454213238532
0.013742036813996413
0.013737708776089895
0.013739466552564921
0.013709736344997515
0.013693641049013308
0.013698900092604164
0.013689619928872458
0.01377471540996159
0.013899090033140356
0.013865790030794552
0.013859359737568187
0.013740782616304462
0.013709210778283484
0.013677500690918965
0.013624230454639789
0.01365243298261003
0.01365247823001577
0.013649174843909657
0.013772661444734534
0.013748494669782093
0.013692844474201774
0.013524626212597295
0.013428668672073296
0.013090748652046354
0.012868634271358644
0.012759545686043263
0.012676829999426955
0.012738773972101419
0.012768006198380016
0.01276675008247418
0.012771380166731627
0.012750509058107012
0.012757870497068263
0.013077213762075424
0.013053884532146677
0.013040600724308696
0.012992668029435139
0.012868511292868466
0.012780142766020287
0.012673085948337387
0.012558238256579203
0.01242969528300855
0.012401454990340283
0.012547902282383746
0.012604292110569756
0.012649445989929738
0.0126485123701043
0.012626282534045534
0.012547826442315899
0.012556112623220666
0.012508897657414616
0.01249061185042244
0.012452872076517536
0.0122035102794541
0.012100573848646745
0.011970156477259589
0.011864914889734136
0.011813029473293645
0.011679126495927767
0.011610607216320894
0.011535007415836452
0.011534752141807046
0.011497318532569007
0.011406378177718989
0.01127801452215369
0.011266405985368275
0.011239170941272882
0.011295942069837864
0.011191963553474314
0.01114355084600144
0.011091607974510254
0.011062782400952688
0.011058916648904115
0.011003766614724436
0.010934473342181861
0.010921069785112762
0.0109488771709643
0.010991566811197334
0.011005061008684256
0.01100463592079542
0.011034018652882966
0.011054371685210685
0.011105241049835563
0.010976692461738564
0.010957551839322599
0.01095470986408297
0.010940091798145717
0.010919499926892921
0.010781648168757218
0.01069302425118589
0.010632735589979661
0.01060032580298351
0.010598836243793841
0.01060204971255307
0.010612538427320756
0.010632534614548361
0.01063247554003812
0.010617233182646891
0.010505616718008029
0.010450549465351854
0.010382540732688584
0.010343293035797105
0.010312230153251063
0.010236146607873038
0.01015030307257395
0.01011361040550316
0.010050973438445056
0.010037769415045214
0.010083053413008096
0.010111436074875352
0.010153171723344562
0.010179585211066775
0.010172949541968098
0.010025174382381331
0.009910855905361957
0.009826382917567923
0.009781373898469859
0.009708637836693538
0.009790275780280312
0.009761542704793933
0.009746306694030973
0.00976110193615662
0.009770105812139853
0.009732694945237281
0.009667088445109441
0.009623866039315351
0.009603601445201376
0.009542012638467745
0.009701481517895193
0.009698646035441339
0.009720517113177288
0.009686975536434203
0.009643699662211581
0.00966581027600809
0.009571492957948702
0.009517962161497669
0.009502647233353357
0.009486963403641795
0.009607947270476048
0.009608865762380651
0.009650528771885712
0.009681014683889705
0.009704738883875748
0.009627520160615933
0.009633114628187306
0.00959232750106062
0.00959756478834253
0.00958268755125271
0.00959160107112567
0.009515999872290156
0.009441940613775773
0.009377820945201145
0.009292533838312978
0.009238500395018464
0.009210807826985502
0.009202275787736663
0.009202548901898483
0.009188697386860706
0.009125769575593946
0.009121854274951087
0.009107303666875743
0.009097607150552023
0.009108321585979694
0.00916749636675195
0.009177020991363364
0.00916197079625291
0.009112366458284308
0.009112694606051124
0.009013110010033435
0.0089853342206736
0.008985967215172542
0.008989804090113046
0.009002646092604646
0.00895100784273046
0.008960332137705376
0.008993567841955112
0.009030030386842185
0.009021695629134355
0.008864047307830863
0.008798566851146866
0.008761883716072661
0.008693262717592975
0.008661640057786659
0.008713335493795304
0.008695133181303959
0.008644832074652237
0.008576424088368588
0.008486667066407048
0.008582393419148297
0.008554791182134097
0.008528130285157639
0.008505091679239503
0.00845604522569398
0.008349128913216272
0.008292511676271838
0.008307221520245309
0.00831738109043847
0.008317006743198838
0.008427053987578467
0.008437709134171502
0.008459565475948295
0.008443717789273542
0.008436925981142606
0.008431838911422315
0.00841504036553416
0.00835118740427753
0.008315384945924027
0.00828361567438592
0.0082647972464392
0.008249848903330591
0.008260770121284245
0.008274008536390548
0.008280572986868615
0.008348597299477423
0.008362254965358881
0.008368547005236869
0.008347016113747458
0.00830009385901984
0.008308242278190768
0.008248276542606384
0.008209499287562127
0.008178178968955242
0.008126577438051253
0.007924802717250568
0.007820590345462333
0.007744760880256052
0.007714179645700302
0.007677765515717431
0.007624820807371432
0.0076113960108704
0.007577426293843808
0.007576958990505054
0.007549506539275776
0.0074326687655030055
0.007334914115811598
0.00726728156406116
0.007219869546495042
0.007202181386905738
0.0072579847540048936
0.007260819358060878
0.007236730805335783
0.007231146954682675
0.007217238561779754
0.007137502578682466
0.007069516565379933
0.007037033781135226
0.007004883051430933
0.006961464886711404
0.0069811448238371425
0.006967950630079785
0.006973683480997157
0.006958545228180346
0.006922801251597401
0.006944304793725566
0.0069520520202643685
0.006928520990829112
0.006911348507060995
0.0068874705571466575
0.0069676901160302986
0.0069807581897668855
0.006979468018113854
0.006975332826985498
0.006962415880249226
0.006855872785244276
0.006798260933336884
0.0067574301378641064
0.0067340664612467824
0.006725002126887643
0.006744081818271678
0.0067203633744033694
0.006711642016170149
0.006705741960291553
0.006688569883856765
0.006711899946791709
0.006719196241732479
0.006734315237428192
0.006719754468618645
0.0067095599670348345
0.00656906778904501
0.006506140108526118
0.006479471358976483
0.006464984361708188
0.006460227472606977
0.006507219824057049
0.006531184987739739
0.006523850661418148
0.006520492145791079
0.00651166484038239
0.006443117062141748
0.006388462252748636
0.006354355147935473
0.006339092204481169
0.006302193540100241
0.00633835684853637
0.0063063132365667645
0.0062621217852816165
0.006251290317895174
0.006222627052349922
0.006218313878649204
0.006201334605010427
0.006166986120538745
0.006134016787355967
0.006131376177196621
0.0060950593860238525
0.0060748778240318135
0.006057099527510129
0.00605234520076238
0.006050643121554103
0.006023550632455341
0.00599602924522795
0.005976221391129166
0.0059697602399450805
0.005966994269949199
0.006058376065003604
0.006054755934991059
0.006047247442824685
0.0060294523220452804
0.005996879577492453
0.005927745623409094
0.005898508171598902
0.005883130826446563
0.005861121148662738
0.005840276043819972
0.005864302817871143
0.005868774963417716
0.005888662562561311
0.005897420129195748
0.005892082261519796
0.005843758888295053
0.005805924136669967
0.005782544677940634
0.005767229453927354
0.0057451929553006134
0.005678523121223002
0.005652298137652379
0.005631974278499043
0.00562880489814594
0.0056146458878697375
0.005627359888098728
0.005624331018754535
0.005630988831709858
0.005621469376385565
0.0056130073279564985
0.005593820611878549
0.005562252236778412
0.005526260262884513
0.005483938364527185
0.005441606006506487
0.00547127397548314
0.005450109274053289
0.0054375164696987
0.005440223557436288
0.0054365263000902804
0.005441910848429007
0.005429000658569999
0.005421350852015916
0.005402715208101824
0.005385336772528096
0.005413598697205407
0.005408499858308219
0.005399036518279265
0.005374323391417207
0.005349716388196518
0.005310574228563144
0.005274936494939066
0.005255466605103995
0.005224972096801475
0.005186581746928402
0.0051298703909729865
0.00508835305555873
0.0050445375916384405
0.005002682535325337
0.004961392044453419
0.004939936434388031
0.004903221417592766
0.0048807667418422455
0.004867749416026842
0.004852370494112718
0.0048567604401367065
0.004851749026140441
0.004837254532843473
0.0048257933516919
0.004806722684259537
0.004805497193981523
0.004795988940682809
0.004784676043196851
0.004766819491568022
0.004768694352285307
0.00475394343882773
0.004738059360595134
0.004724267086723759
0.004721634222277388
0.004708366859887695
0.004699049496153011
0.004696430542297125
0.004687234202635701
0.0046848661609138545
0.004685721362779676
0.004711847978578979
0.004728084655075865
0.004743015010299702
0.004761570367263456
0.004773206751576438
0.004761263681650881
0.004752595068931978
0.0047394197977716
0.004733235119350198
0.004711841993534037
0.004720280304381748
0.004712342029479281
0.004711218288010084
0.004687362758214385
0.004661023764351687
0.0046932081959660775
0.004679785645739742
0.0046566179280999355
0.004634340215637827
0.004603418784908289
0.004560880041339058
0.0045306657110367275
0.004498149550504599
0.004473419115230065
0.004433341135434248
0.004400306675064967
0.0043772185346246965
0.004357389867329705
0.004335367544473803
0.004325457566161531
0.004287791174160049
0.004258288076367263
0.004229586483002961
0.004216862910941929
0.004207555160297892
0.0041859555238224315
0.004171399295044737
0.004159825648723425
0.004155178359404528
0.0041399027447512095
0.004130946854684951
0.004117267188745034
0.0041039974932047885
0.004099428912474425
0.004081537264753987
0.004093590757478378
0.004100887105288219
0.004106414713294387
0.004116045487811228
0.004120143128301248
0.004119228645893573
0.004118767118625183
0.004130926553564565
0.004138118626974172
0.0041468573810068835
0.004172505660646432
0.004178585620725742
0.004171928001432
0.004159518643757338
0.004142361869903307
0.0041269428459998385
0.004106877392056646
0.004081774300922338
0.0040558131038379115
0.004033450534264608
0.004023574707979673
0.004013038964352707
0.004001759304816546
0.003990117625176645
0.003986802622907916
0.003969280205674101
0.003959923970732736
0.0039539142824052955
0.0039477493737918225
0.003943636898966727
0.003928024465455247
0.003916486667714361
0.003909555592175056
0.0038930134478308088
0.003876798120866404
0.003875578267124819
0.0038691658140572174
0.003856375248196525
0.0038434416291836986
0.003831154245335876
0.003829372389928335
0.0038138601995142307
0.0037987646426350763
0.003779034393106139
0.003760913302947956
0.0037360590266697657
0.0037145550521763904
0.0036975215887222863
0.0036804327800456812
0.0036713876071131062
0.003663696153445952
0.0036545603332735995
0.0036472790778547207
0.003638512831375838
0.0036263755761402464
0.0036142652285861064
0.003604421332864023
0.0036044972432010785
0.003598642451700486
0.0035939243307520166
0.0035893429799281075
0.0035848943396636856
0.003580040086186616
0.003572542951974811
0.00356288979324907
0.0035871066562278148
0.003585265883154519
0.0035826953449053303
0.0035791192826733005
0.0035686027910553533
0.0035653798544251713
0.0035523221715638227
0.003541458576134547
0.0035306289369362674
0.0035227409376396286
0.0034942837064583644
0.0034791474091092804
0.0034610925398698544
0.003443725742813265
0.0034241712428862954
0.0033874433410599103
0.0033621224212142787
0.0033404071215037343
0.0033221673958203396
0.0033023216938519928
0.0032916431119792964
0.0032802556812578784
0.0032673599142421382
0.0032552260808988973
0.0032442572486701287
0.0032291310549536377
0.0032178686627994807
0.0032085440246455207
0.003198924476425283
0.003188697007516447
0.0031693486201559745
0.003157663964957852
0.003148799778745874
0.0031398023606443977
0.0031296823578029574
0.0031202420488114615
0.0031087764035309315
0.003101311528424607
0.0030944784989863795
0.003088395340381453
0.0030776107838670153
0.0030687948057556225
0.0030578260923308886
0.003048037526112916
0.003036552235121699
0.003030705972776067
0.0030225902101642605
0.003016305816867412
0.0030098849017071664
0.003004470434598794
0.003003099940744471
0.002999727478496508
0.0029956350757964273
0.002991716047296041
0.0029847840773540536
0.00298522578974352
0.0029834300176083354
0.0029785158384552186
0.0029716895113703914
0.002965807041440737
0.0029572730241083623
0.0029489532142642706
0.0029396887740802823
0.0029307180004655765
0.0029213937752960127
0.002915316631902695
0.0029062033510475352
0.002897287274858582
0.0028898351833756683
0.002880507738514803
0.0028657879168842676
0.0028541807936408314
0.002843025698925813
0.0028306330770565317
0.0028199629605800856
0.002812586621255661
0.002803738595753239
0.0027929346835634714
0.0027828317285469887
0.002774278454000274
0.0027598023699126244
0.0027486591389386363
0.0027391579396026998
0.002730246849284853
0.002721868011401433
0.002708706450879527
0.002699287115419713
0.0026898213268463675
0.0026809121823888017
0.0026728236756422136
0.0026663674743811765
0.0026584129016333767
0.0026501720609092548
0.002642119065971625
0.0026362157119833684
0.0026311658768963307
0.0026256505256830164
0.002619803307578361
0.0026138092590752195
0.0026081633492950483
0.002599876413541405
0.002592964551447284
0.002586204573949222
0.0025795424686757868
0.002572792231710872
0.002566756501393177
0.002560627956962355
0.0025542177625392216
0.0025476705558421103
0.002541235871936953
