1.7210218233284614e-07
4.1989210060274963e-07
1.4027717216260104e-06
2.716714101859628e-06
4.333651002256921e-06
7.70885200506975e-06
1.5267741260954915e-05
2.2738551125385588e-05
3.341521154262712e-05
4.735588024206633e-05
7.36456682013672e-05
0.0001004721145130187
0.00012777421611587835
0.0001503625461499282
0.00017048800654710623
0.00018740107305985752
0.00020469907713338095
0.00020444966372105494
0.00021279034163463706
0.0002229678122901571
0.00023235285623968803
0.00024085594654965552
0.0002461938991508183
0.0002502266391643652
0.0002525223797795167
0.00025366134281465906
0.0002694106619304432
0.0002667215348891677
0.00026837008140603196
0.00026694113990997096
0.00026632906061699747
0.0002641034062064697
0.00026195577633504266
0.00026141026607819567
0.000256152690950197
0.00024691601366350074
0.0002423613323613016
0.00023285134947900637
0.00022625487362023305
0.00021955743127425063
0.00021037437225274235
0.00020277271939134965
0.00019478664890040372
0.0001858851110239237
0.00018434285614372502
0.0001812843506057317
0.0001789966983511471
0.00017764277551209653
0.00017506996407250604
0.00017422276995863531
0.00017141446246896915
0.00016850884054610274
0.00016742456602764996
0.0001635214750869188
0.0001610774138189565
0.00016541856501567264
0.0001687357657385905
0.00017451120656992127
0.00017976066016040632
0.0001868766529108227
0.00019015873674579654
0.00019592559557441003
0.00021014058291241283
0.00022967072721081778
0.00024368351778029042
0.00025921439658188264
0.00027712826365584273
0.0002949482994508836
0.0003148971575517981
0.00032838675181869124
0.000339959495793777
0.00034233775435130084
0.0003412720967834103
0.0003385391929812974
0.00033155346500456247
0.0003242505657765494
0.00032453579800740325
0.0003249928263768929
0.0003320541964333934
0.0003371815438375619
0.00033809323853728685
0.00036090300165666746
0.0003799699478643288
0.0003929756416470328
0.00041343955007779097
0.00042921353617400907
0.00043939434756216266
0.0004422003775980966
0.0004492062019319641
0.00040170996932792065
0.00035574659693761353
0.00033055113888333577
0.000311963158516733
0.0003014371922166705
0.0003021644767232395
0.0003222390664778138
0.00033646184605382073
0.00036514946110196395
0.00040644731288959444
0.0004074108418713352
0.00042666721385101213
0.000425577286342879
0.0004244339876545311
0.0004128699146576619
0.00040444599215438195
0.00039182932530110913
0.00038026406486729226
0.00039072321408590525
0.0003882418115701149
0.000387996365372683
0.00039094680582492977
0.0003828434572762342
0.0003812959628237307
0.0003808789073603184
0.00037520008731453935
0.0003596215008082559
0.000437820393188741
0.00041860608833203946
0.0004172642119093047
0.00039840805458831753
0.0003843076739169543
0.0003645174216872102
0.0003430542309290713
0.0003453663142891147
0.00034152121759969603
0.00036568697066217807
0.00035596050422005313
0.0003498053044009458
0.0003634155906588267
0.00036902894385952085
0.00038775217961208735
0.0004049168547407004
0.0004489426455101544
0.0005099230533853096
0.0005945869048181486
0.0006499004174429727
0.0006998654979934637
0.0007387943299845778
0.0007609716009472755
0.000763004285456925
0.0007765066852977821
0.0007560932037148796
0.0007428340286860479
0.0008530380739735378
0.0009063150791248296
0.0009696301358863104
0.0010249612549855327
0.0010680011490384299
0.0010752954942698473
0.0010759942782031658
0.0010520697838275056
0.001051034032903696
0.0011527784830663208
0.0011710832025352807
0.0011853784483300675
0.0012124812568538165
0.0012526316488382914
0.0012568476342149177
0.001281362063382396
0.001342814162637779
0.001382360675901661
0.0013970906312480494
0.0014038518993053314
0.0014289446279640088
0.0014573607467323437
0.0014846159632321936
0.0014836145335495325
0.0014838740886378883
0.0014574496218316953
0.0013926106348139385
0.0013518095135029117
0.0012854640290541298
0.0012242433639859784
0.0011742994758270331
0.0011195121491329233
0.0010407699621631493
0.0009895776035495978
0.0009481219067263697
0.0009151147504457827
0.000782253603604674
0.000718349852535673
0.0007268618435754499
0.0007184137363289606
0.0007247292895353475
0.0007264561208388427
0.0007573932150544837
0.0008154186928387454
0.0008990552168012955
0.0009247967474041792
0.0010742719921991817
0.0011888930217567872
0.0013095817353461368
0.0013789533586544608
0.0014628914680066465
0.0015309658254861161
0.001575948753770205
0.0016169118096753924
0.00167547077644036
0.001690957789727071
0.0016755528529328364
0.001682946821445567
0.0016753484162762983
0.001660623200529198
0.0016138423192892674
0.0015436235777359926
0.001481646900698675
0.0014993645094748252
0.0014712528553762724
0.0014748525663086057
0.0014299780444121683
0.001411233164110956
0.0013717030664324025
0.0013173388219848761
0.0012517739502282703
0.0011978834621875292
0.001249137100977645
0.0012032605043156112
0.0011551130045567232
0.0011076947664602885
0.0010468619722656246
0.0009494231114398711
0.000881612733615574
0.0007764882480284253
0.0007266111416168701
0.0006409938757998259
0.0005877834990978513
0.0005243761326042587
0.0005016630583166565
0.0004726435062471216
0.0004606304252819458
0.0004523518502379386
0.0004630773002978431
0.0004669434488128989
0.00047764253249491694
0.00045701332673628834
0.00041271499390668103
0.0003830791290911656
0.0003728737118291347
0.00034429301339209664
0.0003388268003972371
0.00034843275361995244
0.00037271115508157797
0.00044469879428027777
0.0005065260436464148
0.0005670748517920643
0.0006193172295578741
0.0006516820238126336
0.0006778183371001735
0.0006940017104985309
0.0006991858580773761
0.0006923716848673436
0.0006776703970239568
0.0006568384328661868
0.0006424092847002495
0.00062132920420843
0.0006067112248286495
0.0005819908626415979
0.0005611224598515078
0.0005419587265352147
0.0005032735669453159
0.0004336302672666304
0.00035371761922857025
0.00030794846776997694
0.0002675709974516959
0.00023867987765179485
0.00020683373587456939
0.0001889902869929675
0.00017512184867285316
0.0001656076845354537
0.00022039290884967683
0.00022786841950765867
0.00023162657912391624
0.00024289894543117182
0.00023967986952218997
0.0002431492085781576
0.00024323264332651981
0.00024396289506607217
0.00025950034417150143
0.0003202341838922422
0.0003232136570829846
0.0003484225478620633
0.0003671486153794918
0.0003913663386193912
0.0004172647467059072
0.0004230923954346089
0.0004405643546881464
0.00044643312394468474
0.00047791062673895306
0.00046330892654473027
0.00046375572681327416
0.00045268785779653504
0.000443878789326128
0.0004365313624891411
0.00043125180456558344
0.0004128720625950857
0.00040040250827060275
0.00039914144235528304
0.00038013616109038343
0.0003752684493482754
0.0003683860763011489
0.00037021832741875407
0.0003733749837683337
0.00037561580177648276
0.00038292356968748373
0.00038366187298803596
0.00037675257508590614
0.00036752381433771746
0.0003631129360763254
0.0003737964371977055
0.00037227376132599406
0.00037841958548477666
0.00038136697523718496
0.00037387678157590765
0.00036144754116723774
0.00039328609083946693
0.00038259221705927465
0.0003789668023188725
0.00037531660008350627
0.00037346363380946686
0.00037173173961097824
0.0003689478164660423
0.00036413634797961315
0.00036004298074777773
0.0003901264549575917
0.00040152115457417356
0.0004048477897886111
0.00041328440044664273
0.0004161889058771694
0.00041291299616581307
0.0004066372257676596
0.00039879560939685234
0.00038302281791769734
0.00038531033384382025
0.0003716104534798708
0.0003658302719546019
0.00036075678515753887
0.0003504547906728618
0.0003451307562505083
0.00033902305828329414
0.00033380308784188787
0.00032694270226057395
0.00035944469182120373
0.00036255215985568905
0.0003789138584111027
0.00038141273467344954
0.0003840298281262086
0.0003880223539722614
0.0003811179702345001
0.00037741428465523527
0.00036695595620003644
0.00037039698219308896
0.0003694704017375314
0.0003637457508244373
0.00035662588303694837
0.0003446066442149749
0.00032974867453841784
0.00031726254527650403
0.00030452454140559817
0.00029004267478047803
0.0002689207043125594
0.00025258784599096204
0.00023067184565792175
0.00021276365113626837
0.00019817629656219263
0.00018401078144017266
0.00017147434283663548
0.00015720981015418157
0.000144526176564274
0.00014569427667638114
0.00013441522081420831
0.00012502753991619887
0.00011686866446886901
0.00011119511174656196
0.00010667091029543791
9.91924362928058e-05
9.243163673429394e-05
8.736888851638447e-05
0.0001041635718894469
0.00010024048782752028
0.00010253556025453402
0.0001006853758159385
9.844019167798423e-05
9.645591667410066e-05
9.313235068865187e-05
8.909921809757611e-05
8.24594611159075e-05
7.739509117094648e-05
7.165714944116499e-05
6.633870891642994e-05
6.117221913299557e-05
5.577652255794299e-05
5.0252122905557143e-05
4.5507477337766024e-05
4.07948894030724e-05
3.618250019861024e-05
3.887412894205916e-05
3.8923175591201186e-05
3.9307462174491456e-05
3.8930299447581574e-05
3.8485426349975095e-05
3.696686102446505e-05
3.549173658585161e-05
3.378617632867927e-05
3.2039243472517466e-05
2.8489170382907244e-05
2.6396186479112e-05
2.4185243072452814e-05
2.2091602841615063e-05
2.0286640412116097e-05
1.8685744514045864e-05
1.7211482302201837e-05
1.580523250042424e-05
1.4500304626527552e-05
1.2976872596579556e-05
1.1961590476851697e-05
1.094888946877934e-05
1.0025394341423552e-05
9.179988547022536e-06
8.427654963868833e-06
7.75372566691413e-06
7.081797365176619e-06
6.46542443872683e-06
5.243615514539001e-06
4.37127700253995e-06
3.5217584911156604e-06
2.97505798627891e-06
2.574081227908731e-06
2.3601633539936245e-06
2.087228945706599e-06
1.9569010010615225e-06
1.8542461246356233e-06
2.7533522914384255e-06
2.7563039816175735e-06
2.923730119626602e-06
3.1207862163934627e-06
3.195923932362642e-06
3.157549452137419e-06
3.1344372362726023e-06
3.0340110296967348e-06
2.9116882106473363e-06
3.212778846743799e-06
3.042337030417582e-06
2.9921303679077684e-06
2.8762057463706332e-06
2.670533097106436e-06
2.5097195422402137e-06
2.4100810848656897e-06
2.1331831527911644e-06
1.9085981012280653e-06
2.3668230693990885e-06
2.7067980335065164e-06
2.7635155912085084e-06
2.8106408876797478e-06
2.784236548927408e-06
2.7889739131440693e-06
2.720910022476755e-06
2.634609542927812e-06
2.513868020277108e-06
2.97894990949348e-06
2.822717291745567e-06
2.7488777779654814e-06
2.7098375438465995e-06
2.7862661581993888e-06
2.827131640008461e-06
2.7647216968616666e-06
2.7567011984087003e-06
2.5906027106118793e-06
2.9144577188055677e-06
3.2419135162997295e-06
3.528227163519061e-06
3.5963789251557915e-06
3.6026542431058533e-06
3.5560303184200923e-06
3.499916998680441e-06
3.4272077504863307e-06
3.2471114188192667e-06
4.0072964619552485e-06
3.8278904629697855e-06
4.1120750753124665e-06
4.301254612915131e-06
4.391581552026068e-06
4.408437646824105e-06
4.3357664325724895e-06
4.292979177462013e-06
4.250593503618343e-06
3.712855856948407e-06
3.7314099458884837e-06
3.7835602294139028e-06
3.919010875575319e-06
3.870662993163293e-06
3.926323098884312e-06
3.761922639295501e-06
3.660403333777581e-06
3.5607014857034243e-06
3.740122932305937e-06
3.4061609066699043e-06
3.518709186788924e-06
3.408372670498787e-06
3.379776668525337e-06
3.270351556618381e-06
3.274850376249581e-06
3.113078997778232e-06
3.132070084434085e-06
3.707245882539632e-06
4.0743549042083585e-06
4.48563664220611e-06
4.684232520663365e-06
5.031003929313985e-06
5.147789533639648e-06
5.333369075336517e-06
5.449559792940434e-06
5.521754310910994e-06
6.196317137344219e-06
6.10438414485154e-06
6.193619805281647e-06
6.166772319017727e-06
6.21409713098735e-06
6.054083277248705e-06
5.910324141443466e-06
5.625739399429343e-06
5.333204894501698e-06
5.680328382121508e-06
5.402620629504144e-06
5.292687048667682e-06
5.0868742587143655e-06
5.016068765566969e-06
4.948405971993121e-06
4.850657127174287e-06
4.762271975172003e-06
4.559205278486735e-06
4.0455305608343515e-06
3.860136623805285e-06
3.7163046514482786e-06
3.5272715773350767e-06
3.4722514984440636e-06
3.2815140303594216e-06
3.0636932602052417e-06
2.8879437300467434e-06
2.793789760461484e-06
3.3566195595999946e-06
3.3774349746524725e-06
3.7551704841797473e-06
3.931428823040893e-06
4.289115981505134e-06
4.410883582533423e-06
4.4059925863480524e-06
4.2921220772557255e-06
4.148208535510762e-06
5.37863590775527e-06
5.357886271727887e-06
5.658417484283536e-06
5.767287411471864e-06
5.98937559330754e-06
5.998918040716845e-06
6.222601557603904e-06
6.250183482985492e-06
6.197075906894986e-06
6.547230420237788e-06
6.334046446079324e-06
6.1439965683821756e-06
5.945866210994377e-06
5.886677070945751e-06
5.700688121009155e-06
5.569546956897525e-06
5.2546695030888375e-06
4.895683565439899e-06
5.2840195053179724e-06
4.7814964346565575e-06
4.650664622976685e-06
4.422172439449275e-06
4.13586456135895e-06
3.8264154197037756e-06
3.5504981122533997e-06
3.2654607590632217e-06
3.1760346315859004e-06
4.208281051291457e-06
4.444180467519117e-06
4.621190215171866e-06
4.8766207698895585e-06
5.199960034331297e-06
5.48919747424276e-06
5.748463815826125e-06
6.109986118687413e-06
6.024213792501083e-06
5.0576406447309845e-06
4.743434539325188e-06
4.568386836549472e-06
4.4066798143064755e-06
4.270018888170961e-06
4.173821667307479e-06
4.1413560806835384e-06
4.1462972887705416e-06
4.0516310017813095e-06
4.770159658304657e-06
4.809313808490891e-06
5.217080140119557e-06
5.582944100834171e-06
5.950378030224314e-06
6.255346456071551e-06
6.43487388352507e-06
6.425310307104941e-06
6.3825079166597275e-06
7.15027813293799e-06
7.226995325530946e-06
7.310311576164505e-06
7.276013978989858e-06
7.103010299954296e-06
6.892261041750472e-06
6.645264404414955e-06
6.369358106073584e-06
6.104446940909133e-06
5.697031539992442e-06
5.198065432809726e-06
4.921996279593549e-06
4.502329503007547e-06
4.298161796343317e-06
3.856776121680042e-06
3.5654300564807284e-06
3.283473597800534e-06
3.1437860866330762e-06
3.843514587563962e-06
3.938998945361562e-06
4.114789224538875e-06
4.2710595534109226e-06
4.385580314232468e-06
4.262810871807426e-06
4.004932350492107e-06
3.829631274294636e-06
3.665889775241686e-06
5.0004283341397715e-06
5.252972002187198e-06
5.90776268854271e-06
6.210424625188549e-06
6.521499081769154e-06
6.514456114086018e-06
6.5438886705542695e-06
6.53271429651379e-06
6.3131988674115345e-06
6.161210330418216e-06
6.03275210304715e-06
6.077982918389961e-06
5.917964111226612e-06
5.621454438770063e-06
5.4385396194689856e-06
5.400233057440267e-06
5.1603156963579e-06
4.931610848837429e-06
5.96563102454718e-06
5.646193730431251e-06
5.804736019792043e-06
5.791563834165599e-06
5.738224474585198e-06
5.459592612669793e-06
5.237306479805139e-06
4.971356447870233e-06
4.805517934255282e-06
5.8035304942741146e-06
6.149750177696128e-06
6.339838514919711e-06
6.61560406451094e-06
6.757780391634428e-06
6.648866932053717e-06
6.6790978623360826e-06
6.687672488249531e-06
6.497367360638286e-06
7.1616215111007215e-06
6.691563753611433e-06
6.798528719233942e-06
6.698186979670121e-06
6.6033434713120315e-06
6.442038057545439e-06
6.33962179196438e-06
6.192546918595744e-06
5.935068172885957e-06
6.824554325319845e-06
6.696149340565536e-06
6.681383204346651e-06
6.641802473452461e-06
6.557674403950529e-06
6.26950858454155e-06
6.1280682997733836e-06
5.987997852725966e-06
5.879589721914573e-06
6.457592961536566e-06
6.520529469182771e-06
6.372645616062988e-06
6.118605039494524e-06
5.877907517373077e-06
5.598099835016018e-06
5.170231887974706e-06
4.717222539967713e-06
4.210593492869424e-06
4.7452479111643665e-06
5.449380033146247e-06
6.158103391605153e-06
6.8165395013844495e-06
7.264377691796303e-06
7.642584336391347e-06
7.734485420855997e-06
7.970827905652281e-06
8.079044862208199e-06
1.0494720966582496e-05
1.1004798614793123e-05
1.1575997260918744e-05
1.2027409751701978e-05
1.2129437072691865e-05
1.2376539452766553e-05
1.229949253850288e-05
1.240248221243008e-05
1.2399105856077453e-05
1.3439763993531053e-05
1.3308283542139975e-05
1.3229789073694787e-05
1.2835505769090796e-05
1.2434688263752607e-05
1.210729418112631e-05
1.1729926961186794e-05
1.1363507528708863e-05
1.1031045967934764e-05
1.1495064895283438e-05
1.1423291967674454e-05
1.13372206868783e-05
1.111412645872598e-05
1.0740730576761164e-05
1.0330183982276341e-05
9.708111375526424e-06
9.210488174947267e-06
8.656948860601666e-06
9.057579796806391e-06
8.418354912582889e-06
7.988957638016934e-06
7.70284692130781e-06
7.507253742775858e-06
7.169643008459807e-06
6.938210059141113e-06
6.4886246401295245e-06
6.166003253749087e-06
7.486555612120221e-06
7.615829899399936e-06
8.123999463728732e-06
8.07666331460417e-06
8.201019522506026e-06
8.00575950964571e-06
7.915072554495696e-06
7.64751511263462e-06
7.348005594704924e-06
7.917377885841866e-06
7.70993837638106e-06
8.071333972677266e-06
8.15849984895056e-06
8.218448545726274e-06
8.365369503001698e-06
8.259042049644155e-06
8.191696519976352e-06
8.203098524104246e-06
9.563089822888525e-06
1.0451597735674449e-05
1.0845416628720075e-05
1.1337122103545599e-05
1.164928740841646e-05
1.1834163535097179e-05
1.1681648951242806e-05
1.1780389284289764e-05
1.1328010924141305e-05
1.1019382665149218e-05
1.0150240235640416e-05
9.747636314159822e-06
9.255752771802895e-06
9.038348636501715e-06
8.653116628865702e-06
8.545591340467862e-06
7.987731463795116e-06
7.602949656530248e-06
5.99534425058152e-06
6.001261038666319e-06
5.438198899523393e-06
5.188649497347896e-06
5.1595860208993595e-06
5.2651378366296515e-06
5.528388266460343e-06
5.8118563717496e-06
5.639927633980665e-06
5.739705274864372e-06
5.695577538449808e-06
5.912166430562578e-06
6.151149272222572e-06
6.3140618580964395e-06
6.522384375314094e-06
6.531246518999179e-06
6.288864857531219e-06
5.725428689792175e-06
7.0499647962016345e-06
6.971043078281525e-06
7.091153795324521e-06
6.782641858301066e-06
6.629557405672445e-06
6.456821939693549e-06
6.091383564472269e-06
6.031113480334088e-06
5.926169136455774e-06
5.9085249917237625e-06
5.266943433908382e-06
5.065788668660927e-06
4.570186639473103e-06
4.1542563117224e-06
3.848334995714005e-06
3.7713678901481357e-06
3.6046239606883073e-06
3.619862920455282e-06
5.791961981237206e-06
6.222589954017983e-06
6.653370462812685e-06
6.892554192147172e-06
6.739140648971602e-06
6.31301534228056e-06
5.916325787425765e-06
5.562656236776127e-06
5.1008161550976745e-06
7.986760186396026e-06
8.259713599029204e-06
8.933292277758591e-06
8.892960773914971e-06
8.786006585018735e-06
8.475085611247469e-06
8.077371146263953e-06
7.746914994455114e-06
7.3429015218975715e-06
7.46821136997101e-06
6.921735030207802e-06
6.790891759716169e-06
6.597725681419246e-06
6.252085761630537e-06
5.9963605410235244e-06
5.79011743256824e-06
5.362813046274521e-06
5.1502404278417784e-06
8.375027062644098e-06
8.155751839167111e-06
8.679086335361157e-06
8.87612304431907e-06
8.874934989692212e-06
8.669196905505682e-06
8.401408175964233e-06
8.125716625133029e-06
7.76726624678727e-06
9.464631712580588e-06
9.187459667641729e-06
9.501740456215112e-06
9.356870297254144e-06
9.11806963257244e-06
8.831014557759968e-06
8.532348436274266e-06
8.098109919000193e-06
7.592826582786295e-06
7.675247641332408e-06
7.65731462476266e-06
7.5865692252684315e-06
7.447969994459196e-06
7.421228755248978e-06
7.130828909780564e-06
6.86846327060878e-06
6.6154487939595135e-06
6.401527592102821e-06
8.165180124745015e-06
7.97037733892105e-06
8.383094021919246e-06
8.453741758385783e-06
8.427233302652434e-06
8.11828700233015e-06
7.752549138684316e-06
7.423993288606246e-06
7.048697998324879e-06
6.966988667485969e-06
6.49696042430049e-06
6.437806568869414e-06
6.073389777185752e-06
6.020371034309189e-06
5.615351796449445e-06
5.566630739363926e-06
5.102527649006486e-06
4.759186245580277e-06
5.347835250874598e-06
5.20070100824507e-06
5.190336393806208e-06
4.9670178295636075e-06
4.881592739933881e-06
4.737284084831394e-06
4.623189895797001e-06
4.315403722185681e-06
3.972282131298715e-06
6.532990098106794e-06
6.371813770542465e-06
7.180169791745201e-06
7.3912903975345376e-06
7.571533589779239e-06
7.3227980803986055e-06
7.086601908558573e-06
6.742791436405245e-06
6.532696384544141e-06
1.0466531056585926e-05
1.0621562581234804e-05
1.1275894088111317e-05
1.1457158256989747e-05
1.157292086511271e-05
1.1500036282590234e-05
1.1143245782182306e-05
1.0677617217514983e-05
1.0506228017018653e-05
9.704663546748842e-06
9.455542336326144e-06
9.314607097290878e-06
8.855375504206762e-06
8.637747177873711e-06
8.017448040284704e-06
7.35949928260789e-06
6.78592157880878e-06
6.257645839370761e-06
7.873218053685094e-06
8.02139669388378e-06
8.412128319266449e-06
8.904274252071443e-06
9.167992410821636e-06
9.150163809814648e-06
9.070484128998758e-06
9.064532411874853e-06
8.976633496733725e-06
8.460831746450831e-06
7.864528882411335e-06
7.59440960712545e-06
7.098396947881062e-06
6.849257691573252e-06
6.681511889358567e-06
6.678302571397247e-06
6.402238297828196e-06
6.1061663319818e-06
6.705125953989173e-06
6.467147441706121e-06
6.676258240651288e-06
6.443052759075917e-06
6.234684688114321e-06
5.6573417191066265e-06
5.323206259543781e-06
4.861098287926305e-06
4.8327033579297336e-06
8.872435590118656e-06
8.452362293441158e-06
9.11154625257886e-06
8.870278717216688e-06
8.948240170094986e-06
8.598871700290748e-06
8.542549957567956e-06
8.076435070632805e-06
7.566959227350808e-06
8.852402590860969e-06
8.805275302132336e-06
8.793870041251606e-06
8.61329076121007e-06
8.328028180595775e-06
8.109486250697377e-06
7.93101010593246e-06
7.457191848139553e-06
7.375365440820835e-06
9.391590514067825e-06
9.272586936720894e-06
9.560343423580658e-06
9.555837654326964e-06
9.428918103913693e-06
9.098851051800474e-06
8.589607474745147e-06
7.946864746696936e-06
7.381222526188207e-06
7.675783158613288e-06
7.037313446562621e-06
6.307217313118545e-06
5.935957405751459e-06
5.5077177024769565e-06
5.497202108343043e-06
5.2330687915844e-06
4.819449244657571e-06
4.3759745716396025e-06
6.722699805577524e-06
7.157793086526767e-06
7.241829980176543e-06
7.727061895860542e-06
7.858624615906025e-06
7.935117537060382e-06
7.857145234062906e-06
7.790967003254941e-06
7.54708476245575e-06
1.1645005820127872e-05
1.182366454760189e-05
1.2119770076942088e-05
1.21883504119647e-05
1.2233478825009187e-05
1.1892451769151272e-05
1.1609559310193051e-05
1.1323260609286431e-05
1.0975251399545801e-05
1.1680723712589179e-05
1.1934726935944273e-05
1.213229334423529e-05
1.2065839676619892e-05
1.2083194991339411e-05
1.1735106546269026e-05
1.1169570679689297e-05
1.0780642071140696e-05
1.019876162919997e-05
1.1080735382810685e-05
1.0381223476499173e-05
1.058074234968197e-05
1.0450954497760691e-05
1.0380371556225303e-05
1.0006793759904072e-05
1.0061522758178456e-05
9.527516537710784e-06
9.13515782478176e-06
1.106428228182789e-05
1.0963651470857027e-05
1.0816139012831881e-05
1.0675158502376943e-05
1.0271313719921242e-05
9.887722049908113e-06
9.470135136764432e-06
9.060936383140388e-06
8.536936871609826e-06
1.0376137410134076e-05
1.0275705640290197e-05
1.0361028026606553e-05
1.0196764845058031e-05
9.918066265951487e-06
9.682823178502312e-06
8.989158703183541e-06
8.561865599614628e-06
8.281254960440167e-06
9.364894078689164e-06
9.552307341161573e-06
9.555577764031046e-06
9.641685476618806e-06
9.147031915664038e-06
9.047026882037256e-06
8.590527043497665e-06
8.220192750688943e-06
7.7114693059093e-06
7.24919203032705e-06
7.163712163737662e-06
6.963652952315321e-06
6.980665583260709e-06
7.087911390757697e-06
7.122812801546686e-06
7.226142616252317e-06
7.29155556063786e-06
7.164598802854055e-06
7.81787330840546e-06
7.784406794349928e-06
7.945848428208783e-06
8.018597935435567e-06
8.29463299939243e-06
8.424807658299346e-06
8.726459792727903e-06
8.955496555096596e-06
9.108650669189128e-06
9.607804406486425e-06
9.54648340605538e-06
9.668277172144783e-06
9.578760282512438e-06
9.477676956621447e-06
9.160639934855961e-06
8.760135062421629e-06
8.158291445944264e-06
7.602991705632758e-06
9.112909698387935e-06
9.223196733258522e-06
9.394566993428122e-06
9.263926858637106e-06
9.098941375215645e-06
8.941994391543022e-06
8.694291775118564e-06
8.323191133242264e-06
8.258694236300315e-06
8.692576321236549e-06
8.518878701798963e-06
8.795174775593342e-06
8.738239350104633e-06
8.881874898767857e-06
8.800728209041877e-06
8.848470241210141e-06
8.504346877206788e-06
8.10525451723109e-06
7.68241287927973e-06
7.595899413632327e-06
7.806991230694292e-06
8.09169420816741e-06
8.404651639940333e-06
8.391599404644024e-06
8.735285755013207e-06
8.820502844170213e-06
9.165329646908616e-06
1.0973364552185519e-05
1.0698427952741973e-05
1.0910156507409389e-05
1.0991176534665594e-05
1.11467944723266e-05
1.1163252963787568e-05
1.069933548349741e-05
1.0263808000876391e-05
9.831394157927039e-06
1.1823681381169097e-05
1.17604277636945e-05
1.2059341222506948e-05
1.1843681055814319e-05
1.1691937906534273e-05
1.167267284448177e-05
1.1439895441801094e-05
1.1322773348574509e-05
1.1030356791273365e-05
1.1101663227228402e-05
1.0539614874605664e-05
1.0370747165318946e-05
1.0083278463010215e-05
9.733046473422205e-06
9.550142784611505e-06
9.099370219919504e-06
8.765836826008876e-06
8.292740027304414e-06
8.192965448607392e-06
8.015425627560488e-06
8.544781808640215e-06
8.431429944911875e-06
8.481024458616512e-06
8.542215246269205e-06
8.399510523914837e-06
7.994615994526839e-06
7.435486309604858e-06
7.222792655506461e-06
7.0987480773629825e-06
6.568908011609912e-06
6.258034728333688e-06
5.979975336968359e-06
6.087085046469853e-06
6.187224773160629e-06
6.408254547997033e-06
6.7494449077001825e-06
8.320224263655918e-06
8.683062224974801e-06
9.110088497653578e-06
9.395984704199093e-06
9.72145528984949e-06
9.938338811261984e-06
9.866898411915412e-06
9.876486467183998e-06
9.804272675174894e-06
1.263106130924417e-05
1.3178172147892764e-05
1.3996699124722373e-05
1.4354624323625076e-05
1.421939676099246e-05
1.3843545528631333e-05
1.3271645804153292e-05
1.3041837737570966e-05
1.2297353498985363e-05
1.475126010964206e-05
1.489264013174813e-05
1.5277466596424485e-05
1.537242418641262e-05
1.5190876345524317e-05
1.489137625543356e-05
1.4238084928809351e-05
1.3416027970624496e-05
1.2772137248696751e-05
1.2875258794129272e-05
1.2467518727739371e-05
1.237456434052772e-05
1.2296048601324512e-05
1.2133953756335735e-05
1.1873563437319609e-05
1.159742709675698e-05
1.1399442974502918e-05
1.1136667502787017e-05
1.0903921447936396e-05
9.88891331182557e-06
9.209207068590992e-06
8.662756018634593e-06
8.466147694223322e-06
8.144944062764683e-06
7.613560850224567e-06
7.0877761959963635e-06
6.407083708155315e-06
8.316845873035137e-06
8.137300392580134e-06
8.189580917105551e-06
8.092804171208768e-06
8.109960156115297e-06
7.5187790791995406e-06
7.247888676861291e-06
6.631731017033854e-06
6.511389827135599e-06
9.24006561175219e-06
9.685785823135375e-06
1.026023701933636e-05
1.048578856823939e-05
1.0842112053204144e-05
1.0386446353941443e-05
1.0350356413585119e-05
1.0121005827664032e-05
9.824751426250188e-06
1.0815830936708154e-05
1.082712686992574e-05
1.1060968604911446e-05
1.0881435709430388e-05
1.0919802482672367e-05
1.0615827395620543e-05
1.0448916631447136e-05
1.0406631019161753e-05
1.028108968855446e-05
1.3971083921123977e-05
1.4647036847508435e-05
1.5586549420962217e-05
1.614029211266581e-05
1.6681849645576102e-05
1.6709092176221722e-05
1.645632028288668e-05
1.6209462897244546e-05
1.5643199558905858e-05
1.631024872504373e-05
1.5666348836733627e-05
1.5308634724735404e-05
1.4665508911473551e-05
1.4164798233834819e-05
1.3520830789182951e-05
1.3174344305802183e-05
1.269514062687744e-05
1.2382134482972258e-05
1.303901212787138e-05
1.2480897914038242e-05
1.203320151802095e-05
1.1661385356605427e-05
1.1425933161755646e-05
1.086969830464342e-05
1.0636277939966496e-05
1.0283835190739714e-05
9.979530030714662e-06
1.1602874420486404e-05
1.2474360975749596e-05
1.2378387306725798e-05
1.2159833272339787e-05
1.1941097679348218e-05
1.1507779904187432e-05
1.1084413800667088e-05
1.050322035965486e-05
1.0251310468714123e-05
9.722003046892841e-06
8.131746558940592e-06
7.793489939979586e-06
7.31900379618108e-06
7.157101430333523e-06
6.926365796044831e-06
6.700747588395079e-06
6.486636804103344e-06
6.20886821730301e-06
5.541058976120462e-06
5.586664368669342e-06
5.667105014636746e-06
6.212839117061e-06
6.681786222037751e-06
7.3048803438046115e-06
7.70036823390797e-06
7.946226119703394e-06
8.318479219564426e-06
8.078980455250699e-06
8.201498707105682e-06
8.113825769371686e-06
7.707121799587183e-06
7.459942157709224e-06
7.174025450738494e-06
6.691853093616131e-06
6.258427505971557e-06
5.811924248778173e-06
5.881164493160766e-06
5.8914401910341336e-06
5.954886054170037e-06
5.961920265980197e-06
5.8749429471855116e-06
5.856829766770152e-06
5.941935985850541e-06
5.71343935015763e-06
5.506917908574692e-06
1.0311148111543185e-05
1.1424239943582089e-05
1.2263400042034501e-05
1.2600705811204795e-05
1.2996481829348092e-05
1.3096039766401985e-05
1.294489848200307e-05
1.2610675333038014e-05
1.2288466064696886e-05
1.28957770025953e-05
1.2587948903061254e-05
1.2096277030740501e-05
1.188306279321898e-05
1.1544867242356785e-05
1.1121376340690774e-05
1.0656889605363956e-05
1.0016947597320923e-05
9.282478820378951e-06
1.114246529121346e-05
1.139618821152508e-05
1.2600650036087415e-05
1.2995747291125824e-05
1.3498992480421496e-05
1.3568574144161956e-05
1.3403576892662286e-05
1.3129762590100773e-05
1.2622925360882035e-05
1.2334523875416303e-05
1.2004287014618216e-05
1.1442519228151036e-05
1.1316567219497952e-05
1.1118051353887347e-05
1.1028998554164279e-05
1.1095113192413402e-05
1.081335493785959e-05
1.0470912625504947e-05
9.131182744818646e-06
8.765995233295957e-06
7.950885982678758e-06
7.381050700814365e-06
6.843329008058211e-06
6.2513533591199076e-06
5.998373838222056e-06
5.690000586660552e-06
5.466457272248289e-06
8.153540953219124e-06
7.28460346423605e-06
7.433005090048613e-06
7.519258129975759e-06
7.579799065500884e-06
7.390318192682213e-06
7.263082040820856e-06
6.87270845149433e-06
6.651919598156949e-06
6.302957393883854e-06
7.171423147052935e-06
8.29293717443841e-06
9.39057761988338e-06
1.0101942804416482e-05
1.0569914446714758e-05
1.075132833949786e-05
1.0724983433280016e-05
1.0521242580758796e-05
1.3540805418031523e-05
1.4027187622483164e-05
1.437493947059567e-05
1.4505687396726297e-05
1.430866330431595e-05
1.3767947867861072e-05
1.3131490605002856e-05
1.2299580329280103e-05
1.162467799808319e-05
1.651871284121149e-05
1.747061672675351e-05
1.8819591900375973e-05
1.9158201539798466e-05
1.9442496655966978e-05
1.966105713632917e-05
1.940104615845643e-05
1.9366176329951973e-05
1.9000004996839115e-05
1.9568195849867458e-05
1.891861956404e-05
1.8729078601835317e-05
1.8305087527002134e-05
1.746434231326758e-05
1.6679893204533226e-05
1.5755707975790525e-05
1.5019177238622958e-05
1.4041785304963624e-05
1.4377425964802567e-05
1.3895148007693387e-05
1.3052173404093993e-05
1.1800718678177386e-05
1.0688777241067925e-05
9.598498039611817e-06
8.648651534037119e-06
7.708680465933271e-06
7.142018818460263e-06
8.959662791564177e-06
8.85578144807838e-06
9.105878858316153e-06
9.00078903982053e-06
8.920942232311325e-06
8.488808842985945e-06
8.23753708423836e-06
7.496192126424709e-06
7.139355404428949e-06
8.188095652571076e-06
8.233809025366572e-06
9.031608743302684e-06
9.116519042427327e-06
9.255108883489451e-06
9.391463123343019e-06
9.318635328264703e-06
8.976657100615407e-06
8.66536194346584e-06
1.1366639115881716e-05
1.109689859438681e-05
1.15087146061153e-05
1.1200449369345955e-05
1.111342564401563e-05
1.0773779216063476e-05
1.012887949035015e-05
9.579149783405757e-06
9.072971146530544e-06
1.0744975477807794e-05
1.0758286468185998e-05
1.0636779684474982e-05
1.0485388208563373e-05
1.0138314373560928e-05
9.623539792079107e-06
9.16407875124408e-06
8.485709125792365e-06
8.305282479094599e-06
9.89980743657616e-06
1.0086140923890722e-05
1.0162759553016183e-05
9.789142540571318e-06
9.153614640709682e-06
8.761552288462945e-06
8.15888529351143e-06
7.632122563619472e-06
6.97946990290375e-06
8.142435047566205e-06
7.70583570708403e-06
7.846335072807746e-06
7.76999348390266e-06
7.682474772621576e-06
7.12669538878209e-06
6.858974144740278e-06
6.487117862622872e-06
6.192615897239034e-06
8.94533268533558e-06
9.332870705308231e-06
1.0220432130712536e-05
1.0583321046104491e-05
1.0603640513763757e-05
1.0712863217876567e-05
1.074131812514297e-05
1.0647654894527227e-05
1.035901418712666e-05
1.1106233516004268e-05
1.1565023665028072e-05
1.1494285632455046e-05
1.1657006563765297e-05
1.1470573377014505e-05
1.0923528142731067e-05
1.0293182543176068e-05
9.692847599237048e-06
9.098094187018446e-06
1.0906308377493971e-05
1.1039340392494118e-05
1.1627756224822424e-05
1.1845778739447755e-05
1.1658548206487606e-05
1.0975716637714653e-05
1.112023228131048e-05
1.0664515101963267e-05
1.0472652264974106e-05
1.3157567307284411e-05
1.356588213630976e-05
1.4185175920929795e-05
1.471561259564839e-05
1.4477761980729719e-05
1.441899378946888e-05
1.3968044194972996e-05
1.3671303894169942e-05
1.311948426270027e-05
1.4348410984437153e-05
1.398332673586722e-05
1.405408172207797e-05
1.404601406555963e-05
1.4016764103992194e-05
1.3678648599460107e-05
1.3220889608993066e-05
1.2818230645834896e-05
1.1948502364110897e-05
1.2689196818326306e-05
1.1968417985120397e-05
1.1531086525893079e-05
1.1105029140773812e-05
1.0087951646545214e-05
9.290855219090953e-06
8.204939384875047e-06
7.647617711566135e-06
7.106855040936007e-06
9.383310470715019e-06
9.221472925336547e-06
9.64569064366699e-06
9.962926657650182e-06
1.0111389339184521e-05
1.0065327002453357e-05
1.0086800539272652e-05
1.0111143789985415e-05
9.795143191978006e-06
1.2306067154163947e-05
1.2424311731883948e-05
1.2968699456977442e-05
1.3220340903523335e-05
1.32950334717884e-05
1.3183060573143187e-05
1.2823779761677546e-05
1.2350806111750524e-05
1.1733276770928247e-05
1.3118394316216071e-05
1.3027096444784712e-05
1.354765946357062e-05
1.3424410028910553e-05
1.3123124464756345e-05
1.2477228114618736e-05
1.2049006475914566e-05
1.1442116823146e-05
1.078761074991206e-05
1.091756574067283e-05
1.0631719236925999e-05
1.0452452816272543e-05
1.0292015405989683e-05
9.762084280239855e-06
9.436592445745342e-06
9.082598280661397e-06
8.434322488191297e-06
8.124379357206959e-06
6.215494107918872e-06
5.8929474953584635e-06
5.409089007246152e-06
5.195461258700003e-06
5.2901473097765775e-06
5.05520055987833e-06
5.047301212653705e-06
4.93473331160119e-06
4.7740742627304725e-06
4.57582420585093e-06
4.711475541558327e-06
4.4859621467817644e-06
4.5797857307114665e-06
4.635918966877213e-06
4.853295478213906e-06
4.9841015794922415e-06
5.20713393509e-06
5.164499428360964e-06
5.955504380290121e-06
6.8299725281616115e-06
7.817400545622738e-06
8.777889577685133e-06
9.533199230246887e-06
1.0000859178481247e-05
1.0295633311564932e-05
1.0373271801482336e-05
1.058800987377725e-05
1.1535993206538422e-05
1.0984790604182594e-05
1.1777534529523321e-05
1.1920738878489433e-05
1.2152253286300855e-05
1.1968820625364795e-05
1.1784588490255805e-05
1.1676403101380346e-05
1.1108337561540004e-05
1.0800436393315432e-05
1.1021492036974243e-05
1.1320881170440234e-05
1.1287588887873077e-05
1.141562225549359e-05
1.124758954778634e-05
1.0973642421427437e-05
1.029195074596038e-05
9.533477972119954e-06
9.278065047298756e-06
9.188736099799256e-06
9.230703156275305e-06
9.210060656030794e-06
9.16428915110851e-06
8.984450238461442e-06
8.747960209112638e-06
8.533833786053214e-06
8.419173142076809e-06
8.385431121081277e-06
8.418002887640029e-06
7.950272798700316e-06
7.430838762216022e-06
7.09356390393575e-06
6.802178472195843e-06
6.750517231911834e-06
6.736798921226101e-06
6.600286007205913e-06
6.5864958243160395e-06
5.8904004635503944e-06
6.016188500926338e-06
5.9224308858552665e-06
5.919434752040883e-06
6.063384067740866e-06
6.416215928575834e-06
6.520873613465794e-06
6.6074347481266745e-06
9.68455239116774e-06
1.0160005240144445e-05
1.0523705114710332e-05
1.0652533005284607e-05
1.0260955455515146e-05
1.0025211944651047e-05
9.62715540564952e-06
9.089305523955716e-06
8.690755529064983e-06
9.842451003762012e-06
1.038984703010573e-05
1.0700393891798392e-05
1.1052821728031236e-05
1.1306556579488506e-05
1.1294442376596345e-05
1.1353764319527234e-05
1.142957692606913e-05
1.1269730941922647e-05
1.2202362258508462e-05
1.2372546214651134e-05
1.252100368699792e-05
1.2711356327884185e-05
1.257413319252282e-05
1.2472349656943004e-05
1.2515780653399025e-05
1.2484253886797461e-05
1.2336863757977297e-05
1.1656942166298629e-05
1.1219734664975097e-05
1.0579426770317724e-05
9.988223198486994e-06
9.169694591951725e-06
8.45437196240142e-06
7.745738757801956e-06
7.239567908461118e-06
6.909655233418062e-06
1.0208076132847362e-05
9.733338776460347e-06
1.0652943760215999e-05
1.0469702898598087e-05
1.0834351246213452e-05
1.0937716984875077e-05
1.107523984313585e-05
1.1212646454118396e-05
1.0690078305563794e-05
9.617885991868658e-06
8.869820107997015e-06
7.914108846040905e-06
7.052085079506324e-06
6.3139127332823145e-06
5.993951134331575e-06
5.3227987469744974e-06
4.7745529289346555e-06
4.36757882538485e-06
5.262430580100337e-06
5.502121480321253e-06
6.216410606276206e-06
7.030258666961462e-06
7.45287972850567e-06
7.4982405773557096e-06
7.379451971643578e-06
7.2442352752103e-06
7.293657056079186e-06
9.957549136271797e-06
9.613244227237298e-06
1.0157116292283538e-05
9.958112271568034e-06
9.832144448099574e-06
9.820239443177373e-06
9.3824381870935e-06
9.033533424001039e-06
8.535161591869016e-06
1.0313378447837332e-05
1.0200666445247479e-05
1.0312856555656897e-05
9.975260001984256e-06
9.567663661457084e-06
9.252794622248173e-06
8.893251052394921e-06
8.371606533645168e-06
7.87459291090643e-06
9.17662891914815e-06
9.007559451633427e-06
9.328732742205658e-06
9.374767097073476e-06
9.291361066554278e-06
9.040618502152992e-06
8.523230023424727e-06
8.222520855030508e-06
7.883997617073747e-06
8.728346364665407e-06
8.174930873397545e-06
7.575786472766936e-06
6.684431179735955e-06
6.355384082298776e-06
5.973949853836186e-06
5.6649812937293544e-06
5.3514249279785835e-06
5.081259448198622e-06
7.474460382179483e-06
7.928128129255592e-06
8.477303504669275e-06
8.838600603206716e-06
9.00957208813997e-06
9.14383152422027e-06
8.949173280720564e-06
8.710433912230226e-06
8.361121165768847e-06
9.017120497807699e-06
8.741264127003719e-06
8.819177743252487e-06
8.76853261140377e-06
8.567784443816168e-06
8.264310119442607e-06
8.093755833167793e-06
7.956822724917464e-06
7.933986496771333e-06
8.412882484185426e-06
8.242986619629298e-06
8.418206073906914e-06
8.119103985066595e-06
8.014299713425991e-06
7.758449347425704e-06
7.394220674958582e-06
6.907805026758084e-06
6.5840352000021055e-06
9.05605678715692e-06
9.013439288147896e-06
8.960211412190292e-06
8.806722261896816e-06
8.440220270362175e-06
7.928264621734335e-06
7.267324898754824e-06
6.70484101663691e-06
6.0847893581623875e-06
7.679305618401194e-06
7.549872697646305e-06
7.438316036871704e-06
7.520042466706763e-06
7.0356671888321e-06
6.644824115222679e-06
6.163971531151214e-06
5.815343410829539e-06
5.5402921590512745e-06
6.8483816402947444e-06
6.841467400237995e-06
6.603685131846287e-06
6.363233774840324e-06
6.3518515537646175e-06
6.181120183022959e-06
5.845264919323028e-06
5.463134789465262e-06
5.1576192408611656e-06
6.501399020174432e-06
6.469664123161337e-06
6.737563057227291e-06
6.83420857868747e-06
6.704675675365817e-06
6.535709495214099e-06
6.349812758745219e-06
6.1561435599417545e-06
5.943284296776589e-06
7.425180831517926e-06
7.85603331240008e-06
7.965598742442125e-06
7.551443861375723e-06
7.492645611626267e-06
7.33737419711804e-06
6.9242966751361655e-06
6.436053294581334e-06
6.005269723845483e-06
4.491099470635012e-06
4.348960746295085e-06
4.5112690443825585e-06
4.696012844886183e-06
4.871436261601896e-06
5.145570660211818e-06
5.070096713185336e-06
5.05726606749768e-06
4.901174952029018e-06
5.459006068598388e-06
5.035251185518567e-06
5.224670772493484e-06
5.2820445285186545e-06
5.7518192201446796e-06
6.016595028076894e-06
6.297220475356714e-06
6.557010408026081e-06
6.662858236775656e-06
9.842388891563942e-06
9.943054025337209e-06
1.0534621989079114e-05
1.0904567193109441e-05
1.140356793641168e-05
1.1776226347618907e-05
1.2004302374860221e-05
1.2028404659043684e-05
1.19901874232109e-05
1.212130494779196e-05
1.1401723938409209e-05
1.0853679675466547e-05
1.0509654230846356e-05
1.0141021364413299e-05
9.650750395939164e-06
9.05754001939139e-06
8.571555170564532e-06
8.073630862120131e-06
8.360765352465407e-06
7.909085551985608e-06
7.763319639988958e-06
7.554407166536905e-06
7.417085039092669e-06
7.1449644811116555e-06
7.171680943891279e-06
7.098586877236325e-06
7.013992267462226e-06
6.313259995049657e-06
6.000619300047515e-06
5.933215081964423e-06
5.7878795133171205e-06
5.7191572380217335e-06
5.580068473133659e-06
5.208382793422146e-06
4.972592193646255e-06
4.708360094912966e-06
5.080166164101638e-06
4.880767123344286e-06
4.721204224986712e-06
4.441379226703794e-06
4.0887886067505806e-06
3.9105706127223e-06
3.493880782623845e-06
3.410224401012614e-06
3.195122684178694e-06
5.703731303300196e-06
6.112090370353176e-06
6.674152848572199e-06
6.736344648804736e-06
6.668061446023023e-06
6.2468690552939335e-06
5.973953371644665e-06
5.607556718230986e-06
5.2937502316498196e-06
8.215999565363003e-06
8.374095184810412e-06
8.377865568874033e-06
8.466824623437473e-06
8.403673460505906e-06
8.321264040034718e-06
8.133197297469284e-06
7.963207739266405e-06
7.679549125297863e-06
9.593133525111999e-06
9.831098456128639e-06
1.015329353002677e-05
1.0118737414614022e-05
1.010741665635008e-05
1.0066885807928759e-05
1.0050781742695314e-05
9.976797307227182e-06
9.812287996736526e-06
1.2032103846975003e-05
1.2446317244307996e-05
1.3283064042020054e-05
1.377817532908286e-05
1.4094798328857373e-05
1.4372064815645014e-05
1.4453587749626724e-05
1.4522153506304386e-05
1.4255235802976667e-05
1.7152462569223317e-05
1.7858103721693307e-05
1.8789932011723636e-05
1.9275957130755235e-05
1.9285809303677272e-05
1.913171510691496e-05
1.8727372219603374e-05
1.829761305899398e-05
1.7770060548706004e-05
1.622016629025338e-05
1.544169763179424e-05
1.4579493322166189e-05
1.3711728324293141e-05
1.2882872885825264e-05
1.2028008221249782e-05
1.1206072839929252e-05
1.0462105837930871e-05
9.858062160037428e-06
1.0356333385780986e-05
9.975083292128286e-06
9.500216876939656e-06
8.887903377270186e-06
8.432428255606994e-06
7.894022176902537e-06
7.5929434785466295e-06
7.158716512678664e-06
6.715236766470759e-06
9.748511092543527e-06
9.230527018803211e-06
9.457618893783249e-06
9.196440285498554e-06
9.234859360881602e-06
9.048492294958292e-06
8.953769622822609e-06
8.734068165578964e-06
8.610572030339965e-06
8.085529343944364e-06
7.842958417012016e-06
7.610556279908879e-06
7.157429917711167e-06
6.656692806253094e-06
6.079257725597196e-06
5.605372357493009e-06
5.112162364127443e-06
4.525755992652834e-06
4.355088965507775e-06
4.333719613341784e-06
4.054207390761946e-06
3.97954585921226e-06
3.863796677745705e-06
3.524566824151095e-06
3.3110184150760023e-06
3.2293655405559804e-06
2.8927040986594657e-06
5.443783632029852e-06
5.7998544649320904e-06
6.013343256004599e-06
6.20653386275925e-06
6.32295644546109e-06
6.258904362677588e-06
6.249127083981768e-06
6.059899901651558e-06
6.046358493261996e-06
6.17028513253418e-06
5.87205580040357e-06
5.42018824255059e-06
4.8312589482722215e-06
4.5529721938869e-06
4.148359065292505e-06
4.005775891827066e-06
3.8065628758425583e-06
3.687396250282684e-06
4.429777455461987e-06
4.482206898024912e-06
4.621240955811577e-06
4.639044211354366e-06
4.643531291301218e-06
4.45339688661392e-06
4.037059626086125e-06
3.786845805669679e-06
3.5030676707087847e-06
5.7076286690765395e-06
5.636917591260941e-06
5.941795678101955e-06
6.172755526795395e-06
6.240945968320553e-06
6.415009762384313e-06
6.285610445526937e-06
6.092546488174577e-06
5.858832759314029e-06
8.335621121151847e-06
8.73769235473675e-06
9.583779027393373e-06
1.0090092060679963e-05
1.0423038918179807e-05
1.0780544207615753e-05
1.0915126134549074e-05
1.0948992715112148e-05
1.0816016693292745e-05
1.1282240632780005e-05
1.0622504435842956e-05
1.0560334041079042e-05
1.0101769062081002e-05
9.782353229819538e-06
9.32669300039228e-06
8.858558606937266e-06
8.388133132198664e-06
7.908231080813208e-06
7.956499996839987e-06
7.693146241913648e-06
7.64708576072646e-06
7.563765707125537e-06
7.366659051623928e-06
6.878893721218154e-06
6.446433035043403e-06
6.078599186648836e-06
5.53575194500689e-06
6.060926272939066e-06
5.887344701539683e-06
5.934959153279602e-06
5.980526786997184e-06
5.789783669819138e-06
5.574318274784256e-06
5.285838803511213e-06
4.9670047038965e-06
4.5651973516159625e-06
6.326236336383979e-06
7.108467562033768e-06
8.130292040718623e-06
8.911065286852518e-06
9.468749491274576e-06
9.821067041330982e-06
1.0098013548041761e-05
1.0094555050430038e-05
9.942221787384693e-06
1.010734520552693e-05
9.529676991067533e-06
9.242463808015757e-06
8.760433779804151e-06
8.279152219685753e-06
7.715738095080699e-06
7.238084356493363e-06
6.755555432452491e-06
6.395259330357036e-06
5.784604496856508e-06
4.98658798459124e-06
4.522065448679066e-06
3.879918222739026e-06
3.3887284710013763e-06
3.0010652241902046e-06
2.672286100024445e-06
2.5123460236130573e-06
2.3881756779998047e-06
4.209547292839968e-06
4.5180127240308944e-06
5.013945257870136e-06
5.169814750637997e-06
5.25262811042761e-06
5.0657153451662765e-06
4.823195610976743e-06
4.383636829719692e-06
4.2158056482994826e-06
4.071802014770539e-06
4.11800915400688e-06
4.088123514998185e-06
4.1520495007879725e-06
4.077502998258955e-06
4.0435358192794835e-06
3.995169134598197e-06
3.9446701706086945e-06
3.825202101669747e-06
5.371681001513942e-06
5.552161257635184e-06
5.841700752969061e-06
5.892254009452061e-06
6.063980847517633e-06
6.0234786488481735e-06
5.9541697659506674e-06
5.691417624909817e-06
5.455085942785625e-06
5.6242814861700695e-06
5.4371625969739935e-06
5.390056534307351e-06
5.288548102077377e-06
5.087345272629782e-06
4.891136406076598e-06
4.682924853544749e-06
4.427809348871833e-06
4.260669030970051e-06
4.893860728722259e-06
4.998797731389285e-06
5.133695051547073e-06
5.14962692019485e-06
5.270205152557982e-06
5.089097694501424e-06
4.917742963551699e-06
4.757189664895904e-06
4.502467296953045e-06
6.17165761325864e-06
6.559732023845396e-06
6.88837613212719e-06
7.077261921538618e-06
6.9936514545248546e-06
6.943135890501382e-06
6.760418911411212e-06
6.502828850092101e-06
6.249777516610811e-06
6.372963432241882e-06
5.8462576705843725e-06
5.655358903491602e-06
5.298790222471252e-06
5.092064361301937e-06
4.630114282890436e-06
4.292465843796083e-06
3.988603958935514e-06
3.8074127873330572e-06
5.262315670803234e-06
5.472171347204248e-06
5.839291647704332e-06
6.017214041450291e-06
6.066674132705041e-06
5.871927101625272e-06
5.569516233590184e-06
5.238811570905892e-06
4.792099760973319e-06
5.847089460851381e-06
6.0526967347265526e-06
6.209647414575375e-06
6.287189452283006e-06
6.324973363401935e-06
6.117691137951537e-06
5.801459978418495e-06
5.375153973577658e-06
5.030502128422759e-06
4.574016840140944e-06
4.252429429254229e-06
4.0788052578852084e-06
4.025160422310165e-06
3.883565399589205e-06
3.7588072316879817e-06
3.6509567883638106e-06
3.479061430494373e-06
3.2509595343415146e-06
3.9749794055728736e-06
3.597879183354288e-06
3.5659899576310515e-06
3.3575070253296563e-06
3.1813727202996844e-06
2.96065092353611e-06
2.747343630359189e-06
2.6618559754653586e-06
2.4288145397333703e-06
3.4757429929948666e-06
3.670698880669049e-06
3.7146644011984858e-06
3.849456288524499e-06
3.818091825161705e-06
3.762140185076547e-06
3.6584795081491684e-06
3.5663396053159294e-06
3.619289481406157e-06
3.510885605472006e-06
3.394633697585124e-06
3.2818731751964702e-06
3.081600171668069e-06
3.0334329686948124e-06
2.8792531348872587e-06
2.8198365689851906e-06
2.64479847282542e-06
2.453355788719268e-06
2.989729132539117e-06
2.89305977750251e-06
3.032154639711992e-06
3.0438907941858243e-06
3.1054209140207635e-06
3.140289469415688e-06
3.1143639556265062e-06
3.124147020116019e-06
3.094367479103046e-06
4.762470739634056e-06
4.998713840044161e-06
5.663110240164624e-06
6.183466252189691e-06
6.473446562444924e-06
6.676841072651551e-06
6.723018913200256e-06
6.715224817599547e-06
6.620822635853591e-06
5.634931570485726e-06
5.130632064314473e-06
4.603131455001525e-06
4.236541712786884e-06
3.7979696704260925e-06
3.3966077399516085e-06
3.080414912537048e-06
2.7162146763166538e-06
2.340603294564484e-06
3.5651098923516155e-06
3.6039687289994855e-06
3.956150782024288e-06
4.128876347897846e-06
4.2558915178889965e-06
4.4548288082348115e-06
4.552899784000664e-06
4.376391531353431e-06
4.3623662770791e-06
5.117167665268438e-06
5.1782291932661455e-06
5.173886559273737e-06
5.157626089494288e-06
5.032935387782173e-06
4.935385164364042e-06
4.802200868647983e-06
4.574601508738319e-06
4.4205032850246176e-06
5.550399877746748e-06
5.503314985022827e-06
5.756692819204437e-06
5.877367034768518e-06
5.827514402504864e-06
5.750618696812887e-06
5.479992973553844e-06
5.252818452007633e-06
4.8887231561483434e-06
6.116786082265162e-06
6.084649979703965e-06
6.16528397884829e-06
6.151034956054445e-06
6.013298952014517e-06
5.804658891657945e-06
5.465746485159266e-06
5.167973481990845e-06
4.907904551683601e-06
5.4536129051043226e-06
5.369946206332835e-06
5.160690505449164e-06
4.957922200842719e-06
4.7972169011447535e-06
4.470537115063367e-06
4.175074320744245e-06
3.95858898287685e-06
3.6629289634485665e-06
3.8105095611388758e-06
3.6361123214126244e-06
3.562562510766508e-06
3.4254560801734173e-06
3.3032250584604505e-06
3.1646344911409328e-06
2.986731115076468e-06
2.799765508704009e-06
2.5683224971695406e-06
3.0021800760144148e-06
2.9578449878258005e-06
3.1125581528608683e-06
3.207326926556726e-06
3.3632835043964016e-06
3.428613393814891e-06
3.4789229884098727e-06
3.5473848036259126e-06
3.5138008177687803e-06
4.217389979670641e-06
4.106723404039435e-06
4.305230927082165e-06
4.4685026454883795e-06
4.6201249432778865e-06
4.709752414534804e-06
4.702095869972338e-06
4.682010708473273e-06
4.5598920235321185e-06
4.2514260474382055e-06
3.973002891763515e-06
3.77707960027893e-06
3.510922429183055e-06
3.3227103239115564e-06
3.060046425405395e-06
2.8632851255918964e-06
2.6334711266170897e-06
2.4953054796605757e-06
3.141971997316101e-06
3.1345581829287506e-06
3.2337631372668754e-06
3.1894376185791984e-06
3.2450309373519373e-06
3.172819052953454e-06
3.0489395992067153e-06
2.8596204985919097e-06
2.7118102382279583e-06
3.4695901062616655e-06
3.4302516147562175e-06
3.6397043684146457e-06
3.7165644257511142e-06
3.7666263708216323e-06
3.6370457154119337e-06
3.557413859627797e-06
3.405378178308024e-06
3.32096263019975e-06
3.840483228752548e-06
3.860304666142101e-06
4.072575394871832e-06
4.102236168196427e-06
4.013568538426251e-06
3.871459552452749e-06
3.6398220097910203e-06
3.3503066989925963e-06
3.0454958611344424e-06
2.703158506505625e-06
2.5103765086890567e-06
2.314878200462213e-06
2.2344897289597624e-06
2.1183613683554175e-06
2.1045936508757336e-06
2.072447244996003e-06
2.084683812887613e-06
2.028639701474111e-06
2.5039373830217387e-06
2.4610766126243775e-06
2.4099165896871016e-06
2.29335187225932e-06
2.1690862133994535e-06
1.997614970947907e-06
1.9036718372461822e-06
1.7140179495361983e-06
1.5521239002367565e-06
1.503640264751049e-06
1.4252866203203177e-06
1.4051374709395638e-06
1.4024584778648028e-06
1.4576044038818882e-06
1.434468300372789e-06
1.3991334876402401e-06
1.3724453917164882e-06
1.3792587329077592e-06
2.6037964484774985e-06
2.580573904043974e-06
2.8427463706789975e-06
2.836471541320174e-06
2.9367595903851448e-06
2.9608996868787406e-06
2.9464012422755008e-06
2.914639387424741e-06
2.87900935648717e-06
2.7714169233593448e-06
2.6664767942503818e-06
2.507661515113519e-06
2.45084952022603e-06
2.292061604321379e-06
2.141743308339275e-06
2.0034810842167896e-06
1.8404573292998413e-06
1.7261678169033706e-06
2.258611159822034e-06
2.285802701796258e-06
2.3897288165786396e-06
2.464505403781805e-06
2.447598900575952e-06
2.3946088779539313e-06
2.3787573111657256e-06
2.431489206776521e-06
2.4055090158034746e-06
2.20336943571863e-06
2.2367544387553137e-06
2.208549321648455e-06
2.173204285913408e-06
2.1079944768213317e-06
1.98801448470456e-06
1.9028196303355306e-06
1.8052751159861542e-06
1.7406181204637626e-06
2.0746194987498205e-06
1.892503061358431e-06
1.900767912122103e-06
1.8682257816538607e-06
1.9066768377562802e-06
1.8164021244399453e-06
1.7917737300109182e-06
1.72362392644669e-06
1.6010083721750172e-06
2.055601403905061e-06
2.0820279449125783e-06
2.21337440110959e-06
2.237797948990117e-06
2.2618353893151717e-06
2.3196184561175227e-06
2.330428774792575e-06
2.313546768859286e-06
2.3127105624385804e-06
2.793422477902169e-06
2.838902903724227e-06
2.90528486631344e-06
2.9297227855957285e-06
2.9103483124455036e-06
2.8694011096169865e-06
2.7806261549559892e-06
2.7006113010492256e-06
2.577586792027762e-06
2.8661478095937553e-06
2.760050520559388e-06
2.7308853048861507e-06
2.681412166362215e-06
2.6165915741595516e-06
2.5023162184829764e-06
2.384094860052578e-06
2.232817346611749e-06
2.0610483679736145e-06
2.043403539963555e-06
2.047663559325265e-06
2.043649411411228e-06
2.0663544194068055e-06
2.0863497662578298e-06
2.097334379799058e-06
2.0731861974005065e-06
2.033195411810897e-06
2.0339356225160404e-06
2.0324840686877313e-06
2.0532553724340593e-06
2.04082599471782e-06
2.0048080377154647e-06
1.9049924483362993e-06
1.796583007069747e-06
1.6746497692617038e-06
1.501517513983369e-06
1.3482380464525384e-06
1.671276218658084e-06
1.5837333223000874e-06
1.6464700138403511e-06
1.6897370226217727e-06
1.7503655025717153e-06
1.7727546639097256e-06
1.7711991036609346e-06
1.741260728226145e-06
1.7199141087571587e-06
1.7751529907195542e-06
1.7799356839998672e-06
1.7770753641675625e-06
1.7436822638816961e-06
1.7058508016216694e-06
1.6032515974080037e-06
1.5550627680895248e-06
1.454782666207434e-06
1.3716868523858732e-06
1.5967979886011922e-06
1.5670264446957615e-06
1.5776521350156985e-06
1.5605234863185363e-06
1.4913703863291047e-06
1.4062238866904742e-06
1.32181455758305e-06
1.231344030825888e-06
1.1378765796182114e-06
1.4032790611935042e-06
1.4323975309030036e-06
1.5197807424486611e-06
1.5483025915289251e-06
1.5420909754909301e-06
1.5136153345462322e-06
1.477423752071668e-06
1.4160775688156654e-06
1.390170720709438e-06
1.516593045924673e-06
1.510943872264946e-06
1.5140308618652904e-06
1.4905184441449387e-06
1.488567593434236e-06
1.4636099150231995e-06
1.430089844607901e-06
1.3620396786407112e-06
1.3331682351208261e-06
1.3517173397312916e-06
1.2932114787069425e-06
1.27229983472026e-06
1.2457149077382461e-06
1.1939349023124246e-06
1.1511390299550782e-06
1.0924144262830733e-06
1.029107133671757e-06
9.687580654015988e-07
1.3259568176707775e-06
1.3248135287850487e-06
1.4724899697467843e-06
1.5400330776719981e-06
1.6072610873870583e-06
1.6269849086194379e-06
1.611854479488234e-06
1.5344843960781204e-06
1.455772759943379e-06
1.6063860291136316e-06
1.5904431084378347e-06
1.5979718749472435e-06
1.5576027266859788e-06
1.5278768398198122e-06
1.4809147962822758e-06
1.3969422121599505e-06
1.3127559566052684e-06
1.2425607200242256e-06
1.2753200536946647e-06
1.3086479293628498e-06
1.2828627967149485e-06
1.2625410970398625e-06
1.2131021422658242e-06
1.151994034217423e-06
1.088945416992215e-06
1.0183865196823964e-06
9.39999705630094e-07
1.1359431304087825e-06
1.1338430879210371e-06
1.160156639936494e-06
1.1514992768349045e-06
1.1061771635272293e-06
1.0624404301468246e-06
9.826363730455094e-07
9.250061775619331e-07
8.48265551384776e-07
1.1205609497130751e-06
1.0520003221942962e-06
1.1015148317975724e-06
1.0706074097277498e-06
1.062053057525529e-06
1.0368917322874714e-06
9.880355591638192e-07
9.350528291626077e-07
8.655317241791768e-07
1.1642677193177438e-06
1.1023641696552848e-06
1.1450790505029846e-06
1.1464331606188899e-06
1.1428506155867764e-06
1.1149015492867426e-06
1.0831786573816913e-06
1.0298384132101228e-06
9.766731751241728e-07
1.0375491847119483e-06
1.0222923090040034e-06
1.0332014152148479e-06
9.97701323798261e-07
9.565578230652718e-07
8.992965992314913e-07
8.253880165288505e-07
7.551454416948471e-07
6.765427109731707e-07
6.628302466743e-07
6.093004010481545e-07
5.666672215469842e-07
5.629705389730878e-07
5.618484862091053e-07
5.238337505612019e-07
5.064514377950832e-07
4.945357761905466e-07
4.602576827324159e-07
6.732332446938931e-07
6.96626388813839e-07
7.453101717575467e-07
7.432725755804761e-07
7.178839479374849e-07
6.957399726622473e-07
6.796274294777562e-07
6.395630936253483e-07
6.009441438382336e-07
6.029250377241716e-07
5.891740363103441e-07
5.698488848072705e-07
5.448792135521577e-07
5.257649585515354e-07
4.823443815436797e-07
4.3341959922868916e-07
3.921138094353116e-07
3.519713131411989e-07
4.436635950120033e-07
4.3865866836390444e-07
4.380281286378384e-07
4.1097313746470306e-07
3.949955217245132e-07
3.8328650334319595e-07
3.570415734601877e-07
3.37252543911286e-07
3.0744315633594435e-07
4.546063930674474e-07
4.373933039420501e-07
4.692930320360208e-07
4.670748699211659e-07
4.5423640981594866e-07
4.4767817349400776e-07
4.0513018900188054e-07
3.8777433029014756e-07
3.446603469497046e-07
4.3298143317973056e-07
4.7254041081755496e-07
4.891643497418236e-07
4.908979946486642e-07
4.675431275726008e-07
4.5346821390690285e-07
4.330060906264783e-07
4.226357378264064e-07
3.908102967915488e-07
5.348939894399835e-07
5.494023703985844e-07
5.752737986531643e-07
5.976168214163577e-07
6.066562175361287e-07
5.728190435788645e-07
5.556027761451582e-07
5.493967092803937e-07
5.32215163623654e-07
5.359248369917803e-07
5.334591532390184e-07
5.409807339406487e-07
5.17375262018596e-07
5.217911854300733e-07
5.276188684329239e-07
4.870016698433533e-07
4.834765509531769e-07
4.8700996124549e-07
5.944467113629606e-07
6.224748348512323e-07
6.111857862942432e-07
6.232966981247206e-07
6.147604479078129e-07
6.007886840425975e-07
6.104996775717443e-07
5.785975439548578e-07
5.812846408832567e-07
5.720765347910417e-07
5.751164868760053e-07
5.476955044370826e-07
5.613948384034929e-07
5.249020006588186e-07
5.349304203538773e-07
5.054610143533352e-07
4.987229233974495e-07
4.7179422416947476e-07
4.268978384921772e-07
4.0289790912795753e-07
3.5489437210535105e-07
3.1539722282781786e-07
3.2796601693776886e-07
2.7710164599625913e-07
2.5885357259101063e-07
2.6376210615399545e-07
2.1646150888226715e-07
2.1978108548880952e-07
2.535300997339375e-07
2.5035468523467134e-07
2.532157339170519e-07
2.495107428989624e-07
2.477119964423482e-07
2.1894254415231917e-07
2.0224603515686525e-07
1.8890303252833825e-07
1.8858640561416605e-07
1.7810265924547446e-07
1.898596485064683e-07
1.9730978130135546e-07
2.250241757162649e-07
2.297915161173904e-07
2.4193741875079175e-07
2.452574454448237e-07
2.1719198505156083e-07
2.216768269484784e-07
2.247849086695534e-07
2.0430933927107862e-07
1.9774374283509917e-07
2.0886599599323676e-07
1.837649573299845e-07
1.8627266417352668e-07
1.8351981352834617e-07
1.5382841791651985e-07
2.0184562960696284e-07
1.8225163574098327e-07
2.0202424811142113e-07
2.0322571193336568e-07
1.923874986953875e-07
1.9447158186858891e-07
1.7289979076793624e-07
1.8370471513533002e-07
1.7230124620215005e-07
2.1986161114357026e-07
2.2526475410331627e-07
2.2381814490535727e-07
2.3769532000676034e-07
2.3307099238112682e-07
2.2901154485288515e-07
2.0563815995245647e-07
1.9833011559333623e-07
2.0479251662269785e-07
2.0934821953418911e-07
2.046882598438147e-07
1.9928674407096005e-07
2.2541667518193693e-07
2.0790392063801148e-07
2.0596269424815906e-07
1.8947370414471958e-07
2.0974246868861886e-07
1.622861936601233e-07
1.7390390555457462e-07
1.6747801165189336e-07
1.4668059803817388e-07
1.299437944275432e-07
1.383835538641614e-07
1.1497278694698842e-07
1.1115957084588608e-07
1.0392111110951975e-07
8.005094337797322e-08
8.834939382654607e-08
9.368172041530125e-08
8.365347096461994e-08
7.016459984312723e-08
7.652094967607478e-08
6.034825752394687e-08
5.7770644403621967e-08
4.152717293779975e-08
3.3617327772378703e-08
4.1280203799935346e-08
4.851937265408833e-08
2.196442613406262e-08
3.269953038457144e-08
4.3152179967675396e-08
3.26290570312694e-08
3.0369102272171934e-08
3.880897285872003e-08
2.577853369648222e-08
4.484767313654822e-08
3.803231586598126e-08
4.0327748957972215e-08
4.198754751127953e-08
2.9310116805349708e-08
4.696689408305164e-08
4.894452666503406e-08
2.5814218811861868e-08
2.5072671223543158e-08
