1.9725731672580724
1.9724319938747361
1.9722685649227325
1.9720998212080623
1.971925762730725
1.9717422373323878
1.9715774796897174
1.971427835903381
1.971302108549045
1.9712929738007114
1.971767482455055
1.9723376568374007
1.9729329102560802
1.9735731730710941
1.9742885069087763
1.9750260963151256
1.975768668311475
1.976518880279158
1.9772377019298402
1.9779161646015215
1.9785501161358685
1.9792674430095507
1.9799751368758995
1.9806431361085806
1.9813308996149288
1.9820934019712786
1.9827504395059596
1.9833124756579719
1.983785323448982
1.9841953906059908
1.9845235772006646
1.9847984500823372
1.9850751499136767
1.9854073225803506
1.985646154727689
1.9858288496943597
1.9859431170916955
1.9860050672940301
1.9860470871363645
1.9860362915246974
1.9860093855386969
1.9859072424436948
1.9857469691320244
1.9855989862090213
1.9854388789836845
1.9853071725213483
1.9853540088673494
1.9856255600223551
1.9859746734950294
1.9870487538127193
1.9883229681620804
1.989600005979108
1.9908047962411342
1.9919210624874917
1.992936680415847
1.993865435191867
1.9947833943562203
1.9958388730045764
1.996896012516266
1.9977463745429511
1.9984394528119662
1.9990194262879788
1.999505560985656
2.0000322207486674
2.000552569231012
2.0011664243190252
2.00199536120871
2.00293707071873
2.0037806232057487
2.0046273313331002
2.005407106668117
2.0061441978154666
2.0067721702418133
2.0072931830694913
2.0077965907458357
2.0082696046231794
2.008749760212856
2.009288046019201
2.0098137092642125
2.010601290656896
2.011318949703245
2.011981302000593
2.012608443995273
2.0130806274409503
2.0136461514059625
2.014538865447648
2.015524753922336
2.0165098119653577
2.0175131395050463
2.0184531881517334
2.019646850629426
2.0212896105524614
2.0227940205598274
2.0242980983945267
2.02568741057289
2.0270200873115853
2.028292640797613
2.029516032728973
2.030707702170665
2.031970124390359
2.033093366262717
2.0341508379470734
2.035182400163429
2.0362162875884513
2.0370982060184706
2.0378514075401535
2.038411118483499
2.0387992622445075
2.039059353442513
2.039219626754183
2.039307818597185
2.0393730905261864
2.0394116225555208
2.0394308885701875
2.039488686614189
2.039708086660527
2.0402840740645396
2.040967519326221
2.041711918272237
2.0424569815635865
2.0432229717329364
2.043806266935616
2.0442872529569596
2.0446582898256342
2.0449082497573063
2.045001258103975
2.044951764376641
2.044827697885638
2.044627065594967
2.044506819089631
2.0445061547442975
2.044492369578631
2.0445199399099647
2.044546347636965
2.044527579881298
2.0445272477086314
2.044508313866631
2.0444789165856303
2.0444114855342956
2.044276125172626
2.0440896102202886
2.0437624201436146
2.043337073043939
2.0428770139005956
2.042383239231585
2.042092089889245
2.0420269840465775
2.0422810961365827
2.042622735724257
2.0429977586649315
2.0432711367696044
2.0434043380089406
2.043638685825279
2.0438667223609506
2.0439270116999517
2.0437770357409484
2.043418953606274
2.0429414553979304
2.042330091604917
2.0415617762269007
2.0408645457995522
2.0401380841775363
2.0394760640528555
2.0387077486748386
2.0378618709791536
2.036880134662799
2.035934106908112
2.0349289524187566
2.033923797929402
2.033569037521394
2.0339005458427346
2.0343973100657453
2.0348542135687553
2.0352705920064307
2.035913013943778
2.0365707158237925
2.0371322537168046
2.0375896554788144
2.0380487181041578
2.038678351393838
2.0391267844938477
2.0393584749288527
2.039317119431852
2.039156015688515
2.038753754589173
2.0381604942064935
2.0375640781834807
2.0370420688378026
2.0364750500957904
2.0357992448054425
2.034995220865758
2.034060486981738
2.033052841197383
2.032031078074694
2.0310998320036737
2.0301330434573197
2.0291893409112993
2.0280468330242742
2.026803510732914
2.025477477447552
2.0239895099871865
2.022420160223486
2.020725913537116
2.0195018572604226
2.0186627891044044
2.018483083691734
2.018681722946405
2.019384932481753
2.0206280886867805
2.0222522469404822
2.0237003536808467
2.0251026205932106
2.0263640462949044
2.0272911402075913
2.027931901281605
2.028274371300946
2.0283776770002815
2.028383822194615
2.0282125871849446
2.027918614374938
2.027927915209605
2.028041684347941
2.0286540446589543
2.0290614544346295
2.029286999675301
2.0293506107409693
2.029344963805636
2.0292810205673013
2.02893456447596
2.028441454152283
2.027719809033934
2.0268164654669145
2.0258450265032266
2.0248265851072045
2.0238637826328505
2.022826407394828
2.021553687822467
2.020929037122787
2.0213502320641292
2.0226656358241577
2.025121554435211
2.0279556516272725
2.030849539899335
2.0332748986250544
2.0352581355314308
2.036844592187465
2.0380897414284918
2.038967175527511
2.039484700542189
2.0396662329045263
2.0396115905008583
2.0393800661521864
2.0388605481015087
2.03800703043449
2.0378764865764873
2.0380570224208245
2.0381359134291595
2.0382063340344945
2.0380150025784904
2.0375866659248145
2.0369291301311336
2.036062159471115
2.034981767872758
2.0338749685474005
2.0327613596823766
2.031566202427684
2.030211436206655
2.028751039077623
2.0270788818735865
2.0252519322068805
2.023215381587503
2.0217546522858045
2.0208403470207847
2.02014427919777
2.0198913297120975
2.0200519351964346
2.020264193530439
2.020634233881114
2.020970558706121
2.021204740436126
2.021421649187464
2.0217068194218037
2.022130837830813
2.022268523401149
2.022352064826818
2.022226503558815
2.0217574757534713
2.021102099082124
2.020812444516784
2.0207988254374505
2.0206823989177813
2.0203665027117745
2.0200024414691002
2.0196340619817588
2.019040801599079
2.0184126630863988
2.017830530488053
2.017090615873037
2.0161751480036836
2.015088777297327
2.0140924253836388
2.0130871048079504
2.011883311063924
2.010597636757563
2.009654266384209
2.012810404976611
2.0169165573957
2.023109086334167
2.031381016166013
2.0409550628512205
2.0502178637477546
2.059032729803279
2.067000057299785
2.0741283166402726
2.0804045530907422
2.0857810998735253
2.0903107724426233
2.0941266059510393
2.097325760903775
2.0999123894591647
2.102187440053214
2.1038172452422494
2.1056456896859554
2.1071150554769873
2.1082246782700116
2.109020065720362
2.1093731652650365
2.109274343896701
2.1087159616440223
2.1077976703070025
2.1065840774693094
2.1052734902129475
2.103648999786579
2.101738342607871
2.099605295828825
2.097278758471441
2.0948058990543874
2.0922687642263327
2.089753054535278
2.087984068998906
2.087499429078229
2.089280538916934
2.092810703932011
2.096945091027767
2.1005383688495116
2.1036421902469122
2.1063196680266367
2.108417670589349
2.1099923351157166
2.1110941518510735
2.1118098178614226
2.11213667576543
2.1121293679667628
2.111751853731088
2.1110625954477396
2.110087170412052
2.1101609127440537
2.1114145323880806
2.114404750733479
2.1188103568115744
2.123271269638671
2.1273905428780933
2.1317534647685212
2.1356945273722734
2.1390494713056794
2.1417505333447378
2.1441071323284557
2.145928268973495
2.1472541361725237
2.1479498718228722
2.148203153481211
2.1480013585862068
2.1473737183325263
2.147883105116871
2.149005682643895
2.1500834168609186
2.1509806152336046
2.1515026245792828
2.1515129219319493
2.150985763909938
2.1500267814212504
2.148676333444888
2.14721410936619
2.145437649944818
2.14353297187411
2.1416048756304016
2.139917770656365
2.137944997188989
2.1356971847536066
2.133286773797888
2.132476936836537
2.1328617588708787
2.134712957142252
2.1375234700749797
2.14031621177004
2.1428663013320954
2.14493706573614
2.1466376237031772
2.147906357203538
2.1487040698625552
2.1489196499232266
2.1487696739642232
2.1483056287488798
2.1478266357635363
2.1479071876352047
2.1486874612292217
2.1491295830485644
2.1501465296675866
2.1507896159502673
2.1511236155666076
2.1510737896666066
2.1506295087249305
2.1497917692595787
2.148585152047886
2.147109308889854
2.145471697643152
2.143570175212777
2.1415015699310658
2.1393321502450187
2.1370323527873025
2.1346245992129167
2.132256042013199
2.1299829844551494
2.1276689035727663
2.1263637971654044
2.125128114845378
2.123840779675683
2.122322418416317
2.1205755223622793
2.1186759929679044
2.116364735553188
2.1137784391704653
2.110943511546737
2.1079117716180047
2.1049067715889396
2.1018180640478725
2.0985401841731353
2.095170458556062
2.0917537305066545
2.088332850298914
2.0848963579758393
2.0823593892341177
2.079942999170399
2.0777039893106837
2.075648172676639
2.073305691031255
2.070821205570868
2.06829685939048
2.0656102468624216
2.062765354058693
2.0600189504506337
2.057375022110243
2.054793874403854
2.0521501121497967
2.0494023798510703
2.0464516900530065
2.0434749247006088
2.04044883170721
2.038322926640497
2.0366534268177943
2.0350998552557606
2.033602919133395
2.0319707887356926
2.0302174153146546
2.0283306745679472
2.026360226309238
2.0243627059781946
2.02216355683848
2.0199316886910985
2.017886667668721
2.0157112688746737
2.013407485344957
2.01108227667824
2.0086208772181866
2.006049362519131
2.004310604695427
2.002861169264395
2.001354101875696
1.9998187998103294
1.998263899557629
1.9966186483395933
1.9949679162725575
1.993299579054188
1.991579090727151
1.989947458588449
1.9882234824484115
1.9864887106967073
1.9849715120416744
1.9835129418623094
1.982017168344277
1.9808318101832514
1.9797578959518947
1.9797899506142287
1.9800824286472352
1.980349993730241
1.980693626353915
1.9810013843295884
1.9812633024772608
1.98138371506893
1.9813946767669302
1.981186072332259
1.9807789947292502
1.9800970442445687
1.9792353883472167
1.9781297516261929
1.9768799519678324
1.975463567717135
1.9739862297821031
1.972369379327068
1.9715459232863835
1.9709039996080362
1.9703100748800233
1.9696761233456763
1.9691190697836642
1.9684467523063163
1.9676671430576327
1.9667800759512801
1.9657081547559236
1.9645038627528977
1.963095284559867
1.9615261008824998
1.9598727114341306
1.9580891103004252
1.9561797818123838
1.954163659812007
1.9520842589186285
1.9505788523932626
1.949049529435896
1.9475162204065295
1.9459867313628296
1.9444120668364622
1.9428495266124284
1.9412257005313933
1.939707837531027
1.9382589003589956
1.936830557892298
1.9353577042882661
1.9339205592459017
1.9324845768078704
1.930967544239171
1.9294923654264724
1.9280773098664417
1.9267637330560798
1.9262483671637354
1.9259479169867288
1.9261551927307334
1.9263405450787374
1.926447836850073
1.9265250669950746
1.9264998218724074
1.926252685408402
1.9259053988853947
1.9254215893963842
1.9248914418203726
1.924225103451025
1.9235112643903427
1.922660570190991
1.9218050594879725
1.920908691546953
1.9201109788879358
1.9199113431152648
1.9199807672025997
1.919908519647598
1.9197323020479276
1.9193821920572534
1.918846231459575
1.9181865365435606
1.9173559387905428
1.9163570955818543
1.9153011186744981
1.9141606038234735
1.9129607961514474
1.9117234529680873
1.9104739854823936
1.9091858198810323
1.9078489909840033
1.906500536043641
1.905892327890961
1.9055111597559526
1.9050801657209433
1.9046586386069342
1.9042361149749252
1.9038561094442503
1.9033042045585715
1.9026307244768903
1.9018062719182058
1.9008708736888522
1.899864722681497
1.8988075831698075
1.8976773656714496
1.896472741495757
1.8952214470603965
1.8938558852277003
1.8923551291196676
1.891245672412977
1.890079912439285
1.8889023603359263
1.8876965735559001
1.886419369652539
1.8851486431161781
1.8838453636584833
1.8825204929774546
1.8811698789147586
1.8798421847660634
1.878450049120033
1.8769635764366674
1.8754666403143019
1.8740346439482707
1.872596336301573
1.8712266223105432
1.8697760242751784
1.8689304787521601
1.8686222225174869
1.8681533607984766
1.8676416488054655
1.8671550158487884
1.8665949727327762
1.8659591942487626
1.865247182137747
1.8644612616083966
1.8636014326607113
1.8626808161150248
1.861678319007003
1.8606605419563143
1.859599582458958
1.8585005891912676
1.85738631598091
1.8562570950005521
1.8555048899968694
1.854796863957854
1.8540723953718383
1.853424160412824
1.8527192900141423
1.8519441650964588
1.851173358423442
1.8503289755047572
1.8494289536644042
1.8484668155353834
1.8474844148736955
1.8464488665853398
1.8453601706703162
1.8442058706536244
1.843014699470932
1.8418170509212393
1.840591499867546
1.8397695386038617
1.8390143440461786
1.8382442017184952
1.837443499505478
1.8365876566297927
1.835658071422106
1.8347025767464185
1.8336964257390633
1.8326504140117075
1.8316052327160182
1.8305678574779956
1.8294725181096385
1.8283331658629471
1.8271735510835887
1.8259519861018956
1.8247191272495356
1.8234508920081747
1.8224105272161522
1.8213532216181294
1.820267016998106
1.8191401212264147
1.8179697108353894
1.8167715640266968
1.8155282417353364
1.8142810994583094
1.8130166842026154
1.8117521028605879
1.8104677572448935
1.8091709551541988
1.8078504027178368
1.8065349989578083
1.805184218808779
1.8038257986884163
1.8024482786397198
1.801586290569701
1.800710351247682
1.7998246128319961
1.79892392664631
1.7980067979136234
1.79707937182827
1.7961245414979161
1.7951368260735614
1.7941210420588727
1.7930597503888497
1.7919713866464928
1.7908494734648017
1.7896968343114434
1.7885172891720846
1.7873060215430583
1.7860914321873653
1.784879168040339
1.783877501363984
1.7828464374066284
1.7818314838236065
1.780800087693584
1.7797708506858951
1.778746596268206
1.777717359260517
1.7766688562381612
1.7756173636618051
1.774548598106782
1.7734667117314251
1.7723650610824013
1.771245971368377
1.770126549481686
1.7689825468176612
1.767819112052636
1.7666505286112775
1.7656196307402552
1.7645656468688988
1.7635189707962096
1.7624707999465201
1.7614080134994972
1.760339247944474
1.7592625102454507
1.7581842777694274
1.7571003983580704
1.7560216676230471
1.7549469229600239
1.7538781574050006
1.7528127135766443
1.7517575671009546
1.7507196936039322
1.7496843114019098
1.7486510883222208
1.7476994136322002
1.746742590265846
1.7457922442664922
1.7448455521664716
1.7439068322104514
1.742980402643098
1.742052644385078
1.7411331904437246
1.7402158956247047
1.7392931199566848
1.7383686834253314
1.7374390982176444
1.7365075199739577
1.7355771043346042
1.734648349558584
1.7337232486818974
1.7328031303952107
1.7319459588288588
1.7310989185288406
1.7302664938261558
1.729448850807138
1.7286421694861205
1.7278426298774365
1.727050231981086
1.7262671349194025
1.7254918439153857
1.724722532019369
1.723961358353686
1.7232093194363363
1.7224689065623202
1.721738292781971
1.7210189728722887
1.72031127900594
1.7196170381325917
1.7189712944685778
1.718340498574564
1.7177269756592175
1.717129397031871
1.7165464340018586
1.7159755952741795
1.7154152199855006
1.7148644777041553
1.714325029293477
1.713796044321799
1.7132793497387877
1.7127757759761102
1.7122863195517661
1.7118114787247558
1.7113507552360792
1.710905477776403
1.710477141122727
1.710073385246385
1.7096666398160427
1.7092574030907006
1.708846007243025
1.708430957496016
1.7080127521086736
1.707591391080998
1.7071672065856554
1.706739700363646
1.7063090385013033
1.7058758853439606
1.7054404069779512
1.7050019390579416
1.7045616441882656
1.7041195223689225
1.7036762379452464
1.70323195700357
1.7027949838605605
1.7023576785448844
1.701921701919875
1.7014855592085323
1.7010494164971894
1.70061393813118
1.700177297160837
1.699739991845161
1.6993021882704848
1.6988635542641422
1.6984240898261325
1.697984127129123
1.6975433340004469
1.6971008800084373
1.6966574294984276
1.6962133146430847
1.6957691997877418
1.6953338875080655
1.6948990734873894
1.69446608641638
1.6940340958633708
1.6936037661736947
1.6931741008293522
1.6927439372260094
1.692312943191
1.6918799561199906
1.691446304703648
1.6910118228556386
1.6905771749212959
1.690141032209953
1.6897047234122768
1.6892679163556008
1.688830278867258
1.6883933057242486
1.6879644708115726
1.6875346393808965
1.6871056383818872
1.686676637382878
1.6862478024702021
1.6858186353848594
1.68538913612685
1.6849589725235075
1.6845284767474982
1.6840964861944887
1.683662834778146
1.6832275224984699
1.6827917119597937
1.6823557353347844
1.6819192604507749
1.6814829516530987
1.6810461445964227
1.6806216279284134
1.680196945174071
1.6797745876283952
1.6793533926870527
1.6789321977457101
1.6785103384590343
1.6780874826543586
1.677663298159016
1.6772376188866736
1.6768117735279975
1.676386094255655
1.6759599167243124
1.6755335731066365
1.6751065651436272
1.6746797232669515
1.6742540439946088
1.6738288629812663
1.6734154740975906
1.673001586954915
1.6725895267619062
1.672178795259564
1.6717680637572216
1.6713558374778794
1.6709427807668704
1.6705277310198614
1.6701123491001857
1.6696958045761767
1.6692787617931677
1.6688615529238253
1.6684436797091495
1.668025308235474
1.6676066045891316
1.6671877348564557
1.6667682007784466
1.6663612892617712
1.6659542116587625
1.6655487949190868
1.6651443746974115
1.664738957957736
1.6643323786137272
1.663924636665385
1.6635150677673762
1.6631045023513673
1.6626921099856917
1.662279219361016
1.6618658304773404
1.6614539363706649
1.6610422083503227
1.6606301481573136
1.6602165931873047
1.6598018756129624
1.6593977875639536
1.6589915403926114
1.6585859575666027
1.6581792121362606
1.6577719684469183
1.6573638943259095
1.656954989773234
1.656545919134225
1.6561368484952164
1.655727611769874
1.6553168802675318
1.654905318333523
1.6544930920541807
1.654079703170505
1.6536661482004962
1.6532522610578204
1.6528385400014782
1.652436278902136
1.6520338517164608
1.6516344140847854
1.6512361390574435
1.6508376979437682
1.650439256830093
1.6500404835437508
1.6496410459120756
1.6492416082804002
1.6488413402170583
1.6484409060673828
1.6480404719177075
1.6476397055953655
1.6472387731866902
1.646836512087348
1.6464340849016728
1.646029996852664
1.6456362061563221
1.6452412528556468
1.644847960418305
1.6444548340672964
1.6440608772846212
1.6436659239839462
1.6432699741652708
1.6428738582602622
1.642476911923587
1.642078138637245
1.6416787010055698
1.641278599028561
1.6408779987925524
1.6404773985565437
1.6400774626658683
1.6396771946025264
1.639276262193851
1.6388851288788424
1.6384931651321673
1.6381026961624923
1.6377118950201504
1.6373214260504754
1.6369307909944668
1.6365399898521251
1.6361485243644498
1.635755730186108
1.635361773403433
1.6349678166207577
1.6345738598380823
1.6341799030554072
1.6337861123590653
1.6333921555763902
1.6329973683620482
1.6326017507160397
1.632215932163698
1.6318297814386897
1.6314446272316814
1.631059473024673
1.6306731562133312
1.6302861750566562
1.629898695640981
1.6295105518799726
1.629122242032631
1.6287336000126225
1.6283442936472807
1.6279548211956056
1.6275646843985971
1.6271738832562554
1.626781753423247
1.6263891253312384
1.6259968294118965
1.625613502154555
1.6252283479475467
1.624843525913205
1.6244583717061967
1.6240732174991883
1.6236897241555133
1.6233063968981716
1.62292356789983
1.6225400745561551
1.62215558469448
1.621770596573805
1.62138411367613
1.6209972986057883
1.6206088226721131
1.6202196823931048
1.6198300438550963
1.6194407374897546
1.6190660467217464
1.618690193349405
1.6183163330130634
1.617942970935722
1.617568778426714
1.6171937554860392
1.6168177360273643
1.6164405539643563
1.6160637040740147
1.61568618983834
1.6153088416889985
1.6149308291943234
1.6145516540953153
1.6141711503056404
1.6137898160842987
1.6134074853449571
1.6130246563466155
1.6126521247009409
1.6122789287099326
1.6119075596685912
1.6115368549725833
1.6111658181039086
1.610793286458234
1.6104205887262257
1.6100473927352177
1.6096732002262095
1.6092988416308682
1.60892265608586
1.6085453079365184
1.6081676276145103
1.6077896151198354
1.6074099417618273
1.6070301023174856
1.6066489341824775
1.6062747416734693
1.6058992204737945
1.605524861878453
1.605150171110445
1.6047753142561034
1.6044011217470953
1.604028257928754
1.6036563906284125
1.6032846894144046
1.6029121577687298
1.6025389617777217
1.6021641049233801
1.6017890819827054
1.6014138929556974
1.601038703928689
1.600664013160681
1.6002899867380063
1.5999302437399985
1.5995700024829906
1.599211256002983
1.5988526756093084
1.5984940952156341
1.5981353487356262
1.5977757718239518
1.5974153644806106
1.5970544588782696
1.596692888930595
1.5963298242059205
1.5959662612222458
1.5956015356342381
1.5952364778735635
1.5948702575085556
1.594503206711881
1.5941363220015397
1.593784551147532
1.5934322820345244
1.5930821720438502
1.5927333907438426
1.5923847755301683
1.5920351637984942
1.5916858842394865
1.5913349438171456
1.5909828407904714
1.5906299073321304
1.5902773060464561
1.5899227117247816
1.5895669547987739
1.5892093709230994
1.5888504583567584
1.5884917118767508
1.5881323010514095
1.5877913258090688
1.587451845343728
1.587114690087054
1.5867785313483802
1.586440213487373
1.5861002347630322
1.5857582630026914
1.5854146303790173
1.5850691708056766
1.5847222164553356
1.5843757603639947
1.5840293042726539
1.5836820177496465
1.583333734708639
1.5829831264589647
1.582630857345957
1.582276429110616
1.5819389416812752
1.5816019525109346
1.5812677868082607
1.5809342854509203
1.580601448438913
1.5802686114269058
1.5799346118105653
1.5795994495898913
1.579262128246884
1.5789241425585434
1.578584828179536
1.5782441851098619
1.5779022133495213
1.5775597433301805
1.5772161107065064
1.5768701528741655
1.576522866351158
1.5761930188931508
1.575863337521477
1.5755353170131365
1.5752077947637961
1.5748796081691223
1.5745509233154487
1.5742197471667747
1.5738875745001009
1.5735537409700937
1.5732180804904197
1.5728807591474123
1.572541943027405
1.5722021303893978
1.571861653406057
1.5715193494730495
1.5711757168493754
1.570830921621368
1.5705017385086941
1.570170396273687
1.5698415453336798
1.5695120300483394
1.5691813521586655
1.5688496777509917
1.5685171729116512
1.568183837640644
1.5678491736789701
1.567513014940296
1.5671750292519555
1.566834718354948
1.5664927465946072
1.5661487817982667
1.565803488311259
1.5654560357019183
1.565107420488244
1.56477225826757
1.5644362656152295
1.564101767739889
1.5637667716055483
1.563431443298541
1.5630957828188672
1.5627592919075264
1.562421970564519
1.5620836527035118
1.561745500928838
1.5614073491541638
1.5610688652068232
1.5607290525688158
1.5603889077581417
1.5600482646884677
1.5597066251007936
1.559365649858453
1.5590374632637791
1.5587062871151054
1.5583761074844316
1.5580454295947577
1.5577150838777505
1.5573837416427434
1.5570517350624027
1.5567180676187289
1.556383403657055
1.5560484075227143
1.5557114183523737
1.5553745952683664
1.5550371078390257
1.5546992882370185
1.5543621329803445
1.5540244794646705
1.5536874902943298
1.5533619610809895
1.5530356014359825
1.5527097400499754
1.5523848751819684
1.5520595120549614
1.5517336506689543
1.5514074571102805
1.5510804331199401
1.550752080438933
1.5504225651535926
1.5500907246595852
1.549757389388578
1.5494242202039041
1.5490915492782302
1.548757715748223
1.5484240483045493
1.548090214774542
1.5477676751152016
1.5474433085061947
1.5471199384151877
1.546796236151514
1.5464712051971736
1.5461470046744998
1.5458228041518263
1.5454991018881525
1.5451749013654787
1.5448495382384717
1.544523842938798
1.544197483293791
1.543869628871784
1.5435401135864433
1.5432101000421028
1.542880916929429
1.5425509033850886
1.5422368341287485
1.5419232631314084
1.5416118512564017
1.5413001072087282
1.5409876988157214
1.540673961732048
1.540359062044041
1.540042999751701
1.539724612250694
1.5394058925770204
1.5390871729033468
1.53876828714334
1.5384492352969998
1.5381288547599927
1.537807477704986
1.5374857684773122
1.5371628966453053
1.5368526473746318
1.5365394085499584
1.5362266679842849
1.5359132630732781
1.5355993599032713
1.5352847923879311
1.5349685640092576
1.5346515051989174
1.534334280302244
1.534016889319237
1.5336994983362302
1.5333817751805565
1.5330648824565498
1.5327461627828762
1.5324261144185358
1.5321044051908623
1.5317820316178552
1.5314722806061818
1.5311615330765085
1.5308521142375018
1.5305431936574951
1.5302349374228217
1.529925518583815
1.5296170962628084
1.5293075113374683
1.5289980924984616
1.5286865145371216
1.5283726113671148
1.528058209938108
1.5277429780774345
1.5274259192670943
1.5271071995934207
1.5267871512290805
1.5264657741740735
1.5261583483710668
1.5258502582227267
1.5255444932830535
1.5252388944297135
1.5249319668857069
1.5246248732553669
1.5243176135386935
1.5240098555630202
1.5237011010693469
1.5233930109210068
1.5230832599093336
1.5227718480343266
1.5224596057276534
1.5221475295073132
1.521834955027973
1.5215230448939663
1.521210304328293
1.5209123454462865
1.52061388830528
1.5203184207182736
1.5200227870449339
1.5197264890262607
1.5194296927485877
1.5191312356075812
1.518832446293908
1.5185329926349016
1.5182322102852284
1.517930929676555
1.5176303134132154
1.5173287006318754
1.5170264235052022
1.5167239802921957
1.5164203744748557
1.5161156060531824
1.515825951487843
1.51553463605917
1.515244815407497
1.5149543304104907
1.5146641775861511
1.5143728621574781
1.5140792215201384
1.5137835878467987
1.5134852967921255
1.5131851787877857
1.5128845625244458
1.512583946261106
1.5122823334797661
1.5119797241804263
1.5116777792264198
1.5113740073227464
1.5110679102104065
1.5107790860767336
1.510488434993394
1.5102009395503877
1.509913111934715
1.5096251182327085
1.5093372906170357
1.5090494630013627
1.5087599745223566
1.5084711503886836
1.5081823262550107
1.5078935021213378
1.5076036814696647
1.5073130303863251
1.507020718439652
1.5067267456296458
1.5064304476109727
1.5061321565562995
1.5058609375739602
1.5055883899009543
1.5053199943862818
1.5050512666989428
1.5047830372706037
1.5045126487199312
1.5042410975649252
1.5039682177192526
1.50369284657858
1.503415316315574
1.5031351286712347
1.5028534462498953
1.5025717638285556
1.5022900814072162
1.5020062398635434
1.501721069629204
1.5014345707041978
1.5011683343118587
1.5009004370561863
1.500632207627847
1.5003623173361744
1.500091928785502
1.499819879371496
1.4995465012668234
1.499273123162151
1.4989977520214783
1.4987203878448057
1.4984436880134664
1.4981636664554603
1.497881153602454
1.4975968137997813
1.497311809651775
1.4970259750721022
1.4967393100607627
1.4964690875964235
1.496198699045751
1.4959308017900785
1.4956632367070728
1.4953945090197336
1.4951247848143945
1.4948540640910553
1.4945818485907159
1.4943081383133767
1.4940329332590374
1.493755735168698
1.4934783709920254
1.4932000102973526
1.4929198226530134
1.492637641972674
1.492353800429001
1.492067467590328
1.4917925947086554
1.4915152305319828
1.4912386967869768
1.4909613326103042
1.4906844666926315
1.4904066042569588
1.4901275792169528
1.4898482220042801
1.4895673700146073
1.4892860197659346
1.4890036729992617
1.4887216584052556
1.4884398098975828
1.48815746313091
1.4878734555009039
1.487588617439231
1.4873021185142248
1.4870302351865523
1.4867571892545464
1.4864849737542072
1.4862115956495345
1.485937221026862
1.4856618498861893
1.4853863126591833
1.4851097789141774
1.4848339095145047
1.4845560470788322
1.4842778524704927
1.48399849525782
1.4837176432681471
1.4834379538828077
1.4831572679794685
1.4828777446804624
1.4825973909497896
1.4823328154207838
1.482067741632778
1.4818043287081057
1.4815400853517666
1.4812736828730944
1.4810056195310886
1.4807353970667492
1.48046417808441
1.4801916304114042
1.4799165914433983
1.4796395594393923
1.4793613648310528
1.4790825058773802
1.4788016538877073
1.4785188088620347
1.4782349673183617
1.477951125774689
1.4776865502456833
1.477421310371344
1.4771570670150052
1.476893820176666
1.476630573338327
1.476366329981988
1.4761012561939821
1.4758358502333098
1.475569779927304
1.4753033774486315
1.4750341515022924
1.4747621020882866
1.4744870631202807
1.4742093667709413
1.4739291791266018
1.473647330618929
1.4733631569025896
1.4730939309562503
1.4728263658732446
1.472561292085239
1.4722958861245665
1.4720301479912272
1.4717655724622216
1.471500664760549
1.4712345944545435
1.470967195457871
1.4706992982021985
1.4704350548458593
1.4701708114895204
1.469904907269848
1.4696383387048422
1.469371604053503
1.4691045372294973
1.4688389651824916
1.4685885069918194
1.4683367201104807
1.4680860958334752
1.4678353054701365
1.4675828542434644
1.467327911721792
1.4670711422504532
1.4668143727791143
1.4665561085307754
1.4662975121097699
1.4660394139477642
1.4657813157857587
1.465522221105753
1.4652627942530807
1.4650028691414083
1.464742445770736
1.4644813580547305
1.4642373772310584
1.4639925659757198
1.463750578188048
1.4635100851773761
1.4632697582530376
1.4630292652423655
1.462786447023027
1.4625404731633551
1.462290513231683
1.462037231573344
1.461781790792672
1.4615251874076665
1.4612674214183274
1.4610089910836552
1.4607488998856495
1.4604876460833105
1.4602240670723048
1.4599792558169662
1.4597322854392942
1.459487640270289
1.4592438255329503
1.458999180363945
1.4587528743316063
1.4585029143999342
1.4582496327415955
1.4579933615292566
1.457734266849251
1.4574735113059119
1.4572109288129063
1.4569473498019005
1.4566826081865614
1.4564170361395556
1.4561496371428833
1.4558810755418774
1.4556352677685387
1.4553891278225335
1.455144482653528
1.4549001696571895
1.4546556905745176
1.4544092184558455
1.4541614176465067
1.453912122060168
1.4536605012651627
1.4534072196068237
1.4531522770851517
1.4528956737001462
1.4526389042288073
1.4523811382394682
1.452122209645796
1.451861952361457
1.4515993698684513
1.4513573820807795
1.4511134012571074
1.4508712473831022
1.4506302561134303
1.450389098757425
1.4501457822790864
1.4499018014554146
1.449656990200076
1.449411514599404
1.4491638798763986
1.4489150825490598
1.4486651226173877
1.448414830513049
1.448162379286377
1.447910094146038
1.447655649883366
1.4473992125846937
1.4471542352430218
1.4469095900740163
1.4466667718546777
1.4464239536353392
1.4461809693296672
1.4459373206786619
1.44569184507799
1.4454442103549847
1.445194416509646
1.4449434600599738
1.4446906766606349
1.4444355680526295
1.4441787985812906
1.443921696937285
1.4436631005162794
1.443403175404607
1.4431412572569347
1.4429002659872627
1.4426586103722576
1.4424186156205858
1.4421797834732473
1.4419424461029087
1.441705440905237
1.4414681035348984
1.44123026790556
1.4409899409812215
1.4407467905892162
1.4405038062835442
1.4402576663375388
1.4400101977008668
1.4397600716828616
1.4395079526288561
1.4392553353158506
1.4390025519165117
1.4387602319561732
1.4385164172188345
1.4382739311721626
1.438032109470824
1.437789125165152
1.4375468052048135
1.4373038208991415
1.437059507902803
1.4368141983884644
1.436567061924459
1.4363182645971202
1.4360676403201147
1.435815355179776
1.4355620735214372
1.4353084596904317
1.4350551780320928
1.4348012320284207
1.4345638946580823
1.4343255607697438
1.4340903825217386
1.4338570312234002
1.4336235138387285
1.4333885016770567
1.4331531573427183
1.43291781300838
1.432680807810708
1.4324438026130364
1.4322044722066978
1.431962484419026
1.4317191679406873
1.4314725297356818
1.43122406458101
1.4309736063903378
1.430721819508999
1.4304971046999941
1.4302713933729891
1.4300491698589843
1.4298282750356464
1.4296065497806414
1.4293848245256366
1.4291594453712984
1.42893257143996
1.4287040366452886
1.428474007073617
1.4282431470702786
1.428010127944607
1.4277742853512685
1.4275366158082632
1.427296454970258
1.4270556297869195
1.4268156350352477
1.4265920828305763
1.4263657071582378
1.4261411584355663
1.4259171079718949
1.4256937218535568
1.425469173130885
1.4252444583218804
1.4250189130812088
1.4247910426318704
1.4245601826285321
1.424326499157527
1.4240894939598552
1.4238506618125168
1.4236109992335115
1.4233700079638396
1.4231283523488345
1.4228858663021626
1.4226560028168242
1.422425142813486
1.4221961097598141
1.421966744533476
1.4217372132208044
1.4215063532174659
1.4212744966961277
1.421042474088456
1.4208096210491175
1.4205754393191126
1.4203397628121073
1.4201034219597688
1.4198670811074305
1.4196292454780919
1.4193894168127534
1.4191492559747483
1.4189082647050764
1.4186827194644047
1.4184558455330665
1.418229802033395
1.4180059176560569
1.4177805385017186
1.4175538306567137
1.4173261262937087
1.4170977575853705
1.4168680601863655
1.416636203665027
1.416402520194022
1.4161696671546837
1.4159369802016786
1.4157037949896736
1.4154716062956685
1.4152385871699968
1.4150027445766584
1.4147919810196539
1.4145792244266493
1.414368626955978
1.4141593581759735
1.4139494250506355
1.4137374988892977
1.413524742296293
1.4133094944082885
1.4130935821749504
1.4128745143012789
1.4126534533916075
1.412429402927936
1.4122045220325978
1.4119776481012596
1.411750608083588
1.411523401979583
1.4112975245662447
1.4110884218725737
1.410879153092569
1.410671046916898
1.4104650998635602
1.4102566615152223
1.4100458979582176
1.4098333074515463
1.4096188899952085
1.4094019812438703
1.409183909888199
1.4089641776691941
1.4087419541551893
1.408517073259851
1.4082905315011796
1.4080610001885079
1.4078294758398362
1.4075964567141646
1.40737971404916
1.4071601479164886
1.4069419104744838
1.4067243373778124
1.4065079268854743
1.4062915163931362
1.4060746076417983
1.405858031063127
1.4056407901391221
1.4054235492151175
1.4052058100321128
1.4049857456404413
1.4047640203854366
1.404540468180765
1.4043147568537602
1.4040870524907552
1.4038576872644168
1.403653068901746
1.403447121848408
1.4032441643490703
1.4030407085907326
1.4028347615373948
1.4026269875343902
1.4024170544090524
1.4022042978160478
1.401989548187043
1.4017718090040383
1.4015519106987002
1.4013293550120287
1.401105138462024
1.4008772680126858
1.4006475706136807
1.400416046265009
1.4001821967076706
1.3999671149059993
1.399749541809328
1.3995337956623233
1.3993183816879853
1.3991013068503138
1.398882072890309
1.3986613441533042
1.3984391206392994
1.3982154023482947
1.3979920162299564
1.397767965766285
1.3975434170436134
1.3973190344072752
1.3970948178572704
1.3968709334799323
1.396648045620594
1.3964241612432557
1.3962163872402513
1.3960087793235803
1.3958015035795757
1.3955932313175712
1.3953821355879
1.3951682163905619
1.394952304157224
1.3947357275785526
1.3945196492588812
1.3943034048528766
1.394086330015205
1.3938675943142005
1.393646035145529
1.393421818595524
1.3931952768368525
1.3929664098695143
1.3927354668230092
1.3925164819925044
1.3922963345576664
1.3920771836408283
1.3918580327239902
1.3916386326776522
1.3914171565521474
1.391195099124476
1.3909714638766377
1.3907456695064662
1.390518048186628
1.3902886829602896
1.3900575738274512
1.3898265477377796
1.3895944420869413
1.3893613399181028
1.3891269921017644
1.3888910664652594
1.3886692581670879
1.3884452077034164
1.388222568973578
1.3879992658984066
1.3877757136937352
1.3875511649710637
1.3873260349462253
1.3870998253602205
1.3868727853425489
1.386648568792544
1.3864243522425392
1.3862046200235345
1.3859853860635296
1.385767148621525
1.3855497416111868
1.3853329159030154
1.3851155088926774
1.3849136309545065
1.384710590412002
1.384507466826331
1.3843040110679932
1.3840988944463222
1.3838922000044844
1.3836848412173133
1.383475987653142
1.3832668849594707
1.3830572840067996
1.3828469356656283
1.3826366703676238
1.3824273185444527
1.382217053246448
1.3820063727326102
1.3817955261324388
1.3815835169279342
1.3813820542055966
1.3811804253969255
1.3809792948472546
1.3807773338659168
1.380574127237079
1.380369508874408
1.3801647244254036
1.3799592756310657
1.3797529964050612
1.3795444750135568
1.379334541888219
1.379123113985881
1.3789101082633763
1.3786951095048716
1.3784779516240337
1.3782593820093623
1.3780402310925242
1.3778388514133533
1.3776359769571822
1.3774343481485112
1.3772338819441734
1.3770342461715024
1.376833696923998
1.3766314037699936
1.3764283632274892
1.376224077037485
1.376020621279147
1.3758168333481426
1.375612131942305
1.3754058527163004
1.3751987430586292
1.3749898064512915
1.3747813681029537
1.3745716841071156
1.374379771348945
1.3741855333821074
1.37399279019227
1.3738000470024323
1.3736061412082614
1.3734108236802571
1.3732121844255862
1.373011635178082
1.3728096741967442
1.3726059693089065
1.3724000222555686
1.3721918330367309
1.3719829794725595
1.3717733785198885
1.3715632793082173
1.3713512701037127
1.3711386795970413
1.3709492581338705
1.3707584249368665
1.3705719930276958
1.3703858932911916
1.3701997935546877
1.3700124481706837
1.369823691052846
1.3696341035033421
1.369444266824338
1.3692535997136672
1.3690623513008298
1.3688706046289922
1.368678525784488
1.3684842047744838
1.368288305944313
1.3680915766824753
1.3678936017731378
1.3677139794036337
1.3675335266024633
1.3673548177077928
1.3671757766404555
1.3669955729687848
1.3668142066927809
1.3666322591146103
1.3664480693709398
1.3662624678934356
1.3660753716389316
1.3658863653915942
1.36569677784209
1.365505695515586
1.3653112084192485
1.3651137317689108
1.3649133486077398
1.3647099758925687
1.3645187274797312
1.3643239912538936
1.3641288398122229
1.3639336053273852
1.3637381217130478
1.3635409772353768
1.3633427531965392
1.363142868294368
1.3629406581835304
1.362736621123026
1.3625309231991882
1.3623238965846838
1.362116205624846
1.3619084316218413
1.3617000763166702
1.3614898940618323
1.3612805422386611
1.361096684667657
1.3609132423124866
1.3607334538566491
1.3605553262641454
1.360376617369475
1.360196745870471
1.3600147152491338
1.3598309407212963
1.3596474983661258
1.359461813845455
1.3592756310657843
1.3590877874227802
1.3589000268229428
1.358710854489272
1.358519772162768
1.3583274441887638
1.3581337875240929
1.3579588155719224
1.3577825149290852
1.3576075429769148
1.357433152326911
1.3572577651589073
1.3570812153865701
1.356904665614233
1.3567266210648958
1.3565473308680585
1.356365881548888
1.3561821900642173
1.3559955090255467
1.3558057553897092
1.3556137595883717
1.355419272492034
1.355221380625863
1.3550224091985255
1.354846440728355
1.3546705553013512
1.3544984068168475
1.3543283344115105
1.3541582620061734
1.3539871100396697
1.3538136328644994
1.3536379135238288
1.353460035060825
1.3532793331301545
1.353096056861317
1.3529102892974798
1.3527280095466425
1.3525464771843052
1.3523644465629678
1.3521820007257972
1.3519988905432934
1.3518386172316232
1.3516772643587864
1.3515184027809495
1.3513609529369461
1.3512020913591094
1.3510419010906058
1.3508788873544357
1.3507132162369322
1.3505443064359284
1.3503735696852581
1.3502010890280878
1.350025452730584
1.3498479064402467
1.3496677858117427
1.3494865856220721
1.349304056741735
1.3491201161275643
1.3489492963337273
1.3487754869858901
1.3486018437243863
1.3484285326355492
1.3482526472085454
1.3480750178750416
1.3478959768077043
1.3477146935748672
1.3475312512196964
1.3473452345263592
1.3471578060991884
1.346969048981351
1.3467796275181803
1.3465889604075094
1.3463977950378385
1.346206546625001
1.3460143847373303
1.345837834964993
1.3456577143364892
1.3454782580533187
1.3452972239499814
1.3451146950696442
1.34493108662814
1.3447453190643028
1.3445584719392987
1.3443699639509614
1.344179462926624
1.3439878823411198
1.3437950561081156
1.343600818141278
1.3434050853974404
1.3432076087471028
1.3430102981830985
1.3428137350075944
1.3426288809185902
1.342444359002253
1.3422616640355824
1.3420787199394117
1.3418969384475745
1.3417156552147371
1.3415332093775665
1.3413491857202293
1.3411640825017253
1.3409786471105545
1.3407931286762171
1.3406085237167131
1.3404231713687091
1.3402366564163717
1.340050224507201
1.3398634604253636
1.3396756998255264
1.3395081187151894
1.3393379632666857
1.339169302595182
1.339000475837345
1.3388299882161747
1.3386577566885043
1.3384831999521671
1.3383049062733299
1.338123789126826
1.3379412602464886
1.337757319632318
1.3375720503274808
1.33738536928881
1.3371976086889725
1.3370088515711351
1.3368184335899644
1.3366270190907936
1.336449057584623
1.336269767387786
1.336092636313282
1.3359161695841115
1.3357415298046078
1.3355654782912705
1.3353886793894334
1.3352110500559295
1.3350331715929258
1.3348539644392552
1.334674425112918
1.3344942214412474
1.3343130212515768
1.3341309906302394
1.3339482956635689
1.333764687222065
1.3335804144352277
1.3334155737493907
1.3332499026318871
1.3330888819317168
1.3329291068790468
1.3327694148695433
1.3326083111262066
1.3324443008720364
1.3322778823660326
1.3321098860398624
1.331939647548192
1.3317689938406883
1.3315955997086846
1.3314206277565142
1.3312434136388436
1.3310641234420064
1.330882674122836
1.3306995639403318
1.3305333115206615
1.3303635712879913
1.3301955749618208
1.3300286581968173
1.3298613262159804
1.3296932468466434
1.329523755743473
1.3293525207338026
1.329177797911132
1.3290011650956284
1.3288233696757912
1.3286436642631205
1.3284626301597833
1.3282790217182794
1.3280931711112753
1.327906157899938
1.3277184803432673
1.3275451692544302
1.3273719412087597
1.3271994605515893
1.3270278103260855
1.3268551635825818
1.3266808559757448
1.3265053857645743
1.3263289190354037
1.3261511236155665
1.3259715842892295
1.3257897197542254
1.3256066095717214
1.3254225028712174
1.3252359048757134
1.3250482273190427
1.3248586397695385
1.3246691352632012
1.3244966546060308
1.3243246722078603
1.3241567589248566
1.3239891778145199
1.3238220949631827
1.3236537664643457
1.323483694059009
1.3233123760061718
1.3231391479605012
1.3229645912241643
1.3227887888403271
1.3226114086363232
1.3224326997416527
1.3222516656383154
1.322068887628478
1.3218838674531408
1.32169768467347
1.321529356174633
1.3213601972441296
1.3211931143927924
1.3210276093616222
1.3208614399851186
1.3206936097452817
1.3205253642896113
1.3203563714454412
1.3201868803422707
1.320016475764267
1.3198463203157633
1.3196769952989262
1.3195065907209227
1.3193355217975855
1.3191628750540818
1.3189892317925782
1.3188150902720743
1.318660629982071
1.3185040105697343
1.318351294186231
1.3181983286732277
1.318044449685391
1.317888909834221
1.317731376947051
1.3175716849375474
1.3174099168488773
1.3172470691990403
1.3170828098153702
1.3169167234820331
1.3167488101990295
1.3165793190958592
1.3164082501725223
1.3162365169038517
1.3160633719013481
1.3159044272803446
1.3157447352708411
1.315585956736171
1.3154270121151677
1.3152685657531642
1.3151092059163274
1.3149481852161573
1.3147855866958205
1.3146212442689835
1.3144557392378131
1.3142879089979762
1.3141185009379726
1.3139471828851355
1.313774785271132
1.313600892880128
1.3134271665754575
1.313252443752787
1.3130939973907838
1.3129338071222802
1.3127751946739434
1.3126171635277735
1.31245871716577
1.3123005199332665
1.3121403296647631
1.3119791428782595
1.3118153817535894
1.3116502919382524
1.3114830430005822
1.3113146314585784
1.3111460538302415
1.3109767288134044
1.3108061581490675
1.3106338435782303
1.3104592868418934
1.3103013387388898
1.3101418128157198
1.3099847781875498
1.3098292383363797
1.3096726189240429
1.3095147538642062
1.3093558922863693
1.3091947885430326
1.309032854368029
1.3088697575886923
1.3087054151618553
1.308538664483185
1.3083692564231812
1.308199765320011
1.308028198137674
1.307856132696337
1.3076820742189998
1.307519724828163
1.307357375437326
1.3071946938738226
1.3070315140513191
1.3068668394518155
1.3067001718163118
1.3065330059218083
1.3063653417683045
1.3061983419601344
1.306031342151964
1.305863013653127
1.30569418689529
1.3055245297057865
1.3053537099119494
1.305182225772779
1.3050120703242754
1.3048419979189383
1.3046921050031017
1.3045409664397651
1.3043910735239286
1.304240682349092
1.304088132051922
1.3039349174094186
1.3037812045079153
1.3036262459589119
1.3034709552372419
1.3033142527817385
1.3031577164125685
1.3029998513527317
1.3028408236885616
1.3026808825495582
1.3025198618493878
1.302358508976551
1.3021953291540476
1.3020444397202109
1.3018929689842076
1.3017434912842045
1.3015949270590346
1.301445283272698
1.3012938955798614
1.3011398505056913
1.3009837293523547
1.3008253660335178
1.300666504455681
1.300506729403011
1.3003470373935075
1.3001856845206707
1.3000220894823338
1.299857248796497
1.2996927402833267
1.2995278165543231
1.29938157753782
1.2992371654709836
1.299096490346647
1.2989591369489775
1.2988215344218077
1.2986822710313048
1.2985430906839683
1.2984025816459654
1.2982601626151289
1.2981156675051257
1.2979687641432893
1.2978184560116195
1.2976649922396162
1.297510947165446
1.2973545768826094
1.2971968779091059
1.297038265460769
1.2968924416600993
1.2967450400392628
1.296598717979593
1.2964535585242565
1.2963080668962534
1.2961633226567502
1.296018080158247
1.2958710937532438
1.295722280398574
1.2955706435762373
1.2954170967610674
1.2952622212552307
1.295105352713394
1.2949472385240572
1.2947878786872205
1.294626941030217
1.2944656712005467
1.2943278195438772
1.2941909644052074
1.2940581783817047
1.293928797128035
1.293800827608199
1.2936719446135296
1.2935417329281933
1.2934088638615238
1.2932725900250208
1.2931330775050178
1.2929895789130148
1.2928437551123448
1.2926962704483418
1.2925464605756718
1.2923945746238352
1.2922400312906652
1.2920837440509951
1.2919426537108254
1.2917995703346556
1.2916579817354858
1.291515479661483
1.2913712336809797
1.29122565900981
1.2910800012954733
1.2909325166314702
1.2907839524063003
1.2906343086199636
1.2904822565817937
1.2903284606371237
1.290172837742787
1.2900158861577837
1.2898575228389468
1.2896980799589435
1.2895370592587734
1.2893886611199368
1.2892389342904336
1.2890903700652636
1.2889418888832604
1.2887923281400906
1.2886428504400873
1.288493870999084
1.2883485454574142
1.288203552088411
1.2880578943740746
1.2879111570985715
1.287762758959735
1.2876127830007316
1.287462142696395
1.2873104228308918
1.287157042102055
1.2870026648552184
1.286863235378382
1.2867199859158789
1.286577732971376
1.286434151336206
1.2862900714420362
1.2861442476413665
1.2859982577543634
1.2858506070040268
1.2857020427788568
1.285551734647187
1.2854005130406836
1.2852485440456805
1.2850959107053437
1.2849416995448404
1.2847864088231704
1.2846293741950003
1.2844712600056636
1.2843252701186605
1.284178117627324
1.2840328751288208
1.2838877156734843
1.283742224045481
1.283595237640478
1.283445926026808
1.2832966974563047
1.2831457249793015
1.2829940881569648
1.2828420361187949
1.2826883232172916
1.2825352746611216
1.282381395673285
1.2822274336422816
1.2820728072659449
1.2819194265371083
1.2817940313554388
1.2816680548716028
1.281547310107267
1.2814289735947644
1.2813104709959284
1.2811903905769257
1.2810673206039231
1.280942340638087
1.2808162811110844
1.2806904707135816
1.2805642451002455
1.2804366077530762
1.2803073095425734
1.2801760182960704
1.2800425679272343
1.2799065432202312
1.2797676950455616
1.2796447911588924
1.2795195620635562
1.279393917752387
1.279267609095884
1.2791397226192147
1.279010922667712
1.2788803788097092
1.2787477588725396
1.2786123154677034
1.2784745468542003
1.2783347021615306
1.2781930305191942
1.2780506114883579
1.2779058672488546
1.2777600434481848
1.2776138044316816
1.277465904551845
1.277329132456342
1.2771906164543392
1.2770518513228362
1.276912089673333
1.27677133150583
1.2766284972591604
1.2764840851923238
1.2763381783484873
1.2761923545478175
1.2760450359701476
1.2758964717449777
1.2757470770881412
1.2755960215679711
1.2754444677888013
1.2752918344484647
1.2751378724174613
1.274982415609458
1.2748396644059548
1.274695833641285
1.274552833308282
1.2744099160184454
1.2742655869947757
1.2741196801509393
1.2739730259186028
1.2738263716862663
1.2736790531085964
1.2735304888834265
1.2733822568309232
1.2732333604330868
1.2730840488194168
1.2729345711194135
1.272783432556077
1.272631380517907
1.2724779997890703
1.2723382381395674
1.2721966495403976
1.2720550609412278
1.2719140536442248
1.2717731293903884
1.2716306273163853
1.2714870456812155
1.2713427997007125
1.2711974741590426
1.271051567315206
1.270904082651203
1.2707551032101998
1.270606455941863
1.2704562308533598
1.27030442794469
1.2701527911223534
1.2699994103935166
1.2698635517728472
1.2697275270658441
1.2695933293085078
1.2694594637238383
1.2693258472686688
1.269191483424999
1.2690557908906628
1.2689199322699933
1.268782994088157
1.2686458067768207
1.2685083703359843
1.268369688247648
1.2682300926844783
1.268089666689642
1.2679486593926388
1.2678052438438026
1.2676614961222994
1.26753709745863
1.2674122005359605
1.2672889644766245
1.2671661436331219
1.267043405832786
1.2669193393417832
1.2667938611169471
1.2666664728992778
1.266537174688775
1.2664062156149387
1.2662730974187693
1.2661390657477662
1.2660030410407634
1.2658650232977604
1.2657258429504241
1.265585583041921
1.2654435792269179
1.265319346649582
1.2651928719067458
1.2650682241135764
1.2649434102340738
1.2648176828797377
1.2646904607484015
1.2645616607968988
1.264430867809396
1.2642974174405597
1.2641621401220569
1.2640246206380539
1.2638857724633843
1.2637454295117145
1.2636030935240448
1.263458266241375
1.2633119441817051
1.2631643764745353
1.2630278535085322
1.2628903340245292
1.2627547245333597
1.2626199454738567
1.2624849172848538
1.2623498890958509
1.262213615259348
1.2620769262070117
1.2619384102050086
1.2617980672533389
1.261657059956336
1.2615150561413329
1.2613716405924964
1.2612283080868265
1.2610850586243234
1.2609416430754872
1.2607985596993172
1.2606739119061479
1.2605482675949786
1.2604241180608091
1.2603006328719732
1.2601763172514704
1.260049676422301
1.259921208643465
1.2597908308717956
1.2596585431072926
1.259523930134123
1.2593870749954534
1.2592486420366171
1.259108631257614
1.258966129183611
1.2588218001599412
1.2586758933161046
1.2585299034291015
1.2583988613120987
1.2582673209360957
1.258138520984593
1.2580088906014235
1.2578781806570873
1.2577471385400845
1.2576151829482483
1.2574814004067454
1.2573455417860757
1.2572078562157396
1.2570685097820697
1.2569277516145667
1.2567855817132303
1.2566422492075606
1.256497089752224
1.2563505185630544
1.2562023695537177
1.2560647670265481
1.2559265001540452
1.255789977188042
1.2556542846537058
1.2555176786445361
1.2553801591605331
1.255241477072197
1.2551013002068605
1.2549602929098576
1.2548200330013544
1.2546793578770181
1.2545379353641817
1.2543965128513452
1.2542554225111755
1.2541137508688391
1.2539711657516694
1.253827999332333
1.25369471504983
1.253560683378827
1.2534273990963243
1.2532946130728213
1.2531613287903185
1.2530282936373156
1.2528940128368127
1.2527598150794765
1.2526261986243068
1.2524920008669707
1.2523570557211343
1.2522205327551315
1.2520837606596285
1.2519457429166254
1.2518062303966224
1.2516648909269528
1.2515221397234497
1.25139026717478
1.251257315064944
1.251125027300441
1.2509929056222715
1.250861282203102
1.2507292435680992
1.250597287976263
1.2504653323844268
1.2503327124472572
1.2501988468625875
1.250063984759918
1.2499279600529152
1.249790191439412
1.2496507619625759
1.2495092564065726
1.2493663391167362
1.2492226744383998
1.2490902205875636
1.2489563550028941
1.248825146799558
1.248695599459555
1.2485669655943856
1.2484380825997161
1.24830812004388
1.2481777422722105
1.2480457036372077
1.2479119210957048
1.2477758963887018
1.247637546473032
1.2474968713486958
1.2473541201451928
1.2472109537258562
1.247065711227353
1.2469203026425166
1.2467837796765135
1.2466463432356774
1.246511398089841
1.2463767851166716
1.2462422551866685
1.2461083065588323
1.245973859671996
1.24583816713766
1.245701395042157
1.2455636264286538
1.2454242799949842
1.2452841031296478
1.2451426806168113
1.2449993481111417
1.2448552682169718
1.2447104409343022
1.2445647832199656
1.2444293398151294
1.2442953081441264
1.2441632695091236
1.2440308987014541
1.2438992752822844
1.2437664062156149
1.2436319593287788
1.2434957685354424
1.243358082965106
1.2432190687041031
1.2430796392272667
1.2429397114914305
1.2427983720217606
1.242656285163591
1.242513700046421
1.2423710318860848
1.2422277824235817
1.2420994807310788
1.2419720094702427
1.2418472786339068
1.2417236273587373
1.241600225213068
1.241475992635732
1.2413508465835625
1.2412255344450598
1.2411003883928906
1.2409751592975544
1.2408495980295517
1.2407234554593825
1.240596067241713
1.2404665199017102
1.2403352286552072
1.2402007817683711
1.2400655874930349
1.2399449257718655
1.2398234336190295
1.2397032701568602
1.239584352342191
1.2394647701821884
1.2393441915041858
1.2392234467398497
1.2391015393711806
1.2389789676571779
1.2388552333388418
1.2387303364161726
1.2386041108028365
1.238475975196667
1.2383472582883308
1.2382176279051613
1.238087001003992
1.237955211498489
1.2378308958779862
1.237705998955317
1.2375806868168142
1.2374547103329783
1.2373277373311422
1.2371991865091394
1.2370694730828031
1.2369393444406336
1.2368081362372976
1.2366754332569614
1.2365415676722917
1.2364066225264554
1.2362711791216192
1.236134490069283
1.2359975518874466
1.2358596171876104
1.235721433358274
1.2355950416586046
1.2354677364841018
1.2353412617412658
1.2352141226530964
1.2350878139965935
1.2349599275199241
1.2348315427842547
1.2347015802284185
1.2345702889819157
1.2344375860015795
1.2343031391147432
1.2341685261415736
1.234033414909404
1.2338978884614011
1.2337625280997315
1.233627915126562
1.2334929699807258
1.2333749656408899
1.2332572934737205
1.2331428599900514
1.2330284265063822
1.2329121660730464
1.2327944939058773
1.2326756591343746
1.2325549974132053
1.2324338374330361
1.2323111826758668
1.2321864518395307
1.2320604753556947
1.231933419310692
1.2318052837045224
1.231676151580353
1.2315461059813502
1.2314149808211807
1.2313013777691781
1.2311858647243423
1.2310725938450067
1.2309592399225042
1.2308452216546684
1.2307307881709992
1.2306159394714966
1.2304999281676607
1.230382671216325
1.2302634212289891
1.2301443373279866
1.2300242569089839
1.2299034291014812
1.2297813556464785
1.2296588669756425
1.22953629526164
1.229412560943304
1.2292971309416347
1.2291811196377989
1.229065606592963
1.228950425720794
1.2288345805032914
1.228717987897289
1.2286001496437864
1.2284807335701171
1.2283614835827812
1.2282404896889452
1.2281184992771093
1.2279957614767731
1.227871861072104
1.2277461337177678
1.2276179150684317
1.2274875372967622
1.2273554156185926
1.2272354182427567
1.2271134278309208
1.2269920187212515
1.226869696136749
1.2267477887680796
1.2266252170540768
1.2265018149084075
1.2263781636332383
1.2262550936602354
1.2261313593418994
1.226006047203397
1.2258799046332274
1.2257525994587246
1.2256239655935552
1.2254938369513857
1.2253622135322162
1.22522951055188
1.2251109249098775
1.2249924223110416
1.2248764110072057
1.22476139622137
1.2246462983923674
1.2245326122971982
1.224417929684029
1.2243031640276931
1.224187484896524
1.2240697296861882
1.2239504796988523
1.2238287384165163
1.2237050040981803
1.223579608916511
1.2234514733103414
1.2233222581430052
1.2231917973281692
1.2230704712616665
1.222948646936164
1.2228274869559945
1.2227068252348252
1.2225855822114893
1.2224633426701534
1.2223398574813173
1.2222165383788146
1.2220923058014788
1.2219673258356427
1.2218418476108066
1.2217155389543037
1.2215889811683012
1.2214623403391316
1.2213352012509622
1.2212064843426262
1.2210766878731234
1.220955278763454
1.2208326240062848
1.2207109657671154
1.2205898888301128
1.2204674001592768
1.220344828445274
1.220221094126938
1.2200965293769355
1.2199711341952661
1.2198441611934299
1.2197164408030938
1.2195884712832576
1.2194598374180883
1.2193300409485854
1.219199164917916
1.2190674584555798
1.2189347554752437
1.2188225641570745
1.2187103728389055
1.2186029149812363
1.2184966197279008
1.2183911549062318
1.218284942696063
1.2181781491837271
1.2180700269807248
1.2179598286985558
1.2178481356393867
1.2177346986737176
1.2176200160605484
1.2175032573682125
1.2173855021578768
1.2172659199978741
1.2171446769745382
1.2170213578720355
1.2169109104603664
1.216799300444364
1.2166890191190283
1.2165790699663592
1.2164687886410235
1.2163573447113545
1.2162449042636854
1.2161317994706828
1.216017033814347
1.2159007733810112
1.2157832673001754
1.2156650968740061
1.2155456808003369
1.2154256003813342
1.2153033608399983
1.215179709564829
1.2150560582896595
1.2149476869571572
1.2148374056318214
1.2147275395223192
1.2146170090674833
1.214507142957981
1.2143961972873119
1.2142838398828095
1.214169987701307
1.214054225526971
1.2139368855324686
1.2138186320631328
1.2136993820757969
1.2135797168726277
1.213460134712625
1.2133399712504558
1.213218894313453
1.2130958243404504
1.212984463453948
1.2128720230062788
1.2127615755946097
1.2126508790534407
1.2125400994691051
1.212427908150936
1.2123147203147668
1.2121995394425977
1.2120828637934284
1.2119637798924259
1.2118429520849232
1.2117202973277539
1.211596313879918
1.2114709186982486
1.211344277869079
1.211215311831243
1.21108501710274
1.2109655179859042
1.2108455206100683
1.2107277653997324
1.2106105914915632
1.2104937497560606
1.2103768249773914
1.2102598171555556
1.2101423110747198
1.2100233932600506
1.209903312841048
1.2097824019903787
1.209660826794376
1.20953858725304
1.2094147698915374
1.2092900390552013
1.2091640625713653
1.2090372556558624
1.2089173413231933
1.2087957661271906
1.2086748552765212
1.2085538613826854
1.2084330335751827
1.20831071099068
1.2081878071040106
1.208064238872008
1.2079400062946721
1.2078154415446694
1.2076902124493334
1.2075642359654972
1.207437512093161
1.2073097086596585
1.2071809087081555
1.2070509461523193
1.2069214818554832
1.206801069263814
1.206680822758478
1.2065622371164755
1.2064450632083064
1.2063275571274705
1.2062098019171346
1.2060911332319653
1.2059713849856293
1.2058508893507935
1.2057298124137907
1.205608237217788
1.2054852502879523
1.205361349883283
1.2052366190469468
1.2051113899516108
1.2049862438994414
1.2048601843724387
1.204747910011103
1.2046350543476003
1.2045246069359314
1.204414491696929
1.2043039612420932
1.2041918529670907
1.2040784160014217
1.2039632351292526
1.2038470577390834
1.203729883830914
1.2036113812320783
1.203492214287909
1.2033719677825732
1.2032515551909038
1.2031303121675678
1.203007574367232
1.2028840891783958
1.2027684930903932
1.2026518174412242
1.2025353078783882
1.2024189644018857
1.2023025378822165
1.2021858622330475
1.2020684391953782
1.2019493552943756
1.2018298561775396
1.2017091944563703
1.2015872040445343
1.2014651305895316
1.2013424758323623
1.2012196549888599
1.2010971663180239
1.2009744285176878
1.2008507772425185
1.2007413263488493
1.200630961980347
1.2005221754320112
1.2004132227973423
1.20030435320584
1.2001947362258376
1.200083624468835
1.199971682280166
1.199858992702997
1.1997446422624944
1.1996296274766587
1.1995148618203229
1.199399348775487
1.199282922255818
1.199165167045482
1.1990463322739793
1.1989279957614767
1.198818710954141
1.1987088448446388
1.1986014700301364
1.1984940121724674
1.1983862221421318
1.198277684723296
1.1981675694842937
1.198057288158958
1.1979458442292887
1.197833320738453
1.1977198007296173
1.1976058655049482
1.1974913489781123
1.1973763341922765
1.197260488974774
1.1971440624551049
1.1970277189786023
1.1969235828476
1.196819363673431
1.1967168053625956
1.1966145792244267
1.1965119378704245
1.1964090473869222
1.1963053264717534
1.1962012733839178
1.1960961407349153
1.1959895963520797
1.1958813080627442
1.1957715249964085
1.195661658886906
1.1955510453889036
1.1954400997182346
1.1953295692633987
1.1952187066358964
1.195118390490561
1.1950184895610587
1.1949202494948898
1.1948227568172212
1.1947263437007192
1.1946300136273837
1.1945326870360482
1.1944346960993795
1.194335376472044
1.1942343129382085
1.1941312563683728
1.1940263728488705
1.193919579336535
1.1938105436586992
1.1936995149448635
1.193587406669861
1.1934748001358586
1.193369003141523
1.1932618774565207
1.1931544195988517
1.1930460482663494
1.1929365143295136
1.1928254025725111
1.192713460383842
1.1926006877635063
1.192487582970504
1.1923739799185014
1.192260376866499
1.1921457772964965
1.192030928596994
1.1919147512068249
1.191797494255489
1.1916799881746531
1.1915609873168171
1.1914457234014812
1.1913295460113122
1.1912131194916429
1.1910962777561405
1.1909786886321378
1.190860684292302
1.190742679952466
1.190624260396797
1.190505259538961
1.1903859265084584
1.1902659291326225
1.1901460978431198
1.190025851337784
1.1899046913576146
1.189782867032112
1.1896605444476094
1.18953788969044
1.1894229579477709
1.189307943161935
1.1891941740235992
1.1890810692305969
1.1889683796534276
1.1888559392057585
1.1887429174559228
1.188628899188087
1.1885139674454177
1.1883978730984153
1.1882808652765795
1.1881626948504103
1.188044524424241
1.1879259387822383
1.1878065227085692
1.1876863592464
1.187566112741064
1.1874593192287284
1.1873531070185592
1.1872491369738905
1.1871467447493882
1.1870439373090527
1.1869404655233837
1.186836163306048
1.1867314458728793
1.1866262301807102
1.1865201840568746
1.1864138057603724
1.1863060987732033
1.1861973952680342
1.1860872800290319
1.1859759191425294
1.1858631465221936
1.1857495434701912
1.1856463208140224
1.1855420185966867
1.185438795940518
1.1853354902411823
1.18523135411018
1.185127384065511
1.1850220022870088
1.1849152087746733
1.1848071696148375
1.1846987982823352
1.1845895134749995
1.184479149106497
1.1843673730041613
1.184254517340659
1.1841399177706564
1.1840244047258206
1.1839073969039846
1.1837949564563155
1.1836819347064798
1.1835690790429774
1.1834566385953083
1.1833441151044723
1.18323101031147
1.1831174903026342
1.1830034720347984
1.1828887063784626
1.1827738576789601
1.182658676806791
1.182542914632455
1.1824264050696192
1.1823098124636167
1.1821930537712808
1.1820758798631117
1.1819582076959425
1.1818494211476067
1.1817405515561044
1.1816339241301022
1.1815284593084332
1.1814234097025975
1.181318858355762
1.181214140922593
1.1811088421872573
1.181002962149755
1.180896251680586
1.1807893751250838
1.1806818342242482
1.1805727985464125
1.1804625172210768
1.1803519037230743
1.1802400445775718
1.180128268475236
1.1800227206104006
1.179916176227565
1.1798101301037291
1.1797041670230604
1.1795977056833913
1.1794904139120557
1.17938312214072
1.1792749999377177
1.1791662133893819
1.1790568455388795
1.1789471455157106
1.1788366981040415
1.1787257524333723
1.1786148067627034
1.178503196746701
1.178391420644365
1.1782788141103626
1.1781754253678605
1.1780717874958582
1.1779693122281893
1.1778667539173537
1.177764278649685
1.1776611390366827
1.1775572520351805
1.1774532819905115
1.1773488136868426
1.1772435979946736
1.1771372196981713
1.177030343142669
1.1769226361555
1.1768148461251644
1.1767063917494953
1.1765981034601596
1.176490064300324
1.176386094255655
1.1762815429088194
1.1761781541663172
1.1760743502079816
1.1759694666884792
1.1758641679531436
1.1757583709588082
1.1756508300579724
1.17554270785497
1.1754335891339678
1.1753244704129653
1.1752144382171297
1.1751038247191272
1.174992712962125
1.174880687730289
1.1747683303257865
1.1746553916191176
1.1745520028766152
1.174448115875113
1.174345889736944
1.1742441618577752
1.1741426831081063
1.174040872185771
1.1739380647454354
1.1738348420892664
1.1737312872604309
1.173627815474762
1.1735239284732597
1.1734197923422574
1.1733149088227552
1.1732093609579195
1.1731031487477506
1.1729967704512483
1.1728901430252459
1.1727913216569106
1.1726926663749084
1.1725946754382395
1.1724971827605708
1.172399939212402
1.1723032769664
1.1722066147203978
1.1721097863880623
1.172011961537727
1.1719127249535581
1.1718124088082227
1.1717109300585538
1.1716085378340515
1.171505481264216
1.1714014281763803
1.1712967107432115
1.1711911628783758
1.1710905145603736
1.1709897831992049
1.1708905466150359
1.1707915591603673
1.1706925717056984
1.1705935012078628
1.1704939324510273
1.1703927858740253
1.170290642779023
1.1701882505545207
1.170084944855185
1.1699809748105163
1.1698762573773474
1.1697712077715117
1.1696659920793429
1.1695609424735072
1.1694551454791715
1.1693564901971694
1.1692569214403339
1.1691581000719984
1.1690591956604963
1.1689606234216607
1.1688618020533252
1.1687621502533232
1.1686619171511543
1.1685616010058189
1.16846086964465
1.1683592248086478
1.1682571647568123
1.1681538590574767
1.1680497229264744
1.1679448394069722
1.1678391254558032
1.1677329132456342
1.1676314344959653
1.167529540530463
1.1674283939534609
1.1673273304196254
1.1672254364541232
1.1671227120569543
1.167018825055452
1.166914107622283
1.1668083106279474
1.1667017662451118
1.166595304905443
1.1664874318319405
1.1663790604994382
1.1662701909079358
1.1661609061006002
1.1660509569479311
1.165940509536262
1.16583961208876
1.1657382163822576
1.1656386476254221
1.1655399093002534
1.1654419183635847
1.1653438443837492
1.1652457704039136
1.165147032078745
1.1650479615809093
1.1649485589104072
1.1648480766787384
1.1647467640154028
1.164644288747734
1.164541564350565
1.1644381756080628
1.1643342886065606
1.1642299033460584
1.1641292550280562
1.1640279423647206
1.1639265466582185
1.1638249848653828
1.1637230908998806
1.1636204495458784
1.1635176421055429
1.163414170319874
1.1633102002752052
1.1632058980578694
1.1631008484520338
1.162994885371365
1.162888424031696
1.1627818796488603
1.1626748370070246
1.1625677943651889
1.1624607517233534
1.1623620133981845
1.1622631089866824
1.162165533265847
1.1620687879766782
1.161971876601176
1.161875214355174
1.1617784690660051
1.1616814746473365
1.161584148056001
1.1614860740761654
1.1613874187941633
1.161288099166828
1.1611885304099925
1.1610882973078236
1.1609875659466546
1.1608861702401525
1.160784608447317
1.1606866175106483
1.1605883774444794
1.1604903034646439
1.1603923125279751
1.1602946537639731
1.1601977423884708
1.1601012462288023
1.1600041687669667
1.1599063439166313
1.1598080208072958
1.1597089503094604
1.1596092985094582
1.1595089823641227
1.1594085831756205
1.1593076857281184
1.1592061239352829
1.1591038147539472
1.159011719882112
1.1589189606649433
1.1588276962247746
1.1587367639572725
1.1586450843012706
1.1585527402999354
1.1584593167374333
1.1583650627432647
1.1582699783174293
1.1581742295462605
1.1580778164297583
1.1579807389679229
1.1578824989017542
1.1577839266629186
1.1576847731219164
1.1575851213219144
1.1574849712629123
1.1573916307435768
1.1572975428357415
1.1572048666617394
1.1571120244014041
1.1570190990979021
1.1569251772764
1.1568310893685647
1.1567360879858959
1.1566400070420606
1.1565432617528917
1.156446516463723
1.1563490237860543
1.1562510328493854
1.15615246061055
1.156053722285381
1.1559539043990457
1.1558535052105434
1.1557604968638748
1.1556666580855395
1.1555734836525375
1.155481388780702
1.1553901243405333
1.1552983616413648
1.1552064328558629
1.1551139227681941
1.1550213296373588
1.1549284043338568
1.1548349807713547
1.1547410589498528
1.154647303214684
1.1545530492205154
1.1544582969673467
1.1543627973256778
1.154266799425009
1.154176614546007
1.1540859314080052
1.1539957465290032
1.153905893822668
1.1538155428573327
1.153724278417164
1.1536322665884953
1.1535392582418267
1.1534456685929912
1.153351580685156
1.1532568284319873
1.1531615779198185
1.1530658291486497
1.1529694990753143
1.152872421613479
1.1527748458926435
1.152676771912808
1.1525902409331394
1.1525045403851375
1.1524214972184692
1.1523397827424673
1.1522586495686322
1.1521784298696305
1.1520979610411288
1.152016993953627
1.1519354455639585
1.1518532328289568
1.1517698574896216
1.1516854025891199
1.1516002833432846
1.1515135862772827
1.1514259757364476
1.1513373686776123
1.151247765100777
1.1511700366967754
1.151091726990607
1.1510149120614386
1.1509383462617704
1.150861531332602
1.1507844672739336
1.1507063236540986
1.1506276817752636
1.1505482094647619
1.1504673254204267
1.1503852787717583
1.1503016543029232
1.150216535057088
1.1501300871205862
1.1500420613639175
1.1499532051755823
1.1498635185555803
1.1497803923457453
1.1496964357042434
1.1496123129764082
1.1495282732917398
1.1494434031754046
1.1493577856705695
1.1492715038204009
1.1491851389270658
1.1490981096883972
1.1490101669748953
1.1489221412182267
1.1488339493752247
1.1487453423163896
1.1486560709122209
1.1485658860332189
1.1484751198520502
1.148383523239215
1.148297075302713
1.1482102121503779
1.1481236811707094
1.1480369010615408
1.1479500379092056
1.1478623443252036
1.1477739033527017
1.1476852132506998
1.1475955266306979
1.147505341751696
1.1474143264410273
1.147322480698692
1.14723005365419
1.1471367961780212
1.147042708270186
1.1469481221033506
1.1468532037638486
1.1467645967050133
1.1466760726893446
1.1465885451916762
1.146501183780341
1.146414237584839
1.1463276235620037
1.1462404282370018
1.1461524855235
1.146063795421498
1.1459746070604961
1.1458850034836607
1.1457954829499923
1.1457057132868236
1.1456155284078218
1.1455250943993198
1.1454341621318178
1.145343146821149
1.1452596053954807
1.1451758978834787
1.1450936021053104
1.1450111402408085
1.1449283462036401
1.144844970864305
1.1447616785681365
1.1446780540993013
1.1445933500692995
1.1445074003917977
1.1444201220236292
1.1443319301806272
1.1442431570354585
1.1441539686744566
1.1440646142271214
1.1439744293481195
1.143883580123784
1.1437978795757824
1.1437115977256138
1.1436253158754452
1.1435387848957768
1.1434524200024414
1.1433657229364396
1.1432787767409378
1.1431912492432692
1.1431032234866005
1.1430153638162652
1.1429268398005967
1.1428378175259282
1.142748213949093
1.1426581121132575
1.1425671798457557
1.1424758323624202
1.1423841527064182
1.1423037669210832
1.1422236302652482
1.1421452375159131
1.1420678412845782
1.1419902789669099
1.1419119692607413
1.1418333273819063
1.1417536889850712
1.1416732201565696
1.1415919208964012
1.1415100403340661
1.1414268310810642
1.1413431235690625
1.1412590008412273
1.141173881595392
1.1410881810473903
1.141001816154055
1.1409218455845533
1.1408407954538848
1.1407603266253832
1.1406801069263814
1.1405993889683796
1.140517674492378
1.1404357108868761
1.1403529998928743
1.1402697906398724
1.1401854187825373
1.1401003825798688
1.140014682031867
1.139928483224865
1.1398416200725299
1.1397540925748613
1.1396658176886927
1.1395769615003575
1.139494416592689
1.1394116225555206
1.1393297419931854
1.1392481105603505
1.1391664791275153
1.139085179867347
1.1390036314776784
1.1389215017858434
1.1388392890508414
1.1387566611000064
1.1386732857606712
1.138589661291836
1.1385052063913343
1.138420087145499
1.1383343035543305
1.1382475234451621
1.1381601620338269
1.138078945816825
1.1379974804703232
1.1379165964259883
1.137835961511153
1.1377557418121513
1.1376757712426497
1.1375957176299814
1.1375152488014795
1.1374340325844778
1.1373528994106425
1.1372705205893074
1.1371878095953056
1.1371044342559706
1.1370204776144688
1.1369356074981336
1.136849823906965
1.1367632098841298
1.1366818275807948
1.1365999470184596
1.1365182325424579
1.1364371824117894
1.1363557170652878
1.1362744178051192
1.1361931185449508
1.1361113210257825
1.1360292743771139
1.1359464803399455
1.1358632710869436
1.1357791483591086
1.1356945273722734
1.1356094081264383
1.1355234584489364
1.1354369274692677
1.1353498982305992
1.135268848099931
1.1351878810124292
1.1351080765292607
1.1350286872619255
1.1349487997355905
1.1348684139502554
1.134787114690087
1.1347053171709187
1.1346228553064168
1.1345398121397483
1.1344561046277466
1.1343719818999114
1.1342875269994095
1.134202490796741
1.1341170393782392
1.134030923614404
1.1339443926347355
1.1338640898925672
1.1337836210640653
1.1337041487535635
1.1336247594862285
1.1335447058735602
1.133464320088225
1.1333830208280566
1.1333009741793882
1.1332182631853864
1.1331348878460512
1.1330510142477161
1.1329665593472142
1.1328814401013791
1.1327961547692105
1.1327104542212088
1.1326242554142067
1.1325377244345383
1.1324614908075368
1.1323851741373683
1.1323103522442
1.1322361116531985
1.1321622862780303
1.1320887930755286
1.1320143863981937
1.1319400627640255
1.131865490000357
1.1317900868050221
1.1317140192643538
1.131637038248852
1.1315588946290172
1.1314801697070154
1.131400863482847
1.1313208098701786
1.1312398427826769
1.1311665987096753
1.1310933546366737
1.1310211901248388
1.1309491916993373
1.1308765289285023
1.1308032848555007
1.1307288781781657
1.1306535580259975
1.1305773243989958
1.1305001772971608
1.1304224488931591
1.1303442222301574
1.1302653312218225
1.1301853606523207
1.1301048087806522
1.130023758649984
1.1299417120013153
1.129862904036147
1.1297836808551454
1.129704872889977
1.1296263140543086
1.1295474230459734
1.129468615080805
1.1293898901588035
1.1293114143663017
1.1292329385738
1.1291541306086317
1.1290750735139632
1.1289953520739615
1.1289148832454599
1.1288338331147914
1.1287524508114564
1.1286706532922879
1.128588191427786
1.1285096325921178
1.1284309907132826
1.128352764050281
1.128274869559946
1.1281970581127776
1.1281189975361092
1.1280406047867741
1.1279619629079392
1.1278827397269375
1.1278031013301024
1.1277231307606006
1.1276428280184323
1.1275623591899304
1.1274813090592621
1.1273997606695936
1.1273177140209252
1.12723483694059
1.127155945932255
1.1270766397080867
1.126998163915585
1.1269196881230832
1.1268408801579148
1.1267621552359133
1.126682765968578
1.1266029614854098
1.126522741786408
1.1264419407852395
1.1263609736977378
1.1262796744375694
1.126197876918401
1.1261155811402326
1.1260332023188975
1.125950159152229
1.1258670329423939
1.1257862319412253
1.1257053478968904
1.1256245468957218
1.1255438289377202
1.125463194022885
1.1253824760648834
1.125301342891048
1.1252200436308797
1.125138827413878
1.1250573620673763
1.1249758136777077
1.1248942652880394
1.124812218639371
1.1247296737317025
1.1246469627377007
1.1245639195710322
1.1244803781453638
1.1244010719211954
1.1243214335243603
1.1242422103433585
1.1241634023781901
1.1240846774561886
1.1240053712320202
1.1239258158783518
1.1238462605246833
1.1237660408256815
1.1236855719971799
1.1236046879528447
1.123523471735843
1.1234416742166746
1.1233597106111728
1.1232776639625044
1.1231957003570026
1.1231136537083342
1.123034513570499
1.1229550412599973
1.1228761502516622
1.1227972592433273
1.1227182851918256
1.122639228097157
1.122560087959322
1.1224806156488205
1.122400811165652
1.1223206745098169
1.1222398735086485
1.12215882337798
1.1220773580314782
1.1219958926849767
1.1219140951658082
1.121832214603473
1.1217504170843047
1.1216726056371362
1.1215947111468012
1.1215173979586328
1.1214404169431311
1.1213636850571296
1.1212867870847945
1.1212097230261262
1.1211322437516245
1.1210544323044562
1.1209764547709544
1.1208979789784528
1.1208195862291177
1.1207410273934495
1.1206630498599477
1.1205849892832793
1.1205067626202776
1.1204284529141093
1.120352883632441
1.120277231307606
1.1202022433281045
1.1201273383917694
1.1200524334554345
1.119977196346433
1.1199017101079312
1.1198257256104296
1.1197494919834279
1.1196726770542595
1.1195953638660912
1.119517552418923
1.1194395748854211
1.1193612651792528
1.1192827893867512
1.119204396637416
1.1191263360607477
1.1190515972107462
1.1189767753175779
1.1189024516834096
1.1188281280492414
1.1187537213719063
1.1186792316514047
1.1186048249740699
1.1185300861240681
1.1184557624898999
1.118381106683065
1.1183061187035632
1.1182309646377284
1.11815589361506
1.1180804073765584
1.1180050041812235
1.1179293518563884
1.1178534504020534
1.1177806215448853
1.1177074605150503
1.1176347147010488
1.1175622180165472
1.1174895552457123
1.117416726388544
1.1173433992723758
1.117269739983541
1.1171955824357058
1.117121175758371
1.117046270822036
1.1169712828425344
1.1168961287766994
1.1168204764518646
1.1167445749975295
1.1166684244136944
1.1165923568730263
1.1165216871381913
1.1164510174033564
1.1163813441865216
1.1163121692286868
1.1162430773140186
1.1161735701835171
1.1161040630530157
1.1160343898361806
1.1159646335761793
1.1158944621003444
1.1158237923655094
1.115752790458008
1.1156812902915065
1.1156093749091716
1.1155370443110033
1.1154643815401684
1.1153913035535001
1.115322709897832
1.115254033198997
1.1151862699749957
1.1151185067509943
1.1150509926564929
1.114983063346158
1.1149146357768231
1.1148457099484883
1.1147760367316535
1.1147059482989854
1.1146352785641505
1.1145643596998156
1.114493357792314
1.114421940668979
1.1143504405024776
1.1142786081633094
1.1142064436514745
1.114137434779973
1.114068259822138
1.1139993339938032
1.1139306572949685
1.1138617314666337
1.1137928056382989
1.113723630680464
1.1136538744204625
1.113583619901461
1.113512950166626
1.1134417821727913
1.113370198963123
1.1132982005376215
1.1132257868962865
1.1131527089096183
1.1130793817934501
1.1130056394614485
1.1129355510287802
1.112865462596112
1.112795623292944
1.1127261161624424
1.112656609031941
1.1125871019014393
1.1125175947709378
1.1124478385109364
1.1123774179056014
1.1123068312139333
1.1122356632200985
1.1121642460967636
1.112092247671262
1.1120200831594271
1.1119477525612589
1.1118751728335907
1.111802427019589
1.1117320064142542
1.111661419722586
1.1115912482467512
1.1115209937277497
1.1114506561655815
1.1113801525170799
1.111309233652745
1.1112382317452434
1.111167229837742
1.1110957296712405
1.1110247277637388
1.110953559769904
1.1108827239487358
1.110811805084401
1.110740886220066
1.1106698012693978
1.110598633275563
1.1105287109292281
1.1104583733670599
1.110388201891225
1.1103180304153901
1.1102480250258886
1.110177853550054
1.1101080142468858
1.1100379258142175
1.1099678373815494
1.109897748948881
1.1098278266025463
1.1097576551267114
1.10968740060771
1.1096173121750417
1.1095469746128734
1.109476720093872
1.1094062994885372
1.109339947998369
1.1092732643355343
1.1092070789316995
1.109141059614198
1.10907470812403
1.109008024461195
1.108940925582527
1.108873577574359
1.1088057313071908
1.108737801996856
1.108669457470688
1.108600780771853
1.1085321040730183
1.10846326128785
1.1083940032868485
1.1083245791995138
1.108254905982679
1.1081898001400108
1.1081241960383428
1.1080591732388412
1.1079945656551733
1.1079301241578385
1.107865599617337
1.1078010750768357
1.1077363014068342
1.1076714446936662
1.1076065049373314
1.1075413160514966
1.1074757949929952
1.107409775675494
1.1073435072284925
1.107276740522491
1.1072097246869896
1.1071425427651547
1.10707760300882
1.1070126632524853
1.1069479726256506
1.1068835311283158
1.1068188405014812
1.1067540668314797
1.1066889609888115
1.1066236890598102
1.1065585001739755
1.1064931452018074
1.1064275411001392
1.1063617709121378
1.106295585508303
1.1062289848886349
1.1061624673121335
1.1060956175629655
1.1060285186842973
1.1059654058776291
1.1059022930709612
1.1058398446096265
1.1057776452777919
1.1057156120322904
1.1056534127004558
1.1055908811959545
1.105528100561953
1.1054648216689518
1.1054012936464503
1.105337516494449
1.1052731580402808
1.1052086334997795
1.1051436937434447
1.1050786709439433
1.1050130668422753
1.1049472136111071
1.1048829382001057
1.1048180814869377
1.1047533078169363
1.1046883680606017
1.1046233452611
1.1045578242025988
1.104491887928264
1.1044256194812625
1.1043592679910945
1.104292750414593
1.1042260667517583
1.1041593830889234
1.1040924502965888
1.104025517504254
1.103958584711919
1.103891734962751
1.1038250512999161
1.1037598624140814
1.10369483961458
1.1036301489877454
1.1035654583609107
1.1035007677340758
1.1034359110209078
1.1033708051782396
1.103305865421905
1.1032408426224036
1.1031759028660688
1.103110963109734
1.103046106396566
1.102981249683398
1.1029162268838966
1.1028511210412284
1.1027857660690603
1.1027203280537257
1.1026572152470575
1.1025940193972228
1.1025310726768882
1.1024684581292201
1.102405677495219
1.102342979904384
1.102280116227216
1.1022173355932148
1.1021543058297134
1.1020909438935453
1.1020274989142107
1.1019639708917093
1.101900359826041
1.1018364996308732
1.1017725563925385
1.1017088622837037
1.101644919045369
1.1015846297063676
1.1015245064536996
1.1014648814600316
1.1014055886390304
1.101346378861196
1.1012871690833612
1.1012279593055265
1.1011684173550254
1.1011087093181906
1.1010488351950227
1.1009884628128548
1.10092800738752
1.1008673028326854
1.100806266105184
1.1007451463345161
1.1006836943911815
1.100622242447847
1.1005656900513456
1.1005088885253445
1.1004525022151765
1.100396531120842
1.1003407261128406
1.1002848380616728
1.100228700881005
1.1001722315276703
1.1001154300016691
1.1000584623893346
1.1000011626043333
1.0999436136898322
1.099885566516331
1.099826938040663
1.099768558694495
1.099709681089327
1.0996504713114925
1.0995934206559912
1.09953612087099
1.0994790702154886
1.0994219365168207
1.0993647197749863
1.0993072539036517
1.0992493728164838
1.0991913256429824
1.099132863253648
1.0990743178211466
1.099015606302312
1.0989568947834774
1.0988981002214762
1.0988392226163082
1.0987803450111402
1.0987213013196389
1.0986623406713043
1.0986055391453031
1.0985485715329686
1.0984920191364673
1.098435466739966
1.0983789973866316
1.0983219467311303
1.0982648960756292
1.0982074302042946
1.0981497152034598
1.0980917510731254
1.0980336208564574
1.097975158467123
1.0979164469482883
1.097857403256787
1.097798276522119
1.0977389837011178
1.0976796078369497
1.0976231384836153
1.097566586087114
1.0975106149927794
1.097454643898445
1.0973989219336102
1.0973431999687757
1.0972873119176079
1.09723142386644
1.097175037556272
1.0971185682029376
1.0970619327632696
1.0970052142804352
1.0969481636249339
1.0968911129694325
1.096833896227598
1.0967766794857634
1.0967192136144288
1.0966644051244276
1.0966094305480931
1.0965549542307587
1.0965006439997576
1.0964463337687564
1.0963917744082552
1.0963370489614206
1.0962822404714194
1.0962269337224182
1.0961714608870836
1.0961159880517493
1.096060183043748
1.0960041289062468
1.0959479086824122
1.0958915223722443
1.0958350530189098
1.0957784175792418
1.0957236090892406
1.095668634512906
1.095613826022905
1.095559183619237
1.095504375129236
1.095449483596068
1.0953945920629002
1.0953397005297323
1.0952845598670644
1.0952292531180634
1.0951738633258954
1.0951183904905608
1.095062751568893
1.0950069465608918
1.0949508924233906
1.0948947552427226
1.0948386180620548
1.094783726528887
1.0947288349957192
1.094674026505718
1.0946193841020502
1.0945647416983821
1.094509933208381
1.0944550416752132
1.0943999010125454
1.0943446773067107
1.094289287514543
1.0942338977223751
1.0941781757575406
1.0941225368358727
1.094066565741538
1.0940105116040368
1.093954623552869
1.0938985694153678
1.0938435948390333
1.0937887033058655
1.093733977859031
1.0936792524121963
1.0936246930516953
1.0935700506480273
1.093515242158026
1.0934603506248584
1.0934053760485238
1.093350235385856
1.0932951777663547
1.0932398710173534
1.093184647311519
1.0931292575193512
1.09307395077035
1.0930183948918488
1.0929628390133475
1.092908113566513
1.0928531389901786
1.092798413543344
1.0927436880965093
1.092688962649675
1.0926342372028404
1.092579511756006
1.0925245371796715
1.092469562603337
1.092414421940669
1.0923592812780012
1.0923041406153333
1.0922489999526654
1.0921937762468308
1.092138386454663
1.0920831627488286
1.0920278559998273
1.0919749575026594
1.0919221420486582
1.0918698248536571
1.0918180889608227
1.091766436111155
1.0917150323909872
1.0916636286708195
1.0916122249506517
1.0915604890578172
1.0915087531649827
1.091456851185815
1.091404949206647
1.091352881141146
1.0913006469893116
1.0912483297943103
1.0911958465129759
1.091143197145308
1.0910919595114736
1.0910405557913059
1.0909896503301382
1.090938578782637
1.0908875072351358
1.0908361865581349
1.0907848658811337
1.0907333791177993
1.0906817262681314
1.090629990375297
1.0905780883961291
1.0905261864169613
1.0904742844377937
1.0904223824586259
1.0903703974362913
1.0903186615434568
1.0902670086937891
1.090215937146288
1.090164865598787
1.0901140431807859
1.0900632207627847
1.0900124813879504
1.0899617420131158
1.0899109195951147
1.0898601802202803
1.0898092747591126
1.0897582032116113
1.089707214707277
1.0896560601166092
1.0896049885691081
1.089553917021607
1.0895027624309392
1.0894516078402714
1.089400370206437
1.0893514577812693
1.0893024623129348
1.0892537990172673
1.0892051357215995
1.0891567215554316
1.0891084734755974
1.0890598932230964
1.0890114790569285
1.0889627327180942
1.0889138202929265
1.0888646587382587
1.0888153310972577
1.0887660864994233
1.0887165927720888
1.0886670990447544
1.0886174392310868
1.0885678624605857
1.0885195313375846
1.088471117171417
1.088422786048416
1.0883747040549148
1.0883264559750805
1.0882783739815793
1.0882302089449116
1.0881818778219106
1.0881337958284096
1.0880855477485751
1.088037216625574
1.0879891346320731
1.087940803509072
1.087892721515571
1.0878443903925699
1.087796308399069
1.0877480603192344
1.0877017222322336
1.0876551350157326
1.0876086308423982
1.087562541884897
1.0875163698842296
1.0874702809267285
1.0874241089260608
1.0873781030117264
1.087331931011059
1.0872857590103913
1.0872393378802234
1.0871929167500558
1.0871463295335548
1.0870997423170539
1.087053155100553
1.0870061526682184
1.086959399365384
1.086914306925883
1.0868692975295489
1.0868245372627146
1.0867799430822136
1.0867355980312126
1.0866910868938784
1.0866464927133774
1.0866018154897097
1.0865572213092087
1.0865122119128745
1.0864671194733735
1.086422110077039
1.086376768508038
1.0863314269390372
1.0862860853700362
1.0862406607578685
1.0861950700593677
1.0861518045695333
1.0861086221228657
1.0860657718488647
1.086023170704364
1.085980569559863
1.085937968415362
1.0858952842276943
1.08585226786736
1.085809251507026
1.085765902974025
1.0857224713978573
1.0856788737353564
1.085635109986522
1.0855911801513545
1.0855470842298536
1.0855029883083525
1.0854586432573516
1.0854150455948506
1.0853712818460164
1.0853276011403488
1.0852837543483478
1.0852399075563468
1.0851959777211793
1.085151964842845
1.0851079519645106
1.0850637729998431
1.0850195940351754
1.0849752489841744
1.0849309869763402
1.0848865588821726
1.0848422138311715
1.084797785737004
1.084753191556503
1.0847087634623354
1.084665497972501
1.0846220663963335
1.0845791330791659
1.084536282805165
1.0844935986174973
1.0844509144298298
1.0844082302421623
1.0843657951839947
1.0843230279531604
1.0842803437654926
1.0842374934914918
1.0841945601743241
1.0841518759866566
1.0841088596263224
1.0840657602228214
1.0840228269056538
1.0839798105453196
1.0839370433144853
1.083894525213151
1.0838518410254834
1.0838092398809824
1.0837668048228148
1.0837243697646473
1.083681851663313
1.083639333561979
1.083596981546978
1.083554380402477
1.0835118623011428
1.0834694272429752
1.0834268260984743
1.08338430799714
1.0833418729389723
1.0832993548376382
1.0832569197794706
1.0832158964551364
1.0831749561739688
1.0831343480654678
1.083093989086467
1.0830535470642995
1.0830131880852987
1.0829728291062977
1.0829324701272969
1.0828919450619627
1.0828515030397952
1.0828109779744608
1.0827705359522934
1.0827300939301259
1.0826893197352916
1.0826487116267907
1.0826080204751232
1.0825672462802889
1.0825273025171214
1.082487607883454
1.082447996292953
1.0824083016592856
1.082368607025618
1.0823290784782837
1.082289466887783
1.0822497722541153
1.0822101606636145
1.0821703829867804
1.0821306053099462
1.082090827633112
1.0820508008267777
1.0820110231499436
1.0819711624299426
1.081931218666775
1.081891440989941
1.0818522446152734
1.0818132143269392
1.0817742670817718
1.081735402879771
1.0816966217209367
1.0816579236052692
1.0816192254896018
1.0815804443307675
1.0815416631719335
1.0815028820130992
1.0814641008542651
1.0814252366522643
1.0813865385365966
1.0813476743345958
1.081308810132595
1.0812701120169275
1.0812313308580934
1.081193878389926
1.0811566750512585
1.0811198038852576
1.0810830157624234
1.0810462276395894
1.0810096056030885
1.080972900523421
1.0809359463142536
1.0808989921050862
1.080861954852752
1.0808249176004179
1.0807877973049171
1.0807505939662496
1.0807135567139154
1.080676353375248
1.0806390669934138
1.0806020297410797
1.0805654907477455
1.0805288687112449
1.0804924958042441
1.0804560398540766
1.0804199160765757
1.080383543169575
1.0803471702625742
1.08031088039874
1.0802746735780726
1.080238217627905
1.0802020938504044
1.080165637900237
1.0801293480364027
1.080092975129402
1.080056685265568
1.0800203954017338
1.0799839394515662
1.0799481478467323
1.0799124392850648
1.0798766476802306
1.0798411882480632
1.0798054796863958
1.0797699372110616
1.0797343947357276
1.07969868617406
1.0796629776123927
1.079627352093892
1.0795917265753912
1.079555934970557
1.0795203094520562
1.0794846839335555
1.079448975371888
1.0794133498533873
1.0793776412917198
1.0793425970753858
1.0793075528590517
1.0792727577722177
1.0792379626853834
1.079203250641716
1.0791686216412153
1.0791339095975478
1.0790994466833805
1.0790649007260464
1.079030437811879
1.0789958918545448
1.078961345897211
1.0789268829830434
1.078892420068876
1.0788577910683752
1.0788234111973745
1.0787889482832071
1.078755149714373
1.0787214341887057
1.0786878847493715
1.0786545013963709
1.07862111804337
1.078587817733536
1.0785546004668687
1.078521217113868
1.0784880828903673
1.0784548656236999
1.0784216483570324
1.078388431090365
1.078355130780531
1.0783219965570303
1.0782886962471963
1.0782555620236955
1.0782222617138615
1.078189542706194
1.0781568236985268
1.078124187734026
1.0780917178558587
1.0780591649345246
1.0780267780995239
1.0779943082213566
1.0779620874726892
1.0779297836808552
1.077897479889021
1.0778652591403537
1.0778329553485198
1.0778007345998524
1.0777685968943516
1.077736459188851
1.0777043214833502
1.0776722668210161
1.077640793460849
1.0776094031438481
1.0775780958700143
1.0775467055530135
1.0775156474086796
1.077484423178012
1.0774533650336782
1.077422140803011
1.0773910826586768
1.077359941471176
1.0773288833268422
1.077297825182508
1.0772668500813407
1.0772357919370068
1.0772047337926727
1.0771738417346721
1.077142783590338
1.0771126389208374
1.0770825772945034
1.0770527647976695
1.0770231183871688
1.0769934719766683
1.076963991652501
1.0769345943715003
1.0769050310041663
1.076875550679999
1.076845987312665
1.076816423945331
1.0767869436211637
1.0767572972106632
1.0767278168864958
1.076698170475995
1.076668607108661
1.0766392098276605
1.0766101447193266
1.0765810796109927
1.0765520975458254
1.0765232815669914
1.0764944655881574
1.07646573265249
1.0764369997168228
1.0764084328674888
1.0763796999318216
1.076351050039321
1.0763223171036536
1.0762937502543197
1.0762651834049857
1.076236533512485
1.0762079666631512
1.076179482856984
1.0761509990508167
1.076122847417316
1.0760947788269821
1.0760667102366481
1.076038724689481
1.0760108221854803
1.0759830027246462
1.0759551832638123
1.075927446846145
1.0758997104284778
1.0758719740108105
1.0758444036794765
1.0758168333481426
1.0757892630168087
1.0757617757286415
1.0757342884404741
1.075706801152307
1.0756793969073064
1.075652407878139
1.0756255849353051
1.0755987619924714
1.0755719390496374
1.0755454482794702
1.0755188744661361
1.0754923006528023
1.075465809882635
1.0754393191124678
1.075412994428634
1.0753865867016335
1.0753603450609661
1.075334103420299
1.0753078617796317
1.0752817862252977
1.0752556276277971
1.0752294690302966
1.0752038917349627
1.0751780653101288
1.0751525710579617
1.0751270768057943
1.0751017486399606
1.0750762543877934
1.0750510092651262
1.0750256810992922
1.0750003529334584
1.0749750247676244
1.074949862688124
1.0749244514791234
1.0748993724427895
1.074874210363289
1.0748489652406217
1.0748238862042878
1.0747988902111207
1.0747741433474534
1.0747493964837862
1.0747249817927857
1.0747004840586185
1.0746762354539514
1.0746519038061175
1.0746279043309503
1.0746038218126164
1.0745796562511158
1.0745554906896153
1.0745314081712816
1.074507491739281
1.0744834922641138
1.0744594927889466
1.0744356594001128
1.0744117429681121
1.0743878265361118
1.0743642422767778
1.0743408241037773
1.074317405930777
1.0742939877577764
1.0742707356711092
1.0742476496707754
1.0742245636704415
1.074201394626941
1.0741784747129406
1.0741554717557733
1.0741324687986062
1.074109465841439
1.0740866289706053
1.0740637920997713
1.0740410382721042
1.0740183674876038
1.0739956136599367
1.073973192004936
1.0739507703499356
1.0739283486949351
1.0739061761694346
1.073884003643934
1.0738619141616004
1.0738399077224332
1.073817901283266
1.0737958118009323
1.0737739714480985
1.073752048052098
1.073730207699264
1.073708450389597
1.0736866930799298
1.0736649357702628
1.0736435106332622
1.0736219194099286
1.0736004112297612
1.0735790691359275
1.0735579761715937
1.0735368001640933
1.0735157071997594
1.0734946972785924
1.0734737704005919
1.0734527604794248
1.0734319996877577
1.0734113219392571
1.0733905611475902
1.073370049485423
1.0733493717369225
1.0733287770315887
1.0733082653694217
1.0732880028367546
1.0732675742177542
1.073247560814587
1.0732276304545867
1.0732079492240862
1.0731882679935858
1.073168669806252
1.0731490716189183
1.0731296395179177
1.073110290460084
1.0730908583590837
1.07307150930125
1.0730522432865828
1.073032894228749
1.0730137112572486
1.0729945282857483
1.0729754283574144
1.072956245385914
1.0729373115439136
1.0729183777019133
1.0728996099462462
1.0728809252337457
1.072862074434912
1.072843555808745
1.0728248710962445
1.072806435513244
1.072787916887077
1.0727695643472432
1.0727512118074096
1.0727328592675758
1.0727145897709087
1.0726963202742417
1.072678216863908
1.0726601134535743
1.072642176129574
1.0726240727192402
1.0726064675679066
1.0725887793734061
1.0725710081357391
1.0725535690707386
1.072536213048905
1.0725187739839046
1.0725014179620709
1.0724842280265705
1.0724670380910701
1.0724498481555698
1.0724328243064027
1.072415966543569
1.0723988596512353
1.0723820849315682
1.072365144125568
1.0723483694059008
1.072331594686234
1.0723150690960668
1.0722986265490664
1.0722822670452328
1.0722659075413992
1.0722497141238987
1.0722334376632316
1.0722174933752313
1.072201299957731
1.0721853556697307
1.072169494424897
1.0721536331800634
1.0721377719352296
1.0721219937335627
1.0721062985750622
1.0720906864597286
1.072075074344395
1.0720596283153947
1.072044265329561
1.072028985386894
1.0720137884873937
1.07199867463106
1.071983643817893
1.071968613004726
1.0719537482778922
1.0719389665942254
1.0719241849105583
1.0719094032268914
1.0718947876295577
1.0718802550753908
1.071865639478057
1.0718511899670569
1.0718367404560565
1.0718223739882229
1.0718081736067224
1.0717939732252222
1.0717799389300553
1.071765987678055
1.0717521194692212
1.071738168217221
1.0717244660947207
1.071710847015387
1.0716970618497201
1.071683525813553
1.0716699897773863
1.071656536784386
1.0716430837913855
1.071629713841552
1.0716164269348851
1.071603140028218
1.0715900192078844
1.0715768983875509
1.0715640266967172
1.0715509889195503
1.07153828331505
1.0715254116242163
1.0715127890628828
1.0715001665015491
1.0714876269833822
1.071474921378882
1.0714627140333817
1.0714502575583815
1.0714379671697145
1.0714257598242143
1.071413552478714
1.0714013451332136
1.0713893869172135
1.0713774287012132
1.0713655535283795
1.0713537613987127
1.0713420523122124
1.0713304262688788
1.071318883268712
1.0713075063548783
1.071296046397878
1.0712846694840445
1.071273541699711
1.0712623308722107
1.0712512030878771
1.0712400753035436
1.0712291136055434
1.0712182349507098
1.0712074393390427
1.0711965606842093
1.071185848115709
1.0711752185903756
1.0711647551513752
1.0711541256260417
1.0711438282733747
1.071133530920708
1.0711231505248744
1.0711130192585407
1.0711028049490405
1.0710927567258737
1.0710827915458734
1.0710728263658733
1.0710629442290398
1.0710533112217062
1.0710435121280393
1.0710338791207057
1.071024329156539
1.071014779192372
1.0710053953145384
1.0709960944798715
1.0709868766883714
1.070977741940038
1.0709686071917044
1.0709596385297042
1.0709507529108706
1.0709417842488704
1.0709330647163702
1.0709242621407034
1.070915542608203
1.070907072205203
1.0708984357158695
1.070890048356036
1.0708816609962024
1.0708733566795356
1.0708651354060355
1.0708569971757018
1.070848692859035
1.0708408037582016
1.0708328316142013
1.0708249425133678
1.070817136455701
1.070809413441201
1.070801856513034
1.0707942165417006
1.0707866596135338
1.0707791857285336
1.0707718779298667
1.0707644040448665
1.070757262332533
1.070750037577033
1.0707428958646994
1.0707359202386992
1.070728944612699
1.0707221350730323
1.070715242490199
1.0707085159936987
1.0707017894971986
1.070695146043865
1.0706886686768649
1.0706821913098648
1.0706757969860312
1.070669402662198
1.0706631744246977
1.0706571122735309
1.0706508840360307
1.0706449049280307
1.0706388427768638
1.0706329467120304
1.0706272167335302
1.0706213206686968
1.0706156737333634
1.0706101098411966
1.0706046289921964
1.0705991481431962
1.0705938333805296
1.0705884355746962
1.070583203855196
1.0705781382220292
1.0705730725888625
1.0705680069556955
1.0705629413225288
1.0705582078620288
1.070553391358362
1.0705486578978618
1.070543841394195
1.0705394401063617
1.0705349557753616
1.0705303884011947
1.070526070156528
1.070521834955028
1.070517599753528
1.0705134475951945
1.0705092954368611
1.0705053924080277
1.0705014893791942
1.0704975033071942
1.0704936833215273
1.0704901955085273
1.0704864585660272
1.0704828877098604
1.0704793168536937
1.0704759120838603
1.0704726734003602
1.0704692686305268
