-0.8151617490589549
-0.4037554364965683
-0.5623295143094934
-0.3253199407166922
-0.3771780228917538
-0.3587126018036626
-0.43178433973998026
-0.8815069598818228
-0.7699784281406189
-0.37295424927586684
-0.5239062266780207
-0.39687152054701824
-0.34393010081715153
-0.31697847262380907
-0.24414257224644673
-0.2593212240019545
-0.25497207618895223
-0.2523426381649008
-0.29105472935243015
-0.23874753343309124
-0.2233903367046597
-0.18290527978679358
-0.23292761569153853
-0.16132015548100295
-0.14174027780931028
-0.1828222586395727
-0.29269937502891546
-0.11384811005379193
-0.08053022691299329
-0.1178581983406706
-0.17712556774592353
-0.17904643981153637
-0.16745744087527206
-0.22171068057170384
-0.23389034754471988
-0.2005997025338985
-0.18294935781931493
-0.26199178773026527
-0.2554868548201101
-0.32730631459390286
-0.253024549315488
-0.3217783657061399
-0.3020504893333605
-0.2819225049379134
-0.4444103119711776
-0.30978890985930907
-0.39863996996487416
-0.23140974306547515
-0.12070106402292911
-0.08570658354222074
-0.1420550210118422
-0.3260342572764874
-0.3547870004834877
-0.3284230827254644
-0.3379959770134643
-0.15841584187147076
-0.10741156101941046
-0.09491687444153814
-0.5578472237267177
-0.3285773661897601
-0.39843614099576563
-0.2267888838232214
-0.32620570592485953
-0.694869735393241
-0.7749057338032369
-0.676365369741043
-0.7242778739922303
-0.5801646665764197
-0.2720906837041216
-0.4012528824247227
-0.20732081322498083
-0.2795864155591886
-0.25175656778978744
-0.19253362641735466
-0.20924606340644542
-0.3319204529747416
-0.3584239900832323
-0.21117711572309847
-0.4156239627058126
-0.2503450016052606
-0.43008720910403264
-0.5706032158024903
-0.5389495048224976
-0.553155346354939
-0.7189087699819002
-0.8773244049294718
-1.0965758045661935
-0.6538893273565187
-0.5976409955586355
-0.3677790889180269
-0.23629131965986785
-0.4172136800666927
-0.4466019605797164
-0.22038810039902548
-0.1993429159781188
-0.1259490286063676
-0.2021292673584379
-0.42054230630841877
-0.17219309265317512
-0.37854015660523976
-0.4933821301307699
-0.5478439131705078
-0.41070508027511254
-0.3948265948429757
-0.4330623930518846
-0.4145132464731814
-0.3359494337545273
-0.9710868107031839
-1.0598584943721545
-0.6830353333452146
-0.7440009258756529
-0.6604974509738193
-1.2968803622339318
-0.8710990528868193
-0.8587047321813913
-0.5831561644164104
-1.122621124498507
-1.0152843509704137
-1.23365515834722
-0.9262333949588148
-0.8074171717604354
-0.7922989082503978
-0.6882285741358782
-0.4684812756994885
-0.4622111928049394
-0.7723416209181136
-0.5237374798405005
-0.43256197613252906
-0.2949977533643238
-0.2590053665494425
-0.3914861216198439
-0.28664161580674064
-0.39934486197629887
-0.3162498472097894
-0.3087087075657862
-0.2888497499531256
-0.2133675117530307
-0.29434098576115275
-0.30763643644507527
-0.2213165645455179
-0.20806685663892557
-0.10627288608978182
-0.16957445016528325
-0.26617914695656825
-0.7993788013884053
-0.6418052011779501
-0.4471901349521516
-0.433665674717405
-0.43678242228904846
-0.394179732603365
-0.33879024702085186
-0.3782509243113779
-0.3737466792688945
-0.3252966486395152
-0.20901043642730455
-0.34901023112459095
-0.3473862601353786
-0.1479903209602307
-0.17890990306424492
-0.06728284414716615
-0.1489964042153458
-0.3058627041800462
-0.29240883344543944
-0.181365392748071
-0.17248477845169122
-0.17602101295421418
-0.3008824122563094
-0.2599185027932081
-0.3982022043753155
-0.398584178377528
-0.6306067676361968
-0.6435082453654593
-0.47097953249048924
-0.271028499375834
-0.4471723251593024
-0.6286399715762807
-0.6605088681379163
-0.3571346764790013
-0.3090474509683709
-0.9730078055889139
-0.6873815645376524
-0.7433124795798918
-0.5284691638616664
-0.41723848205328046
-0.41538716748307564
-0.22705385762472807
-0.5235864660760263
-0.5528765951826365
-0.3651784577391938
-0.6337402645833
-0.4062733562190618
-0.28724169402422856
-0.6371882123748278
-0.4812347214719199
-0.7187770223775493
-0.4716082406071866
-0.338175457140591
-0.38780284460818404
-0.6392888043923379
-0.27671491124665903
-0.37724894240318924
-0.5856247596067307
-0.32501346162009065
-0.38660258068897846
-0.44779975233903035
-0.47513589111188814
-0.38425962161381605
-0.2328696713454791
-0.17607468758578196
-0.08585862625397288
-0.2777085104317536
-0.37118259746175797
-0.48648326710436846
-0.36857348640358645
-0.3436124436905957
-0.6545062623696916
-0.47102936336167456
-0.21668659917501912
-0.24680237425566634
-0.163077573114692
-0.10751907783671345
-0.1447476936338398
-0.21711673294990275
-0.16436290854151303
-0.41099802353595816
-0.3648612292255988
-0.5791348361981478
-0.3988244238550238
-0.2107722417508303
-0.4274960053805696
-0.347365041855097
-0.36763362161264407
-0.5216063372346066
-0.6421785662653798
-0.6307738928831683
-0.6381005833987715
-0.8095377583382732
-0.7821442566963283
-0.47430049661699764
-0.3870277071960429
-0.6508534384210921
-0.6413900257348606
-0.7120695203648616
-0.6157961810317407
-0.3829117327792803
-0.3125346591754743
-0.3467888556687549
-0.5180278858871198
-0.8828882068941863
-0.5512774182283772
-0.7231331164329615
-0.7118972504867371
-0.6244953444046939
-0.3065522661286197
-0.325029549752559
-0.4902285458150602
-0.49685573633557106
-0.359996778188475
-0.3626101731315413
-0.2080362570758448
-0.5295332287231541
-0.3637766773164267
-0.4713963432660823
-0.39509372620404615
-0.2878688693030464
-0.5203442930798197
-0.3609990839805688
-0.6425597402076381
-0.45694087550755125
-0.34871240845009593
-0.2950740685011861
-0.24103545054431802
-0.34187654605074574
-0.2838991289468219
-0.41755849621433083
-0.4029044882573967
-0.6086147915378278
-0.41847687875374384
-0.41383858950837626
-0.5633052402291214
-0.8456882671941804
-0.4108370149993191
-0.3931104215252304
-0.27340627917815064
-0.3106963767890027
-0.4637031628983503
-0.18709841559967788
-0.42317519800248204
-0.2264349399321935
-0.23913899860305324
-0.2922438029035966
-0.2362971500453243
-0.25845879224656365
-0.21026651776725205
-0.15773748670553311
-0.21093839497192765
-0.15023064658946253
-0.18689839180745646
-0.3676335549633489
-0.27783994275600477
-0.16241859046414386
-0.2491907930018371
-0.263970938203413
-0.37035279427163115
-0.32788602614199147
-0.5795346438579595
-0.48423403175282465
-0.40778520007276875
-0.3690521606229023
-0.4776934164253617
-0.376962964603368
-0.34696504361573427
-0.26598137827631496
-0.25217896045353466
-0.7654488457255165
-0.5915640220874272
-0.3160076003186826
-0.4299464088557277
-0.4189941555506804
-0.532648349689533
-0.8674998742342361
-0.6188798326218292
-1.2071862751244076
-1.5897456031100015
-0.9286796937983804
-0.7910250317870493
-0.48934843711133746
-0.3480409664632858
-0.13369767698239038
-0.28304892341416377
-0.2507129630304867
-0.39493539610398026
-0.4507508821297227
-0.3895912943009728
-0.20806851965441164
-0.1016189772552317
-0.10628509710808987
-0.12246684851507152
-0.24279362083541142
-0.3084266407008891
-0.18541169878472766
-0.4182579113386834
-0.4962302576932865
-0.4855554867698637
-1.1257021397890528
-0.7049407992160753
-0.7635770171527441
-0.600208626075532
-0.48877133303501197
-0.5195602505026788
-1.0363590050032319
-0.436909000901116
-0.2750185389569122
-0.4514610139492486
-0.30914278947153
-0.3742582420855843
-0.3880683822860601
-0.3008172400961546
-0.34318061807559863
-0.7350884767541579
-0.3734086753296136
-0.42501833280940476
-0.5799312404592711
-0.7874199476581238
-0.6216803581190807
-0.48139036985649714
-0.7308395688474174
-0.703371949763761
-1.0323688373528948
-0.5857167110158077
-0.38020374039339483
-0.5514165229516927
-0.41078560258603586
-0.3797284352329386
-0.3808545492405952
-0.43520589267189214
-0.27380543553793657
-0.33417049631319296
-0.8665005203237152
-0.5714347725252484
-0.5701283890688142
-0.4506433259109132
-0.5161563619121199
-0.3776316618684077
-0.314992216783247
-0.43044598110995874
-0.6798719941406666
-0.5273423889700691
-0.5570432934488496
-0.4823444895430219
-0.4968886861923578
-0.8552031124212688
-1.1089900960464876
-0.753820260009133
-0.7894211514789746
-0.6473626912303039
-0.4966487249072182
-0.28906915276423134
-0.246758751795028
-0.21237156427495382
-0.09687264112792286
-0.18380416291381874
-0.1967973525907225
-0.229413948417375
-0.5223062660670603
-0.4525285747253562
-0.4160571138294576
-0.26957308166111904
-0.44050691690427085
-0.4501967699850712
-0.2509372671209656
-0.43549752648538076
-0.39116953069646326
-0.6020676028116708
-0.31658427388162075
-0.2524769164679837
-0.5491661752354943
-0.25504114503473496
-0.3465995086156504
-0.3451381109197712
-0.4596574682869923
-0.3448118966507998
-0.20688045633269053
-0.4231815329384402
-0.34119833897820484
-0.19473047768788224
-0.36055677126725877
-0.1791407543106092
-0.2681782499440865
-0.2681121925801956
-0.38161130827185274
-0.49871473288303825
-0.25136901291464053
-0.3549198762020094
-0.2641090284817555
-0.28631128738099765
-0.31743624533291787
-0.41923062112020343
-0.4766152234567378
-0.4079964469243588
-0.8345541352996128
-0.5497218249814088
-0.2738043585914521
-0.41700031762910483
-0.42198217814204425
-0.43516362118180923
-0.5507387716593383
-0.4579192021835854
-0.6444634403176821
-0.6761422714966075
-0.3039675684825071
-0.26367812859456885
-0.16189608083194185
-0.26817746222471256
-0.3230298109645468
-0.1489875507088799
-0.23005604550670253
-0.26662827467654254
-0.3937848494178034
-0.2660299577781849
-0.3531128630477912
-0.4435066649690876
-0.316461154193766
-0.2431332093572402
-0.29945815899300976
-0.3186517350662436
-0.23991911065434182
-0.27748236445442254
-0.25886004557465087
-0.21102315798390037
-0.0730596055538155
-0.28075478009484456
-0.15119999151332067
-0.31265352711073474
-0.2823722534655605
-0.1898950224273042
-0.23543632165012762
-0.09818351805011352
-0.1604556935784442
-0.2262460872021562
-0.1510654441804672
-0.20706405359435123
-0.18458499400160805
-0.276102063967125
-0.2809986487583446
-0.32881909021430084
-0.14495785298254218
-0.25131665044508067
-0.1208770825304125
-0.22129306329996687
-0.30581113388670284
-0.28529331284116777
-0.38855111906297946
-0.4931922973573769
-0.5666141341008676
-0.3534079799426541
-0.4269238735007689
-0.22414902959147076
-0.25667320614610295
-0.4319130277026769
-0.3096009541110679
-0.33284450378249786
-0.21477229019173452
-0.3016061252451325
-0.2793290705094952
-0.19895510524908774
-0.3733841204922728
-0.4741652622781964
-0.25703925989892457
-0.2730191728568739
-0.27200709256819927
-0.3019638571928257
-0.4319409900472041
-0.2545724462589337
-0.21450819323210885
-0.44588400291502
-0.16255770191973565
-0.44059587306858433
-0.34183922978740994
-0.22564483170301394
-0.3409259582310008
-0.6752909518444529
-0.4082605959139534
-0.2320827714197717
-0.32951713762554263
-0.20993913169683243
-0.4972915150833357
-0.42204720937253803
-0.27091992203318294
-0.577132713130153
-0.722106341650156
-0.21442898339328925
-0.36512374986486695
-0.48885066233858054
-0.5360302168191873
-0.5335339317083615
-0.5641945880613859
-0.5369729691443368
-0.49509383468728047
-0.5425749602157187
-0.31255390030958796
-0.35688793792293233
-0.2698334719050973
-0.3027905013321239
-0.39146241413756294
-0.37829182610024337
-0.3021658529359425
-0.33695704908310087
-0.7743831496927008
-0.3391127250049689
-0.2655557002899356
-0.26431395966640175
-0.21196781754051303
-0.27681326922230304
-0.32157340708935406
-0.34519772789355496
-0.24683888311838564
-0.17807678324618012
-0.13238370460708476
-0.1993858937382314
-0.1679719982883398
-0.16215785908514246
-0.26394266982614967
-0.2253662203320557
-0.2749605330141979
-0.20078254115491276
-0.4431924707533138
-0.2680618794815862
-0.21069440429254693
-0.20802460021401445
-0.205336424307012
-0.2117157050710507
-0.11618052248778261
-0.36595428804059976
-0.44998751305306567
-0.6829430135154702
-0.5364696000491204
-0.3281667213473043
-0.2795228167803189
-0.22112014059496587
-0.2500718182616067
-0.30887509977707295
-0.4479639482307361
-0.17369518689657776
-0.8430400133511923
-0.47023757721159287
-0.47956156873225325
-0.3284133620229702
-0.3342101861527649
-0.3103034158394
-0.20137064195216767
-0.20497208180086282
-0.5474508610859963
-0.8873060987669654
-0.4599141726091327
-0.7204829182621434
-0.7203628011357154
-0.5086640571693284
-0.5265645347330311
-0.44306190917465127
-0.478819229937986
-0.48610632956095734
-0.9685108659124956
-0.34261530286735886
-0.48035235349996813
-0.4337710103292067
-0.3354501378337555
-0.30019713992847447
-0.3105382333666807
-0.16802493383237851
-0.23765327033307682
-0.35004557303827627
-0.43719289878674417
-0.3528512129393537
-0.28064072020712666
-0.22932481658613688
-0.32423046030509134
-0.29243972433522103
-0.29323986043284783
-0.3475867743890513
-0.5207390504194075
-0.32059836464722413
-0.2315765407616578
-0.31297387974041085
-0.3381466212490642
-0.3140977405904681
-0.239457981846419
-0.20670153937441493
-0.2877719005936862
-0.34483918081310616
-0.36962100915240753
-0.4606084115473009
-0.3745133297761518
-0.46563465691167627
-0.520408985143272
-0.2424659578144394
-0.2947715852635056
-0.2873511828089504
-0.22097532962322117
-0.14334668051158622
-0.1132973796935397
-0.20159645820380587
-0.16382345395691644
-0.1678712914900109
-0.11168167188721546
-0.07536931412887651
-0.16513628437155092
-0.6048858531004001
-0.4105299864896232
-0.285632331614733
-0.28095321691571307
-0.22394383032106738
-0.37391066498259734
-0.28438331542167106
-0.5518240779761643
-0.8875272596034768
-0.5469918781859777
-0.6905493166113617
-0.3648798945834585
-0.47983264914514556
-0.5323798351740592
-0.509850178955645
-0.5592427113911637
-0.3862230454565147
-0.4709856806065389
-0.3689910256293669
-0.17870289090368732
-0.4765551897639405
-0.26339163712423974
-0.22445622970884993
-0.24945024873842403
-0.17348207299969556
-0.27441727824298145
-0.20858820586406995
-0.41040932193333574
-0.36006682218616043
-0.18145809288333126
-0.27937848123653686
-0.26339828935206105
-0.33045163457109133
-0.411110035330408
-0.3679365358456077
-0.33864169765448443
-0.26500271352291643
-0.26975090857562295
-0.36891815914718484
-0.3842527326117202
-0.5422044354425708
-0.2829527571478159
-0.36187659578937287
-0.2452985134057757
-0.48418864031391406
-0.8431104245656484
-0.44868250103294616
-0.23785652114404962
-0.28947754878987725
-0.5112875653673905
-0.4363128580559908
-0.33442295497773084
-0.29273890734657726
-0.8339308644714285
-0.44560896609394085
-0.3095454326227964
-0.3113227305139869
-0.18979846157364608
-0.1364283771368616
-0.07118500903717227
-0.09551832872761001
-0.15125555863488988
-0.26688790046602967
-0.46177914824679567
-0.28699038956058703
-0.15340143227038078
-0.20885366961453375
-0.18350533559311746
-0.2145574933667633
-0.16614598275594017
-0.16711940612669732
-0.19534943078945055
-0.9802550138533976
-0.6864700246368043
-0.5307109366630995
-0.5124186278992181
-0.6100662432813957
-0.4739018819675178
-0.482078551642466
-0.3783747056473529
-0.41244459750000445
-0.31865302581569266
-0.6359404293386601
-0.44479811951597187
-0.28836320623887207
-0.3173578722878297
-0.36987278298556214
-0.3060670396546141
-0.4317971337896487
-0.40812354663583705
-0.8043323079788217
-0.4566232895512429
-0.3176533060965335
-0.33245316079837983
-0.2210361895206151
-0.3587847070843955
-0.3323263574132116
-0.29663565409926285
-0.3406498517461521
-0.8442056753121718
-0.4026842635944558
-0.36360349839215184
-0.31313105758659626
-0.1838965987089912
-0.2562133680543834
-0.27856497969127
-0.24555175210845592
-0.21326370728364805
-0.7488614486270695
-0.5643262169294937
-0.7995639078386138
-0.5351399176862124
-0.31237107154908217
-0.23219841909603336
-0.37835353620762346
-0.543339213648672
-0.302633159301471
-0.638499252353852
-0.5695629707799051
-0.37020303121870163
-0.3858220197777023
-0.3077688867962729
-0.36524888286270824
-0.31325110138620527
-0.2627142968097657
-0.24274048918357422
-0.3052978133316187
-0.33970951959501666
-0.24944754790496232
-0.217813941026154
-0.38246177658653413
-0.2886895778424868
-0.3440815754228472
-0.21243459067452022
-0.4601437144120131
-0.44256818074905685
-0.2555505203167515
-0.17473713576234412
-0.367718386471671
-0.27405108532964806
-0.3111779522006113
-0.2671031242724723
-0.2786594512625786
-0.3434951062373874
-0.6306741520338585
-0.47328344544733864
-0.18595228061262672
-0.31475885737783504
-0.4731321899414259
-0.2939488762751737
-0.40868780176924346
-0.388749456834319
-0.5379587479281895
-0.9124627954012
-0.75797091772939
-0.6431794729155343
-0.5632310665003073
-0.7299886140778936
-0.6327343563567616
-0.6292750157007502
-0.5049908055046515
-0.9037831753621575
-0.494919959877012
-0.3828007196940586
-0.21698522098359838
-0.4614046808289985
-0.34449418127010983
-0.24959702249141957
-0.336181218327585
-0.5723017043041431
-0.3513404439708586
-0.7373762472436098
-0.5533370041747111
-0.42632107677806175
-0.5581797404068527
-0.43441396632897905
-0.638260597942672
-0.6683020724913936
-0.3579287970439384
-0.728910522258346
-1.0126735240492197
-0.556339614385459
-0.49758024468784207
-0.44505589870396817
-0.746956750965679
-0.6068940427486342
-0.6384632527260503
-0.6163325555923352
-0.6623111491261628
-1.1296015901933507
-0.901118790953868
-0.6865155422704945
-0.8492771500183087
-0.5100795323630256
-0.8522807034357271
-0.7416810132379009
-0.406958813461859
-0.34560590307157085
-0.3361379338443815
-0.2776186529944263
-0.4469558814240676
-0.1981620759301739
-0.23153535100057948
-0.5214199323926934
-0.2985591041717707
-0.21513927194274374
-0.34457333890837427
-0.6894781479013307
-0.23256089586566947
-0.6649269480163313
-0.24861700242391177
-0.3818288646475396
-0.33679555027605007
-0.37421640537601136
-0.37431361414149994
-0.35391561238152347
-0.5868311118655745
-0.2950943952134918
-0.23592407909804888
-0.31198840908979525
-0.1906942650061095
-0.1728919783671551
-0.12023771853484418
-0.3793915542499394
-0.29883021828930645
-0.367354513517875
-0.2701850211664144
-0.28755240844725066
-0.5268086426744826
-0.47744370111715045
-0.43568607275712995
-0.43018237163471346
-0.4576262538132338
-0.32233082890726494
-0.5581344072069426
-0.3692107088649825
-0.20931760984519499
-0.26861577003735454
-0.24065311999233838
-0.3464040915585036
-0.27249611249491246
-0.3363580259071677
-0.19954601917843748
-0.6233455337357339
-0.2775522153344662
-0.22841139342769548
-0.19974079980987752
-0.3389122704636878
-0.31301884361166216
-0.28437568422704546
-0.31331589160118145
-0.37753654994789365
-0.6483510572786652
-0.2633435500289949
-0.35892836843316533
-0.20797829959062045
-0.35112591475325794
-0.4010497237145466
-0.1637784708123579
-0.20140129127191864
-0.17048076890370795
-0.4263855185704259
-0.4724274173866771
-0.3704495915915312
-0.2861814028985373
-0.34395222251848767
-0.27891028202729884
-0.29512594148076765
-0.30535091507460166
-0.5324135158055633
-0.7314285560601038
-0.36102302177677903
-0.2627822273943871
-0.3209693928375202
-0.2344670037507274
-0.23999410163579155
-0.26048504518335835
-0.2861557459802631
-0.15568345586162446
-0.44936252691544054
-0.3116403338124139
-0.27496874978532587
-0.30036135945185194
-0.46736995607667686
-0.5244222354324941
-0.6325650572593928
-0.7954864112826121
-0.5880873322929012
-0.4657875422640052
-0.6408641034380672
-0.4547670289066807
-0.5343410384508602
-0.33491830275108353
-0.42607032253509297
-0.33112125567278294
-0.29944815535948605
-0.32755738317717137
-0.5991778413166583
-0.4017646952968786
-0.26134085073869323
-0.2890854809139831
-0.2717549377086499
-0.23743969601574702
-0.34597770607611383
-0.29323211516355624
-0.31161305799467975
-0.2231157154962276
-0.176233838569217
-0.23001029541256973
-0.1316067167542776
-0.31638571165582524
-0.20343392193255008
-0.3641620079033241
-0.2906381491016221
-0.2698686756777161
-0.25815254852559333
-0.3103695931333785
-0.21454452322178016
-0.1931840284082652
-0.3694799414537917
-0.36849853017066525
-0.2065324581215122
-0.33471488247869935
-0.22552135879882515
-0.4433314922258298
-0.25311971017024504
-0.26933748302460625
-0.2139695003443358
-0.3020035400069069
-0.34143307457692595
-0.2689318694660636
-0.18962177424545837
-0.2111450991995793
-0.7547454131361033
-0.2639038358887652
-0.5094472793666549
-0.5434050773702296
-0.45001566617402833
-0.3519214418359544
-0.6817893821324569
-0.5196995026235937
-0.5466109216120554
-0.7107528022706742
-0.37270912869336453
-0.30001567424837483
-0.46205480115838626
-0.43285387590219665
-0.3754466059835902
-0.4467822750028741
-0.1912869524880398
-0.3678126520574861
-0.3089553015125208
-0.46427403193822603
-0.3296025020790909
-0.6166624922491997
-0.4206752405070624
-0.42171000721263957
-0.6885902794944656
-0.5070548473421245
-0.2877377573420814
-0.9504021499500068
-0.38823586508644997
-0.45478790465465835
-0.28154335391298085
-0.210185144843723
-0.33015306595600585
-0.38195328926605954
-0.31155611116604054
-0.23560298118489664
-0.19545968873904304
-0.20753311340031833
-0.16432438296559007
-0.24643575867487041
-0.2679845841223778
-0.19241482436840204
-0.3058054152129884
-0.18886267302603396
-0.341680288496696
-0.39962695743405624
-0.3568865558670244
-0.33183725586435037
-0.38021809029327847
-0.18526585577356602
-0.5882388457074487
-0.7935318339835762
-0.3970181908999759
-0.8307141822746504
-0.34443818976124674
-0.33965853528850626
-0.22169302172671787
-0.14175218733787223
-0.1316465595872484
-0.24831275536201164
-0.23427309062290383
-0.28291606969475075
-0.3715556499904096
-0.6986786823892006
-0.45834046649302923
-0.20503758204092368
-0.34603018565312477
-0.38075539683385184
-0.2384486783212369
-0.3392771339374705
-0.20784669991565366
-0.27567907763355787
-0.36311835666284487
-0.25523180963883935
-0.28885937724316957
-0.3868669877221749
-0.43098129374138733
-0.5397494023135189
-0.4479085643452246
-0.44982214976316126
-0.33372072784635126
-0.4289001556835717
-0.5849647333602136
-0.35900929697160777
-0.43769731137818907
-0.2823060179175139
-0.2550074831305073
-0.12432302841176383
-0.2814780464643927
-0.19024958067079661
-0.40905715017922156
-0.39852024321969604
-0.37792831958538015
-0.2737258317075314
-0.25793050421962904
-0.3785545736128515
-0.3060755593693122
-0.29011820697226837
-0.23309221998942736
-0.5348686659434072
-0.32719156368234853
-0.43567460773021655
-0.2709908472010271
-0.36665315336894994
-0.3564615263369541
-0.1309061213840465
-0.13481995478836306
-0.24470768613330848
-0.4393587843361717
-0.44369761191506935
-0.36225564403566635
-0.7270335146751834
-0.46021909920862
-0.5011549385744108
-0.5939392182720431
-0.25057026505002217
-0.45840283230858886
-0.6082966708146923
-0.443370423417471
-0.3684713960387974
-0.3974016704980402
-0.5678404915852053
-0.45152543839495346
-0.5249728764634576
-0.4627548375738301
-0.6354218572035983
-0.3131770187186139
-0.2766810784116324
-0.3184266532635967
-0.21322079267068925
-0.20867921605643303
-0.15045691092019337
-0.20761975032614133
-0.1605390920259102
-0.2339788228933544
-0.6690853046764136
-0.49663895716885004
-0.4950932344504693
-0.6259282414712232
-0.5561886874514086
-0.5352731055416475
-0.621992766276035
-0.5429434983173137
-0.5672004320896055
-0.8987925138522651
-0.6136325489092882
-0.6993675454064263
-0.6900041543031508
-0.9094992235145948
-0.8389783914268912
-0.7915410792530854
-0.6567952750595047
-0.7118887820706058
-0.7362179591686692
-0.3417983784318542
-0.44358880919508725
-0.3560572028624797
-0.5172296052948565
-0.33168478004193047
-0.4593318948470767
-0.3063067500043124
-0.1735988031464238
-0.37302284963571436
-0.3363395202675853
-0.25938029318264166
-0.2638890711935211
-0.2194371919772722
-0.33671320526739856
-0.36392410053772284
-0.2563269570634586
-0.3196900788062083
-0.578931752617275
-0.18203896032150657
-0.1859975006163923
-0.11234707261920127
-0.1803723258917314
-0.1438698159975764
-0.3112836057774023
-0.16918189652477786
-0.2779303046714016
-0.22798097145639812
-0.15993974430555455
-0.15048397210963144
-0.18642526326511083
-0.21120657187696035
-0.3033633333309841
-0.3638189072123487
-0.21704179338651963
-0.25679876082624753
-0.49331615820887587
-0.11533446400590165
-0.2712974436171274
-0.1833940846194497
-0.24813601483342565
-0.35058822194263933
-0.28462852052803145
-0.21598645918720388
-0.17285383588947018
-0.46236809060096506
-0.21176126654657268
-0.3986369108769845
-0.5051020469579897
-0.5243573169410877
-0.5439955767415521
-0.5798380885674504
-0.6621180382065083
-0.605013231589345
-0.689910378497307
-0.6296792664350572
-0.4828410108429573
-0.3645533074516183
-0.145974232963635
-0.2624172427668699
-0.2765947650077504
-0.5098559722658929
-0.17151624916242705
-0.311150886225925
-0.25162121611307353
-0.21879515333484365
-0.24531404884448174
-0.18454952672489422
-0.22078182178156053
-0.172639200630177
-0.1486886415360621
-0.18630462535540598
-0.347804924817086
-0.15143657474471234
-0.1180545907047783
-0.11216566063510577
-0.21027989772805047
-0.10575710195175356
-0.2505689291195896
-0.3009769170537949
-0.2599558378851133
-0.6982960496016458
-0.4000077633046608
-0.5834389330313071
-0.44468506138378633
-0.487878550855427
-0.45568738236202044
-0.4176286238068148
-0.4971153346538553
-0.64562455326361
-0.22208488835993992
-0.2701560565173837
-0.15111631175494356
-0.24608214870150807
-0.14741171073157272
-0.25237309261255275
-0.24627469752422645
-0.19962809767766762
-0.21918238571859444
-0.7009946120315824
-0.6091200918120225
-0.38077369995913724
-0.4018774389145709
-0.5757525263851042
-0.41174070086585407
-0.4015439478555245
-0.5710508314294945
-0.4340443109484107
-0.5695524313758998
-0.4072488160312284
-0.42441294528131945
-0.49485913235415935
-0.3330815169708645
-0.3729046244702423
-0.26969462382878007
-0.24739616958710167
-0.22164593840246577
-0.2872380430393406
-0.5047293153969159
-0.16054165261919937
-0.31801429156660976
-0.3377008525970255
-0.3253646759508356
-0.3349214745568344
-0.2703836931980643
-0.2347200682109494
-0.8027912453777512
-0.6291257165885331
-0.4706211412762207
-0.4663954291289373
-0.4451813771516378
-0.34167245461888246
-0.407367180859842
-0.3154927048856147
-0.4703663717087965
-0.4731350440475997
-0.37465218202312056
-0.21412601897952258
-0.14923382815286235
-0.23541639369074197
-0.16136643625631159
-0.223754279799112
-0.19735567177544838
-0.1850344609146478
-0.5069223452939394
-0.45040670914307757
-0.4288066298063189
-0.5212057568583196
-0.42365333371702507
-0.4041555195020435
-0.37964973241813016
-0.5642891696737681
-0.44530708067667674
-1.1069086789368836
-0.6289224938537967
-0.44784357024540555
-0.5001981944669722
-0.2849448433107289
-0.35183766590174104
-0.23823562513802443
-0.2404594464465346
-0.2967425544351204
-0.5986491022960311
-0.151829410632094
-0.21559570364370326
-0.23607046998174788
-0.1990265545125127
-0.2032374040744821
-0.4965600283591081
-0.2872854677650943
-0.2125305618069874
-0.2520686240006815
-0.28271870597356485
-0.19755516172320245
-0.18879647391326784
-0.19811686274337392
-0.1700658264600863
-0.15346731861857715
-0.14267231627942562
-0.28123780580499763
-0.5782445364095449
-0.30503292386909
-0.23046683662097642
-0.1953500961300389
-0.26408584748135466
-0.4385140349328337
-0.36849380059886233
-0.4016922616478799
-0.18638887540012733
-0.4959404098578437
-0.25845971515812594
-0.23943710034701757
-0.2900673546879875
-0.30688317030135803
-0.35638054602442937
-0.2847727359646195
-0.4175716772543183
-0.2647879644964717
-0.35747686779744237
-0.19611038828336883
-0.22305577783565633
-0.11181004629995457
-0.14329461005971714
-0.3368742078715241
-0.21174836132745808
-0.2814133158284403
-0.27677470908519036
-0.7366970660305173
-0.2519246321005173
-0.5634140278867932
-0.25720651257355814
-0.32703572582096013
-0.27673112882873013
-0.18399934226668632
-0.19703186923352795
-0.19170585472277676
-0.6456310266546601
-0.1765528273492346
-0.11878719430943083
-0.13941471111879275
-0.12628215184676636
-0.2452275392104746
-0.2608025706809201
-0.12710404682660276
-0.2368268372355979
-0.25406481700787614
-0.19768569704803807
-0.1132047653367689
-0.11949739427353769
-0.12049476839119468
-0.18089288546617585
-0.27817473043967256
-0.11519370758759337
-0.3908528310545321
-0.6834300359454476
-0.398788489992846
-0.5743900997868749
-0.7620005522338223
-0.3694922426136712
-0.7372798665866139
-0.7486202021488386
-0.545694354574461
-0.36964343466109495
-0.8142587680855919
-0.8487187980784895
-0.4951540649129863
-0.42367781844730185
-0.40299248544982147
-0.30548909076417347
-0.24507016775681698
-0.10864481806872821
-0.2655707785899039
-0.7602655245770599
-0.4536681337899863
-0.5015520206693188
-0.4300755468230095
-0.42510432229392436
-0.44281590991135944
-0.33216406312073427
-0.25369614295067
-0.17982615020424533
-0.5293740128945582
-0.5192079095175025
-0.7521683354411466
-0.46088227009360394
-0.41909798549793353
-0.5171022761685857
-0.4115306525374006
-0.5547223502061277
-0.5218978161575721
-0.8355483444952018
-0.3486143966802144
-0.3597559594092098
-0.38346463401597713
-0.6031750133908159
-0.5018760854725657
-0.6394728076923883
-0.8482477388191056
-0.6936797242847335
-0.3399529110656173
-0.28970667415926804
-0.26061836650846787
-0.21743752501990363
-0.25977786726836233
-0.25510104188518357
-0.2964044359825749
-0.42296026564667394
-0.20809253895190077
-1.505607713556482
-0.8597563811558555
-0.6697036015693043
-0.6676762141868419
-0.3730110147193524
-0.44167881782280566
-0.5604926604070991
-0.5685570503429134
-0.3887286958147252
-0.8677179464936519
-0.6194691649560914
-0.6527281903209581
-0.4483869886947971
-0.4055713300521268
-0.5480946352077228
-0.5927357185574404
-0.675768036373644
-0.6688933309607129
-0.8311558682225412
-0.4639688325446246
-0.501366333317405
-0.4304219940585582
-0.3435719158510229
-0.44740786250071984
-0.2640708797487655
-0.19467779965276152
-0.20961846633578785
-0.3515894370699453
-0.16956680824543713
-0.19329775989653206
-0.2032781822952384
-0.24978779961901104
-0.2814129787356488
-0.1602448828796901
-0.24408196232420337
-0.1814787589663627
-0.10441135324045518
-0.19436651724563234
-0.22940529476246063
-0.1302646588114889
-0.1821489336085074
-0.14850933268342775
-0.09734178974159863
-0.16056098493706128
-0.1883268616834792
-0.9672968971513679
-0.48349791174153706
-0.6363119836164206
-0.4252685115604193
-0.7326450835499085
-0.3552323057479396
-0.6945367843267939
-0.7457700494066828
-0.3294712214326532
-0.8200697695441943
-0.6982230583447446
-0.5744754473574208
-0.38333182986872194
-0.4085380168547208
-0.3780772044845538
-0.4309281380444609
-0.2591543512874621
-0.3322444287493589
-0.582200043797313
-0.24692386588580076
-0.21208342747662953
-0.17659385868080776
-0.21339848146419285
-0.13859996524636814
-0.2422248902972182
-0.19493735486519784
-0.13326631034617795
-0.386023541835251
-0.33886460516438466
-0.302906713550567
-0.16445086970673548
-0.1792358173354028
-0.2579225562014648
-0.38239430116526246
-0.22095677125992635
-0.36393642517473196
-0.5446557301776446
-0.28706427007675417
-0.3857428033469407
-0.35952944192304553
-0.3401235914927481
-0.44251544197499937
-0.4822149373443397
-0.38658879422462084
-0.35810655593945173
-0.608016132127008
-0.2783284972050567
-0.4156259734251214
-0.3555179182105711
-0.23274015241735507
-0.23267153736888357
-0.1707395868627951
-0.21909937025260662
-0.21714402943609354
-0.4592668306053332
-0.19431110645784197
-0.3415311316736155
-0.2917258331267292
-0.57868872609426
-0.40644794583166854
-0.6322975831918275
-0.6533769132371288
-0.7024915726491245
-0.4310191829657235
-0.3582458418239888
-0.521599632810856
-0.3295066463400484
-0.22283676416853615
-0.3311725326122862
-0.33292255001757054
-0.4275862962960719
-0.7977649176061864
-0.9791642742156211
-0.5464631051264042
-0.4141570701868458
-0.39036906052606735
-0.7576034492974733
-0.5200708255185656
-0.7066060885188413
-0.3526068331649303
-0.5581871784556378
-0.912013947645513
-0.6180240136239415
-0.479838685733114
-0.4095953131071426
-0.369710903728255
-0.6251501604374184
-0.4166194016672388
-0.6401040429626993
-0.3800889663829976
-0.9666408861323142
-0.616873295831014
-0.6215924898929882
-0.4105842466705158
-0.36981316861512137
-0.6147443727192016
-1.1116098595017765
-1.1398426032875617
-0.869639894493117
-0.5931601236868129
-0.4949733656906255
-0.3905703414894823
-0.3749276636792678
-0.4912323897009674
-0.5830471407008596
-0.6338704049809956
-0.4826730853845974
-0.36062356151938313
-0.9963732503017114
-0.7776761059534084
-0.6200166837903006
-0.8159513445822862
-0.44655089575645146
-0.5697529971988342
-0.49278093700549574
-0.6715389870562674
-0.30433412208962773
-0.4441743148700555
-0.24781379130217632
-0.4342867623604406
-0.45979142765650133
-0.41769348409156914
-0.37422485466561467
-0.4365230826615296
-0.30036829169976276
-0.29153001308592197
-0.4367297808327951
-0.31298895756658285
-0.2491098327660964
-0.38516080934063773
-0.30876062948717165
-0.31701588058554353
-0.2936473577506605
-0.4870757555530277
-0.5636076675444398
-0.694777105888871
-0.6701406156020984
-0.5487331136181108
-0.3149781850732872
-0.4240186940747775
-0.37161381025557727
-0.452152321505574
-0.35961355157702685
-0.59209994910233
-0.5417046545633217
-0.1384712870766886
-0.18419185326818976
-0.1473841514722175
-0.22669265779898187
-0.22500688850478048
-0.18817114033937812
-0.2628340305890256
-0.1601896427775283
-0.2446771727116783
-0.31479315260322716
-0.21585555545685936
-0.19276730961623714
-0.1956432699517082
-0.06459691708673164
-0.29044875633314404
-0.15640098140719522
-0.2633781794822508
-0.28755076324837414
-0.3211820858983491
-0.2736096803287947
-0.40128154510915376
-0.5073858977027276
-0.4713608477524369
-0.6156521199903676
-0.6960306578682396
-0.45208763091577586
-0.6322851207154186
-0.24996810031680786
-0.24290345110474304
-0.2859269676403803
-0.0871726783003059
-0.37691654534897817
-0.1667480029884062
-0.18557029751276205
-0.30100589143076073
-0.2894940110725816
-0.2885827262301276
-0.19942718359143818
-0.3172270199438609
-0.15048812352528498
-0.33522207278010735
-0.24039797539383553
-0.14195161013725585
-0.13986028144027124
-0.1625454022863921
-0.07908256176052382
-0.1331462519279385
-0.1501261454757069
-0.1464508398136312
-0.21472377276531537
-0.24329811862386191
-0.2728715223002737
-0.35811187868224886
-0.23690721393284306
-0.27142854128690996
-0.25003014528656825
-0.28673714166566583
-0.11442814489422114
-0.3146798021044379
-0.34698170062190975
-0.28259153919731755
-0.2763269321460652
-0.5211737537425258
-0.42245877146208344
-0.346890400842883
-0.23444384632343213
-0.21060698723988294
-0.31622312934423236
-0.1369601919950278
-0.1522294219019598
-0.14052282054863463
-0.3610895972969116
-0.19933254072398673
-0.148469256515478
-0.2440696537667064
-0.3183073086431382
-0.3628544804816304
-0.45471574125357417
-0.3392675805615389
-0.1875045610149802
-0.5466649427588361
-0.4296254551003806
-0.3003046569221888
-0.44632595051856017
-0.4189042338041114
-0.33587851072721403
-0.31842906012117356
-0.34171077470802047
-0.29298316453837314
-0.6458012826995818
-0.2486596925239883
-0.40195044640773037
-0.2673834484100791
-0.2872464426389415
-0.20952369358528833
-0.14944748907285896
-0.13785846872304758
-0.20145863016464313
-0.33584753281201796
-0.3622884450186817
-0.2923538683411384
-0.2889556336866188
-0.31763947984468305
-0.14730729078622937
-0.302213420055597
-0.27606460440276337
-0.23106803667501744
-0.7634116222109388
-0.21518233953892835
-0.3272766013057774
-0.3187691680524114
-0.24780795021003282
-0.3533910386838385
-0.19345225718949072
-0.35483565122871763
-0.3797903739257253
-0.4683089710405432
-0.33129037240183995
-0.40799103226633804
-0.2711436895285276
-0.5141992754551975
-0.25524850743145416
-0.4020907223888102
-0.4242056256574468
-0.5396040720169781
-0.7201070092865623
-0.4689729181720765
-0.3913470498892771
-0.39958366180402205
-0.42382780127527997
-0.3811242434283648
-0.36384405562551236
-0.28850296113961515
-0.2837408008082282
-0.5694418450830018
-0.333507782027592
-0.3862745599446322
-0.21847497949458217
-0.21512969852053618
-0.14023944859758022
-0.21960801820088854
-0.29269506614667623
-0.25763394639090026
-0.6699006899443355
-0.3934978644265035
-0.5068745347518095
-0.28922945827108043
-0.39288419431836563
-0.3885686214172805
-0.4155465372275688
-0.3419034039050039
-0.21691147363999638
-0.8223287577057183
-0.32710386678563724
-0.3774653250456343
-0.3813666915738704
-0.5008985544299004
-0.459437619129652
-0.3548808988665521
-0.46496218302856546
-0.4746955644116107
-0.46289549064414637
-0.40814146128303347
-0.28422282495888673
-0.5343752164474845
-0.40739420059345055
-0.47108309744128235
-0.37002631605406644
-0.2937731063940677
-0.28174114357995766
-0.5519245742881814
-0.46105684680886055
-0.42279124455580624
-0.5311679642450444
-0.4547283465581277
-0.44855864824437947
-0.3807122303258447
-0.33819614796163777
-0.35463884750774666
-0.6624556623282711
-0.583393306581949
-0.3189956588577942
-0.3266242120753265
-0.20123170982117325
-0.1639714844463546
-0.35239682801749733
-0.22534456489060287
-0.177451088968698
-0.485169765570282
-0.3346497655645045
-0.44344161394406056
-0.21196726844334343
-0.4293383029623841
-0.4022769132491287
-0.23940856124695847
-0.2613504505935064
-0.22321871725134973
-0.46540186666395816
-0.254639897028311
-0.3098579609792299
-0.4520497741295545
-0.1565110837620729
-0.32386836691092963
-0.27155254866577794
-0.5230825111194362
-0.42916603215967764
-0.4157699994793607
-0.4688225990241487
-0.3256985312332082
-0.3131991389854957
-0.3500620237580116
-0.3283550967872505
-0.3235649269802442
-0.5206169714712225
-0.5495738961010489
-0.5529895095984388
-0.4727858167449587
-0.40063592736968917
-0.24708441414247068
-0.42625820229406053
-0.24737190327889405
-0.29528658921133993
-0.24210481695045763
-0.16041181117223854
-1.0207618720149711
-0.3672225470344176
-0.6700240218666456
-0.30780967037506474
-0.5146103189301862
-0.4296795460577295
-0.4305399780565327
-0.24481183205299195
-0.3662954978327105
-0.5500276133562839
-0.26093753610128917
-0.37523949925953565
-0.4257606960584222
-0.4481297676391092
-0.33695813431012717
-0.22239238033276199
-0.297473696317817
-0.3080291974217499
-0.7311137189119036
-0.8944085019893458
-0.27709862560059034
-0.5028457654194269
-0.35744453529507175
-0.3249136249751745
-0.3782128831302958
-0.4750061911279488
-0.25150483713577826
-1.0730718605526723
-0.685258983822438
-0.8376059710633368
-0.5633953333132538
-0.6099357471498763
-0.6910020658588046
-0.6236624987566545
-0.5569479047497605
-0.5543848890026544
-0.2606503810070708
-0.35532064830500015
-0.35402790048540317
-0.270289977863207
-0.30121978171628877
-0.2375819291597566
-0.2721127237695172
-0.1874429745810042
-0.33064697040983143
-0.3160583034732351
-0.3674077829248599
-0.5883256075642328
-0.38466643651321747
-0.5789860741449808
-0.42898458228931485
-0.3989771872098544
-0.1784829073718188
-0.33061343278344835
-0.8760594192648337
-0.509856265625335
-0.5153877888419935
-0.4609823029196047
-0.3480137626382536
-0.3392467234165329
-0.4017923614913013
-0.4379837052227403
-0.5265920051052593
-0.6532796789180392
-0.3484560233763073
-0.5060293120966689
-0.39209088464436437
-0.5029287530786696
-0.341229521055957
-0.4149262579502493
-0.7069014791805496
-0.6201804368199632
-0.5796063036800043
-0.58963098894187
-0.40871965320486003
-0.3166601315506367
-0.3260994034827455
-0.3384399681330455
-0.18857398472074893
-0.18350955955232615
-0.2164038246559346
-0.5025618842677091
-0.25884425173848885
-0.269579076418779
-0.22376521939809896
-0.29594408768988856
-0.3396321667175631
-0.23597703261875463
-0.2559830950659014
-0.15089338141936826
-0.5871251014996214
-0.33959878257179565
-0.2580243635936971
-0.19998338296788884
-0.2262816333602478
-0.29567331673798214
-0.3014405406428269
-0.23792813231151905
-0.2690281790295754
-0.427840717034842
-0.4223856029587628
-0.22424651264991005
-0.282386705306553
-0.27516435175739995
-0.19951690918933992
-0.2840222580670362
-0.2088158945886472
-0.18578065488666345
-0.856010537611893
-0.5410396318772914
-0.5781096122851662
-0.4714272530770299
-0.5533906688647702
-0.9009496878290723
-0.5494261685510275
-0.3690402959504648
-0.2946457497096282
-0.3028582755479247
-0.35477487266601015
-0.22733488498567672
-0.310838453840582
-0.30754129198025815
-0.27246467783563877
-0.35775423150266844
-0.37988263855872245
-0.16966458219179556
-0.6017210815307117
-0.49098326940678516
-0.4107632952488609
-0.31079666693194447
-0.4093637334358748
-0.43790814392822625
-0.41599375177179443
-0.4245346740975148
-0.4080159456937347
-0.9828286154923613
-0.5765659566168921
-0.7185165609025793
-0.8450233021258698
-0.7667262130356952
-0.626059298316566
-0.5831942864596945
-0.2518906479289922
-0.32207345867279674
-0.5528293435803237
-0.3385625199257082
-0.3598493941649968
-0.21627802640166996
-0.2797672713198884
-0.21121173227919485
-0.27747061186175864
-0.24102913919140426
-0.29686804666854844
-0.39617334283971467
-0.41611905119403964
-0.29381785411035943
-0.3413149419487125
-0.2529112958177755
-0.18867808142606274
-0.17137609981908894
-0.10209341615796273
-0.19220542169268434
-0.7099365697710197
-0.4495676350646064
-0.5975675640703445
-0.2857662369538997
-0.6288467002682474
-0.40949716361507466
-0.4513937544837368
-0.32435692776243624
-0.20114867271995407
-0.4811495436022368
-0.4195491001908662
-0.22837955642620694
-0.3180079700277882
-0.25046031381985917
-0.2617334316461177
-0.4445364478594261
-0.2497941131772421
-0.2720098090441524
-0.5245439183503985
-0.21385634808506473
-0.28178548031734746
-0.32206608673513265
-0.32237600189643145
-0.16148498112714044
-0.3514390101432647
-0.42936425669032363
-0.3512521542554874
-0.40025081969943327
-0.325755042131475
-0.32354811940377304
-0.47233624669211355
-0.3891441545306681
-0.26697271352639856
-0.5306109937615585
-0.18620763335529372
-0.251169822116696
-0.5192703927870566
-0.2926895143045031
-0.33441014965628746
-0.2604733369832642
-0.3893331661368156
-0.38375459255371597
-0.41216418507098834
-0.32130433849094875
-0.40125840574487925
-0.6631185350467896
-0.3029439915301478
-0.28204342874198907
-0.26273833216967507
-0.19686194033108503
-0.39086108406408926
-0.20206780541334463
-0.2916547369206015
-0.36744363370551997
-0.9895167119940443
-0.4479054152880429
-0.4437293735806152
-0.2769640185466777
-0.3799111595863574
-0.3587456267378139
-0.2708600494794699
-0.5343052386608783
-0.28972619181225595
-0.4374985909250295
-0.48569846710532155
-0.6837587722344873
-0.5145881565415962
-0.6561727665343123
-0.474079480882243
-0.39111019419270404
-0.5358488399176909
-0.7225323110845526
-0.6165148225666317
-0.12820884967160265
-0.1615611102976551
-0.09303068005279111
-0.1653532603916031
-0.12204456521673604
-0.12851515707735353
-0.142962807316846
-0.14775917007062822
-0.6524256737365383
-0.5284149938394478
-0.48591945877796355
-0.4220942722152474
-0.4133447212894598
-0.3883318172983698
-0.63873884190481
-0.2977018985770159
-0.32654345511349275
-0.3647613523222019
-0.3025207263721389
-0.23696022198658176
-0.30704805242728295
-0.18396947455608412
-0.20374049327619295
-0.18757476845745866
-0.3020233959315601
-0.40815122919455876
-0.4592321876630466
-0.6413179531871139
-0.5125736761069312
-0.35921108245357886
-0.28920168442300526
-0.3046698877277191
-0.24505848346849055
-0.1689472503676172
-0.3078298779874235
-0.7386549379391247
-0.2613622602008922
-0.4140519471991379
-0.3568439200918971
-0.37070175724614385
-0.5904809003777653
-0.17231273937489458
-0.13253772049444995
-0.18172654383835438
-0.2846938178693653
-0.1761457310072198
-0.2996055198506243
-0.15466241821223103
-0.20918892296110794
-0.2064281067033518
-0.1853309070864766
-0.23202230070753876
-0.2071402731856704
-0.220909855930296
-0.14918622375602905
-0.192800547105083
-0.2295653637095007
-0.19675066216912723
-0.12673945591767902
-0.31422417812539255
-0.2054184155410481
-0.4075805136450248
-0.33497434476200055
-0.17576736886420644
-0.2855925874897416
-0.17305692523622176
-0.31045936626797016
-0.29830773190146265
-0.3332086311187497
-0.3619617033033279
-0.19111594955264477
-0.3569392822509958
-0.27463455895635475
-0.2679026552938391
-0.3144525271768879
-0.286177144396956
-0.28929350044923796
-0.21296366562292376
-0.25543377098942116
-0.3705059122824958
-0.6174015055508486
-0.37084980372832427
-0.23433724939209213
-0.37598265679631016
-0.2644247926109527
-0.23465627542658668
-0.2883425144951808
-0.26333993021917973
-0.3173498669617165
-0.24977383650224702
-0.19846618985557035
-0.2158949261232857
-0.2519949329553156
-0.3136510457829848
-0.14537025658937433
-0.2780134537480678
-0.3337343449738968
-0.2094953477031573
-0.604794539900995
-0.42062114342109563
-0.3925693098298081
-0.32754841765965936
-0.2127408803381806
-0.23359379616234105
-0.33635429369326364
-0.24103655661254147
-0.16309026425899537
-0.4779537259145567
-0.3300687303863736
-0.32788496404092504
-0.2903906408487528
-0.3565314325669769
-0.1912954355193877
-0.2158196631789249
-0.29941658141259636
-0.1578566094515508
-0.312829753180026
-0.2764917764684622
-0.48440423901186525
-0.40779765373817606
-0.38895446086234664
-0.2552055196927979
-0.5649767711152303
-0.5969681434880959
-0.5215811132514059
-0.34642395660860725
-0.38871848999234065
-0.28688024506001286
-0.5145116016556753
-0.5945189670272562
-0.36491159068382106
-0.6437571210042065
-0.4653936217638492
-0.4953780468739468
-0.8828618297117129
-0.5404691132685953
-0.5422528825984111
-0.39648686431224345
-0.3501572506134553
-0.35140831582482157
-0.48499236463554946
-0.5424399323210043
-0.24143281568600516
-0.6945619536756995
-0.465008541759401
-0.49459269569965175
-0.305569150603692
-0.21158802189923379
-0.2299429133106751
-0.13602126815727916
-0.11685325692111803
-0.24237791564992414
-0.4159429424490513
-0.1712597654898874
-0.2488067573497635
-0.23385552341575544
-0.23989834284463313
-0.21950846446263966
-0.17342163986589104
-0.16007128939397774
-0.2157723564891038
-0.5255198479706168
-0.3822983904510116
-0.22991431036144294
-0.25508715669359594
-0.29231787873236315
-0.14302137507498894
-0.21750435829020445
-0.21717926904151078
-0.2065010729407024
-0.37018538103125237
-0.23870309300526546
-0.1787144432692087
-0.15599595995780485
-0.15903978759401727
-0.1596225113507146
-0.19177662188678918
-0.20551715929277228
-0.11188969001699448
-0.5096278433754107
-0.33677309855812226
-0.33309130049627816
-0.31143831228052976
-0.33488034511841563
-0.32196618396522225
-0.3028942244914718
-0.27898424727488813
-0.27680600156201046
-0.16859344988567565
-0.38746672700408447
-0.36641451618762705
-0.30259447068097056
-0.3472905636744502
-0.3576639166380025
-0.3886362717556043
-0.25771407728634516
-0.35569172135249016
-0.3560660822627799
-0.24395328170001984
-0.22420348563109813
-0.22915253090934173
-0.20826567231237783
-0.16821722643201126
-0.1423629676943476
-0.09425136033639564
-0.14007401277268344
-0.31168080266472514
-0.25169982205438307
-0.2578611399511366
-0.269303058847445
-0.17586184552158543
-0.32510272433016446
-0.2393991729365291
-0.3351164845284591
-0.29544687332997843
-0.3658497875635922
-0.23708369722284975
-0.20270053545912195
-0.1357649134130523
-0.3773523518781907
-0.2915832810822796
-0.3565094936654122
-0.41985342846183865
-0.2589000432875729
-0.8287668383052132
-0.25305664672264955
-0.2853818800173063
-0.24080889259256424
-0.27481990974055415
-0.2332026180764193
-0.22823934009736624
-0.30636710220193747
-0.2180702756697363
-1.1637829390206593
-0.4874680328064306
-0.6290320231679174
-0.7676780826523254
-0.7138764488065579
-0.600260581074719
-0.5985700063036095
-0.44273327081971786
-0.4757840302087879
-0.6871260415316421
-0.4284557358698568
-0.7075191727829473
-0.6949766708830997
-0.7545910135439895
-0.6742816313921773
-0.751771180111363
-0.34356462895178996
-0.621017146696607
-0.5245860333001807
-0.40153467660483405
-0.49778415143355426
-0.3513637435594702
-0.39043423560851465
-0.5551511791025915
-0.7941864548901998
-0.5375363863330938
-0.6333821531146405
-1.381237010377237
-0.806754308358877
-0.691476037285546
-0.618530939182418
-0.45399646911987585
-0.6017934843047487
-0.40007459266718165
-0.629972124155984
-0.48009891006362143
-0.7253204899304297
-0.32791713852166304
-0.44140351100806724
-0.5161050320090641
-0.24920397755716633
-0.3290599989050685
-0.3153573595253341
-0.26468713122845017
-0.1946884588842122
-0.36648063189833474
-0.191701636524307
-0.1611503083443645
-0.15094193245162194
-0.17262220931731304
-0.11323386292051432
-0.15979207706843054
-0.18735369336975694
-0.36017478436957845
-0.5305723918189562
-0.45438676581076326
-0.3255131347915849
-0.377017660022404
-0.26602970552578187
-0.39769095389493736
-0.45430248004177354
-0.33411810805572206
-0.37253969834872347
-0.27788281764293604
-0.30986354264055366
-0.3265807722704343
-0.18992415349302105
-0.2849490507631364
-0.23341164276415807
-0.29983966295487274
-0.35703354201692394
-0.24197169345991687
-0.3260751646573002
-0.49464779882838844
-0.3319618376380555
-0.5158675434207207
-0.44017234882111045
-0.4618204662192365
-0.2828793917568506
-0.3557258395135575
-0.4059766619653366
-0.5897269374334304
-0.30640296359373875
-0.16705777023593865
-0.2182837348767408
-0.08213892671663356
-0.20747912129106247
-0.21945426721204067
-0.26500412939544704
-0.3327271135319947
-0.37879947787772483
-0.3576416366667115
-0.3971929224417599
-0.21220890311587431
-0.30889366925953876
-0.17816768771049732
-0.2759812501264831
-0.21476287602869804
-0.26604867391284764
-0.4458800650988334
-0.3213980916350221
-0.38657585719294674
-0.34355264033234845
-0.5349163722453452
-0.24132389645066524
-0.26190535502091716
-0.243292392516947
-0.16646781789382106
-0.6001397221321444
-0.3492946943700378
-0.2591755352949602
-0.3212606910589198
-0.37805126724356364
-0.19980028945904216
-0.244925527984956
-0.3670769625962645
-0.4912928766304999
-0.3042706411825155
-0.32584697484906777
-0.29960999622069195
-0.25678190888446556
-0.5259697423727534
-0.39551553121124416
-0.33346161595352763
-0.3335372735188398
-0.21058045131700776
-0.9086874274074066
-0.5039541425600448
-0.41524669731870745
-0.4375813548049494
-0.37423875778908255
-0.34895293243426667
-0.5024543497427817
-0.36934143255298607
-0.2752102506568453
-0.44739937330429097
-0.3099132419152717
-0.5197332068428602
-0.3705213924100536
-0.6219482322621377
-0.4753965346287326
-0.37377928998623783
-0.33020084890612045
-0.3208219057598917
-0.6102699781451364
-0.3832364147823923
-0.1949853928191088
-0.18295769681383678
-0.17082380777633424
-0.16554361320962496
-0.19132600304463204
-0.0860769433055174
-0.14741809053389848
-0.4943926925559181
-0.39536642227412216
-0.4786580366315595
-0.37052170421415087
-0.4024191286023185
-0.4426393413091059
-0.33440999690580403
-0.2242572394828631
-0.19598632900102492
-0.6674013775883968
-0.31640130235377945
-0.25653029497967006
-0.3579465184794114
-0.18744929619786319
-0.2942885359592672
-0.41536960419013264
-0.3107640647520775
-0.34238283996834584
-0.14215719225352236
-0.40491626155376326
-0.1955143394314439
-0.310634139626027
-0.40351520565037946
-0.3508142672739016
-0.4223516797766879
-0.36170141140854867
-0.282076240335274
-0.8828869740443225
-0.5900027063060862
-0.9147472251633764
-1.0970050432591016
-0.760943803583343
-0.5684023274668182
-0.4681714266893976
-0.3776045105296273
-0.3023313356726971
-0.4027427889990003
-0.19119911427688097
-0.24185818359085548
-0.27700797676827854
-0.325710506413809
-0.2666439610631057
-0.3161973927375094
-0.20940287410023128
-0.11909550033715816
-0.831819382716865
-0.27836322809002384
-0.3308118370857671
-0.29092438261136794
-0.32976457784373375
-0.21938000725386858
-0.3144499650067403
-0.21612376335919808
-0.2987511778901156
-0.6859961954528151
-0.24097951072334406
-0.3742662239134549
-0.14424582957013415
-0.08511568991422565
-0.15896876894479012
-0.1519859996967894
-0.22807504734657577
-0.221059980095083
-0.4886172008380265
-0.634728520757617
-0.6131080727123643
-0.6856071352607085
-0.7951091665231653
-0.4865330568564629
-0.504018398285223
-0.5642416626752542
-0.45396064567833083
-0.3709108302858534
-0.7099581476325203
-0.3895430299668938
-0.36871188030126373
-0.36626340829267284
-0.2498477485327823
-0.3462606385446439
-0.1006218054204514
-0.44719168750451077
-0.37911611151440944
-0.16403333084494237
-0.2889585733310245
-0.3772094022333412
-0.6208010642303476
-0.5580396464613612
-0.43208225848440257
-0.4194805879549165
-0.6731919630468619
-0.4163584337957115
-0.33212579093690736
-0.4873223146034425
-0.3705328158577055
-0.32582070456873397
-0.30208493650667556
-0.28928499745908903
-0.3488221999259222
-0.2974181451320144
-0.7809133051732092
-0.41483029530361065
-0.21113871256051533
-0.16367166394045363
-0.28379544601482287
-0.23455005368184753
-0.28525906428472414
-0.4561734169178924
-0.3677438218423375
-0.4935186142973222
-0.38425685827800066
-0.37325809559013196
-0.31520111873600165
-0.4164156731276304
-0.2887983434536999
-0.15566194250153836
-0.14753705712186233
-0.3274617343672003
-0.8569420233530617
-0.49476957795226667
-0.44895897937729745
-0.3606019674144729
-0.399338064729282
-0.252912763975996
-0.17946916835036775
-0.22871288959149652
-0.37664038712619635
-0.4431541148204734
-0.6218821981443429
-0.49801768329240925
-0.37693821280444334
-0.5034016084918699
-0.48606897784017944
-0.49456854976663533
-0.2816518383179866
-0.3483058668917553
-0.7655009556961563
-0.14360787642587075
-0.28365595520199194
-0.2235547483099075
-0.10116013152258276
-0.18531659281866464
-0.1270415182652599
-0.09638070945525544
-0.22483529705308097
-0.31776820863837346
-0.2107360039362181
-0.3490746515092522
-0.3249226450298295
-0.20952584003863745
-0.28352997661303514
-0.20435694513854336
-0.3058578539800974
-0.273849871100346
-0.3616494309127358
-0.265396193144976
-0.23763980172812793
-0.1685272219005164
-0.16367380038015103
-0.1925114483341734
-0.13985011778859247
-0.09135845770743878
-0.13038741139818813
-0.33010255507262065
-0.26492327588617104
-0.23577815797826066
-0.453132800515342
-0.3869425195651062
-0.4185391917824232
-0.2596157335849684
-0.22221054746463742
-0.2599382406855807
-0.3796232694503461
-0.3414103281239258
-0.18686745292657428
-0.4948486387970964
-0.2406846880676466
-0.46162535778669234
-0.30530322475263044
-0.19929680183339882
-0.2688273859348126
-0.49516446485748344
-0.4433646314263254
-0.6397127675800741
-0.5945297336034473
-0.5021076215941467
-0.5481582438241008
-0.2362055895440974
-0.4411200654291251
-0.31559692740825335
-0.4157960773904434
-0.466331918887205
-0.39015828913758094
-0.4832424947088389
-0.4544929397296342
-0.5952958970350233
-0.4808412272075312
-0.49628142950895976
-0.5920833161837123
-0.3005310212110597
-0.22515539194501133
-0.15850770494129954
-0.19639078931168266
-0.26220439456306865
-0.24277418969303535
-0.3881230064811267
-0.399605957295402
-0.3268539803151755
-0.5525025617150281
-0.29837353060903943
-0.3291370701240999
-0.16069797231196314
-0.14850880717655707
-0.24733718873783203
-0.17702751769109387
-0.34217063667136005
-0.5817877846238683
-0.7846901163222212
-0.4838249622347968
-0.4450893896328854
-0.23350351713272996
-0.2731204470614257
-0.32134631759030025
-0.23996348430002615
-0.18563579793720336
-0.15775794143097885
-0.48558729225494385
-0.2213959638116464
-0.2081850530427673
-0.29004153153014917
-0.2872011309252399
-0.18628605062924014
-0.24872010675882159
-0.2045412215523081
-0.1747722357008429
-0.40655577424440253
-0.37121298657750124
-0.5275517710464593
-0.24325610188834332
-0.3052006868804516
-0.21627875342798158
-0.20747955371590543
-0.4078561296113869
-0.6250323215216992
