0.1772418216813184
0.1267804269769431
0.13133629018932994
0.11306847477312473
0.09187297859358745
0.10012506635623039
0.08832582498745617
0.051610251982853704
0.13485380274513026
0.06303751177248387
0.07393032227949592
0.043499402491471606
0.045146589965538685
0.04373569015896182
0.02806760527846743
0.02823733295886058
0.03576606885849613
0.06350517210434423
0.031589222926206084
0.030311867143317194
0.03624842188268468
0.03947047386589601
0.03448007487277171
0.034024092213462635
0.020601645972467948
0.024926909107021472
0.05101197988529853
0.02263602057691958
0.025047388394751513
0.020160832281053587
0.024258603671794606
0.019175712653591123
0.021496877762694742
0.015104098779889377
0.018961071165377638
0.05228411623239549
0.027358132379119156
0.024765709615833825
0.027961219736927497
0.024178852204458895
0.029740888177158857
0.018075480548021692
0.018144276077838258
0.0224977561817795
0.03942927511649132
0.02744495679601918
0.02278891457849198
0.018741690584048832
0.020514305406492808
0.018241588323812792
0.02630665803710674
0.015816220836716216
0.015852808495048297
0.023271639564780056
0.015634928606573714
0.015517027067662907
0.020172796740385537
0.023003148084816204
0.018280271626342756
0.017058855733788892
0.01553395925234387
0.01712572408708301
0.03038080476887044
0.018096024653911233
0.01683550146640058
0.017615499188093558
0.01655856184632286
0.01835554872968888
0.0200989238434587
0.015916795863583917
0.02100466891708584
0.03752530263436372
0.04206579411104819
0.027764553893335937
0.02581082172306083
0.03380610541900327
0.02831631215674424
0.03426576849043577
0.03441389584325145
0.030381388342451878
0.03481739419715242
0.027983576715687682
0.026750344147958235
0.025489148871090266
0.02391391066440092
0.02743182725548286
0.026691270042098376
0.022972373487265576
0.022610903579565092
0.05539481294351972
0.03173595395677288
0.020609096320964214
0.022301795614808752
0.024522006337415508
0.02847561376880528
0.03423552263348567
0.031086491348316796
0.030775849634322852
0.07415637290679584
0.03964231127842091
0.033551464584014694
0.03561206158951926
0.03533993214710686
0.04170718630385182
0.03126876576233762
0.03353450138855636
0.02914604505882035
0.06935403913684085
0.038594873606610104
0.03010387181936141
0.03559434291046416
0.038692165172905364
0.03156107535395503
0.02797120906971251
0.029089212019780562
0.03336820597341986
0.04853568652429169
0.032030457771508224
0.031913801126841154
0.0297325268594661
0.029355310065029686
0.025724511188891568
0.02988826826319473
0.028382273419273046
0.02767562382234431
0.06994427356909147
0.04147501586136953
0.03327536202329007
0.04082139102966707
0.04185088285274256
0.023667945071412518
0.02908780885935844
0.029168996996633348
0.033369951264168446
0.04505895458397351
0.028373018278136687
0.03041141076619018
0.03406427341658701
0.027322901872568653
0.025994301515525203
0.03218697530740308
0.02381891375278119
0.02101521607106116
0.05013803028423649
0.028253881070264386
0.03447712750302042
0.02749161000657825
0.03699742737630843
0.032346606895215145
0.02364809547420675
0.02311053635570814
0.020947955047453608
0.03964334388025121
0.03658747896022156
0.027838203518170672
0.02785674311715872
0.02928551960833796
0.024268603304367822
0.022026952758551134
0.02303632357210131
0.024772860855847546
0.05496187676597962
0.02807441262689714
0.03601797363421222
0.029632391924903707
0.031058953411830664
0.029401906525391108
0.024516330907286065
0.024408300138822777
0.02709057600339905
0.05415654906542089
0.03981536366891249
0.03368936558375742
0.02798178594298971
0.034554648844866316
0.02457295762550796
0.026181721940022062
0.022686342320299514
0.029304479344120175
0.06268865535843388
0.031128680126262246
0.0333883678417681
0.029090458990443588
0.029512665464884836
0.0271427201092528
0.02298162431248294
0.026448190045414082
0.027859968574484455
0.04648884832635384
0.022499353355864112
0.024906792355390072
0.023292582595416448
0.026719434003548686
0.018509861026178683
0.022359442121232583
0.029209891974634063
0.029871600413908392
0.03970075758956157
0.026377858355826924
0.03010655943006738
0.024446470008054586
0.02901595411439195
0.028003267966836293
0.026643441593115283
0.02624661471635948
0.02397852260791683
0.06152783708375814
0.027175503042280898
0.026232450194178285
0.029843430941624047
0.02544973099736122
0.03020194711673043
0.02487994748419509
0.021847986939652952
0.020190409079623866
0.035486205287704894
0.0326415962989376
0.032110998493550064
0.02115346876018357
0.016013789309611007
0.017967803010873296
0.01951532817299535
0.01942920657644838
0.019704481600736224
0.03758917149065514
0.02934994688609184
0.026443566745885577
0.019035081648820184
0.026322846013546945
0.024856407572379044
0.01940319584223701
0.01876730650728153
0.0199177258288895
0.04071906352214989
0.027284537797205338
0.020694325238751532
0.01922790766798547
0.01600729483170748
0.02029421153106214
0.024901381545397158
0.020049841047482496
0.026746316683031315
0.03199359412509728
0.026920474523609596
0.0178918830789462
0.01981817005117632
0.02651469896423473
0.026351716614342484
0.01954197573233562
0.021821933164165287
0.021381404892815984
0.035486258763165385
0.02036378117485122
0.015660338158592423
0.022638943289795446
0.020229615975131714
0.020016469103156298
0.015331948900793221
0.014019571079795012
0.017286673894083098
0.03076102265824753
0.020222951351308093
0.022172211812043367
0.022302056038026277
0.01814490282676861
0.017422630854196174
0.022261626977260415
0.01380207204280778
0.019427885524057324
0.02838450777025299
0.018823135551287503
0.011974205848503611
0.015394077824160163
0.017459703176001318
0.013437909604664509
0.011072875495286762
0.01094626180149748
0.015508708042950292
0.034439070345536886
0.02126382554445235
0.02171037837392993
0.017586843211828636
0.017130482567832568
0.016678169257024058
0.018986306586656048
0.014874997624951996
0.01767782784289734
0.029947274653538452
0.029735218305956344
0.019774333504004874
0.019508483109355063
0.020775409693440324
0.02283436691371725
0.014336705535516721
0.01266495669151062
0.012223750716771797
0.022598212247363712
0.01527873125500662
0.015982607003509397
0.02089653557752214
0.013234784555575401
0.014631941707669108
0.014205434642607703
0.012790380703388084
0.015068179958693643
0.024540093240429335
0.019803666022927702
0.015299320998659677
0.01480428776773935
0.019162169221669443
0.018737652626704744
0.015974441441140515
0.013290728162311891
0.012507216031102567
0.017547283429627945
0.017163862414081656
0.016781691575476092
0.010918361601957296
0.011443761914505638
0.009544580119841219
0.010319597922846759
0.012438755297588115
0.01637862609819743
0.033542222877740495
0.020925675107145863
0.014542719726825465
0.01607244730362243
0.01736022582770033
0.01766452229162363
0.015748336133648195
0.01477695298005527
0.014154358766672315
0.024237676519458615
0.012369909723186008
0.012475579873757464
0.010906398482704981
0.010835363951731845
0.008759018589315748
0.011113059678850845
0.011295903216053648
0.009126200633131661
0.022255514427070768
0.01441795562226831
0.012649783423170477
0.010649936373886544
0.010600134134455956
0.012294487227045592
0.011331163388816196
0.011045802553216542
0.008057913571399771
0.019497265511668294
0.009713251761415135
0.011174638670550038
0.008231310450818985
0.008141979081828189
0.008125373603077808
0.008828527566641365
0.007759548735475456
0.008170779699054193
0.010099589258795422
0.009810841707874728
0.010643558051262526
0.010259161052818103
0.008943284398084008
0.006663584753368169
0.007915897411931674
0.007083520196458438
0.005631955633983833
0.011690093622190032
0.00918020313356156
0.007228419646816185
0.008193609483850048
0.00621498281919676
0.006567448561220223
0.00592655103049964
0.005205443635322115
0.004429101349460769
0.008637839170535821
0.007823903300690898
0.00620169827972393
0.00659081630631299
0.005489333061624549
0.005318624210370165
0.005319679041320682
0.005484133971522828
0.004320850575321775
0.008647804381820398
0.0046682974757740435
0.006254683460364724
0.005090087888462708
0.004547881180731532
0.004069068542896162
0.0039046810155490418
0.003543163765223874
0.004180214266079304
0.00745821650458798
0.004769638979669012
0.004128968531709808
0.003208204897073532
0.0021080361767479593
0.002361018771597186
0.002752649277695817
0.0021532733045239913
0.0018804214874034181
0.004595429479288857
0.0032953008863763423
0.0022182987937938627
0.002510635823498173
0.002564530188803793
0.0025862142342649146
0.0014904145608926386
0.0014983446444228484
0.0013001553230519685
0.002218354485160306
0.0014672512215481936
0.0015001534187093551
0.001240559084765728
0.0015241457619647827
0.0016214342341862717
0.0013141975008279178
0.0015092317301194185
0.0012213066594246736
0.002420127364542071
0.0014275912209359683
0.0019912109548580444
0.0009266918840852875
0.0014422108005436593
0.0016118257817741345
0.0010568348990770758
0.0015574588011345255
0.0012182908612065446
0.002026756605591702
0.0016723100614975492
0.0016182640236866827
0.001263522984522151
0.0015976533495834428
0.0014440407767151028
0.0013143325678105174
0.001973219238453378
0.0014590799858916557
0.0027975243363111365
0.0016548573769283666
0.001996239149891821
0.0018258794036420112
0.0017119722590984764
0.0012716974664565613
0.0013755207687931742
0.0014478369518891277
0.0014152372843787657
0.002643180459370768
0.0014685632305246256
0.001875656777605204
0.001599296235965321
0.0014008749233560605
0.0015927023160602501
0.0016190794713773317
0.0012824928321826612
0.0010576230460723505
0.002958905536106732
0.0016785468366158317
0.0015641123372926381
0.0015140537867986447
0.001502718227930356
0.0016073047225528417
0.0011353988887112816
0.0015395193927269584
0.001608061485774992
0.0026779790816289306
0.001765052147814838
0.0017495450297575132
0.0016833598347622248
0.0017914556164965385
0.0016117931808686996
0.0013553086035108185
0.0015454141957104278
0.0010983586346284878
0.0027791516097189994
0.001741150870489398
0.0016220331227910594
0.0013713074808707852
0.001567271498729858
0.0016247215465873223
0.0014675807810012552
0.0013676483776348994
0.001858626873963077
0.0033883207250610327
0.002352084874814192
0.001978273223558074
0.0015229141318419766
0.0015565756975486373
0.0016716950158792566
0.0016905135321485544
0.0015723706709936276
0.0015172564259432907
0.002995787355111864
0.0017575358584262769
0.0015556342258927862
0.001541286872553752
0.001620640780986521
0.001549227398311169
0.001201786975315627
0.0013949171522121711
0.0013101292575144073
0.0021370824537688153
0.0012862743757213204
0.0013114247801457879
0.0011665756930330895
0.0009265446802349775
0.0012875466705903683
0.0009633663716805438
0.0013752773549945507
0.0013075229048608147
0.001638666547219946
0.0014512300607913964
0.001922346161020161
0.0013639553042971212
0.0014516222388263895
0.001399103705355469
0.0013711497881230667
0.0015534834039135777
0.0013669661971523086
0.003084575893286833
0.0019010511904850337
0.001734965847640885
0.00134748960144817
0.00141401179344437
0.0013355169171484632
0.001293806843597769
0.0012890719754229823
0.001333221634703984
0.0022166595790817025
0.0015387062733842377
0.0015846114076453813
0.0018099339931965683
0.002000239477987162
0.00148936954340745
0.0014487420465783894
0.001315077116596137
0.0016119760713805167
0.0026131087497274
0.001648094841449187
0.0019737707722131165
0.0016402803023442916
0.0013621621746102413
0.0013467903224917439
0.0009741927761491415
0.0016329961355442762
0.0012793300184542418
0.001882942493337847
0.001447099954055091
0.0016570066290973065
0.0014630956949926968
0.0016388873551212337
0.0014997585001937067
0.0015214570944442813
0.0011359671870895842
0.0013175788690909119
0.0022242701121567405
0.0013358464733236439
0.0014543473145843394
0.0013762679138176498
0.0011233831534011346
0.0011180791904625519
0.0013044787351357346
0.0012656657790071093
0.0011534857820555387
0.002666915459673201
0.0017398269440658794
0.0017927105098703322
0.0011658722278871272
0.0013411417143053793
0.0013248281006799886
0.0012448450950147704
0.0010154562048705937
0.0011978104827376995
0.002524252208694896
0.0011830400173995857
0.0018125368199829017
0.0013661231395700544
0.0014424222175421517
0.0012807970045971874
0.0011047010666111806
0.0015037405237890028
0.001127068148731008
0.0029019006059067443
0.0018218638496176971
0.0017371197080327857
0.0016564728875442787
0.0013341605571240798
0.0014246751142143483
0.0012492004592771627
0.0015203124654483747
0.001142897215973493
0.0028785102461638097
0.0017549493959622853
0.001499292121513503
0.002132821132858417
0.0014974286533149018
0.0018364770892094334
0.0016101262156063365
0.001519496362688668
0.0014713754344072036
0.0031426552846683044
0.0024211561500516324
0.0017407922981990047
0.0017519218875202479
0.0016916277572320358
0.0018899888024973188
0.0017160638689471279
0.0015075053755115512
0.0010873400234071371
0.002692351732820017
0.001467770257560813
0.001542814981618431
0.001677290573526884
0.0010086364366702946
0.001297841256419621
0.0010337506103409754
0.001071066373231164
0.0009388514850770667
0.002751816025748925
0.001624842812784084
0.0016501960989855594
0.0014178670410301903
0.001387540527923639
0.0009217145282171804
0.001416088100430075
0.0010036873103808435
0.001235504218996122
0.003169189820366505
0.0014445815222532492
0.0016690736790365057
0.001640220933260351
0.0018689102642495308
0.0017368631281864746
0.0014953709493888147
0.00154809344530456
0.0014505738019952022
0.0028709646251172966
0.0023804613092975684
0.0023557532127643672
0.0015537481328632432
0.0017677559139140566
0.001671455523958172
0.0014258221096846869
0.0015636654762683933
0.0013347983953514364
0.002217387370924001
0.001849459833068204
0.0015823691094483806
0.0015325583665870746
0.0013082221393808876
0.0013097813163939003
0.001267959471326822
0.001056173786525462
0.00169536965581997
0.002669817155323325
0.0016810006645663646
0.002014259293177654
0.0015256605758990221
0.0012671304388765332
0.0009514252289040401
0.0014998056127518034
0.0015420106273649815
0.0013269571280934587
0.0019684257013102844
0.0016197785354178935
0.0013314949643917092
0.0015260530870407866
0.001424761674490746
0.001361017900482631
0.001623021455987843
0.00093522703142699
0.0011525998005929617
0.003461424683603091
0.0016019674965605081
0.0016005414474427138
0.0016621661049641978
0.0015617166801091128
0.0012647693319639195
0.0010772049729635266
0.0015649453554493222
0.0016079225572395094
0.002363377662526721
0.0017601598962501235
0.0012392134324069133
0.0011866262080665634
0.0011253857820819875
0.0012054810254054265
0.0013031893088464377
0.0011288913005277847
0.0013447406908778463
0.002620051359312619
0.0015018497113852137
0.0015395700722718039
0.0018637340520607714
0.0015263876962455288
0.0010824371951738182
0.0013794674293961234
0.0010641099594507998
0.0012051669132389726
0.0023790434170809175
0.0009358946038692258
0.0012766337699746863
0.001110352292184616
0.0014023180412013868
0.0013900514132763736
0.0013286740676017325
0.0012021577434113233
0.0011236928180755749
0.0018713486797278097
0.0015194731554078623
0.001297688772607036
0.0009926610869853817
0.0009935540134286135
0.0011517870578444055
0.0012581489367152067
0.0012126406307531785
0.0010213697894693337
0.002412957072820171
0.0012808414511164326
0.0012910680671482985
0.0013768248958716139
0.0012289938210988582
0.0012747145608297632
0.0009939266484993627
0.0011479991518696657
0.001094325855480842
0.0025982169557073006
0.001681568783309303
0.001461511955322754
0.001253549007953194
0.0016542147138663395
0.0017013546365907638
0.0011896968899449483
0.0012148739490354327
0.000979454271461383
0.0026962252846015576
0.0015695045817412142
0.0014093421986120752
0.0012491140681461753
0.0010789630597120873
0.0010332617695748957
0.001314141608950713
0.0010683732414533702
0.0008260244994346507
0.0022372956621004103
0.0021047301516215456
0.001997233372357393
0.0015873377900758603
0.0018531642359674064
0.0014203590888494048
0.0017158803647951062
0.0013565949165820137
0.0012529449508520924
0.0020338602713613017
0.0016391134376841465
0.0012086970211842032
0.0010381960923626055
0.0009762073934650424
0.0011138505264180352
0.001136673682808037
0.001136974931659681
0.0011648019685634896
0.001804825913479862
0.0012462797345689505
0.00127257502036316
0.0014330685005763623
0.0012351513609527558
0.0011173440656050558
0.0014679734845298932
0.0010715295584323285
0.0012322554621162223
0.001813821965656114
0.0016051746413651338
0.001840939534288005
0.001326450446595658
0.0012833248961713138
0.001160911908467752
0.001216386958011918
0.001051623045059724
0.0014310886328490115
0.001614392325408968
0.0012197940132026258
0.0016288657284265653
0.001536387806514163
0.0011670144353293295
0.0013442721283767793
0.0013053571026120665
0.0011030964550949355
0.0009275061321830448
0.0028506897042014645
0.0014763176705041962
0.0015555283596016718
0.001552076834138883
0.0012635860933427933
0.0011908331920848707
0.0012805329601051742
0.0014428603171767764
0.0011083084042473165
0.0026841601368626706
0.0018436135037595178
0.0014339655661460245
0.0016628282992140564
0.0010655847815260412
0.00108288845471097
0.0011758106855177222
0.001071766816657844
0.000867268780569057
0.00257427219227465
0.0014748886645298098
0.0012380982934292138
0.0014006310919536101
0.0008676949255474014
0.0008443832032456566
0.0013961150885005635
0.0013597962703220182
0.001137791422195239
0.002144765893436234
0.0011727515862623877
0.0014554535322668797
0.0008733850347776097
0.0009519979696999432
0.0010278495017588569
0.0009481460247257373
0.0010315831780137296
0.0010203204039038508
0.0018203617468610673
0.0013912428104766563
0.0011197205975736646
0.0013557016617456944
0.0012354237212923566
0.0011069260290452407
0.0012015274258187724
0.0014644599979638264
0.0011133771776719304
0.0023291783282236135
0.0015267128672699173
0.0014342341418865528
0.0013230874475937751
0.0012004112877949885
0.0014401180263700515
0.0012652366839379077
0.0009147810566471025
0.0011224355185610064
0.001963817445742176
0.0009895841079404042
0.001452608618557846
0.0010557188449937733
0.0007242303722995368
0.001293819037024526
0.000965667688236535
0.0012141488576194728
0.0013610033318018657
0.0021421792373035988
0.001620512857034413
0.0015605132284424927
0.0013827947032612636
0.0011546543679629578
0.0009750701842243191
0.0012988635359388915
0.0013010968460397641
0.0012425696705712426
0.002512815276846824
0.0009282374601814825
0.0008957310298296068
0.001167088272846365
0.0013197717486803397
0.0011985497742301584
0.0011613802003161932
0.0011128796985076753
0.0009691746958684051
0.0025070691869463297
0.0015001451419355757
0.0015623465980403462
0.0016875943370353742
0.001294526292832488
0.0010635594807136375
0.0011224199926511361
0.0012417922517058938
0.001117561092953527
0.0037469230950874562
0.0018562637952762482
0.0015854881470949707
0.0015732771189185992
0.0016533861642953295
0.0012680255383418757
0.0011878713117656368
0.0010681541605657365
0.0010649022327036634
0.002365181085605708
0.0016874451178486344
0.0014529636061812934
0.0011925346231600785
0.001512915899056569
0.0015595991963322706
0.0009040841564742421
0.0014364561287654007
0.0012093223403727505
0.002554760728435093
0.0015283480830884997
0.0014695776165267406
0.0013009705731100148
0.001455766944846287
0.0010047589295962768
0.0011987853851376208
0.0011649433692572102
0.0013239924942102077
0.002946780116003131
0.0016878971299390596
0.0016013787210732904
0.0016481596447591154
0.0015720817462935544
0.0016951766032921752
0.0015796103720214542
0.001546754783284799
0.0014675327760278708
0.0018615395456137646
0.001321738101537923
0.0012419203533285685
0.001545661535409461
0.0010220980501787782
0.0014542521469999696
0.0012434655472340602
0.0011055532317233436
0.0012965724746462344
0.00288187336487171
0.0012324473338260397
0.0016950546800132958
0.0015816296834841354
0.0014682275996497482
0.0016609569908843387
0.001435293087861036
0.0008830350083049867
0.0008738044367716171
0.00247361348942855
0.0018637445730629856
0.001389225034896005
0.00105672921578324
0.0013698951329263135
0.0012644336437759873
0.0010130366811729207
0.001446726994610513
0.0011597508273244498
0.0024812127391043316
0.0017832845219230118
0.0014380746265011965
0.0020597999158805504
0.0018413680749320405
0.001416510397078533
0.0012182828251111866
0.0011085507257796283
0.0012533014364109283
0.002740245368557553
0.001422406505190221
0.001761500214007182
0.0016489824356989815
0.0013636009237288692
0.0009390310427173336
0.0010887489973684117
0.0012295783825965337
0.0010376319547775832
0.001892809997574887
0.0011971833280653792
0.0012902336670553671
0.0013234500744094576
0.0011229086142620387
0.0012149134597085462
0.0013766482817596628
0.0010811758494106405
0.0009992632485051674
0.001603876331617897
0.0013721697497775776
0.0012243659699141714
0.0009732065558358792
0.0012950561968426808
0.0010086324667859766
0.0007299170286957481
0.0010572356576287682
0.0012199257137843304
0.002208006006394815
0.0013483275211604148
0.0013843581333391637
0.001142109015380521
0.001047479247120471
0.0010406575195288307
0.0011651913822771295
0.0012349968736061069
0.0012689682406059573
0.002029736337933993
0.001544521359647944
0.0011674013637496378
0.0013614315113022197
0.0013254112619252483
0.0013259006381123538
0.0009028958470134191
0.0013049757113659322
0.0012361404551685538
0.0023002287568820536
0.0012210789457814146
0.0015946061871341454
0.0010881563641898316
0.0013513251053339703
0.0011064994924693177
0.001016665381697554
0.0013629686871357888
0.0013221436654752435
0.002430566092461957
0.0010864782177928663
0.0015701274451120945
0.0012034396165123613
0.0010480426565261953
0.0009969443914077535
0.0012721641756178951
0.0013401957573406754
0.0013480211755119316
0.0024921120211635604
0.0018924367439512623
0.001617405581242467
0.0016959802337580788
0.0012202722414104978
0.0014616396349707906
0.0013477129782434186
0.0009569964168730769
0.00178420863398146
0.0027629474447167937
0.0012601488397580786
0.0014723801246935475
0.0013287669220552354
0.0012865321210076476
0.0011482549383611989
0.0011710660676337583
0.0009353093318992987
0.0011624870387355595
0.00164133982119149
0.001065611440474368
0.0012208466662891034
0.0009398096162110078
0.0012390831478367335
0.0007743819420513226
0.0013801811759048986
0.0008034082324504979
0.0009381605170379346
0.0017596711337309733
0.0013930293938450124
0.0010088219070713289
0.0014370174305020282
0.0014706627009573342
0.0013073576058946624
0.001267899864683988
0.0010124647315411638
0.0009255582742153912
0.0021701289559591525
0.0013012340031727091
0.0012470233072200904
0.0014400810920871948
0.0012732718353026357
0.0011020379284517063
0.001219334172402185
0.0009980941263404422
0.0012091110125996853
0.0022643474643132652
0.0015927506291695684
0.001101979011538211
0.001242494806314947
0.0012280160769371968
0.001344559267930209
0.001130704834651692
0.0010604996251350448
0.0014227160065664066
0.0020001633994547
0.0010740620304272974
0.001131099776951504
0.0009772065070991394
0.0012201149452575636
0.0012686317097887318
0.0009555804980110837
0.0011745003748111946
0.001259616300684935
0.0013988180382722938
0.0012076271675643764
0.0011550449241067397
0.001011232087281033
0.0009925295680724945
0.001035171380441672
0.0008204521004686593
0.0008393887075274897
0.0009699360287238615
0.0017436657355393275
0.0010386556699975178
0.0008314921644252752
0.0010679354940968501
0.000949179369715354
0.0006500172286668703
0.0009388184908513961
0.0008936498504476713
0.0007242463459223791
0.001585815925537231
0.001207674326917598
0.0009906085744253092
0.0012154804798302843
0.0011280664893422183
0.0009426726488736951
0.0009673381868388567
0.000753197750180546
0.0008694109038813178
0.0018839778071346185
0.0014501829940847363
0.0010993529680811578
0.0010214976133256
0.0008041628069264166
0.0010228427327021818
0.0008730566984427697
0.0011445210855906664
0.0008292866265900089
0.0019091770667611072
0.001160566300716145
0.0008801834909050064
0.0008420596716492911
0.0011748107284202578
0.0008302946753492013
0.0009853133379744486
0.0008088655451320389
0.0008143775485710524
0.002114900893265063
0.0013873941426438868
0.0015442346201092227
0.001117030758277376
0.0012531660309696184
0.0011939959132009354
0.0009754365215006969
0.0009700226743204703
0.001136247952431179
0.0016459780612065895
0.0013776723070390014
0.0010085455557960546
0.0013369004500898183
0.0012177101000791588
0.0010262407548433357
0.0008086699777771503
0.0007210905769031978
0.0010737137241327637
0.0018661155949182345
0.0015457765810150059
0.0012784114331103578
0.0014424035184432708
0.001459065546945654
0.0011166189134645288
0.001015323010436378
0.0008731336342470964
0.0010059948984354238
0.002191750383578618
0.001217867915992286
0.0013963181212670373
0.001332733296629593
0.0011760460070559518
0.0008921446274703834
0.0009523382510407049
0.0009960595477619889
0.0008901322379156142
0.0020145054764152334
0.0011649626558832477
0.001177289761353791
0.001141026233478195
0.0010368504986655901
0.001063766387712767
0.0012181532511432774
0.0012848948250759587
0.0010355685500033148
0.0015408993928841797
0.0012664876327701607
0.0010200308466280354
0.0011672238481771065
0.0014213014461188509
0.001200606500975939
0.0010817274540058962
0.001028669909403302
0.001152036431519074
0.0020385657603330855
0.001208223746316683
0.001226911121613761
0.0012581429900366309
0.0011227448505230558
0.0010624900998743938
0.0011130338519001472
0.0007624618018884008
0.001099795049251991
0.0022835353212331093
0.001599145890178041
0.0014269928385417458
0.001229811213588853
0.0014524529975358104
0.0012611935072699358
0.0013236895752464465
0.0008480137922533343
0.0009892855997904204
0.0014759409968226151
0.0012140000926939907
0.0015613845953305794
0.0011343824744555811
0.0012977060070916914
0.0008283218976885769
0.0008173081871900959
0.0007461050989819853
0.001156668705411365
0.0022598573523246973
0.0012453037027898278
0.0012340337017247378
0.0011455082349144093
0.0008935070478017809
0.0007096847206994788
0.0007904509655709051
0.000713589524471948
0.000878903992545425
0.001857889014600953
0.0012711747634978085
0.0011601646758015555
0.0009274622099157475
0.0008592819393890861
0.0013617095161711043
0.0010849317147290291
0.0011885567097393896
0.001278878149759927
0.0021299424972628755
0.0017812863053575723
0.0013308972674790241
0.001648203813205824
0.0012696151797357423
0.0013378648992339222
0.0012127335693839563
0.0010654391499593098
0.0008161144585299814
0.0014118250599270987
0.0011040440920447741
0.0009157859033845267
0.0009082948193872998
0.0009764595238043373
0.0005719180147317594
0.0008354230338041984
0.0007169064131244888
0.0010224958359154495
0.001790419480473264
0.0011504956897202927
0.0013946437350495122
0.0011680873319333369
0.001051084275137828
0.0009281875029853601
0.0011193323594691628
0.0010400159277648758
0.0012570144237119818
0.0020718306973861907
0.0011803903325672835
0.001196929641213022
0.0012573701528166943
0.0010855028711266757
0.000886331351144803
0.0009737446179654048
0.001031752421671018
0.0012140904493150807
0.0015380461663879708
0.0013033234283549465
0.0008859585001105582
0.0011188348362648737
0.0012080371384531983
0.001152112663432795
0.0008655446936044078
0.0008283381695119467
0.0010087323709629349
0.00232510181633008
0.001242794084116006
0.0015177973827111139
0.001110025763351614
0.0010325378125111465
0.0009972772817653788
0.0009830000755781628
0.000928003350892482
0.0009379349526734007
0.0013443228381516362
0.000979668225532132
0.0009939118463743266
0.001306563130886883
0.0010627169938966041
0.0009825943651797001
0.0010345084387414116
0.000746525181755815
0.0008089508190163287
0.0017284648240788445
0.0011975328740409627
0.0006207547118027185
0.0006380558849420871
0.0008683076198708099
0.000820758682372446
0.0009147288786712366
0.0006394266189312111
0.0009586400691522563
0.0016402746489113833
0.0012732551453364619
0.0012189925257370998
0.0012435791712592167
0.0010231141193297586
0.001052338370213429
0.000914629265014989
0.0009299294752392161
0.0008953873935086209
0.0014283048639084825
0.0009043626329156289
0.00102725349879105
0.0011845079128622036
0.000922235460026055
0.00116615412377116
0.0008714043477925895
0.0007596586978419504
0.0007290004109351514
0.001974516708786087
0.001045556361244264
0.0010738714377490478
0.0013073936760064253
0.0009557326561124868
0.0011351364662690714
0.0010811937852312596
0.0009182722374536758
0.0011585950191549859
0.0015065431720265277
0.0012340085478157233
0.0012586376002449817
0.0010508783988925944
0.0011939063433180402
0.0010143681458084058
0.0013971854993403445
0.0009736375213105421
0.0008083172569266043
0.0017862770020278726
0.001081475647434108
0.0012011703603889365
0.0011293049318856277
0.000988411206412711
0.001103497959455628
0.0010487868629886312
0.0009284020189769296
0.0007511343961613151
0.0016895479459613102
0.0007381622067056657
0.0007035900128875637
0.0007353882328639652
0.0008604907643150043
0.0008140031536642504
0.0006405984063828299
0.0006040208532521186
0.0004935832965624495
0.0016375818504606595
0.0009652734633384959
0.001093682550032371
0.0008805840854118338
0.0007612866624626122
0.0006535006893061938
0.0009344330376170784
0.0005934792978991235
0.0008516310913504549
0.0015571089241117285
0.0010391820370386964
0.0007977242875176765
0.0011881449439584335
0.0009157681745464026
0.0009399103588827557
0.0008300513797705654
0.0007661030924189707
0.0005985149403297401
0.0012547224903570913
0.0009283969435577589
0.0008714279023761154
0.0008716053993533811
0.000883630363280632
0.00107120564783
0.000889699473566986
0.0008708774476626397
0.0008826084127138271
0.001407414179477453
0.0010680466804339611
0.0011361205190851345
0.0010778518648600207
0.0010946501424800297
0.0008315415879465914
0.0009490751810198488
0.0010603100456727263
0.0010345979107854175
0.001237245474875064
0.0008280143304440573
0.0010571849134129218
0.001250853454655867
0.0008960691968936483
0.0009498256677414747
0.0008158365017524316
0.0008680118261922579
0.0009254018803182124
0.0017177260963827851
0.00112791637146293
0.0010614890903853165
0.0007106940975417379
0.0010062572582895189
0.0007887572709344778
0.0009160974370014353
0.0009344812799284505
0.0007600737556631051
0.0017933727592403714
0.0010438593297454881
0.0008789673798592549
0.0008407787901298313
0.0009818275329052358
0.0008016351117547957
0.0008541276825463393
0.0009459288818679301
0.0008931346498203285
0.001822573401925696
0.001007501233410533
0.0011544029971188314
0.0010305828171284655
0.0010117020795839661
0.0011369496190879813
0.0009946050260857117
0.0010661925501465309
0.0008260631365162716
0.0011785178307938521
0.0011430987289454515
0.0010279733462371023
0.001010642518376658
0.0011776714329968362
0.0012002453720969086
0.0008753401556775694
0.0009773601415594914
0.0010411830919564967
0.002066775733245986
0.0015431932835144237
0.0011570640837530396
0.0012686188136467127
0.0011893083599860562
0.0012966095523059664
0.0013009840855300874
0.0008663210725723905
0.0008190845988890287
0.0013240656898130929
0.000891278478756257
0.0009016855244163102
0.000963529269148358
0.0006812969360022019
0.0007077491266492946
0.0009238703250027201
0.0007646077234128069
0.0008674086942704359
0.001603702610607923
0.00103890835855129
0.0011499279101418582
0.0010964475877289599
0.0008376716152100596
0.0007058828444997544
0.001097137534181584
0.0009153572792683571
0.0010536249948657082
0.0019187505825108548
0.0012962993762191976
0.0012158995374857632
0.0009060808139265196
0.001133026793089111
0.0011583062139404992
0.000897127901127675
0.0007714962950703175
0.000715598401531518
0.0014880044643752913
0.0008194666679319211
0.0006829606896736955
0.0008698507525584236
0.0006610428611856252
0.0005992118749081767
0.0006691851364887926
0.0006426772186352339
0.000623086133474267
0.0020966374163866887
0.00112714289217726
0.0009841863551515952
0.0010266543028134574
0.0009954853057188191
0.0007091077956367889
0.001006360951636384
0.0009137005934234761
0.0008063038932345533
0.001759765393512159
0.0011329173605120076
0.001122217143943531
0.0008956099789802384
0.0009922215443489354
0.0008565441128635658
0.0008592557928625618
0.0010104664063089385
0.0008666894194671038
0.0015184289407273218
0.0010541660216000144
0.0008212852872567082
0.001016610074918855
0.0008966192232840387
0.0008042269435034274
0.0009081168601348383
0.0007929014671878198
0.0006250193567934602
0.001798128564593179
0.0013463724514471854
0.0008570289641265769
0.0010674379945751422
0.0010339725267633694
0.0010788691457086967
0.0009222782314009388
0.0006781417039246347
0.000792016676508763
0.001990205153384472
0.0009656178400984353
0.0008908321704901697
0.0010379359718998252
0.000766492520067475
0.0009200943026646968
0.000951138602059646
0.0008221324343714041
0.0007832656265414626
0.0017313542471642347
0.0008217907127080838
0.000828576825732148
0.0007679969070316942
0.0006372293817529414
0.0006058189460512721
0.0006854342399582322
0.0005613199244291648
0.0004720170968135199
0.001777441803574239
0.0007798294802815921
0.0008595111421024177
0.0007849563256658402
0.0009430464265211967
0.0009776513983853527
0.0009243120509308276
0.0009325383007376509
0.000774154212693531
0.001444095996590216
0.0011448274351420146
0.0009298625765061004
0.0008128213089237568
0.0009403272332328846
0.001033723123701959
0.0009944653078378149
0.000904367394886512
0.0009997019167245647
0.0014117588733711082
0.0009915586758447198
0.0010500631735187163
0.0009407027453332489
0.001053231352474764
0.0009679010518539103
0.0010873233793185456
0.001022104364021315
0.0009002289236270744
0.0026387643003426883
0.0012622303807316452
0.0013396563215763238
0.000886799740159004
0.001225060529201894
0.0011084383143499907
0.0013408997867295658
0.0010647722690328345
0.000998458736658394
0.0022689719281418865
0.0011480588665580393
0.0009515622626028897
0.0010127057978879294
0.001051257107423941
0.0009339588462014867
0.0008982882202687172
0.0007865804699390535
0.0008039028137159501
0.0011680291402067838
0.0006997090906933158
0.0008953947636794384
0.0007837773140095471
0.0007526834005786675
0.0007995836100361662
0.0005108386941175404
0.0006144061618235199
0.0006721613116558804
0.001405408248247208
0.000858344119753555
0.0006585748184471315
0.0007586172772831285
0.0007585399456431798
0.0007889815237910448
0.0007025966579387471
0.0007639262014983118
0.0008398111962344128
0.0012946176874717248
0.0009810758614895798
0.0006883635072214857
0.0007351464862731111
0.0007647433131854733
0.0007355413845551382
0.000773473270194878
0.0006817049640413963
0.0006435834211627552
0.001166755974557575
0.0008656266905518482
0.0007120226455117594
0.0008681378497239232
0.0007389998377238276
0.0006844798688414896
0.0005864851600498525
0.0007842066812613014
0.000799375318881067
0.001551083439285383
0.0007619091807306935
0.0007907901467090129
0.0009409988386810884
0.0009661651021679228
0.0008299947577375203
0.0009244427238198423
0.000664205208975378
0.000889667518274689
0.0016342444830229
0.0007814261932548424
0.0009395374774566272
0.001068790938743384
0.0008611203748656108
0.00094409797686343
0.0010471117499120173
0.0006549272688359502
0.0008591314922913475
0.0019382453106476139
0.0011521564331183187
0.001128654488577331
0.0010402875583791842
0.0009873966863378153
0.0009561686681370102
0.0008638910743733941
0.0008862088137845002
0.0007831627277306986
0.0017494843566957163
0.0009479751464459403
0.0010383669729751523
0.0012022095990972628
0.0011492303576478248
0.0006507182440567834
0.0009175778512724591
0.0009922959562104429
0.0008211749188433806
0.0018689975118411496
0.0011472451735659085
0.0009729903742764828
0.0009190664959565404
0.001020462537244918
0.0007420069676811624
0.0009301734907450062
0.0006448799744805826
0.0007765993286574371
0.001969192083202031
0.0012683936901217016
0.0010462574833943693
0.0010016630639415659
0.0009160145368915416
0.0009070557758122192
0.0009556044354982998
0.0007036303970250507
0.0007772061013777229
0.0016423670236883734
0.0008260930944724667
0.0009273726469107973
0.0007010489279242338
0.0009024298647234141
0.0007484705388784067
0.0007045030616174257
0.0006611984573741213
0.0010023803585101924
0.0011709284512828287
0.0007706365898252849
0.0006754367836535657
0.0007370697512367584
0.0008062005431052051
0.0006715437881039283
0.000721628640818557
0.0006584789488409555
0.0005299384408718104
0.0015323680483192398
0.0011560369853413806
0.0010674039483502137
0.0007802670296091184
0.0006969918663992536
0.0008386371515416972
0.0008440898945522572
0.0007653805438638559
0.0006061132707943507
0.0016590111047143949
0.0007907534124348448
0.0009634281458096083
0.0008331342286905176
0.0007530181732098869
0.0009234385089966135
0.0007342407257172653
0.0006241408042413034
0.0006062277434571176
0.0011969183350615475
0.0006928834919275123
0.0009515590396725164
0.0005338093209999191
0.0007834074604853162
0.0007683786824467076
0.000608324306436614
0.0008923103601533927
0.000709030826586892
0.0011248108541113573
0.000767164861485373
0.0008331236046406224
0.00102475034103043
0.0009909715193538327
0.0007590221837478976
0.0009068852428676982
0.0007440454341969911
0.0008126772176081404
0.0013013605542593345
0.0007264918039802677
0.0008414057914404825
0.0007523313157839786
0.0007464243089057208
0.0007732523426559861
0.0004967665493080349
0.0005925109800521304
0.0007145350670183642
0.0010070774043590524
0.0007479338157129107
0.0006148955227524436
0.0006088121724401353
0.0007943871741143973
0.0009406951844594222
0.0007407851548975956
0.0005895596931002179
0.00038658921022463393
0.0011796214591514574
0.0007787916342640121
0.0007673510433900268
0.0006723148955798093
0.0006895627030906264
0.0006976388370099817
0.0006373003155519746
0.0006780433257538456
0.0007025260859557355
0.0015580577103675402
0.0011365125035664198
0.0010186465870760063
0.0009359698417837158
0.0009509824055612665
0.0009808985470588275
0.0008559395305666636
0.0006578064099682681
0.0005631255836641432
0.0013337667878235324
0.0006726084962179207
0.0009497911666574093
0.0008012485886483298
0.0009555907190552458
0.00076123776345794
0.0008359056953977295
0.0007093182296549395
0.0007153795863118424
0.0013386211152268412
0.0009158295870977338
0.0006964415701546605
0.0005808083093144981
0.0007077227513532466
0.0005634467540416038
0.0004374559807668242
0.0005994683630551386
0.0004888941689423555
0.0013203400142775602
0.0010244197627756028
0.000999520888496481
0.0009446124325128052
0.0006471836292993716
0.0008884356455609035
0.0004882312306713416
0.0008278975039557753
0.000627147324051136
0.001407689722518491
0.0009539118400159525
0.0008493359316540413
0.0008805534916818099
0.0008672421738923897
0.0008376558019968622
0.0006422665692123302
0.0007290749366174143
0.0006306193821195459
0.0010546121265982914
0.0007220793643459359
0.000764424290029181
0.0007848586982045317
0.0007527860653124206
0.0005425498287920051
0.0006905210798025389
0.000708175765594583
0.0007178119143633394
0.0013056498088782104
0.000799207014956394
0.0008918943442819438
0.0005991965746242712
0.0006824701835435056
0.0007545904452155652
0.0007016543865480785
0.0006789783703863016
0.0005438112950402114
0.0010068919341052545
0.0006535813353616138
0.0005896112567338671
0.0005813694127737221
0.000719440787617851
0.0007609023951583544
0.0004953648629872722
0.0007278612271975162
0.0007178723944573206
0.0011827768858794707
0.0008451358224320614
0.0008580135104957391
0.000740144049506436
0.0006123521000191353
0.000711325669501855
0.0007131729415197388
0.0006110860867724651
0.0005416414827566533
0.0010557742505717545
0.0009120719693891716
0.0007505890377554039
0.0007780131688477966
0.0006152954996796452
0.00044887278285426607
0.000572449944777931
0.0004919635175383516
0.0005490435146036829
0.0012294523307328986
0.0007142317665316391
0.0008262382158682438
0.0005697220278496537
0.0006574848655763712
0.0005814400937074179
0.0006092816229157911
0.0006206913786574303
0.000645676092095057
0.0013120452475200181
0.0008306729312950857
0.0006572027133824868
0.0006477277997762728
0.000676209375303946
0.0005595824859421012
0.00045499825419712046
0.0004899567641785304
0.0005620765899468758
0.0014989135837024995
0.0007330693305413719
0.0007748148490761792
0.0008087599809693214
0.0008280844130990595
0.0006413042763384073
0.0007615771665702655
0.0005516710715733337
0.0006653193445185831
0.0011354172862710126
0.000801669320507474
0.000799947679183859
0.0007971898331635669
0.0007532688292326586
0.0005641562086919386
0.000560960619290972
0.0007554701554272609
0.0003901985157333971
0.0012719006360139488
0.0007311682809289631
0.0007202915715467292
0.0006219322751289101
0.0006585314117575658
0.0006531352079699505
0.0006030893577199669
0.0004833084896369257
0.0004960136480062993
0.0010667102139678365
0.0007364631434033578
0.0006961492365306409
0.0006232639053045686
0.0006867052036901613
0.000738419199709638
0.0005262078898134105
0.000606956293545658
0.0005286440342089769
0.0010734977373106616
0.0005704933505539571
0.0007118472376304144
0.0007453814909280051
0.0007458943098296657
0.0006807736217406422
0.0005858285156489709
0.0005402407198495539
0.0004864333763058429
0.0012889024307322487
0.0008110699470116299
0.0006900849833193112
0.0006282005832328101
0.00043192042226120476
0.0005685066808159548
0.000448924595579219
0.0005047464727628049
0.0004833809780920034
0.0010545112290102788
0.0006988758072114705
0.0006490264801059188
0.0005813928593348047
0.0006297783930113706
0.0005857386671344539
0.0005947294805445125
0.00048574186453745387
0.0005066752822876821
0.0012275415424742814
0.00051575490695657
0.0005249040034533784
0.0006168322347123946
0.0005038923803225863
0.0006330274447349834
0.0004824746859394315
0.0005381284273171928
0.00048466392787794687
0.0015028200419077312
0.0006680286771458355
0.0007553349520573828
0.0007998419270309892
0.0006887882110296694
0.0006884528269021617
0.000655790144614976
0.0005623127210700456
0.0005710564266257142
0.0015630269060207323
0.0008499158370029679
0.0007487454627825053
0.0006054273409084042
0.0005743278352099005
0.0005626935968846263
0.0005222880705345004
0.0006019698126986965
0.0006861267875244096
0.0011811460239731422
0.0008089072444968807
0.0007016850347161326
0.000793790162992848
0.0007542896659304948
0.0007549691240642952
0.0007539995235353754
0.0005492669739715107
0.0005670247630389058
0.0008412299764106135
0.0005329623269858811
0.00047698518730347544
0.0005026436647181679
0.0005228736099985895
0.0004441705870292756
0.0006986758532876629
0.0004442998587277059
0.0005469142348985343
0.0010328329746810457
0.0005966053855080259
0.0005229043230945472
0.0005416552294107097
0.0006149852787304217
0.0004853428982067607
0.0004904657735775263
0.0004985725758122719
0.0005035448734517442
0.0008925743389377498
0.0006282171452699824
0.0006213144508703971
0.0006160101123306963
0.0006694628715590267
0.0006073654355005176
0.00036670458668422494
0.00046276435086620307
0.0004204798289575727
0.000806957527665007
0.00047207487185902547
0.0006176846978636252
0.0005368934156688694
0.0006438951674365006
0.000578091618297055
0.0006252905312356219
0.00036476101343058603
0.00039967826137580093
0.0006876829590689646
0.0005681908402124524
0.0007706824980946763
0.0006070741245110297
0.0004600737860761457
0.0005131298903112568
0.0005293464773973017
0.0006657342794757576
0.0004698913892749618
0.0010985090191651687
0.0007568706349609242
0.000622432712764682
0.0006101817636151488
0.00045226854493278084
0.0005098530964209866
0.0005226739048530483
0.0006078146648193541
0.0003846397385544104
0.0010767125602252903
0.0006285668034758024
0.0005387028183604223
0.0005361125560462388
0.0005779715394796337
0.0004980722889846818
0.000580848676570128
0.000637045352887364
0.0004920021307141429
0.000973081358645576
0.0006666618303258628
0.000578415172552995
0.0006734059593691916
0.0005524461767311669
0.0005217462736770124
0.00039491130277864256
0.0005412549882072403
0.0004268727818767339
0.000960365140985798
0.0006425421245296354
0.00043327594118770736
0.0004882850830017242
0.00046576304591506933
0.0003686033082632599
0.00033563575895492265
0.0002960213477939986
0.0005033264190383159
0.0005508448866009063
0.0005063278685389888
0.0004958960525063422
0.0005322962919230941
0.00042485224113624387
0.000392603594280946
0.0004221352504836462
0.0004378923479928942
0.00037566743057799583
0.0011467894912712963
0.0006562561118537535
0.0004213472169641427
0.0004910751387805953
0.00044049623424117183
0.00044250924843535703
0.00041399678944180427
0.0004010173389708269
0.0005128621257966475
0.0009318242559379945
0.0006080723187136796
0.0004942110277915565
0.0004792750527517897
0.0004889099695314734
0.0004361287882441636
0.0005023515327116126
0.0004001218096612578
0.00043672788711048217
0.0008212183328244197
0.0006168499763319286
0.0005256909418338294
0.0004912989108554744
0.0005510910924545952
0.00042316846554315413
0.0004081992991558928
0.00040026385469587694
0.00042557753573679077
0.0008328662260129779
0.00041812795891689165
0.00032568226381121684
0.0003216321077059858
0.000333354672165012
0.00031188582205358197
0.00041608285194654734
0.00036408015326093717
0.0003892195831452304
0.0007167861018696376
0.00048593325377266003
0.0005208481753203972
0.0004697120025865363
0.00039088706964172156
0.0004319192669810655
0.0005418422421642597
0.00057083050553824
0.0004489692777872251
0.0009088435376312451
0.0006070982369353767
0.0004718436296221459
0.0004948429053642457
0.00046328720217102227
0.0004101800339720343
0.0005525513203360317
0.0005339181155629119
0.000512593862537517
0.0009289720273461693
0.000585003934017281
0.0005716322828655966
0.000579647930361162
0.0003744283667979928
0.0004901371863502537
0.0004978905914732788
0.00036950070675602977
0.0004169131833717192
0.0008129935954506684
0.0005692205254556635
0.00044268936630584483
0.00047405164147680534
0.0004177245984658541
0.00037608738763202727
0.0003305245038270433
0.0003221787416839002
0.0003537375748535039
0.0006453158140334192
0.00046513511388981743
0.0005024943425205248
0.0003572436389704362
0.0003871911296934614
0.00038298875529925203
0.00043880277764937997
0.00041205808140722225
0.00048435691553511075
0.0009827647766242674
0.00045360303168480296
0.00040687118047148547
0.0004445041103729349
0.0003910250190907545
0.0004578122607704671
0.00040102951286625105
0.0003846154762312161
0.0004029403290232083
0.0007740487138203483
0.00044791422914961643
0.0004595720885572188
0.0005275637049351165
0.00036214312993682003
0.0003066136018080399
0.00034749396370124726
0.000342392990483713
0.00047486388240709874
0.0008147234317109628
0.0004799727253594161
0.0004373659078593066
0.0004860195365089732
0.0003758429279775412
0.0004154339836586971
0.00037475420148109655
0.00042380891836821185
0.000496973319786538
0.0006181920881890544
0.00046336453453494573
0.00047909022635693303
0.00039829791247043177
0.00039652532821908684
0.00032558490476770533
0.00032848285296486736
0.0002844023095928522
0.0003180082112165132
0.0006298708324241152
0.0005106607120936816
0.00047729878177492526
0.0004958307629947606
0.00038069250793016784
0.0002666941045603581
0.0003674740289188292
0.0002963430145198555
0.0003714441011142014
0.0005036568469843854
0.00032429186362896634
0.00035749859143493324
0.00037542503930782233
0.0002736818871428499
0.00030682901489333765
0.0002639486600631804
0.0003339966757302144
0.0004013612512070367
0.000809038172180242
0.0005269165479465913
0.00048195785478929716
0.00037046324236437837
0.0003804965831216568
0.000410432606272417
0.000421802889076304
0.0004208824770798596
0.0003826307291598744
0.000628326579070293
0.00046287650026214874
0.0003970007679680491
0.0004722115133550909
0.0003491042602845283
0.00045476365723501
0.00038777635107921973
0.0004288826870920973
0.00042470266651923347
0.00079065712837183
0.0005545479649516176
0.00036412730334292636
0.00043930814731009627
0.0004424538445055801
0.00033619336026234094
0.00038562319104200695
0.0003431400023488632
0.00029420601883409654
0.0009343282973232174
0.0006050669794291883
0.0003448140228436022
0.000536635419118125
0.00041966218560842756
0.0003260315988399455
0.0003770713968328221
0.00041295119216429966
0.00040987622213540007
0.0008719115508079005
0.0006034495256896235
0.0005903196373077416
0.0004337794700982316
0.0005292507388456772
0.00029702620438223383
0.0005035610715643345
0.0004196048346811219
0.00043276744780695837
0.0006100529597273935
0.0004593070366519409
0.00043389665667370307
0.00042282570962584066
0.0004479701885826095
0.00038339759225995007
0.0004571309897872799
0.0003841770734443346
0.0003302011658439914
0.0006718117798081
0.00038258751496148696
0.0004062341782451865
0.0003750263309400609
0.0005617120774758216
0.0004814317664152232
0.0004284364757269164
0.0003366727783284565
0.0003943802871408944
0.0008402100298966571
0.0006159924689197939
0.00044210089264542824
0.00038277382852399143
0.0003762371475128224
0.00034657224491338153
0.0003782062085994597
0.00029282948825099577
0.00035047876733414033
0.0005841707393294568
0.00048080130428714035
0.0003695169582726021
0.0003463962704284611
0.0003510523017932396
0.0003126009366124026
0.00029580787272714504
0.00023546288452309006
0.00025422683857817687
0.0007144380431077873
0.0003947448794623981
0.00037601667292832267
0.0003169030536048456
0.00037239950498511214
0.00038201353974650194
0.0003341118965490572
0.0003548901357796887
0.00040592718743547073
0.0005293250185723901
0.0003968423171545553
0.00033911007820951785
0.00036364312895573967
0.0002979350455587547
0.0003514638150548216
0.00034922834737632235
0.00032269815328900194
0.00040403033651644274
0.0006525374712865055
0.00037783632295629175
0.0003487413707949747
0.0004169109235267837
0.00034554436778563955
0.00031021567375413383
0.0003511575572965728
0.00032507348102000887
0.0002954533219482038
0.0006488962947652405
0.00039879788258845745
0.0003553080006772761
0.0002472261268253364
0.00026206080905997076
0.0002981818288588667
0.0003669337172805863
0.00034325400351918665
0.00025510470221315923
0.0008017295653365963
0.0004612400291604301
0.0004280421139488571
0.00035104766108645007
0.00034074291157558807
0.00036636226389348363
0.000374753474362107
0.0002511167596959346
0.00030024643526262916
0.0005224211217072281
0.0003573022998317059
0.000335178805977547
0.00025444643862814945
0.0003058952376016973
0.00032459822989888687
0.00029151880105964884
0.0002752260883411922
0.0002137858622017914
0.00037864217141454564
0.00034299589732828277
0.0002785153084926638
0.00026974935029882094
0.00025076627984240606
0.00024696167971991194
0.00024399240056417892
0.00023886655737804973
0.0002890959697564797
0.00042622017761591497
0.00033986273572774703
0.00026079398309948755
0.0002457387867655293
0.00024433888137981546
0.00020288780946337245
0.0002588566843336684
0.0002918807095472186
0.0002305195244090841
0.0005525388221261489
0.00037509349083320915
0.0003114163686027574
0.0003263181281300742
0.00024675816062080086
0.00018988959865542138
0.0002734876892456262
0.00024966165945538687
0.00021581117843180148
0.0005643568827532108
0.0004685603467473547
0.000292238457692094
0.00028938878168434113
0.0002482322234475753
0.0003451266419511117
0.00028166709933410755
0.00028523914982937445
0.00025026753146679633
0.0005433477915200201
0.0003113394478749733
0.0003303587813840842
0.0003949115076737061
0.00033593831054940757
0.0002311320964379623
0.0002932042726545742
0.0002263615125107992
0.0002599828802602829
0.0004663597450651399
0.0004017953341174488
0.00028552758544156994
0.00041620419000580513
0.00031086226079371276
0.00023736580706061082
0.00023973081257633953
0.00024171838716571003
0.0002942174407368532
0.0005359914317566946
0.0003621696729792411
0.00030452197670645034
0.0002591522233327738
0.00023216922306190996
0.000246697204724186
0.00024911929027200284
0.00028804130838626493
0.00020468430571476438
0.00044023969390463084
0.00026725825966533105
0.00026562254873110165
0.00019639065796346657
0.0002329678054841439
0.00026231136426390755
0.00025959226755452536
0.0002100665726557592
0.0002045906621679731
0.00040512289243463547
0.0002542018881868717
0.00027713901453238287
0.00018842210804591756
0.0001856571445709011
0.0002723020064103637
0.00022653460532315856
0.00018256794308450325
0.00022756217513575377
0.0004489509742283737
0.00029675428863887987
0.00033199997921777694
0.00030266643897943987
0.00023338122440316568
0.00018903256606414567
0.0001889561794956016
0.0001972301026587839
0.00018366061295064257
0.0004980182931240613
0.00025934406845700114
0.000349466162088385
0.00025370590422683394
0.0003229329624077882
0.0002849625635784067
0.00026520872957724303
0.0002741732305440079
0.00021473768050085532
0.0003657284314571166
0.0002736150758696197
0.0002564660156367369
0.0002756428952350088
0.000323787308718654
0.0002548284723748535
0.00018860135880183673
0.00021128091013949377
0.00014540072686092912
0.0003179789869117344
0.00025155948652698433
0.00030026344481388125
0.00023486647739712308
0.00018662969047763016
0.00013254550976824744
0.00016745479255537044
0.00019502467565359814
0.00019376030020246167
0.00044559383292113163
0.0002345225607930412
0.00028740770057758016
0.00022756733058293434
0.0002544395544088197
0.0002734484198067264
0.00023747298333978725
0.00022828320850485427
0.00018610267577635304
0.00034820575431690194
0.00023602225515621504
0.00025597001349307277
0.00022786315760044018
0.00021471823399757118
0.0001831657561381419
0.00017384899294307734
0.0002113160371526542
0.0001796790196883771
0.0004689799339879355
0.00018805424612466855
0.0003021362713801615
0.00024507709748384214
0.00017010179328646964
0.00013025989701861718
0.00019552151531036476
0.00013523353420776427
0.0001596477463020189
0.0003753547879451513
0.0003082489584858513
0.00025355060997366425
0.00022785100050364977
0.00022801033678561218
0.0001719380669493309
0.00016262483457163057
0.00021450287502407857
0.000214922806891858
0.000410792093442702
0.0002218453316532247
0.0001945341951780475
0.00019726569153508358
0.00019060697388613158
0.00021380912240108831
0.0001545456583403444
0.00015052932979439578
0.0002001274416617024
0.00045056090853732347
0.00021460298052656127
0.00021450614216839974
0.0002237608530150112
0.0002685952744253951
0.00015254637663170002
0.00017894281251317284
0.00016456135257242086
0.00014037045055986124
0.00038907338846835225
0.00018444721462550093
0.00020449722188011873
0.00023280626811789562
0.0001768591842112019
0.0001539137343384073
0.0001666439029433949
0.00017851134041448093
0.00015840806891546005
0.00040165814098880987
0.00026126560603219014
0.00026996373089085106
0.00020382847940236888
0.00019643485179016138
0.0001580004569555143
0.0001622708843280694
0.00015084736350923965
0.00013729050096477133
0.00023848065080970095
0.0001589212062962232
0.00019810262238099095
0.00011795197854848794
0.00013695254742620024
0.00017265303368554474
0.00012501444947795684
0.00016581216022852477
0.00014128369814076985
0.0002988999437187871
0.0001984077746401143
0.00018958396412548954
0.00015364302574648664
0.00017415316834484354
0.00017447527984520782
0.00018414038305474646
0.00014333216284671214
0.00016849993300771984
0.0002649318676224164
0.00018316044193641796
0.00019440462248352202
0.0001904808049025294
0.00017017910291663389
0.00016324541382910327
0.00012833083229392748
0.00012409526732317484
0.00013249241751080276
0.00029579904790943143
0.00019688834087728917
0.00012647193841026395
0.00014555253098513332
0.00011697262496189483
0.00013446264006805386
0.00014503006048830164
0.00012808942510172738
0.0001481989200003705
0.00022684532097979603
0.00012770033157751315
0.00012793822483812963
0.0001286114981529465
0.00011768560510292384
0.00010675923725690749
0.00013870354618733085
9.385580178288022e-05
0.00010770999718592293
0.00019896078026195052
0.00012450059722679175
0.00014769952350969853
0.00013072043428004435
0.00012569221274786653
0.00011840159040531465
6.286342920006286e-05
0.00010581587902454149
7.83807704576384e-05
0.00020253899014122857
0.00013512472907254274
0.00013837598382058112
0.0001731497927052899
0.00012155560127418779
9.962184876611451e-05
9.918393202879605e-05
8.215843146844517e-05
9.320506563592581e-05
0.00017976205522353688
0.00012096338167209564
9.740218089026227e-05
0.00011185216857202712
0.0001095153995043379
0.00012127344961515773
8.579687220316351e-05
0.00011307477798187019
0.00012851271044550202
0.00021910074798659872
9.53536792250774e-05
0.00015111231008847629
0.00011568432940390513
0.0001074442480107677
8.986906540168802e-05
0.0001062466417058945
7.256863037749775e-05
8.989677381370286e-05
0.00014731011842459446
9.436615087355162e-05
8.554314516109887e-05
7.015332240081051e-05
6.948120410768447e-05
7.86202000577445e-05
6.334454029213267e-05
7.723036099575573e-05
7.295723115754876e-05
0.00015805331488441673
8.786388495646466e-05
9.485795515679173e-05
9.287961457016913e-05
0.00010707819291091731
9.44587371958571e-05
9.631645909843443e-05
9.987715307947765e-05
8.516003857476824e-05
0.00012036234643368504
9.267262511170255e-05
7.16677237524081e-05
9.302421975737923e-05
6.917231273969304e-05
6.126204156050121e-05
6.564959363297021e-05
5.255862214309383e-05
6.200976986070502e-05
0.0001549742564389352
0.00010447572090224631
9.925585787510212e-05
8.750867623019583e-05
6.508852434745788e-05
7.47356729737775e-05
8.644123719950005e-05
8.08664358144118e-05
5.231669434416199e-05
0.00012021045370667748
8.809726127441308e-05
8.362689404535788e-05
6.365899906543844e-05
7.259229046152328e-05
7.749268465103185e-05
5.5904711802512615e-05
5.301896762462571e-05
5.792103342826452e-05
0.00010583312073803757
7.09258944589481e-05
7.725001949040921e-05
5.882714331833953e-05
5.174900365378011e-05
5.423960813385386e-05
7.171380577734958e-05
6.499414538747541e-05
4.352752950195927e-05
9.282586523945713e-05
6.882681122537223e-05
7.012965922441024e-05
6.483129789412132e-05
5.8623837242834365e-05
6.186375939938788e-05
5.29695605281587e-05
5.9215337483941104e-05
4.506352058991785e-05
8.929880514720052e-05
4.3088351676848434e-05
4.206048629986391e-05
4.613196881795151e-05
4.8069195607076384e-05
4.632972517539082e-05
3.8503292426813505e-05
5.028343729987429e-05
3.771256306675084e-05
0.00012685248005295152
6.905912730214055e-05
4.415486617656215e-05
5.174454418215218e-05
4.577583880073943e-05
4.458971767435212e-05
3.913443484776744e-05
3.1860860853580135e-05
3.450946027638955e-05
9.020342572214325e-05
6.332246574361326e-05
4.9329151212109736e-05
4.4071430183522524e-05
4.276652795871647e-05
2.810244134326824e-05
3.7113701797690486e-05
4.3990719499639356e-05
3.0551612324781265e-05
9.489473817964701e-05
5.485822547710847e-05
4.264567103160985e-05
5.189405597262049e-05
3.995762041817804e-05
4.446293575603768e-05
4.205223773236628e-05
4.062941123556569e-05
3.252711538197801e-05
4.556995784917229e-05
3.647938015881375e-05
3.715133374473824e-05
2.9246972661668965e-05
2.4188178336118926e-05
2.8180173038909944e-05
2.42279820703447e-05
2.7271207414922725e-05
1.897132421107748e-05
4.7111808970151667e-05
3.1974187937636816e-05
2.3160440513159477e-05
2.1737484228467123e-05
2.059135608070847e-05
1.9366067203889274e-05
2.2290796722873464e-05
2.41877538824902e-05
1.4109428857038643e-05
