-1.7997760057983385
-1.7997753621486652
-1.7997740748506994
-1.799771714809212
-1.7997678529364922
-1.7997644201746548
-1.7997298787374871
-1.7997028472332237
-1.7996644467304714
-1.7996316252533142
-1.7995692033945943
-1.7995110755919805
-1.7994598147050733
-1.7994029807341745
-1.799343791433892
-1.7992786019283442
-1.7992202784798028
-1.799158957166948
-1.7990903508624543
-1.7990078158364347
-1.7989227162202273
-1.7988256224620347
-1.798747183504007
-1.7986117531010097
-1.7985939686611692
-1.7983664445750749
-1.7982347125943925
-1.7980858679722909
-1.797946683069067
-1.7978051648251936
-1.797619148258505
-1.7974753275462962
-1.7972791093232308
-1.797145397350209
-1.7969471123861793
-1.7967608456675823
-1.7966810899838868
-1.7965064219764282
-1.796389710513143
-1.7961986442629112
-1.7961009896292714
-1.7959296388922197
-1.795911052935035
-1.7957367481976465
-1.7958194105643188
-1.7958200513875848
-1.7956735283710612
-1.7957006525487271
-1.7956291062910095
-1.7955289511077663
-1.7955137899961742
-1.7952422145843032
-1.7951574708401425
-1.7947140308145126
-1.7946466163912025
-1.7942654788419767
-1.7941940468997855
-1.7939218047560683
-1.7941302960294625
-1.7933070590233606
-1.7930565937525758
-1.792798321486134
-1.7924290341415416
-1.792107548158616
-1.7915410264111233
-1.7912164586313233
-1.7908614180141862
-1.790688941605913
-1.7905139502440879
-1.7904742421601032
-1.7894246341412536
-1.7893953663232935
-1.788450827022423
-1.787830720912558
-1.7872349518015624
-1.7866302767749243
-1.7864685495859296
-1.7857564527722445
-1.7852952664122004
-1.7839656224056044
-1.7815653484465368
-1.7792876871316234
-1.7768272018419777
-1.7742471481236435
-1.7716716656809455
-1.7691505004087265
-1.766956563464811
-1.7647695052103394
-1.7621013302695168
-1.7597793891040587
-1.7579587834543702
-1.755893580254782
-1.7546689399605195
-1.7520004966718346
-1.7503093666984864
-1.7477971966931556
-1.7458173563925494
-1.7439509722327307
-1.7420763124374672
-1.7401786004498436
-1.7386183151674726
-1.7373144822245274
-1.7355358495827906
-1.7341806582173096
-1.7326659031023053
-1.7313981811718024
-1.7302463239360029
-1.7289991673155254
-1.7279875464555732
-1.7269131066724606
-1.7260858535017116
-1.7246675493178492
-1.7235226596207995
-1.7223327211433257
-1.720807986355374
-1.7201827372833667
-1.7187621776713065
-1.7186555444147864
-1.7177329857883532
-1.7170662242685197
-1.7162963713250545
-1.7162969566506423
-1.7149694897433763
-1.7145513413085793
-1.7131353983009825
-1.712330417111215
-1.7117771037175118
-1.710761297791025
-1.7094553450417411
-1.708908336792249
-1.7078688837622118
-1.7068517276176665
-1.7060393373014608
-1.705582755669048
-1.7038480875803177
-1.7051110123270734
-1.7048853458820639
-1.703494734637724
-1.7024883479559927
-1.701743017470076
-1.7006860139883773
-1.6998624470552894
-1.6986147356127987
-1.698156006638925
-1.6978441513370832
-1.697134549025528
-1.69629345246562
-1.695165165441651
-1.6953562819712085
-1.6944292744791052
-1.6937350638930504
-1.693474786577309
-1.6926669168322135
-1.6917528943061408
-1.6902956132710252
-1.6907243544697876
-1.6893847163333093
-1.689921943515245
-1.6891490190817793
-1.689245028948268
-1.6888769244347774
-1.6879400027167821
-1.6871240179194122
-1.6867496760315404
-1.6860871627880174
-1.6854516997279407
-1.6854227237958044
-1.6839815825900153
-1.6857371847299933
-1.6833993214719334
-1.6842306827319273
-1.681862518695569
-1.6821897096149518
-1.6816558880771733
-1.681374405133923
-1.6807842150585277
-1.6800300939730042
-1.6800013041536739
-1.6803726563591266
-1.6813143002296413
-1.6813732816383569
-1.6815899568075092
-1.680222861623734
-1.67844923741362
-1.6777160394501025
-1.6765624250425093
-1.677251198312797
-1.6752085075843435
-1.676411447365426
-1.6750031369657492
-1.6767558874797106
-1.6748396199089741
-1.6733293410930425
-1.6713729693490493
-1.6704389134238722
-1.6690169984683525
-1.668830482646621
-1.6664342121020967
-1.6657263574362966
-1.6637191419585613
-1.6610543879765585
-1.6609321367015308
-1.6596126402841178
-1.658730313067154
-1.6580918086352543
-1.657572259589964
-1.658778790256313
-1.6582025325075427
-1.658835654329832
-1.6580309896425907
-1.6565619470283999
-1.6563436777155265
-1.656849910609276
-1.656629384066813
-1.6557910829813764
-1.6547165598913895
-1.6523781635856263
-1.650357867130268
-1.6484249327014466
-1.6476328512537843
-1.6471872242776517
-1.645290213392922
-1.644548969048302
-1.642430183532987
-1.6434431841758705
-1.6426978832839032
-1.642838737674318
-1.642659456394168
-1.6421356002294132
-1.6416433157725911
-1.641524083433888
-1.641049467726988
-1.6410414408746588
-1.64019193054745
-1.6415344352557175
-1.6412100212651746
-1.6406904766588013
-1.6403933088343787
-1.6396053640275319
-1.639785760244195
-1.6386394152325678
-1.6390320282626711
-1.638133582976522
-1.6377618310070916
-1.6376969871711222
-1.6376861507568388
-1.6373760413889829
-1.6364208757858227
-1.6360747216717209
-1.635402870292208
-1.6349537413803503
-1.63585260052193
-1.6361631969298571
-1.6362101866787584
-1.6370287730952335
-1.6359633876501043
-1.6357115237582314
-1.6346653734532652
-1.6338885787137407
-1.6336004096114567
-1.6319959485526723
-1.6311332178323295
-1.6306813229352184
-1.6295191750181002
-1.6296913773679182
-1.629419282674793
-1.6292008987700939
-1.6287187976994548
-1.6284494866986468
-1.6272754326405974
-1.6268968460163298
-1.62600884989873
-1.624556821486958
-1.6233536356222107
-1.623164969887154
-1.6224747329560358
-1.6226117916706477
-1.6227820138590243
-1.6230208385740448
-1.6238287229401658
-1.6237452438809028
-1.6238472361956058
-1.6235748195665813
-1.6232215126466747
-1.6230105444597107
-1.6227879443740947
-1.6237593893099558
-1.6235660897760718
-1.6240806092704232
-1.625151911081775
-1.6256987703794903
-1.6262118400645245
-1.6260253114060292
-1.6264437907718692
-1.6268041112698304
-1.627135655970568
-1.6292378194726997
-1.6303928754201757
-1.629736588714831
-1.6290722168306895
-1.628770105132654
-1.6274968094414877
-1.6266943858879785
-1.6260125274405963
-1.6249726213510518
-1.6227682343001972
-1.6225054209362215
-1.6210545925223239
-1.620138014603716
-1.6192153524965696
-1.6185878134994145
-1.617817552123908
-1.6168890453913054
-1.6160181647680096
-1.6146267399544754
-1.6141527066767394
-1.6137384576790204
-1.613460455595535
-1.612610660161658
-1.612700577886495
-1.6127145315356244
-1.6125953303623433
-1.612035045403027
-1.612231806725498
-1.611475493650906
-1.6122039163725799
-1.6121897994012813
-1.6124727024594514
-1.6130813751603987
-1.6130469064680562
-1.6129112864654227
-1.6132589122569312
-1.6131377346457156
-1.6132270216468303
-1.6129062894676847
-1.6128067005915128
-1.61307982403759
-1.6133575225520973
-1.613116362389571
-1.6131858242927255
-1.6130718961231556
-1.612949540370428
-1.6132835637006098
-1.6132518444994557
-1.61347269808768
-1.6131360110556776
-1.6131708282887083
-1.6135763356400425
-1.6134463166104418
-1.6135233943284364
-1.6115360413899182
-1.6110897806651543
-1.6104233435997124
-1.6097607187787517
-1.6092212688184673
-1.6090075791945744
-1.6087202338489117
-1.6085263851649596
-1.608366850699244
-1.6082619967303458
-1.6082325304288831
-1.6081429389473971
-1.6080555840175392
-1.6078112119174852
-1.607576670873645
-1.607825252311294
-1.607429475685605
-1.6074483014736876
-1.607127809803578
-1.6068613155777312
-1.606627735449053
-1.6065383226733523
-1.6066644950218003
-1.6066171353265906
-1.606793936301752
-1.6066749247883059
-1.6065860196460058
-1.605595222611537
-1.605384372616798
-1.6051973002915327
-1.6050005458925545
-1.6050020815163475
-1.6049848485734377
-1.6049210387198831
-1.605009247799568
-1.6047144592694316
-1.6048106630656547
-1.6046680672349292
-1.6045846706538205
-1.6043705056593796
-1.6043067446447288
-1.6041879308216076
-1.6040623175556186
-1.6039711452141534
-1.6038735085740559
-1.6036671986866124
-1.603571302253203
-1.6036769082011482
-1.6036654952751326
-1.6037229022359742
-1.6037026304658504
-1.6037772467363829
-1.6037000752370796
-1.6036424995743304
-1.6036499943969618
-1.603637730178222
-1.6035924223300728
-1.6035811809295843
-1.603549331150746
-1.6035655113615663
-1.603541496639679
-1.603459238895223
-1.6034290968657894
-1.6035156092344778
-1.6035682364818324
-1.6036084330816476
-1.6036663469804202
-1.6036973496686993
-1.6037455595267205
-1.6037556107103155
-1.603740278446846
-1.603683210931409
-1.6036525494661438
-1.6036978607120649
-1.6036598740429235
-1.6036752047690412
-1.603726309306468
-1.6037462409589154
-1.6036997345405255
-1.6036498240593058
-1.6036525494661438
-1.6037140439204394
-1.6037229022359742
-1.6037469223916891
-1.6037699210873873
-1.6037614029750322
-1.6037644694850561
-1.6037687285462103
-1.60381660194972
-1.6038266540238284
-1.6039662034581228
-1.6040023301011308
-1.604057545662024
-1.6040827688497497
-1.6040295965696827
-1.6040222686151704
-1.604009146631363
-1.6040176673756268
-1.6040260177928352
-1.6041134467687688
-1.604105095441243
-1.604058738632761
-1.6040570343893943
-1.6040480019600096
-1.6040048862931784
-1.6039735309003769
-1.603955127219013
-1.6039556384266815
-1.6038559590945858
-1.6039113349717056
-1.6039430287326373
-1.6039305896341272
-1.6039532527936826
-1.6039418359340059
-1.6038999187087568
-1.6038821982643046
-1.603889013773524
-1.6037467520334414
-1.6037213690589749
-1.603671968258008
-1.6036542528501219
-1.6036488020341297
-1.6036559562377184
-1.6036620884630288
-1.6036823592082083
-1.6036585113258983
-1.603772135811421
-1.6038491438662854
-1.6038953181711222
-1.60397472374615
-1.6040589090572968
-1.6040991302605352
-1.6041782151180983
-1.6041826468279086
-1.604205487566775
-1.6043648794836318
-1.6044093784972475
-1.6044491057558221
-1.6045156064282569
-1.604512025482394
-1.604466156684782
-1.6044046045385032
-1.6043469782778603
-1.6042733318053142
-1.604169692668054
-1.6040929946923772
-1.6040103395301102
-1.6040169857127542
-1.6038457362738552
-1.6037685581833299
-1.6036970089733031
-1.603638241183591
-1.603526679404146
-1.6033752867945577
-1.6033504263991758
-1.6033061563710036
-1.603276530871445
-1.603313477783863
-1.6033752867945577
-1.603430629484008
-1.6034405064272526
-1.6034786530057061
-1.603677930262149
-1.603733804912512
-1.6037588475589704
-1.6038179649354352
-1.603830913415272
-1.6037726469024514
-1.603718132361603
-1.6036908764809261
-1.6036625994839215
-1.6035798183462955
-1.6035157795436226
-1.6034711597845488
-1.6034917663112513
-1.6034890414508873
-1.6035242950469943
-1.6035561438312937
-1.6035578470104754
-1.6035147576892959
-1.6037341456235426
-1.6038407952905507
-1.603926670506074
-1.6040456160522505
-1.6041422509941408
-1.6041826468279086
-1.6041886126297817
-1.604156568272089
-1.6041669655031647
-1.6040503878748664
-1.6039662034581228
-1.603877597828326
-1.6038879914434485
-1.6038750420419636
-1.6038327875546743
-1.6038402841560844
-1.6037913871318465
-1.6037695803611558
-1.6037009269790985
-1.6036654952751326
-1.6036564672547031
-1.603691898559732
-1.603700245585411
-1.603740959874553
-1.6037719654478166
-1.6038041648120862
-1.6037956463359706
-1.6036385818540178
-1.603591741028587
-1.603555462560634
-1.603535024710017
-1.6035142467626209
-1.6035018143138824
-1.6034909147913927
-1.6034532785170286
-1.6034444231798195
-1.6034556626629888
-1.603384311649362
-1.6033706892660766
-1.6033284613488583
-1.6033165425811924
-1.6032884490442363
-1.6032591647082937
-1.6032211988187812
-1.6031631468323402
-1.6032520140445787
-1.6032303921875748
-1.60323498891151
-1.6031655301155947
-1.6031277388872454
-1.6031027159462414
-1.6031306327471426
-1.603135569355786
-1.603174893082696
-1.6033192668553218
-1.6033637078843561
-1.6033713703797434
-1.603424839608333
-1.6034599200841237
-1.6034732033833734
-1.6035273606503488
-1.6035803293147575
-1.6036353454908063
-1.6037982018693038
-1.6039012818360874
-1.6039694411569099
-1.6041125945885069
-1.6041833286315912
-1.6041713971508185
-1.604142932763486
-1.6040977667968883
-1.6040023301011308
-1.60384897348632
-1.6038191575498362
-1.6037815058654015
-1.6037459002427457
-1.603660896082212
-1.6036191638706891
-1.6035806699605797
-1.6035547812905533
-1.6035113515176123
-1.6033315262034715
-1.6032748282897964
-1.6033141588489235
-1.603324885699952
-1.603376138191614
-1.603471500383991
-1.6035302559531688
-1.6035770931866646
-1.6036309168044218
-1.6035971914566836
-1.60365289014265
-1.6037220504706127
-1.603747603825042
-1.6038232465269626
-1.6038629447637036
-1.6038714639547402
-1.6039133796926779
-1.6039476295439778
-1.6038683970355412
-1.6039154244188634
-1.6039735309003769
-1.6040222686151704
-1.604122479935213
-1.6041853740461163
-1.6041923625850993
-1.6042508300650866
-1.6042482730890921
-1.6042625922596467
-1.6042429886978664
-1.6042394089687513
-1.604281002997397
-1.6042709452271842
-1.604246738907408
-1.604207533037808
-1.6041998625483302
-1.6041690108759623
-1.6041350924510034
-1.6041296383657822
-1.6040955511734056
-1.6040415259411764
-1.6040606133046469
-1.6040745882695182
-1.6040940172838107
-1.6041569091627743
-1.6041741243307759
-1.6042119649096076
-1.604219635514821
-1.604188783081916
-1.6041448076321734
-1.6041212868696628
-1.6041517958177098
-1.6041749765764142
-1.6042308858684922
-1.604192873944001
-1.6040737361305424
-1.6040558414211923
-1.6040255065403033
-1.6039994330933258
-1.6038815167165683
-1.6037971796549932
-1.6036854254159645
-1.6035828841619517
-1.6035803293147575
-1.6035210591450588
-1.603509137513778
-1.6035076047454742
-1.6035271903387438
-1.6035087968983461
-1.603431991813773
-1.6033252262372562
-1.6032417989213472
-1.603166211054969
-1.6031719990630053
-1.6031934491042787
-1.6031857883093608
-1.6032152402101372
-1.6032646128758417
-1.603319607390239
-1.6033187560532174
-1.6033305045839652
-1.6033039429337677
-1.6031822132967877
-1.603110716393447
-1.6030060360040972
-1.6029427237697307
-1.6028775446243537
-1.6029069852007118
-1.6029090273617255
-1.6029120906130025
-1.6029384690946131
-1.6030788853000921
-1.6031416976019164
-1.6031600826214252
-1.6031810216294733
-1.6031459533559613
-1.6031340373015743
-1.6031124186265595
-1.603060161718004
-1.6030397364909066
-1.6029755706218913
-1.6029005183918312
-1.6028059047339385
-1.6027106216918312
-1.6026699596997631
-1.6026517560455773
-1.6026422290643074
-1.6025643162186085
-1.6025704400980927
-1.6023779005093288
-1.6023348745768267
-1.60229678239904
-1.6022777369893102
-1.6022452588081937
-1.602224174201757
-1.6022036002417055
-1.6021563331448645
-1.6021388212235161
-1.6022881098795367
-1.6023324937626535
-1.6023898053256342
-1.6023682067181444
-1.6023632748343124
-1.6023617442558478
-1.602278587221161
-1.602228255050017
-1.6021770759159053
-1.6022163526340294
-1.602184897100161
-1.6021947587021916
-1.602197479165495
-1.6022199233402576
-1.602225194411873
-1.6022671941893265
-1.602255971361154
-1.6021957788748478
-1.6022018999380667
-1.6021437517257597
-1.602098698264611
-1.602045997431441
-1.602126240079444
-1.6021029484828875
-1.6020881578205957
-1.602112129031327
-1.6020929180039443
-1.6020364776506664
-1.6020327377677448
-1.6020133586540881
-1.6020798275678014
-1.6021043085574989
-1.6021138291444361
-1.6020731974285112
-1.6020944480688852
-1.6021192695306323
-1.6021578633309361
-1.6021374610903065
-1.6021396713079448
-1.6021728253043148
-1.6022879398310732
-1.602334534460083
-1.6024217791363835
-1.6025321666191492
-1.6025546201718082
-1.6024408279705897
-1.6023761998357253
-1.60231191702069
-1.6022416879890393
-1.602126920136234
-1.6020425974967478
-1.6019966997907844
-1.6019574338409261
-1.6019202094581038
-1.602050587366168
-1.6020684373623502
-1.6020558573236587
-1.6021022684464479
-1.6020703073849687
-1.6020347777017192
-1.601950124807351
-1.601842706705045
-1.601820782944942
-1.6018433865211525
-1.601795970731103
-1.6017956308430996
-1.601815004689496
-1.6017755777062181
-1.6017228981285743
-1.6016992784108552
-1.601654419857706
-1.6015803407788154
-1.6016204377781067
-1.601504569728254
-1.6014559848900545
-1.6013912663105148
-1.6013007370220889
-1.6011828774527548
-1.6010524709461242
-1.6009621497250206
-1.600918181239794
-1.6007233229725815
-1.6006338873707562
-1.6006033423960147
-1.6005256276613598
-1.6004825314764384
-1.6003700511881176
-1.6002957516152816
-1.6002516501090462
-1.6002297698792864
-1.6000284659220734
-1.599969288461989
-1.600006422230498
-1.6000349095774118
-1.6000830690660253
-1.6001090153442858
-1.6001968658540553
-1.6002201020613873
-1.6002543639777023
-1.6001927953470503
-1.6002221373817636
-1.6001900816872183
-1.6001551441389528
-1.600131401044828
-1.6000467796046858
-1.6000260919568734
-1.5999874312294313
-1.5999346996528443
-1.5997917823431427
-1.5996646531729743
-1.5996855009717768
-1.5996407551452718
-1.5996568565748213
-1.5996695684586957
-1.5997338089353819
-1.5998043268498192
-1.599849251359106
-1.599983700907196
-1.6000220223186343
-1.600089513161169
-1.6001470035701624
-1.6001527697978328
-1.6001734607215758
-1.6001956786207063
-1.600179057538795
-1.600168711937668
-1.6002541943606416
-1.6003081343983243
-1.6003580067248957
-1.6004319727692846
-1.6004614932370897
-1.6004530102325358
-1.6004416431474182
-1.6004643774791234
-1.6004623415424912
-1.6006058877660498
-1.6006752946422673
-1.6007036360999267
-1.600743180050195
-1.6007044846620375
-1.6006831011711744
-1.6006640941033579
-1.60063948740925
-1.600615390552378
-1.6005877309702248
-1.600539032066079
-1.6005378443249494
-1.600588579409453
-1.600700241860481
-1.600746065307592
-1.6007963043977522
-1.6008363621480548
-1.6008446794746662
-1.6007511569636659
-1.60075081751892
-1.6007048240871335
-1.6006574756767713
-1.6005991001306126
-1.6004838888011959
-1.6004256955688354
-1.6003288293402012
-1.6002248511503192
-1.6001500562737523
-1.600124278253987
-1.6000947702245987
-1.6001308922719506
-1.6001152900608056
-1.6001353016476363
-1.6001493778941702
-1.6001369975678321
-1.6001715951245363
-1.6001534481802908
-1.6001963570395472
-1.600180583950286
-1.6001434420973621
-1.6001046061134696
-1.600094261475015
-1.600121904004465
-1.6000698418754504
-1.60006916356388
-1.5999850573859964
-1.5999681015663085
-1.5999463986415055
-1.5999024859305595
-1.5998334851118905
-1.599769067115492
-1.5997102478447922
-1.5996768566965722
-1.5996232981720946
-1.599700416803572
-1.5997422843175526
-1.5997397416934718
-1.5997521158733787
-1.59980856490329
-1.599857727964551
-1.5998807847858074
-1.5999033336434738
-1.5999029945582004
-1.5999635235566079
-1.5999952310503134
-1.5999396165982505
-1.5999352083009675
-1.5999424989596085
-1.5999636931120556
-1.5999947223640247
-1.599950128789804
-1.5999099458350372
-1.5999375819964858
-1.6000025222559948
-1.6000081178775163
-1.6000610238698927
-1.6000918873145693
-1.6001464947873631
-1.6001829583739493
-1.6002913413552726
-1.6003598727566253
-1.6004821921456087
-1.6006035120870985
-1.6006702034687859
-1.6006535725277744
-1.6006330388834937
-1.6006109785304075
-1.6005641447197543
-1.6004937294745387
-1.600432990698322
-1.6004355355265796
-1.6003912566695693
-1.6003291686060026
-1.6002580955621342
-1.6002282433739572
-1.6001517522252242
-1.6000527146843673
-1.5999423294086528
-1.5998539982470887
-1.5997975460109697
-1.5997314358444672
-1.5996853314752866
-1.5997017728020737
-1.5996785516451315
-1.5996977048134655
-1.5997185534737803
-1.5998000888188022
-1.599805174458717
-1.5998663741946422
-1.5998779026468062
-1.5999197794517768
-1.599958097801258
-1.6000299920462788
-1.6000484753372448
-1.6000623804798062
-1.600100705660311
-1.6000845952943947
-1.6002455439382255
-1.600238250517483
-1.6002372328361534
-1.6002051765368261
-1.600190251290688
-1.6001561617158753
-1.6001739695215234
-1.6001249566122875
-1.600031687743255
-1.6000508493688659
-1.5999864138670967
-1.5999796314845955
-1.5999714927014956
-1.5999335128084808
-1.5999297827376593
-1.5999145235381362
-1.599871629791934
-1.5998297555074612
-1.5997358430189128
-1.5997341479489446
-1.5997263506733579
-1.599667704036418
-1.599637365411933
-1.5995329686599955
-1.5994782336009086
-1.5994194357142275
-1.5994068972428763
-1.599384531809095
-1.5993597950123672
-1.5993243854500816
-1.5993006670029613
-1.599250691149442
-1.5991883527679485
-1.5992013959946292
-1.5992278218852933
-1.5992025817530597
-1.599070465202711
-1.5990360846034082
-1.5989527643581067
-1.5988570922665912
-1.5987556754187813
-1.598689482045633
-1.5986464846837691
-1.598516829478165
-1.598439655686266
-1.5984487942989691
-1.5984367787372264
-1.5984139327448619
-1.5983743345717571
-1.5983804264706862
-1.598350305867686
-1.598383641658287
-1.5983855030885996
-1.5983623201294137
-1.5985190297174494
-1.598570144673296
-1.5986153384331205
-1.5986772935821831
-1.5987101351440787
-1.5986552871050024
-1.5986402214815316
-1.5985968882374904
-1.5986045052391142
-1.5985762380649053
-1.5986183852953892
-1.5986541021580363
-1.598696592068473
-1.5987736213697614
-1.5988486262612378
-1.598864881070701
-1.5988718233296302
-1.598824244666736
-1.5987631246325442
-1.5987290958354163
-1.598693714194467
-1.5986871120520734
-1.5986629046631562
-1.5986527479350832
-1.598617031132947
-1.5985647283641966
-1.5985769151112847
-1.5986468232366395
-1.5987052257526588
-1.5986974385039763
-1.598749580659153
-1.5988115462141055
-1.5988564149828637
-1.5989073821864217
-1.5988960370460152
-1.5988750404944543
-1.5987404386068391
-1.5986566413322574
-1.5986041667041675
-1.5985654054008267
-1.5985256304716446
-1.5985129367619608
-1.5985569424841681
-1.5986246483265267
-1.5986356510676283
-1.5987370526880702
-1.5987709125211553
-1.598810191724397
-1.5987920756451692
-1.598797493494992
-1.5987890281207804
-1.598772097641291
-1.5988245832949008
-1.5988931584539081
-1.5987570298161202
-1.5987236784491416
-1.5986585033984793
-1.5986056901125574
-1.5985520340335637
-1.5984828111646328
-1.5984100405297903
-1.598372134730778
-1.5983386302089178
-1.5985797925647964
-1.5985765765880233
-1.598574037668132
-1.5986009506293233
-1.5986315884994307
-1.598642591336066
-1.5986466539601865
-1.5986488545568731
-1.5986351432454744
-1.5987836103283308
-1.5988357581048076
-1.5988787656488463
-1.5988601400504663
-1.5988874013007888
-1.598850319455136
-1.5988542138147117
-1.5988293241042681
-1.5987980014202954
-1.598961570152529
-1.5990299877056506
-1.5990782560858494
-1.599087740741702
-1.5991287292982117
-1.599183101658837
-1.5991587098622007
-1.599172430156251
-1.5992210459326348
-1.5993299763293614
-1.5993828374835388
-1.5994650164082258
-1.5995875379895734
-1.5996482126091867
-1.5997199095030297
-1.5997649987846225
-1.5998143286920452
-1.5999028250156173
-1.5998704430411403
-1.599877224497962
-1.59986976489862
-1.5998419615502646
-1.599787035824351
-1.5997668634337026
-1.59969194186502
-1.5996699074450313
-1.5996749922573057
-1.5998090734712156
-1.5997948336915249
-1.5998236525559042
-1.5998890921857358
-1.5999250353999501
-1.5999423294086528
-1.5999942136780596
-1.6000669590552479
-1.600058480232505
-1.599992687622105
-1.599991161569061
-1.599996417986245
-1.6000076091830333
-1.600005404844012
-1.5999809879564957
-1.6000291441991386
-1.600003709202744
-1.5999577586927705
-1.600128518002801
-1.600181771161237
-1.6001900816872183
-1.6001512434394052
-1.6000623804798062
-1.5999796314845955
-1.5998836669351928
-1.5998050049368655
-1.599725503147983
-1.599656178613356
-1.5996038078269832
-1.5995612696798254
-1.5995917748945268
-1.599598045555049
-1.5995822842586027
-1.5996122818317156
-1.5997041458049832
-1.5998109382230419
-1.599928426352582
-1.6000308398943177
-1.6000990098170427
-1.60014395087822
-1.600181771161237
-1.6002221373817636
-1.6002808246795013
-1.6003037240700637
-1.6003201781108665
-1.5999982831748378
-1.5998353499206261
-1.5997214350386828
-1.5996122818317156
-1.5995970286878407
-1.599532629731695
-1.5995336465170278
-1.599496873602868
-1.5995343243746345
-1.5995846569070258
-1.599638382330426
-1.5996539752425634
-1.5996544837122075
-1.599676348212705
-1.5997214350386828
-1.599748725668064
-1.5997619475500497
-1.5997336394286545
-1.599726859189014
-1.59970821382635
-1.5997180449634048
-1.5997253336430155
-1.5997656768383306
-1.5997088918319227
-1.5997305883137038
-1.5997217740470009
-1.5997238080999268
-1.5997221130554626
-1.599661432829742
-1.5996056721003211
-1.5995390693939684
-1.5994770474336688
-1.5994394298995511
-1.5993511542568517
-1.5992672929509386
-1.5991983469095967
-1.599110605999623
-1.5990409960270804
-1.5989922218471824
-1.5989111074915185
-1.5988322024665294
-1.5988306786263942
-1.5988371126378353
-1.5988288161590627
-1.5988254298659401
-1.5988840147594974
-1.5989041648914444
-1.59893904783308
-1.5989326130012027
-1.598968513251132
-1.5989878187690407
-1.5990157617916885
-1.5990157617916885
-1.5990093263423364
-1.5989502242431246
-1.5989463294158266
-1.598963094242179
-1.5989378624654216
-1.5989485308376201
-1.598936169086101
-1.5989271942355832
-1.5988474410276428
-1.5987668492654572
-1.5987739599764828
-1.5987434859459932
-1.598747887678614
-1.5987712511267291
-1.5988037579296228
-1.5988005410516535
-1.5988103610354851
-1.5988460864771146
-1.5988745325202003
-1.598796816261756
-1.5987980014202954
-1.5988000331247365
-1.5987717590353587
-1.5987673571712901
-1.598755336819805
-1.5987622781274842
-1.5987619395257113
-1.598703194289167
-1.5986657824262405
-1.5986326041395442
-1.5985863938208174
-1.5985648976233002
-1.5985855475028963
-1.5985885942516065
-1.598603828169364
-1.5985919795415722
-1.5985982423658072
-1.598754490322992
-1.5988438853374014
-1.5989068741916173
-1.5989480228166681
-1.5990032296486276
-1.5990338829405215
-1.599076901144198
-1.5990498027933557
-1.5990833371374924
-1.5991095897520524
-1.5991400777410565
-1.59913956959838
-1.5991488855987597
-1.5991815771497475
-1.5992027511472646
-1.5991991938764951
-1.5991952978361912
-1.5992405269512937
-1.5992351060984427
-1.599225619694381
-1.59921274546888
-1.5992156252118501
-1.5991534589477585
-1.5991136547500848
-1.5990686021766862
-1.598975625756125
-1.5989112768239808
-1.5988450705657247
-1.5987849647730008
-1.5987015014068675
-1.5986676445137569
-1.5986341276021345
-1.5985437405131055
-1.598516490980351
-1.598516829478165
-1.5984758722834462
-1.5985073515935662
-1.5984372864333631
-1.5983944718590566
-1.5983673966323122
-1.598390748960988
-1.5983091880007545
-1.5983399838997432
-1.5983499674403936
-1.598433394104556
-1.5984922887582225
-1.5985252919701034
-1.5985498337034225
-1.5985601583819427
-1.5985872401396348
-1.598592656601286
-1.5985907946884532
-1.598597903833513
-1.5986212628981962
-1.598709119405449
-1.5987307887761564
-1.5987692194954377
-1.5987863192199658
-1.5988406682979532
-1.598855229737721
-1.5988787656488463
-1.5989068741916173
-1.5988965450339336
-1.5989163568145284
-1.5989175421503008
-1.5989315969798514
-1.5989370157753129
-1.5989605540943763
-1.5989981491060508
-1.5990191488911012
-1.5990547143012988
-1.5990674166169307
-1.5988520126526204
-1.5987116587544432
-1.5986309114067385
-1.5985723450593519
-1.5985344315620367
-1.5984973660867334
-1.5984296710251742
-1.5983926104078545
-1.598363673860367
-1.5983376149423036
-1.5983481060928475
-1.5982983589556616
-1.5982946365053017
-1.5982785624869325
-1.5982357564150174
-1.598268749034668
-1.5982286504906065
-1.5981802642092164
-1.5983305081121184
-1.5984042868552757
-1.5984655486936572
-1.5985176757233268
-1.5985383243829305
-1.5985588043181447
-1.5985816544520002
-1.5986023047645226
-1.5986209243561518
-1.5986808485314912
-1.5987204618934123
-1.5987296037172618
-1.5987289265415394
-1.5987272336047433
-1.5987622781274842
-1.5987781925725995
-1.5987639711385004
-1.5987536438270753
-1.5986432684386522
-1.5986039974367479
-1.598540355427445
-1.5984577637797144
-1.598369934895854
-1.5982922676822822
-1.5982489532994226
-1.5982401553522707
-1.5982237440558666
-1.5983024198303755
-1.5982435391666354
-1.5982156231266302
-1.598171128666714
-1.5981175017547662
-1.5980261582039248
-1.5979886088839528
-1.5978969418308713
-1.5978528033298154
-1.5979168979689813
-1.5979141920227375
-1.597886287486662
-1.5978710672413983
-1.5978932212500818
-1.597887133064345
-1.5978443479565851
-1.5978264228612842
-1.59782219530308
-1.5979010006660381
-1.5978955888903976
-1.597887133064345
-1.597894574186546
-1.5978714054659207
-1.5978259155531185
-1.5977547265016818
-1.5976654532371055
-1.5976297805367634
-1.5976255540190534
-1.5976302877203914
-1.597690306723432
-1.5977388324253712
-1.5978020724326998
-1.5978071453774498
-1.597835892672841
-1.5978455317034503
-1.5978714054659207
-1.5978281138908297
-1.5978600750223657
-1.5978974491841393
-1.5979280600941106
-1.5979223098889628
-1.5978857801404815
-1.5978823978408463
-1.5978604132422345
-1.5978409658323494
-1.5979370237317312
-1.597915883238066
-1.5978940668351036
-1.5978593985830574
-1.5978064689829554
-1.5977361270821733
-1.5976434746077484
-1.5976194678728373
-1.5975893759424353
-1.5975750066002952
-1.5975415354879985
-1.597527843164476
-1.5975161795184538
-1.5975450853879662
-1.5975420426155993
-1.5975357880643564
-1.5975498186124648
-1.5975641875015012
-1.5977121175627471
-1.59779158844896
-1.5978950815383108
-1.5979360089752546
-1.597934148591728
-1.5979160523597957
-1.597928398342761
-1.5978874712956688
-1.5978793537834173
-1.59787884644164
-1.5978582148156457
-1.597841642256051
-1.5978612587925334
-1.5978627807853263
-1.5978184750703655
-1.59779598494152
-1.5977543883265528
-1.5976857417394028
-1.5977038327551942
-1.597638909891336
-1.5975969833458639
-1.5975623279836537
-1.5974972475860496
-1.597477132899527
-1.597459892142813
-1.597416115815062
-1.5973346542870284
-1.597149622145782
-1.5970686946220332
-1.5969730789324232
-1.5969330453746478
-1.5968891290123937
-1.5969077087170218
-1.5968849064125463
-1.5969072019920698
-1.5969029792966427
-1.5967969125134587
-1.596755030148528
-1.596734765276816
-1.5966743114657391
-1.5966587765888256
-1.5966307470322307
-1.5966055888104924
-1.596619940719045
-1.596631084731875
-1.5964928086747856
-1.596453305628914
-1.5964183622563255
-1.5964102596637704
-1.596438112670263
-1.5964522927560074
-1.596489769909543
-1.5965066520850546
-1.596513236230281
-1.5965284306188423
-1.596528937103442
-1.5965515604099787
-1.5965635476456914
-1.59651374270524
-1.5965014185724604
-1.596479471957804
-1.5964349053048488
-1.5964708622968422
-1.5966493207247943
-1.59675114600827
-1.5968364325659623
-1.596885413123349
-1.596936085827591
-1.5969580449981626
-1.5970026408646245
-1.5970088912418807
-1.5969948701935568
-1.5968065390126984
-1.5967378049747813
-1.596640540379908
-1.5965090156181183
-1.5963952363243747
-1.5963201238686016
-1.596251431698581
-1.5962404617520645
-1.5962116030743867
-1.596181226646221
-1.5962006336752914
-1.596208734140064
-1.596249406466337
-1.5962900808653722
-1.596311178361772
-1.5963147227958818
-1.5963697479347014
-1.5963916915327143
-1.5965027691530709
-1.5965598332717168
-1.5965910683185425
-1.5966001858058894
-1.5966039003676258
-1.5966155506960966
-1.5966824167389164
-1.596715851860626
-1.596725308512713
-1.5967631362412402
-1.596800121333642
-1.5968131256316869
-1.5968134634084843
-1.5968016413055985
-1.5967747888937058
-1.596781713014131
-1.5967781665059237
-1.5967722556939197
-1.5966624914231955
-1.5965973154745676
-1.5965392356933341
-1.5965454824437428
-1.5965488590859385
-1.596511547982738
-1.5965039509129795
-1.5965073273795016
-1.5965086779701092
-1.5966113295429514
-1.5967102792430992
-1.596785428420579
-1.5968181922986533
-1.5968614291646421
-1.5968830484756882
-1.596886764353728
-1.5968840618952567
-1.5968958852185988
-1.5970703840481033
-1.5971225890753127
-1.597136950280056
-1.597169052730442
-1.597173276833146
-1.5971582391293333
-1.5971371192369432
-1.5970886300774139
-1.5970379476920378
-1.5970028097930964
-1.5969257821172589
-1.5968621047592515
-1.5968112678618551
-1.596769722502171
-1.5967275038229676
-1.5966611405723337
-1.5966170703166929
-1.5965925878925356
-1.596474069806739
-1.596419375086178
-1.5964227511949682
-1.5964311915294171
-1.5964681612458729
-1.596518469820355
-1.5965515604099787
-1.5965687815656264
-1.596545313612008
-1.5966650242747222
-1.5967227754699203
-1.596734427533312
-1.5967842462439246
-1.5968078901095994
-1.5968208945341826
-1.596803161280449
-1.5967665138041611
-1.5967379738472298
-1.5967997835624892
-1.5968166722951873
-1.5968306902146436
-1.596817347851926
-1.5967714112957772
-1.5967428711637754
-1.5966927173089855
-1.5966170703166929
-1.5965765480907061
-1.5965231969634628
-1.596508340322243
-1.5965314695312607
-1.5965350149437036
-1.5965470019309633
-1.5965370409007411
-1.596594276311476
-1.5966376699034877
-1.5966640111331472
-1.596681403575269
-1.596706395320553
-1.5967033557421748
-1.5966944059397092
-1.5967411824305386
-1.5967795175548118
-1.5968078901095994
-1.5968350814207601
-1.596855348838882
-1.5967984324793063
-1.596808227884182
-1.5968224145456869
-1.5968180234092364
-1.5968359258862435
-1.5968749411654457
-1.596902472574692
-1.5969097356200457
-1.5968960541244863
-1.5969664909938042
-1.5969947012667647
-1.5969779776912476
-1.596956862565902
-1.596906019635099
-1.5968710564417943
-1.59681599673902
-1.5967996146769663
-1.596814307851103
-1.5968985877170883
-1.5969208836786506
-1.596960916626657
-1.596952301772156
-1.5969398019524663
-1.5969416600213897
-1.5969146339902625
-1.5968938583507344
-1.5969029792966427
-1.5969441937587079
-1.5969332142883965
-1.5969506125958983
-1.5969637882654788
-1.5969855792730623
-1.5970289941382967
-1.5970626127177756
-1.597101470125737
-1.5971361054961573
-1.597285984144172
-1.5973532443604803
-1.5974184820417086
-1.5974619204478169
-1.5974835560216851
-1.597497416619175
-1.5975268289276259
-1.597545592517821
-1.5975645255961204
-1.5976586905175114
-1.597715837300209
-1.5977873610750846
-1.5978690378972706
-1.5979309352122038
-1.598007214182296
-1.5980670923558535
-1.5981278208493515
-1.5981616548811002
-1.5981822943439559
-1.5982141004615862
-1.598203949435438
-1.59821240861494
-1.5982025959750277
-1.598221883002294
-1.5982731481535393
-1.5983269547207255
-1.5983528440769466
-1.5983980255506636
-1.598453532880028
-1.598508197828693
-1.5985797925647964
-1.5986346354236431
-1.5986842342121976
-1.5987250327922684
-1.5987299423053383
-1.5987621088265798
-1.5987746371903553
-1.5987439938369818
-1.5987587228160212
-1.5987377298706766
-1.598702517135817
-1.598709288695131
-1.5987131823677119
-1.5987119973349186
-1.5987053950415162
-1.5985642205871002
-1.5984631793639952
-1.5983782266129385
-1.598310541641709
-1.5982689182311
-1.5982717945759228
-1.5982672262683932
-1.59826502672223
-1.5982772089001451
-1.5983398146882646
-1.598369934895854
-1.598407840590526
-1.5984207018597012
-1.598416809611663
-1.5984484558299685
-1.5984570868342594
-1.5984410095482209
-1.5984430403454537
-1.5983963333145943
-1.5983961640911843
-1.5983743345717571
-1.5983780573933626
-1.598376703638045
-1.5983484445193517
-1.5983222168901123
-1.5983096956158438
-1.5982711177879743
-1.5984689334625015
-1.598479426337016
-1.59850295118535
-1.5985117520260097
-1.5984934734653233
-1.5984809495076697
-1.5984797648191327
-1.5984565791255445
-1.5984577637797144
-1.5985349393202084
-1.5985288462434366
-1.5984846728259323
-1.5984499789416
-1.5984083482682803
-1.5983834724375645
-1.5983797495907344
-1.5983562283685007
-1.5983217092670698
-1.5984071636873551
-1.5984471019553996
-1.5984523482321293
-1.598438132594308
-1.5984269633419719
-1.5984229018343683
-1.5984203634025975
-1.5983890567403263
-1.5983707809854928
-1.5982873608569357
-1.5982404937330623
-1.5982135929072163
-1.5982005657887104
-1.5981934601772179
-1.5981900765749049
-1.5981606398393033
-1.598160470665796
-1.5981777265480448
-1.598209870851687
-1.5982848228556474
-1.5983511519365436
-1.5983946410821082
-1.5984388095237088
-1.5984755338029781
-1.5985278307351571
-1.5985797925647964
-1.5985977345674196
-1.5985604968982505
-1.5985620202234105
-1.598554572883561
-1.5985513570082597
-1.59858283929157
-1.5985650668824398
-1.598568282812903
-1.5985985808982448
-1.5986033203674275
-1.5986652745849432
-1.5986815256664852
-1.5986798328300758
-1.5986676445137569
-1.5986622275439362
-1.5986512244370035
-1.5986539328800418
-1.5986334505072914
-1.5985985808982448
-1.5986408985821101
-1.5986471617896532
-1.5986666288291191
-1.5986471617896532
-1.5986182160249585
-1.5986050130418035
-1.5985896098370906
-1.5985799618270902
-1.598574714712648
-1.5985400169196675
-1.5984887346474559
-1.5984501481764049
-1.5984296710251742
-1.5984161327008959
-1.5984267941120762
-1.598414609653766
-1.5984010715846177
-1.5984119020215901
-1.5983936257443363
-1.5983899028502093
-1.5984176557509284
-1.5984443942131423
-1.59848298040639
-1.5984838266157133
-1.598485688279378
-1.5984767184852435
-1.5984785801323516
-1.5985349393202084
-1.5985691291125441
-1.5985726835808212
-1.5985586350603314
-1.59854526380633
-1.5985593120918002
-1.598557111741623
-1.598572175798671
-1.598574037668132
-1.5985374781159059
-1.5985388321435752
-1.598528676991967
-1.5985269844792434
-1.59850295118535
-1.5984772262067521
-1.5984643640279481
-1.598438132594308
-1.59841511733582
-1.5983239089692498
-1.5982702718038446
-1.5982068255464215
-1.5981181784126237
-1.598072674448144
-1.5980566048939786
-1.5980368144134747
-1.5980149947082543
-1.597996727506316
-1.5980270039296496
-1.5980136415678625
-1.5980188849996455
-1.5980171935662784
-1.598005353632966
-1.5980094130189084
-1.598032585741883
-1.5980403665149066
-1.5980075524644581
-1.5981471060718844
-1.5982127469839829
-1.5982487841072177
-1.5983063115213396
-1.5983235705531358
-1.5983459063240641
-1.5983716270760273
-1.5983807649108772
-1.5983800880306387
-1.5983506442951216
-1.598318494328621
-1.5982844844560846
-1.5982868532560333
-1.598282623261051
-1.5982976821452157
-1.5983102032312555
-1.5983369380986108
-1.5983782266129385
-1.5983694272425006
-1.598392779630512
-1.5984166403839177
-1.5984293325642722
-1.5984391479886242
-1.5984462557849588
-1.5984493020027388
-1.5984303479474082
-1.5984344094928522
-1.5983768728573344
-1.5983457371113317
-1.5983428605003602
-1.5983278007648622
-1.5983272931382728
-1.598324755010162
-1.5983469216012118
-1.5983623201294137
-1.5983751806660538
-1.5983364304662173
-1.5983113876684698
-1.5982922676822822
-1.5982981897529964
-1.5982997125782734
-1.5983102032312555
-1.5983328770484913
-1.5983587665965713
-1.5983789034916007
-1.5983682427192638
-1.5983794111509735
-1.5983843185415354
-1.5984000562386764
-1.5983868568588226
-1.598376365199574
-1.5983900720722934
-1.5984081790423263
-1.598416809611663
-1.5984320402555015
-1.5984354248824382
-1.5984460865509782
-1.598439824918885
-1.5984372864333631
-1.598429840255679
-1.5984613177527596
-1.5984704566131582
-1.598490088592551
-1.5985354470787028
-1.5985511877520233
-1.5985640513281398
-1.5985659131786758
-1.5985513570082597
-1.5985405246813875
-1.598529523249673
-1.5984983815563063
-1.598466733361122
-1.5984408403153512
-1.598406148333674
-1.5984044560804054
-1.5983799188106687
-1.5983746730093682
-1.5983553822942684
-1.5983453986859741
-1.5983083419763224
-1.5982954825152247
-1.5983012354064523
-1.5982929444881426
-1.5983024198303755
-1.5983315233697042
-1.5983591050275898
-1.5983860107521646
-1.598397179432181
-1.5983968409850389
-1.598398533222183
-1.5984450711478466
-1.598472149006181
-1.5984999047630846
-1.5985283384891356
-1.598573868407093
-1.5985950263148003
-1.5986327734130221
-1.5986563027752285
-1.5986610425866814
-1.5985687905925803
-1.5985300310047266
-1.5984895808628716
-1.5984614869899654
-1.5984530251735707
-1.5984438865124904
-1.5984508251159828
-1.5984509943509668
-1.5984557329450697
-1.598483149648183
-1.5985124290177668
-1.598518183470854
-1.598550849239658
-1.5985670979949114
-1.598573191363294
-1.5986009506293233
-1.5986033203674275
-1.5986014584297543
-1.5985762380649053
-1.5985412016975162
-1.5985142907480554
-1.59848298040639
-1.5984454096154137
-1.598415286563243
-1.5983772112960204
-1.5983653660272832
-1.5983303389026462
-1.598291590876995
-1.5982745017334485
-1.5982511528013452
-1.5982284813027003
-1.5982108859560211
-1.598208686564927
-1.5981981972445258
-1.5981866929869188
-1.5981904149344914
-1.5982322034449135
-1.598274840128784
-1.5983074959527859
-1.5983212016443495
-1.5983183251216926
-1.5983091880007545
-1.598317986707943
-1.5983205248145576
-1.598307157543622
-1.5984503174112457
-1.5985044744008368
-1.598572006538026
-1.598606367183885
-1.598657487725457
-1.598702517135817
-1.5987480569765067
-1.5987880122818992
-1.5988173028209702
-1.5988445626105137
-1.5988594627641566
-1.5988616639467612
-1.598867251591362
-1.598867251591362
-1.5988774110452408
-1.5988828294734345
-1.598887739955707
-1.5988963757045918
-1.598850488774723
-1.5988210277063255
-1.5987969855700113
-1.5987548289216096
-1.5987428087585107
-1.598741115792314
-1.5987458561067005
-1.598752120136684
-1.598755844718323
-1.598824921923209
-1.598850319455136
-1.598867251591362
-1.5988990849783675
-1.5989371851132628
-1.5989725775319514
-1.5989837544107404
-1.598979859420091
-1.5989820609342134
-1.5989292262683865
-1.5988892639046142
-1.5988406682979532
-1.5987897053474183
-1.5987607544206353
-1.5987258792578878
-1.59871216662521
-1.5987179225164527
-1.5987378991664178
-1.5987367140969821
-1.5987179225164527
-1.5987147059838844
-1.5986972692168038
-1.5986767857335726
-1.5986527479350832
-1.5986466539601865
-1.5986368359872418
-1.5986309114067385
-1.5986640896231714
-1.5986942220538327
-1.598700147103609
-1.5987206311854965
-1.5987434859459932
-1.5987583842157542
-1.5987605851200535
-1.5987622781274842
-1.5987854726903437
-1.598702347847569
-1.5986610425866814
-1.5986209243561518
-1.5985863938208174
-1.5985349393202084
-1.5984982123112879
-1.5984745183624338
-1.5984604715672677
-1.5984376248976335
-1.598422055689549
-1.5984049637560098
-1.5983780573933626
-1.598369934895854
-1.5983619816970336
-1.5983386302089178
-1.5983303389026462
-1.5983242473855073
-1.5983135873422396
-1.5982743325358346
-1.598274840128784
-1.5982645191355138
-1.5982795776785277
-1.5982986973610998
-1.598303265848538
-1.5983289852281584
-1.5983558899387003
-1.598382457113982
-1.5983415068046622
-1.5983355844129445
-1.5983063115213396
-1.5982904064691215
-1.598280254473641
-1.5982799160760126
-1.5982783932884588
-1.598268579838272
-1.5982577513434364
-1.5982816080655868
-1.5983058039084
-1.5983174790875874
-1.5983513211504228
-1.598378565052198
-1.5983980255506636
-1.5984120712483323
-1.5984047945307724
-1.5984081790423263
-1.5983640122934635
-1.5983459063240641
-1.5983372765203856
-1.598325939468944
-1.5983217092670698
-1.5983139257541261
-1.5983049578875503
-1.5982949749091633
-1.5982773780983681
-1.5983858415309404
-1.5984254402742017
-1.5984608100413569
-1.598486703734114
-1.5984887346474559
-1.598490257835849
-1.5984861960065846
-1.5984865344915682
-1.5984768877257107
-1.5985076900875093
-1.598521229962791
-1.59853138501978
-1.5985413709516378
-1.5985555884258182
-1.5985791155159794
-1.598592656601286
-1.5986117837751528
-1.5986326041395442
-1.5985826700286667
-1.5985696368927587
-1.5985530495725948
-1.5985395091582701
-1.5985420479684833
-1.5985393399045427
-1.5985361240905305
-1.5985491566799823
-1.5985645591051285
-1.5986056901125574
-1.5986285415868329
-1.5986669673905216
-1.5986713687018033
-1.5986816949503235
-1.5986722151105974
-1.5986530864906063
-1.598642083509503
-1.5986136457368785
-1.5986129686593855
-1.5986045052391142
-1.5985904561593134
-1.5985955341114675
-1.5985995964964184
-1.5986019662305078
-1.5986222785251898
-1.59863598961591
-1.5986601961897178
-1.5986866041972247
-1.5987062414863409
-1.5987114894642593
-1.5987060721973043
-1.598696761355502
-1.5986945606269227
-1.5986940527673417
-1.598703194289167
-1.5987179225164527
-1.5987165681853728
-1.5987145366930553
-1.5987057336193384
-1.5986994699528405
-1.5987070879320617
-1.5986994699528405
-1.5986842342121976
-1.5986632432229813
-1.5986356510676283
-1.5985955341114675
-1.5985694676326514
-1.5985547421405144
-1.5985342623093843
-1.5985127675138602
-1.5984944889299504
-1.5984750260825447
-1.5984740106426456
-1.598461994701798
-1.5984509943509668
-1.5984347479559042
-1.5984254402742017
-1.5984017484826287
-1.5984022561565132
-1.5983910874055505
-1.598400563911486
-1.598398533222183
-1.5984064867847578
-1.5984166403839177
-1.5984295017947054
-1.598431701793596
-1.5984200249456373
-1.5984066560103534
-1.5984181634349177
-1.5984281479522442
-1.5984281479522442
-1.598431194101007
-1.5985112442825682
-1.5985383243829305
-1.598557111741623
-1.598577422896446
-1.5985907946884532
-1.5986083984013089
-1.5986097525491259
-1.598615169163335
-1.5986097525491259
-1.598559481349757
-1.5985180142216424
-1.5984860267641465
-1.5984579330161677
-1.598425947963136
-1.5984039484051236
-1.598386518416052
-1.5983602895372833
-1.5983315233697042
-1.5982995433753215
-1.5982809312693274
-1.5982724713644445
-1.598277039701958
-1.5982898988662844
-1.5983156178157087
-1.5983118952849562
-1.5983198479853389
-1.5983196787781238
-1.5983343999398678
-1.5983481060928475
-1.5983680735018018
-1.5983741653530052
-1.5983739961342893
-1.5983811033512116
-1.5983827955550327
-1.598382457113982
-1.5983723039490998
-1.5983482753060816
-1.598329154437344
-1.5983135873422396
-1.5982861764553316
-1.5982765321076113
-1.5982734865483017
-1.5982709485910767
-1.5982558902106632
-1.598245231079191
-1.598247768954741
-1.5982547058557008
-1.5982616428168777
-1.5982638423537268
-1.5982717945759228
-1.5982851612553535
-1.5982887144609186
-1.5982846536558482
-1.5982789008839877
-1.5983196787781238
-1.5983428605003602
-1.5983589358120627
-1.5983768728573344
-1.598388887518457
-1.5984097020772017
-1.5984215480030872
-1.5984335633358493
-1.5984565791255445
-1.5984853497947529
-1.5985010894814746
-1.5985173372251547
-1.598534093056768
-1.598550510727436
-1.598554572883561
-1.598570144673296
-1.5985762380649053
-1.5985816544520002
-1.5986061979159993
-1.5986102603551486
-1.5986080598647132
-1.598595872642758
-1.5985777614200658
-1.5985670979949114
-1.5985606661564584
-1.5985454330613118
-1.5985241072158383
-1.5984885654044803
-1.5984650409795669
-1.598438132594308
-1.598412578928774
-1.5983946410821082
-1.5983746730093682
-1.5983743345717571
-1.5983707809854928
-1.5983782266129385
-1.5983635046438724
-1.5983619816970336
-1.598355720723854
-1.598348782945999
-1.5983450602607598
-1.5983415068046622
-1.598329154437344
-1.5983201863998766
-1.5983049578875503
-1.5982821156631577
-1.5982653651135534
-1.598250645223441
-1.5982237440558666
-1.5982003966067502
-1.598178064902402
-1.5981694369110453
-1.59815048949225
-1.598135433381592
-1.598114795129067
-1.5981000780122852
-1.5980958490058752
-1.5980899284345034
-1.5980807939247264
-1.5980824854927327
-1.5980670923558535
-1.5980528835696266
-1.5980371527081687
-1.5979875940619577
-1.5979607017487412
-1.5979439579354822
-1.597937700236765
-1.597931442587059
-1.5979233246280407
-1.5979069198376186
-1.597887133064345
-1.597870729017019
-1.5978544944152
-1.5978384292485683
-1.5978242245282261
-1.5978035943127424
-1.5977878683587685
-1.5977679154433702
-1.5977504993228597
-1.5977381560887127
-1.5977222623420757
-1.5976994367697508
-1.5976783025620642
-1.597653449449204
-1.5976370501995352
-1.597619805990855
-1.5976118602552751
-1.5976039145987309
-1.5975932641618027
-1.5975888687847828
-1.5975535375942467
-1.597535957105638
-1.5975183770039585
-1.5975063754260115
-1.597496740486888
-1.5974899791954957
-1.5974930217695396
-1.5974925146730607
-1.5974786541606334
-1.5974845702035898
-1.5974930217695396
-1.597493697898679
-1.597494035963463
-1.597480175424637
-1.5974742594142313
-1.5974698646920096
-1.5974619204478169
-1.5974448490414612
-1.5974673292863422
-1.597472400105725
-1.5974845702035898
-1.5974989379189135
-1.5975075586721623
-1.5975117845655813
-1.5975133058926851
-1.5975171937417816
-1.5975155033702841
-1.5974977546855333
-1.5974930217695396
-1.597485584386782
-1.597477132899527
-1.5974625965506295
-1.5974470463307309
-1.5974342007252438
-1.5974225384465546
-1.5974144256574636
-1.5973863695637844
-1.5973725108932064
-1.5973552723946702
-1.5973393862646719
-1.5973290773493698
-1.597324007439837
-1.5973180925860586
-1.5973185995718089
-1.597319106557881
-1.5972967994751577
-1.597288180996425
-1.5972800695719884
-1.597274999973551
-1.5972799005848553
-1.59728091450819
-1.5972912228018283
-1.5972978134199467
-1.5973160646462756
-1.597310149851321
-1.5973050800619386
-1.597304742077124
-1.597308797904339
-1.5973106568320292
-1.5973126847580805
-1.597316233641061
-1.5973133607345753
-1.597308459917951
-1.5973111638130593
-1.5973123467700479
-1.5973160646462756
-1.597317754595737
-1.5973206275180283
-1.5973256974061052
-1.5973311053221944
-1.5973243454328045
-1.5973196135442749
-1.5973253594125656
-1.5973273873759495
-1.5973387102661492
-1.597342935266303
-1.597350540322904
-1.5973593284784995
-1.5973603425026754
-1.5973544273797986
-1.597357131430535
-1.5973799472231307
-1.5973905948160627
-1.5974031016938106
-1.5974095242206534
-1.5974152707358156
-1.5974281160368562
-1.5974458631742192
-1.597452455068532
-1.597456511645919
-1.5974548214028372
-1.5974551594511675
-1.5974668222061745
-1.597471723994614
-1.5974783161023594
-1.5974810205725576
-1.5974823728110907
-1.5974739213578173
-1.5974729071894338
-1.5974516099508362
-1.5974436658882045
-1.5974355528845137
-1.5974245666567033
-1.5974159467991411
-1.5974069890065197
-1.5974005665000628
-1.5973905948160627
-1.5973897497638188
-1.5973760600420335
-1.5973638915974295
-1.5973540893741003
-1.5973466532849272
-1.5973387102661492
-1.597335837278811
-1.5973344852883453
-1.5973346542870284
-1.5973326263051921
-1.5973243454328045
-1.597318430576523
-1.5973123467700479
-1.597308797904339
-1.5973093048841889
-1.597309811864361
-1.5973128537521506
-1.597308121931706
-1.5973072769667196
-1.5973185995718089
-1.5973231624580437
-1.597329415344483
-1.5973331333001684
-1.5973398932639393
-1.597341921264228
-1.5973468222861849
-1.5973508783271004
-1.5973569624270958
-1.5973569624270958
-1.5973628775687476
-1.5973701448027502
-1.5973738629480427
-1.5973730179135017
-1.5973742009621095
-1.5973745389763192
-1.5973713278471022
-1.5973618635413531
-1.597339048265339
-1.5973321193105376
-1.5973256974061052
-1.5973143747003902
-1.597300179296127
-1.5972890259412083
-1.5972829423587211
-1.597274999973551
-1.5972724651863999
-1.5972695924373543
-1.597274999973551
-1.5972795626106966
-1.5972839562859174
-1.597288180996425
-1.597288180996425
-1.59728834998531
-1.5972853081908485
-1.597282266407972
-1.5972989963571607
-1.5973057560319968
-1.5973123467700479
-1.5973133607345753
-1.5973118397882666
-1.5973158956515263
-1.5973174166055588
-1.5973185995718089
-1.597324852422524
-1.597324007439837
-1.5973238384434068
-1.5973192755533099
-1.597315219672886
-1.5973116707944113
-1.597308121931706
-1.5973054180468962
-1.5972978134199467
-1.5972917297705218
-1.597290884822878
-1.597289194930272
-1.5972839562859174
-1.5972831113464978
-1.5972802385591571
-1.597278717675925
-1.5972778727420478
-1.5972795626106966
-1.5972814214703401
-1.597269930407294
-1.597266550714334
-1.597264015954
-1.5972616501849466
-1.5972658747774584
-1.5972645229054232
-1.5972668886829864
-1.5972689164979044
-1.597271958229935
-1.5972564117212675
-1.597251849216382
-1.5972469487772045
-1.5972466108169903
-1.597245596937206
-1.5972461038769372
-1.5972477936783658
-1.5972481316390805
-1.5972477936783658
-1.5972449210180646
-1.5972410344941042
-1.5972384998147546
-1.5972405275575907
-1.597243062243376
-1.5972494834833697
-1.5972520181975798
-1.597259791371321
-1.5972648608732174
-1.597284801226231
-1.5973006862705061
-1.597312008782158
-1.597319782539811
-1.5973290773493698
-1.597335161283292
-1.597341921264228
-1.5973481742975346
-1.5973544273797986
-1.59736051150683
-1.5973652436376748
-1.5973718348666466
-1.597378257142068
-1.597380454248147
-1.597386707583144
-1.5973912708585014
-1.597395665148302
-1.597399214400021
-1.597396172183296
-1.597396848230456
-1.5973985383508587
-1.5973980313143623
-1.5973971862542502
-1.5973946510792791
-1.5973953271251513
-1.597391777890706
-1.5973911018478382
-1.5973841724414335
-1.597378933174064
-1.5973758910345888
-1.5973726798999357
-1.5973689617601508
-1.5973652436376748
-1.5973600044944738
-1.5973562864136965
-1.5973525683502279
-1.5973613565281388
-1.5973638915974295
-1.5973649056273989
-1.5973655816480938
-1.5973655816480938
-1.5973654126428665
-1.5973652436376748
-1.597367102696749
-1.5973694687781932
-1.597385862535013
-1.5973938060227435
-1.597400904525431
-1.5974081721054472
-1.5974137495954255
-1.5974198341743682
-1.5974245666567033
-1.5974294681858254
-1.5974331866072935
-1.5974348768045925
-1.5974394403551657
-1.5974421446937352
-1.5974460321964707
-1.5974460321964707
-1.5974482294889951
-1.5974490746031142
-1.5974509338573235
-1.5974534692109472
-1.5974590470172483
-1.59746344167995
-1.5974671602595838
-1.5974702027467065
-1.597472400105725
-1.5974752735843316
-1.5974779780442283
-1.5974810205725576
-1.597482879901131
-1.5974857534174391
-1.5974876127570297
-1.597488626944085
-1.5974904862903647
-1.5974923456409726
-1.5974947120934608
-1.5974930217695396
-1.597493697898679
-1.5974935288663403
-1.597493866931053
-1.597493866931053
-1.5974947120934608
-1.5974953882240308
-1.5974960643551732
-1.5974965714539056
-1.59749707855296
-1.597497416619175
-1.5974984308186788
-1.5975007972891955
-1.59750214956121
-1.597503670869963
-1.5975051921816135
-1.5975075586721623
-1.5975080657781922
-1.597508741920066
-1.5975084038490577
-1.597508741920066
-1.5975007972891955
-1.5974972475860496
-1.597493866931053
-1.5974911624173578
-1.5974887959753863
-1.5974869366330415
-1.5974854153561606
-1.5974835560216851
-1.597482203781149
