0.11364633133580897
0.04076897751665359
0.03301877488092857
0.021924681375644964
0.024874865418794287
0.034940083169655044
0.04470692091447735
0.022206658174997413
0.04629143131573613
0.01513663324238146
0.014548786110625309
0.019224431821258988
0.006181740414277424
0.005242438729530032
0.00683783709695694
0.004970383442151056
0.004556534112937652
0.011339738333301813
0.00399005732108752
0.00435688193559125
0.004351478002830594
0.00445196615303966
0.0037324857736036354
0.004067158752067677
0.003671026755575646
0.006386191328193844
0.008766188094785578
0.004171821850176484
0.003517921909000379
0.004456388823195293
0.005724982654398527
0.004779242664866238
0.0042411427780353955
0.00639510004209962
0.003726178388083638
0.015202379367704372
0.00495088475762692
0.0049096610906149704
0.004613378700344756
0.005528553827160717
0.006746268356235537
0.005964710041039071
0.006927813218020509
0.006819206321379542
0.019725257179219642
0.007811604833596704
0.005404902272190478
0.004912659017345516
0.005397059048225278
0.004724702563957658
0.005022226789322975
0.0072994285722040855
0.006063305555868788
0.015335713653164714
0.007800013399838658
0.006078234275999259
0.006350973280115445
0.009354849499281651
0.006496943680337897
0.008471782926036458
0.0054614596243285594
0.004592512547098623
0.01727441249250704
0.009134743092736902
0.009289556606629223
0.008371379345525523
0.006802031117140357
0.005453983302046669
0.005666495518880869
0.007582192577707119
0.005593493145160332
0.016742841889773822
0.00952869811191403
0.004390094632967541
0.006139130524829147
0.006396468678288514
0.007823005739744633
0.007257529157174684
0.007590622797145045
0.008089349750967369
0.014632391889296785
0.004408732708962152
0.004431509332305801
0.0066009218650978614
0.004949892176810283
0.004904825688341518
0.004623463099141654
0.005723868999002118
0.005149315206373064
0.01781229927871067
0.003908139700424219
0.006443975656974257
0.009025253981711953
0.008664064085209243
0.005938415394254292
0.004751819915224706
0.0044600355337303214
0.006567675096996104
0.013149336843979046
0.003724889328370362
0.004489732073026301
0.005261701577212323
0.005341745670210682
0.006138961667914447
0.005448220425226606
0.004910332508845807
0.0033534310780494628
0.014681935289225245
0.0036951873629755823
0.0037153956327127405
0.003997730225068684
0.00421861125034858
0.004926777862567681
0.0037417926323999543
0.0034235384734118057
0.0057732920629588805
0.01252439424784578
0.004402665938012817
0.003551138967928507
0.0049113492336858595
0.003452376338657303
0.004185634995545047
0.0041640930973714935
0.004028572266501946
0.003528856648660943
0.014972310789131476
0.0037483604909548354
0.007255748444222354
0.004934234511029303
0.002823969832087134
0.004402921362556901
0.004654693018648869
0.006169608019527694
0.004000097999967498
0.016315984180332668
0.006149013236791527
0.0039481108415088655
0.003282963168966791
0.0029837938230055545
0.004653420907957441
0.0037840282793158084
0.003267689379026575
0.004888268443770848
0.013318952014866488
0.00410259815513196
0.006545454005957831
0.005108798165923718
0.003869401436119688
0.00756963393212222
0.003563566743799546
0.004083514915323226
0.003518776701557835
0.011227230077328761
0.0034989037115299125
0.005855697906530571
0.00423963422818207
0.0028889452339348385
0.0027023588634131116
0.004609658986558366
0.004273961554439629
0.005202753390248904
0.008995837493639408
0.006021922563872376
0.0047031458593393685
0.004310324773845062
0.003894617196295341
0.004628864810367308
0.003214140996243471
0.006256485473459609
0.004092747007295944
0.012882003048531009
0.004355834514719884
0.005052730280856695
0.0032042403378570654
0.00439913552237454
0.004933609391755023
0.0031038902120115266
0.003273120209443384
0.004957237468507139
0.01482320326088726
0.0044311222905824375
0.0045700652294379165
0.004276816133114381
0.003061132997472639
0.005281214784762759
0.005119610750918955
0.003823447391450099
0.003765799519215699
0.01629341172843077
0.006871413949079294
0.00449087037967875
0.003380732912231728
0.0040342086373272605
0.003895792578402475
0.004343319289623416
0.0031582503124325304
0.004354962053798447
0.010731309206215825
0.005044865197941188
0.003978017228538449
0.0034263708241765852
0.002648768271312884
0.004802640029384658
0.004309880255418652
0.004776112278301028
0.0030108174621778527
0.020588607153408
0.0030151256554562687
0.0048868514160903065
0.004801987601730236
0.004508294277117377
0.002740705510708475
0.003549855443419664
0.0034972403551074525
0.0031639646441512163
0.007986730497244106
0.003662061217313745
0.0034563296753042766
0.003070877892148313
0.0026557389859773605
0.003173525075456341
0.0034111425115560183
0.0035162814810575254
0.0030195173774739
0.009411982625232424
0.0027548265014328676
0.00267872686837619
0.0026920801220188108
0.002376087570761178
0.0023498617649656485
0.00213025638777844
0.003324604684560731
0.0025504589618337
0.007934079479527368
0.002586344565473851
0.002658508156658512
0.002575416708068273
0.002846947520532574
0.0023021816478178444
0.003459055396837482
0.0030543842551393075
0.0022696475568024306
0.008044493401197322
0.003012372456948987
0.0029526005979899268
0.0023621445372973716
0.0023954073940341447
0.0020905175783246565
0.001581266628241809
0.003144890000984882
0.0025480625144912766
0.004641933680301339
0.002279349061029044
0.0025723336158546472
0.0019019619363015168
0.0029380694367991465
0.00240473806689617
0.002217482733771278
0.0020299004866701927
0.001768903198373119
0.008453059888594357
0.001934419615909931
0.002802622999693956
0.002495961952214224
0.00183337765720329
0.001676212373725414
0.001677797446050183
0.002040749295219515
0.002401872380288563
0.008149248990872222
0.001827743717622242
0.0019000482280468326
0.002167689891761753
0.0018474869435572575
0.0014980891623556018
0.0020791179561205652
0.001782399901567276
0.0016844188228929697
0.0047011857975890695
0.0017406001706419272
0.002194899077955089
0.0014150868446460834
0.002152264750406175
0.0016254463822323573
0.0016483786716330762
0.0012248549793317366
0.0014008146358983208
0.005254448739528635
0.0014101676402609687
0.0018012273347724234
0.0015539880478503164
0.0015165073653867556
0.0015210632256500746
0.0018700394812872852
0.0016625454715071136
0.001704332386163038
0.003948763823861
0.0019321801253182251
0.0013349124598284242
0.0013663049486461855
0.0011328720974907189
0.0009373271497647969
0.0016716094938790164
0.001247349031788937
0.0013387360605138364
0.003602272066492613
0.0016989870822328825
0.0008908292035369696
0.0016734881393181064
0.0014703895413259588
0.0015600879666276596
0.0011519217991246315
0.0015307288664735488
0.0012872853432460767
0.004203291082211224
0.0011590573820682542
0.0012080610922219049
0.0007721990719482747
0.0010076359366434464
0.0007794132222259201
0.0009827502234054655
0.0012614043916830775
0.0011998379430133833
0.0033571357351547424
0.0015821317270613353
0.001244137098979036
0.0011245242547095978
0.0012081437430573852
0.0012613526776142582
0.0011155340436848967
0.001183343304282673
0.0007601867840505873
0.0036327860653609443
0.0007921132201138286
0.0008780550883452182
0.0011484468574535708
0.0009303333490640483
0.0008021147765435417
0.0005738943867400523
0.0008175015279986863
0.001080898287398196
0.0020277034990558505
0.0006547455596902251
0.0009920430469536647
0.0009451589108226026
0.0007761357152688607
0.0009348204823076045
0.0006553246827438137
0.0008611444927766934
0.0005807822156862021
0.0016931911734437185
0.0010629891969701555
0.0007715942678761316
0.0007468350929896109
0.0005902184727012359
0.0006973398230351783
0.0007553884879121923
0.0006501482930434132
0.0005094909414476844
0.0017683745401541801
0.0006221260112277503
0.0007299408903495189
0.0005620297881704313
0.0005294912418160689
0.0005668034077421238
0.0006336462612593577
0.0007519617502426682
0.0006330195057763884
0.0021849639238482356
0.0006946183421638804
0.0006162323329026029
0.0004068338788415783
0.0006436441260152106
0.0005890499313581164
0.0004537100288995943
0.0004580713165859027
0.0005225642207589287
0.00174776871481672
0.000547866500393996
0.00044102008425105175
0.0005835715161547982
0.00041541547807367476
0.00046519368736735924
0.00048172044111372014
0.0004442403829908716
0.0003781156895067343
0.0009124134704891797
0.0004469614504088708
0.00041953695219517614
0.0003563088414488711
0.00045470128173294156
0.000354931782605106
0.0003485502836709153
0.00032868900825179515
0.00035927254922232837
0.0007456533946700362
0.0003789003041487458
0.00031183349133750147
0.0002058082535279799
0.0002749777680223203
0.0002805687259241161
0.00032204046888397646
0.0002237558516542577
0.00020457584425470954
0.0008244742480407428
0.00016864540899665215
0.00017609079978357238
0.00011544407762741306
0.00018255685270157632
0.00014330130834780175
0.0001293670167865361
0.00011992006730885242
8.696333631227721e-05
0.0003936129350867887
9.346527728367589e-05
8.501026639583496e-05
0.00010060810281196903
0.00014455553152648219
0.0001010189376438771
0.00010774235856986195
9.137522178385288e-05
0.0001069302413266448
0.00033033341451438564
0.00012269223250246654
9.068226676033966e-05
0.00011986760506400157
0.00011626037127580345
0.0001062574475698629
8.595356375872053e-05
0.00012868957188552364
0.0001012506722783849
0.0002941889672274406
0.00010034575587556889
0.00016241081534302157
0.00011624316018838348
8.824353531430306e-05
0.00011292176014218895
0.00011663664234417313
0.0001210419533058233
0.00014196851686758578
0.0003607651921289825
0.0001421183472222273
0.0001138698880627408
0.00010201148517459028
8.534897795972535e-05
0.0001568737776002378
0.00010252568992027769
0.00015665964453509933
9.612175067611508e-05
0.00026382381130566317
0.0001318144111715599
8.31329021201455e-05
0.00011561204116814699
0.0001311953619874265
0.00012314747349763747
9.4980898667752e-05
0.00012142332698816264
0.0001479216323289601
0.0004434842974531062
9.548492827221671e-05
0.00014057280209521286
8.943959404687863e-05
0.00015161637766617904
0.0001366320144296603
0.00011422073851839896
0.00013732120465290244
0.00013571847168721154
0.00028937722593901213
0.00012454176602973496
9.365974824772876e-05
9.165404666822418e-05
0.00014308098924784403
9.239498526217489e-05
0.00011563739833545397
9.162470867674075e-05
0.00011514356000052072
0.00029900028112352046
0.00011666177176180957
0.0001312513498190469
0.0001323164315826393
0.00010023598099386405
9.019598941951062e-05
0.00011212168389801925
6.998143244929878e-05
0.00011502355276934797
0.00026031844338743457
8.417206862514352e-05
0.00012422160804596383
9.418332846818867e-05
0.00010564907871755506
8.583711070909024e-05
0.0001188309530132318
9.769109909277593e-05
0.00012371321734393228
0.00035438187939865667
0.00010889024867862165
0.00015157733355783117
0.00010326299119565969
0.00010919493407109145
0.00010865278760041719
0.00011389281653079175
9.911340101782439e-05
9.631724715942167e-05
0.0003655110360277645
9.870227171312253e-05
0.00014153184836140963
8.745815609283786e-05
0.00012271784632888393
8.255440027350393e-05
0.00011643795363051335
0.00012497811046503887
0.00019270767879721022
0.00031103810655242744
0.0001011046579218943
0.00010909565760713552
6.501701002933296e-05
0.00013903536273536372
9.821877789666989e-05
0.0001107548262839019
0.00011089452112646242
0.0001113966383378189
0.0002867003017607917
0.00016103177147208523
7.480094751540319e-05
9.353436901333546e-05
9.918170501616064e-05
0.00012398201581165607
0.00013045893856568732
0.0001267819441021577
0.00010754565478359123
0.00032711811967563366
8.330969677107414e-05
0.00012101345067948709
0.0001174363709120994
0.00010705878381497156
0.00012947671244894018
0.00013173229902349988
0.00010312058507818034
9.821490505356571e-05
0.00043052935911205766
9.486426026894133e-05
9.569093564281546e-05
0.00010120768842144994
8.940207743598149e-05
7.309979472787372e-05
9.68601326818402e-05
9.626980027393928e-05
0.00014485182283519135
0.00023773665148684676
0.00014316896295435292
0.00013954862180107997
0.00010194862524714958
0.0001215318938943829
8.80774404806123e-05
0.00013437351211676254
0.00010422149462817959
0.00012688430082612712
0.0004254991063139516
0.0001328377795978919
0.00013146425103519475
8.456178990685375e-05
0.0001225955792567544
0.00011698779602074106
0.00011592769772052853
0.00010820797250404607
0.00011327297596069672
0.0002960452866044452
0.00010892208988740271
0.00010695004641632014
0.0001254989711200553
9.735320737410979e-05
8.052058814814242e-05
0.00010256946872742488
6.77898863288325e-05
8.46396209249578e-05
0.00037748784371322117
7.599069940118316e-05
9.661361233785748e-05
0.0001412162697713134
0.00010600816829070597
0.00012087962065342017
9.813871548389568e-05
0.0001550829864297093
0.00011167173040731919
0.000344238736743242
9.12635640644677e-05
0.00012857631050046926
0.00014196686369151673
0.00012525678330824977
0.00011706023107800049
7.831708997621314e-05
8.001935189110484e-05
0.00013229163297064566
0.0003119956530446358
0.00010515300821127647
0.00010511593357814362
9.688447600940162e-05
0.00010121199872617404
0.00015562699289202133
0.00010375953860425651
0.00010482398892152688
9.649550959803451e-05
0.00032521702814810243
0.00014183386023691413
0.00010518923746461146
0.0001329771860065256
0.00010226751966991362
9.320077968003707e-05
0.00013766651751258166
0.00010897553367945315
0.00011842835526884527
0.00025381870892726666
9.277224055468675e-05
0.00011480686383735421
0.00016702762270008633
0.00010033826023227869
0.00011296743039747529
9.725092379159505e-05
9.291516347814641e-05
0.00013038061414937988
0.0003496354953198699
0.00011832443749815694
0.0001081798926567968
9.900950412916626e-05
0.00013765626842788064
0.00010490613803187516
8.408352345808211e-05
0.00013130209756252628
0.00011536146654277901
0.00035901148302420143
7.452743480162206e-05
0.00012325017907200905
8.842647573425522e-05
9.699212051855875e-05
0.00012628792264657483
9.52959847688552e-05
0.0001139495952210074
0.00010829113502789845
0.0002598790185324786
0.00011359829652306295
9.2042972551293e-05
8.99667620492466e-05
0.00012313003457544805
0.00011627293108120098
9.369737296336045e-05
0.00011111301520368784
0.00012755891169445268
0.00031379821227150013
8.734565939062583e-05
0.00011033635080601971
0.0001086807543153838
0.00010039755866679966
8.952725966826441e-05
0.00010594146363177937
0.00010788177024353492
0.00010489570758100082
0.0003643715254852211
0.000127158778359484
0.00010486413318915705
0.00011856383242560396
0.00013576557006349357
0.00010861764863444656
9.806711875900419e-05
0.00011444038467461583
0.00011236885017432849
0.00024740113544488313
0.00010199343682378051
0.00012167975980535296
9.877044172336438e-05
0.00011361910320773841
9.812537194726573e-05
8.203106141415187e-05
0.00010877268036034328
8.576761182574898e-05
0.0003241392429142096
8.642424527514408e-05
0.00016220682453967414
9.736910163373914e-05
0.00012403740126652843
0.00012515175168859144
0.00012082157006869115
0.00012377937413033226
0.00010399087832984191
0.0003609079228932358
8.05206664711714e-05
8.094069889386275e-05
0.00010351327182746705
9.886008141603082e-05
0.00014534383926051417
9.526819844144181e-05
9.439838157321435e-05
0.00010446840883164756
0.00027859693155537335
8.020803294763136e-05
9.841138350472815e-05
9.50968937585724e-05
0.00010641741343608526
0.0001155245236022237
0.00010305777642523107
9.562425267567746e-05
0.00013872957983046533
0.0003760601112365671
0.00011163864515118538
9.796673075689299e-05
0.00011579648326957906
0.00011459296886918725
0.00010378454236628664
0.00010641524095338819
0.0001314005884806531
0.00011228297712009175
0.00037186869446190007
0.00010900061492974033
0.00011791502405064665
9.181705018605422e-05
0.00011171472778344356
8.021625600669439e-05
0.00010875945912881872
0.00010229157606473178
0.0001219666116285212
0.00035328403856618674
0.00010694542172467871
8.54740440817952e-05
0.00010316002141886497
8.889194687447833e-05
8.972368291936759e-05
0.00011475475016551699
9.212685725088933e-05
9.59117977191094e-05
0.00035635981748207893
6.414172393281956e-05
0.00010200531175690874
9.147944051525137e-05
8.376906485092524e-05
0.0001088934851770937
0.00010178245837517698
0.00018250967989409266
6.285299681564828e-05
0.0003899943655165735
9.846129745943067e-05
0.00010705656068744537
0.0001132513815790993
0.00012656041134905083
0.00010490393806427152
0.00011109943399342411
0.00010505556580137346
0.0001302362876180864
0.0003293462781329319
0.00011218480367197311
0.00012318980073472134
9.995472693205024e-05
8.693212375825365e-05
0.00012627393623683888
9.19398773293689e-05
0.00010207069449584704
9.6852524117781e-05
0.0003400790904610843
0.00011002839472270532
0.00012061940398665392
0.00011915064317073317
8.272050111330513e-05
7.957836506087144e-05
9.8265618765191e-05
0.00010256965186898276
0.00012254836220819385
0.00021623673353419242
0.00010095405979837767
0.00011339500196267695
9.336755114578725e-05
0.00010104409300625507
7.057152576748615e-05
0.00010724600536378016
0.0001279596448483988
0.00013049840123273358
0.0002457965438184944
9.151646105521393e-05
9.007911702488839e-05
8.984834404137851e-05
0.0001152295129601759
9.55264933898071e-05
8.784701303973321e-05
7.767509561665564e-05
0.00010694726769150785
0.00027394462083498415
0.0001029699406838582
0.00011545341403882999
0.0001163329092761439
0.00011674711737496257
9.686240254174342e-05
0.0001106855885699237
0.00010402729898250206
8.645152103823192e-05
0.00027406711999932684
0.00010878720939817926
9.750562668493676e-05
9.098772165080576e-05
0.00011511563527372372
0.00010239793780261423
7.53997027929557e-05
9.411856072565595e-05
9.601292129598491e-05
0.00032052572319454006
9.803130854695739e-05
0.000105286393781096
9.035899141987068e-05
0.00011434855250632246
9.33674793304276e-05
0.000127106583631094
0.00012345301836159126
8.804938715546633e-05
0.00021324084208226217
9.594100238382889e-05
0.00010578594590497704
7.029401987375083e-05
9.70490525655564e-05
7.921081992071709e-05
0.00012639550924843103
0.00010920926162938832
9.752069125623936e-05
0.000309544733512583
6.591403866408422e-05
0.00010848982578530895
0.0001410363364796933
0.000110483885208815
0.000123748342375468
9.874232054253542e-05
9.495479384408164e-05
0.00011576228307632165
0.00027933405134790467
0.00010592937724022022
0.00012854210960905907
0.000105611191013098
0.00010293730156476721
0.00011940322803066157
8.310953804740315e-05
0.00011381432596321212
0.00012154343512827273
0.00038506132261118377
9.925663900184638e-05
5.9201143470086124e-05
9.26451285012909e-05
7.710360203329645e-05
8.959551809637509e-05
7.960718733097639e-05
0.00011795761796663825
6.763136815019604e-05
0.0002574043537420505
8.378635100448084e-05
0.0001230249441749447
7.065176881353193e-05
0.00010170638135821052
7.357293493265161e-05
0.00010522908983685974
0.00010143686804414725
0.00011310045745525452
0.00029634464159929115
0.00010440186201831567
9.681946215585472e-05
9.751311926326547e-05
8.441675106027718e-05
9.311735906581259e-05
0.00011769272461341781
0.00010260546135964871
8.409438287010843e-05
0.0003078208289317331
8.748285983968326e-05
0.00011359255766002664
6.915633803951317e-05
0.00010193285430138129
0.00011809261766522053
0.00010355959368529984
0.00010207762927321607
0.00010342095597443049
0.00027371622899304324
0.00012142348693165256
0.00010485351408566925
0.00010698643651790121
0.00010384063596579453
0.00010712812190050658
9.412259706699543e-05
0.00015922053330961615
0.0001132948260563284
0.00022907286507839727
9.351941041659934e-05
6.536968035707771e-05
9.67642677060785e-05
9.134550634508666e-05
0.0001116298847508253
9.677013693946709e-05
8.575354819196608e-05
0.00011404576638546645
0.0002859851089554181
9.757155196977144e-05
8.206045465937594e-05
9.636967871849537e-05
9.720083363954606e-05
0.00010455924619544188
7.525024178481534e-05
0.0001017381478646589
0.00011012061217057822
0.00023607841248613075
0.0001072988552828339
7.437399877593179e-05
0.00010021687413195933
8.011425311287866e-05
8.427671546411974e-05
9.149297740466093e-05
0.0001320030671382601
0.00010625470767385389
0.0003270071062352704
7.09769770224885e-05
8.092921554866907e-05
0.0001355988071564134
0.00011406694489001844
0.00011220650292232209
0.00011391710084542598
8.711167494551586e-05
8.331163373836055e-05
0.0002522267689889733
0.00010200210131733585
0.00010126174541371764
8.482321162891525e-05
9.652542704635062e-05
7.40792735215459e-05
0.0001021216265332993
7.500835804112966e-05
8.023457740114929e-05
0.0003203310750987356
8.630745826479063e-05
0.00012726344987240798
8.802058367365337e-05
8.9547385861907e-05
0.00011046054922539945
7.737442297746406e-05
0.000118513080563119
9.324601310821447e-05
0.0002575449684390558
9.683117660247728e-05
8.39228182254439e-05
8.258644449061384e-05
0.00011055201379659503
8.967989924368408e-05
0.00011338962996505016
0.00010098919869353964
0.00011007011934295965
0.00037969874886483964
0.00010015507598936476
0.00010085203765105694
9.080628712910945e-05
0.0001239080487445744
0.00010742393875798295
9.186125912524004e-05
6.917075926992347e-05
0.00011338131460194385
0.0003929786821102474
0.00010393040727340637
0.00011147073694100411
0.00010951837835035512
0.0001002586822121009
9.877713536124243e-05
0.00010428340016095654
9.733660121416648e-05
9.696581244645763e-05
0.000300786784187611
8.690512792083137e-05
0.00011388053834352173
0.00011253504342177607
9.189635202022052e-05
0.0001072578986095434
5.853465050024453e-05
0.00010531579143660457
0.00012455694834366096
0.00029097491494570513
0.00012024526332440354
0.00010968917160618765
0.00011565209555120621
7.882339248850075e-05
8.580125256877618e-05
0.00010254182071258748
0.00012807339729602784
0.0001265458154129473
0.00021797198183613067
0.00011885815514013885
7.653881755157641e-05
0.00011316648853080531
0.00011247161271066114
9.790184371323334e-05
9.91954898932282e-05
9.938131547102558e-05
0.00010733750588425502
0.0002640909101628943
7.274485290856629e-05
9.9062586743354e-05
9.129216146262806e-05
9.230979834286337e-05
8.726989387065196e-05
4.657376857129022e-05
7.048503136583896e-05
8.441164780833366e-05
0.00022481289679580343
0.0001277384449430653
5.6704135489027845e-05
0.00010406279657897025
0.00010572889667872513
0.00010794560096701499
0.00011835723488083453
9.0237533772588e-05
9.287267008926507e-05
0.00021752788142690704
7.757333582875545e-05
9.519764427924606e-05
6.508867117106177e-05
8.039928375247975e-05
9.146198866121161e-05
9.655705844357702e-05
9.873839719727312e-05
7.051660818816274e-05
0.0003034597745975942
0.00010717630511446624
9.297438955880482e-05
7.659978417837243e-05
9.396623806952799e-05
0.00010346058769594845
0.00010198176540110984
0.00011124221819482906
9.495277615575144e-05
0.0002543787753201203
9.542163654356998e-05
0.00010065657347615023
0.00010237829265328094
8.88151859705717e-05
0.00010613775365279192
8.368115968472348e-05
7.016125278821513e-05
8.414833800548803e-05
0.0002834474996873741
0.00011041286910156067
8.322707639398059e-05
9.707730614180697e-05
0.00010601964147019646
0.00011510179561117085
0.00011654412394810359
9.574976209635187e-05
8.051121751027259e-05
0.00024605362319981807
8.94524118033268e-05
9.654366275167598e-05
0.0001317571399027332
8.506004609179665e-05
9.798981878833157e-05
9.178362360541363e-05
0.00010221040424075879
0.00010179711996162753
0.0002965257468209428
9.864651330910123e-05
0.00010786940684614875
7.186705845256925e-05
9.021463995022117e-05
0.00011754951199808918
9.354982093248368e-05
8.493268655988192e-05
8.563114089501409e-05
0.00029345136383062044
8.238559777423585e-05
6.487033300814762e-05
0.00011593527049338937
6.492105187673972e-05
7.094844633792712e-05
7.150890225585792e-05
7.642636083763106e-05
0.00010210833077444511
0.0002639562338869183
9.170301020462566e-05
8.558807211986632e-05
9.593286832089429e-05
9.50095327158533e-05
5.8473905266245233e-05
6.385503858221596e-05
0.00012321719397859787
7.016875051159883e-05
0.0003741524940586077
0.0001052661745650768
7.401281924288781e-05
8.505390488320717e-05
0.00010490581711567624
0.00013176142861111534
8.41343177017584e-05
8.292617724329456e-05
8.06981521792768e-05
0.00032952834597638284
8.399812523234572e-05
8.826363173351674e-05
9.953411909939155e-05
0.00011585245609989617
0.00010639226428988636
8.97890883995837e-05
9.711561070831785e-05
7.601305717883962e-05
0.0002875225909778945
0.00011799902595143673
9.188892600214012e-05
7.162157460773967e-05
8.674855916209985e-05
9.171682058190402e-05
9.051176446491426e-05
7.849817951030497e-05
0.00011264640553114265
0.00016552965546356887
9.570737796253884e-05
9.431793588004132e-05
6.972865624621462e-05
7.195437118629655e-05
0.00011310482200464982
9.802409314376441e-05
7.371586066097194e-05
8.262289320320699e-05
0.00011876524231264134
9.501681352208028e-05
0.00010253524660701125
7.604566618810636e-05
9.521181985144172e-05
8.839926472229429e-05
8.803062407679797e-05
9.936153830410507e-05
7.713436639548043e-05
0.000297591145410311
0.00011792635074749574
8.683580759691254e-05
7.611636484207386e-05
8.196739572781848e-05
9.881902217440374e-05
0.00011979650468053437
0.00010856796166413752
8.183135509242836e-05
0.0002648726061157771
7.66733992594612e-05
9.547099433852827e-05
8.316860503972043e-05
0.00011045582240485902
9.114714341882354e-05
8.278829492309134e-05
8.139504990017738e-05
6.97462845485993e-05
0.00031649236077642103
0.00011150525928499375
8.639676046484241e-05
9.427801137980138e-05
8.64837096983129e-05
8.063710925335419e-05
7.734263152295437e-05
0.00011682330794800277
9.905360888021403e-05
0.00029244521176063107
9.099319982436131e-05
8.872006915710831e-05
0.00010282734360963326
8.38494420392704e-05
9.127484414715954e-05
7.099615117335756e-05
9.457363578458483e-05
9.415608145498757e-05
0.00028541949961335424
8.426369860471194e-05
7.673975378138152e-05
6.889526374985926e-05
0.0001033580511236384
9.017902205860523e-05
8.307815752778329e-05
8.298111198679093e-05
6.739421809557483e-05
0.00028028987065431847
0.0001007030053144376
9.499665424381317e-05
6.558655718628289e-05
9.017187761783711e-05
7.096959495564817e-05
7.403130318100821e-05
0.0001109060027792831
8.655601412616416e-05
0.0002430845551605979
9.229875855850674e-05
9.154906584705982e-05
0.00010165973429521746
7.309272962943655e-05
0.00010078016275370177
7.276922328431483e-05
9.762942310565178e-05
9.656021173864221e-05
0.00036270444790850406
8.13470402013919e-05
8.765179993203044e-05
9.61384215184222e-05
6.24228467990297e-05
7.068039152484597e-05
7.1611396489947e-05
7.42092723743739e-05
6.256765504545524e-05
0.00018235906964595255
7.851915744538084e-05
7.847336469299662e-05
9.888067264087737e-05
8.028588267602726e-05
7.569654036197975e-05
9.554805436331786e-05
6.799912167028107e-05
0.00010895413262932297
0.00020046984714568416
8.279941625715745e-05
0.00012274411303740096
0.00012400304083476268
6.97723981691797e-05
0.00010535501787950271
9.241195766196262e-05
9.422279715706022e-05
9.106983488245613e-05
0.00024834922446762166
8.814088513303568e-05
0.00010854449257305184
8.683433733989688e-05
0.00013020316935944169
8.804041880892168e-05
7.867108214300028e-05
9.644001808934558e-05
7.533647198188361e-05
0.00031225425400037497
8.177517911338544e-05
8.844908312808461e-05
0.00011075867465835959
8.886670004269868e-05
7.606681857766923e-05
9.707770144678243e-05
9.95808467303276e-05
9.605665403830105e-05
0.00034635867026469076
7.3134858220634e-05
9.432882490399701e-05
8.968986690932707e-05
9.191565203906202e-05
7.457340118894488e-05
9.252301353437773e-05
6.937997398993008e-05
8.774456129806299e-05
0.00025556375179459223
7.002395190142853e-05
0.00010438575521656334
0.00010600423571780726
8.064037079546138e-05
9.450232054667784e-05
0.00010474910363933813
8.239881928102695e-05
5.147140995030459e-05
0.00028714854446480374
5.490523051154146e-05
8.583470072973408e-05
7.702480759912562e-05
6.18161415440318e-05
0.000109445143728835
0.00010128792418840036
7.202597758568274e-05
8.047087007841202e-05
0.0002875624509114663
8.52463675678664e-05
7.258474942005249e-05
4.920993472981636e-05
7.198442316451316e-05
9.313688747653952e-05
7.987417544524983e-05
7.848488910762402e-05
7.384601454636606e-05
0.00022820280550302718
8.947430160298151e-05
8.214389727662136e-05
6.75334824141142e-05
6.461150143168047e-05
8.30229480994331e-05
5.50093376727321e-05
7.31924932888328e-05
7.745762372255218e-05
0.00020078316100411616
8.362989167030044e-05
5.255290461016993e-05
8.321231059806645e-05
7.481893747553484e-05
6.563308397245192e-05
7.23123250490497e-05
8.645890307771431e-05
7.932076929456839e-05
0.0002630282239953922
8.280779762757748e-05
6.151592496987065e-05
8.067709375963375e-05
0.00010108950735914448
9.292432957972548e-05
5.571795930863152e-05
5.9799103774269845e-05
7.784561924009686e-05
0.0001817503701806927
8.892459273394694e-05
6.744544665306378e-05
6.836911641776258e-05
7.713327660813953e-05
6.493243270193963e-05
9.51207860065683e-05
7.48518198313914e-05
8.398907186695835e-05
0.00019820230417366566
7.56837694672382e-05
6.376577675457796e-05
7.090772789889829e-05
9.507181121724938e-05
6.168147980641105e-05
7.160729815646455e-05
8.33838676053396e-05
8.3709069569286e-05
0.00026257817636813106
9.196199738861317e-05
9.043581436337778e-05
6.0524397291790624e-05
6.0108484683653124e-05
6.817784008706727e-05
6.790173616947382e-05
8.928341594175103e-05
6.781004356725727e-05
0.0002217528661940608
6.442594557598534e-05
8.552874902330714e-05
8.641048747806285e-05
9.60126191194242e-05
8.850334990745649e-05
6.549708904403473e-05
6.572985160871377e-05
8.69781951927082e-05
0.0002817708194428823
8.047192260409925e-05
7.569304355884202e-05
7.968228012653434e-05
9.721526502291237e-05
8.955788873979065e-05
8.881383076684551e-05
7.267394336747309e-05
9.145830452072091e-05
0.00016311646789446323
7.040476058624625e-05
6.317012744967446e-05
0.00012647766565362402
6.678617681974244e-05
8.598787264889955e-05
9.16042246662487e-05
0.00010143392882826002
9.053847012991157e-05
0.0002618120725465716
8.854021123959774e-05
7.420793694700013e-05
7.782859879116138e-05
7.862043265728575e-05
7.314983224011366e-05
7.143395216782563e-05
8.600246354845423e-05
7.80708529869245e-05
0.00027657484369485435
0.00011491029504853534
7.478600855845143e-05
9.826683835680402e-05
8.555844049790929e-05
0.00010003672962670339
6.746561295339769e-05
5.9022339491485425e-05
6.635329351764515e-05
0.00019862945214043997
5.679210359622076e-05
7.78599374893279e-05
8.713934611525556e-05
8.440318664486383e-05
7.479632848394524e-05
5.558710750305311e-05
6.982983281717255e-05
6.70484701975118e-05
0.00023054098816019616
7.233279768089636e-05
8.14755878537901e-05
8.096578024216888e-05
8.458611337295316e-05
9.030055141804348e-05
6.413092434936114e-05
6.66402642518512e-05
6.78972103992537e-05
0.00017622843214850305
9.644428755101035e-05
0.00010131859444050995
6.521036376011777e-05
8.034262066489251e-05
6.846276129393041e-05
6.335708736747404e-05
6.479559635016988e-05
6.256958429380895e-05
0.00019433697325664255
4.651044479767214e-05
6.122705233056202e-05
5.264016418532197e-05
6.521955990769367e-05
8.903251274260431e-05
5.8069440374451805e-05
6.0852980545102524e-05
7.835117926879783e-05
0.00023282465601967312
7.473188659208764e-05
7.863048166786485e-05
6.81881426436529e-05
5.514520549573033e-05
6.336379886445573e-05
0.00010003637981942667
7.144157256131128e-05
7.617622285235624e-05
0.00017452164128691888
8.47969076930196e-05
8.205769509959613e-05
8.261169542126071e-05
6.710830054494167e-05
6.260462432375751e-05
8.065545317644657e-05
7.879744518078445e-05
8.473449194061755e-05
0.0001787503844618212
8.140224226513945e-05
5.912665932889664e-05
8.845795416151512e-05
6.2609639387506e-05
6.790256135609074e-05
7.226657929697568e-05
6.497973096534816e-05
7.728058128364578e-05
0.0002572585741061796
6.539199157413282e-05
8.483767045038964e-05
8.061214739204852e-05
7.684948304800643e-05
6.779811716136476e-05
8.459390078439381e-05
7.443029041826946e-05
6.55679921284999e-05
0.00026755980722701034
0.00010807243553831882
6.315446482345032e-05
6.788660551798849e-05
4.960383058505375e-05
7.944103948228943e-05
8.343109496398217e-05
7.057740343551867e-05
9.558774398075624e-05
0.00018532646830393058
6.301800755807726e-05
6.116249957306905e-05
6.431707333371447e-05
6.988663700676555e-05
6.0049335122995334e-05
7.313619416508677e-05
5.248676101506147e-05
5.517871755471684e-05
0.00025770381492141753
5.685425895717965e-05
9.871907933481998e-05
5.87146758701573e-05
7.450231409757854e-05
7.436529084998691e-05
5.171763360535694e-05
7.753206252556933e-05
7.043190917412992e-05
0.0002737432834002556
6.574272753576572e-05
9.601507715285025e-05
7.791057760060679e-05
6.026790523247996e-05
6.783852573557322e-05
6.171118857281523e-05
6.352328560264235e-05
4.745705415212075e-05
0.00021184490723821388
6.78506866921397e-05
4.927433212729645e-05
5.382536997279056e-05
8.414809619111908e-05
6.845002033996533e-05
8.270365636068898e-05
7.248449883469907e-05
7.016182120585558e-05
0.00023316129292254726
7.121727406087675e-05
7.530171521708388e-05
4.800179305730662e-05
7.38130239041853e-05
6.777783946902283e-05
6.178727897875608e-05
6.392444566897954e-05
5.928027066712401e-05
0.00017361049862606322
6.795290121291287e-05
8.452410907481192e-05
6.702229948868112e-05
5.6346406194651495e-05
7.686128228011407e-05
8.925573112999009e-05
5.625646636053618e-05
8.754229508975917e-05
0.0003502063804028501
6.93510441231396e-05
7.199388288725827e-05
7.85364299956805e-05
5.003762104996382e-05
6.0528034691847316e-05
4.3817039722652994e-05
6.34047594601665e-05
6.136380642012094e-05
0.00021452795171106697
8.21528159339703e-05
6.90621966345546e-05
9.523903233430125e-05
6.9432519110187e-05
6.729707472147365e-05
8.423774425522951e-05
6.121853285028708e-05
6.140416710120674e-05
0.00015177078916354708
8.015379503621053e-05
6.82732207968492e-05
5.049572132302503e-05
6.497359101983292e-05
4.7662643899299926e-05
7.170482562337832e-05
7.087115313399712e-05
7.709027782064439e-05
0.00018108915053223596
7.09669876333178e-05
5.676481316787713e-05
7.922956741630895e-05
6.488554755651146e-05
5.574316852617244e-05
6.924953186945145e-05
6.200853248546258e-05
6.952798297093535e-05
0.0001644033892905163
7.928386063754065e-05
5.514815961585686e-05
5.8304311928811546e-05
5.538030322688911e-05
6.378210029164296e-05
7.209216619040809e-05
7.000324020302796e-05
5.398753663133276e-05
0.0002180794451628141
7.023388254248883e-05
5.9925720885302034e-05
6.0393248712535236e-05
7.04677536217083e-05
8.523007384935222e-05
8.216817011206624e-05
5.0879391794435374e-05
5.928180075177865e-05
0.00020187682784056455
4.901541674104849e-05
5.6394764839168394e-05
7.300835595254114e-05
6.005895617348517e-05
5.4487480271494316e-05
6.952445274323626e-05
5.457853582124824e-05
5.31856091436922e-05
0.00015886629152934496
7.796901845359591e-05
3.838184196362432e-05
6.595125260271908e-05
7.918284051220622e-05
7.588957551548865e-05
7.68679325366919e-05
6.159872123468533e-05
6.856318533882353e-05
0.00019715353376703398
7.093681535295522e-05
4.8374325544912176e-05
5.1393189515659345e-05
6.527606063152499e-05
5.901144455234062e-05
6.022303696928332e-05
5.781062659614792e-05
4.843364073448432e-05
0.0001988649557407046
5.039258611268572e-05
5.806053474960164e-05
4.970254651693844e-05
8.092477600746701e-05
7.238180650308255e-05
5.203597246776697e-05
6.119156281253521e-05
7.359990811162988e-05
0.00010714420457647931
6.32870925556536e-05
4.999796941332401e-05
5.23237701962318e-05
7.151700011138807e-05
8.071839276621932e-05
6.245551670880245e-05
7.33312539105355e-05
4.856348513876028e-05
0.00023334984272239191
5.75421863706823e-05
5.801109517975212e-05
6.303480804413404e-05
5.471538030745581e-05
7.252323393373273e-05
6.722392792479176e-05
4.746691483975221e-05
6.968990039923154e-05
0.00018306705088743356
5.764241767918982e-05
5.029575016715667e-05
5.2293735726424833e-05
6.63762843671579e-05
6.68419742311639e-05
5.5869416904561e-05
5.28012356976512e-05
5.512553609119047e-05
0.0001750816230340674
4.88009966929656e-05
3.8574355043754935e-05
5.539680611387408e-05
5.05168120833612e-05
3.9548944979609986e-05
5.9671816164704625e-05
7.115065102380954e-05
6.585300484658596e-05
0.00014098696451440818
5.5904378325886466e-05
6.51533371241856e-05
6.222607919609296e-05
6.724469843866362e-05
3.982725659400183e-05
4.8332361574025146e-05
7.854014595826367e-05
6.32041511742913e-05
0.00017193129588242203
9.84217573980819e-05
6.747339819453827e-05
4.972257590825023e-05
7.132956307413038e-05
6.635604478940088e-05
4.581783534984473e-05
5.8830390497172566e-05
4.200914888627891e-05
0.00013082100614505534
6.092786869993173e-05
5.9858944813213135e-05
7.863500780354856e-05
7.738188770256801e-05
5.3401332579362907e-05
5.233186320766994e-05
7.756946289630431e-05
5.981806662710091e-05
0.00019009323306201902
7.171687645905848e-05
6.632444122587831e-05
5.4983501463709145e-05
7.44141581557894e-05
5.508051772339996e-05
6.87923694760076e-05
5.0294768247099966e-05
6.103400151697152e-05
0.00016009104922762576
5.9129782527911626e-05
6.28491568171997e-05
6.071331544351495e-05
6.824848809607825e-05
4.705002831370281e-05
4.347289776341472e-05
5.4540060139134344e-05
7.62057939558065e-05
0.00023744592432928035
5.3189466365520056e-05
5.0261099671015296e-05
5.895549826973981e-05
5.8630571188695544e-05
6.132835353922023e-05
6.267482580071507e-05
3.88703892906684e-05
5.477260488186646e-05
0.00016806478123242206
5.9366921746075544e-05
7.047507265068835e-05
5.085719949206023e-05
5.8571665780034204e-05
6.833457575199179e-05
7.618830867858281e-05
6.326554034791212e-05
5.196878488892764e-05
0.00016249688927222125
5.0666402643577665e-05
7.121338402561079e-05
8.52990424055241e-05
5.522580707542999e-05
6.108480476896601e-05
5.587957236227963e-05
5.4485596462936406e-05
6.578391012960175e-05
0.0001095779649079938
5.8718582013656835e-05
5.244288049773873e-05
6.499830251214255e-05
7.532179843533378e-05
6.476935391290823e-05
5.70986820526846e-05
5.602999190145752e-05
5.17060100424975e-05
0.00015846624022756645
4.287034139577834e-05
7.797437725696184e-05
4.77978089447183e-05
5.756087690415844e-05
3.942876278028945e-05
4.398559318385113e-05
4.970469413642232e-05
5.7422916244422246e-05
0.000160493255470858
5.281643647503103e-05
5.8486280225156375e-05
5.397385406092816e-05
5.452948238969669e-05
3.9466489301443605e-05
6.331342880614116e-05
5.024958611493768e-05
5.322444123982176e-05
0.00015949438559773602
5.597352322180624e-05
4.807134419751911e-05
4.979289919783221e-05
4.2029258128732826e-05
5.495415930457604e-05
5.309461152922989e-05
5.6070965198899894e-05
6.51845261419706e-05
0.00015690952122790556
4.900100707762364e-05
6.220374189445261e-05
5.68100303268864e-05
5.044150261749558e-05
6.564513171611996e-05
5.746348906589751e-05
5.3466169955099574e-05
6.22543620245974e-05
0.00016556703221443463
4.672781826979582e-05
5.6816961322899715e-05
5.560786745316153e-05
6.281480924918542e-05
5.583926956842103e-05
6.0023180757135474e-05
4.5981365784182436e-05
5.765035025377312e-05
0.00020033728634893177
3.9751258476026016e-05
6.453208058029776e-05
3.919328047711101e-05
4.8677544555876915e-05
6.462257857105996e-05
5.430050214017433e-05
4.407200398470422e-05
6.531791904827189e-05
0.00015898258582851542
5.880532040787742e-05
3.974563352378232e-05
3.263271240688288e-05
4.8669348857569546e-05
5.229509214046601e-05
5.089980867714837e-05
7.019011760330962e-05
5.8570767292856344e-05
0.00011687114468173533
5.792849020780707e-05
4.746926295484306e-05
6.355742385348707e-05
3.9195274063538655e-05
5.37009609682353e-05
5.523568247405271e-05
5.147077866267944e-05
4.784434268545321e-05
0.00017891810897693714
4.040541369308318e-05
3.877851941567002e-05
6.491057823886814e-05
4.431298620192186e-05
3.5617947204716525e-05
4.887132579815919e-05
3.850265947355146e-05
3.947916702026639e-05
7.421460165777563e-05
5.1244950024083266e-05
5.766321853020548e-05
5.1386761272871936e-05
4.417953259914701e-05
4.7666306464402176e-05
7.291824005131063e-05
6.617554768403953e-05
4.525003668136324e-05
0.0001715203802766817
5.5903580926665574e-05
5.9021144778589084e-05
5.2137485759280624e-05
5.8230174764939855e-05
4.641651482854167e-05
3.418451536333512e-05
4.2788715462297654e-05
3.4649636595076485e-05
0.00012184721494006838
6.263905742866902e-05
4.1573235392867074e-05
4.310700204193265e-05
5.3941265030547493e-05
4.459433224172546e-05
6.026466230863877e-05
5.463930225006507e-05
4.3617240025671864e-05
0.00019348881538390928
5.8126368585348344e-05
5.0453887355767566e-05
4.943094657193595e-05
5.4359999819575024e-05
4.5524629033562346e-05
5.375399086182155e-05
5.6962127439205484e-05
4.8917345681584166e-05
0.00020477280587379913
5.100657073432677e-05
3.947606474130414e-05
5.667958703968934e-05
4.705506875154719e-05
3.366385598267632e-05
3.854543746862952e-05
3.645292913234403e-05
4.333354349172022e-05
0.0001325036343189806
5.211668838195349e-05
4.937240329982457e-05
4.895212013119912e-05
4.132682634937085e-05
4.4997793341683955e-05
5.14110759910554e-05
4.871388374506016e-05
4.778229271897328e-05
0.00014083272391031957
5.540509209981023e-05
4.220532687003065e-05
3.741935837746687e-05
3.904755936948976e-05
3.7979895386539804e-05
4.918411548318745e-05
4.04930030089881e-05
4.53763329878967e-05
0.00011027560346603846
3.891362277598999e-05
5.039649113965528e-05
3.2218503379386265e-05
3.1335335323421574e-05
4.6445265788496254e-05
5.174543200113254e-05
5.025749644489814e-05
3.942551446344525e-05
0.00011167673741014486
7.476209334977232e-05
5.835035683684157e-05
4.063664700237311e-05
4.523950037923534e-05
5.165505636747602e-05
4.272928247026769e-05
3.826543125582728e-05
6.379119041800526e-05
0.00014501151328185044
4.546892408251801e-05
3.6030586108846866e-05
4.1748835472488495e-05
3.235765699321493e-05
5.2952349161932606e-05
4.9511843442156335e-05
4.100414978732235e-05
4.783890200933152e-05
0.0001340309139536874
3.645012934216815e-05
5.8860455992789455e-05
4.240322115697561e-05
4.440345584425034e-05
3.9428238467193755e-05
5.1331117230135715e-05
5.6678248278531884e-05
3.9753997613179284e-05
0.00011414598923308076
3.915002596827732e-05
4.9751040215207194e-05
6.258335535684694e-05
4.500730020269094e-05
3.566169484366764e-05
3.612705508659869e-05
3.184993093679574e-05
4.784463188112399e-05
0.00013674239262920841
4.430987921071133e-05
4.1890838055273866e-05
5.170022128810544e-05
4.7236378929859834e-05
3.6123732850815724e-05
4.439835693536041e-05
3.6541507200490044e-05
5.0441699599827634e-05
0.00010896640069381473
5.406173534079788e-05
3.85350919652288e-05
2.802926776164264e-05
4.508741473598018e-05
3.253609368312671e-05
4.0065927507629724e-05
4.0809181935792375e-05
5.4008635246407196e-05
0.0001538921108936047
3.4860343421792775e-05
2.7563235663573278e-05
4.1974017107270666e-05
4.16489565634851e-05
4.490298584403157e-05
4.1092353763515734e-05
4.053456161732157e-05
4.852978459748309e-05
0.00016793234106840014
5.2104271197665244e-05
5.3544800590703264e-05
4.824488097643921e-05
5.019645871420284e-05
3.676350465049038e-05
4.982337798412754e-05
4.1504569941312164e-05
3.8018579465988615e-05
0.00013036714688408345
3.513678947346406e-05
4.5548240466822986e-05
4.28065657742404e-05
4.6896412610347744e-05
4.057466554135876e-05
4.25265413256894e-05
3.746058156855728e-05
4.020121054442896e-05
6.283193572553226e-05
3.7179506841726376e-05
4.4894225301344354e-05
5.734967715477934e-05
3.824848698884534e-05
4.001410764519951e-05
2.5003381033401823e-05
5.149517255995144e-05
3.992290000317431e-05
0.00010224780648245516
4.889538265842522e-05
5.0058445675501076e-05
3.6905041005497825e-05
3.7695849343030136e-05
3.2164348292668055e-05
3.81606137937186e-05
3.495397045497055e-05
3.5139794562349194e-05
0.00011239044720242608
4.322581322860478e-05
3.341889158321279e-05
3.8532179599000395e-05
3.374573472041008e-05
5.284939340563211e-05
4.9642891904834016e-05
5.015460773728022e-05
3.932433540478686e-05
0.0001066290747273661
4.8479552482136816e-05
3.0166292500831663e-05
4.3553571706633e-05
3.281667369637623e-05
2.9005358833010293e-05
4.889967821966498e-05
3.5652975412787775e-05
4.448570825733304e-05
8.516504818984293e-05
3.4448287889874076e-05
3.62622171128655e-05
3.9238220630377824e-05
2.3664157165709028e-05
3.593840260076875e-05
3.863500257775899e-05
3.1568927824829736e-05
3.421829468107294e-05
0.0001405898786817207
3.779651610961436e-05
3.6959397335882956e-05
4.346752183475898e-05
3.384420730357994e-05
4.035297884946033e-05
4.844276050838306e-05
2.398903422193799e-05
2.6592811795604302e-05
0.00011845730283693152
4.4724045664645345e-05
3.2451021970085736e-05
3.617043097951852e-05
4.105324876023141e-05
4.505175302694081e-05
4.240284657004211e-05
3.9242340141631374e-05
2.8920967087381494e-05
0.00010471105838980617
3.8779561627279686e-05
4.319732561590714e-05
3.864092743805768e-05
3.5758166358428795e-05
3.580526363415614e-05
3.766566965794085e-05
4.3061019045060986e-05
4.580472649904803e-05
0.0001053288051402689
3.562059398596028e-05
4.310719047002788e-05
4.808300409961087e-05
3.655010531173473e-05
3.58524491756657e-05
4.389667837926767e-05
2.450596645881856e-05
4.566393076790084e-05
0.00013945274353859268
3.580567987824953e-05
3.478303246475265e-05
2.3064695354435545e-05
2.9992942590857343e-05
3.301595544873473e-05
4.013065201056194e-05
3.4783313904899445e-05
3.9852555774163335e-05
5.752475668818303e-05
3.180798838096967e-05
5.1618140344422274e-05
3.450540409501951e-05
3.445948896438354e-05
3.618013652839592e-05
2.6600860230895468e-05
3.204283191851131e-05
4.6460831077766175e-05
0.00011571542971306201
3.702291141477754e-05
3.7721770638517945e-05
2.6559571281075107e-05
4.530589104965842e-05
3.804972196258791e-05
2.7723578801435263e-05
3.186383675481941e-05
3.88420311340045e-05
6.140397966635124e-05
3.637728059266498e-05
3.0097616292049034e-05
3.363317408823977e-05
3.456371635032648e-05
2.470164851173033e-05
3.088895624914288e-05
3.605256007368306e-05
2.5818263337075198e-05
7.308268098163019e-05
3.340186763891223e-05
4.456717319724621e-05
3.126246486112906e-05
2.8936350914011864e-05
3.410050792078503e-05
4.121803671512903e-05
3.456533716346423e-05
4.5916401352519475e-05
0.00010007093359016501
2.8937785993255542e-05
3.624241776286023e-05
3.968544746737756e-05
3.489349110774273e-05
4.815165342310104e-05
3.7823152430886564e-05
4.0520906252161834e-05
3.9078877364341864e-05
9.667482339165986e-05
2.8565630373211358e-05
3.2799623748769956e-05
3.4428750723934274e-05
3.7918110559626184e-05
3.5778203611290895e-05
3.456920972134565e-05
4.168817376300813e-05
2.8474943445598435e-05
0.00012827242998370144
3.210300654426767e-05
3.186974291725205e-05
3.4009847037107256e-05
3.44748766778762e-05
3.266004328432745e-05
2.8565744666161354e-05
2.9914605664318952e-05
3.200808985861822e-05
8.862471332463959e-05
3.9171572417630373e-05
3.4100558686247366e-05
4.1451274724394384e-05
3.293769945800736e-05
3.410015573955166e-05
2.7912787797124647e-05
3.689061003717671e-05
3.4470764674602264e-05
7.647442837458068e-05
2.6002632917761023e-05
2.9909220631296664e-05
2.4884898043781884e-05
2.3070327567953046e-05
3.641962270666264e-05
2.9442910823841947e-05
2.9954120891669063e-05
2.902411708775358e-05
0.00010567546061384419
2.9488882319266175e-05
3.093020810169592e-05
2.367433601975807e-05
1.958145454858352e-05
3.0279569732430466e-05
3.055890848230181e-05
3.028059788133494e-05
2.3164266746299647e-05
0.00010912532378265026
2.2793960921475176e-05
2.1677915302803263e-05
3.1400789206502054e-05
2.5167368817648644e-05
2.7121391767480632e-05
4.0240514531501086e-05
3.791414869035924e-05
3.461051080275916e-05
8.099105511713442e-05
3.3075907253295254e-05
2.628382652879179e-05
3.191264383600772e-05
2.8330756040882444e-05
3.177329553598223e-05
3.503000927388094e-05
3.247097917865914e-05
3.219181109175364e-05
8.890167079781085e-05
2.2562986904023705e-05
3.191388795638721e-05
3.619356804009317e-05
2.591253890079196e-05
2.3865408030788887e-05
3.033188760640003e-05
3.186749226887659e-05
3.098401606256054e-05
0.00010974676411037965
2.2470136002940565e-05
1.8748496456650476e-05
2.6238594236609035e-05
3.033273427733889e-05
3.321717865938631e-05
3.1030785470130127e-05
2.9774917442062895e-05
1.530618487573076e-05
9.178951830693792e-05
3.084541705260269e-05
3.084580165144607e-05
3.414955420408927e-05
3.722062432014203e-05
2.5031230880536357e-05
3.0149370590014807e-05
2.2426050099795923e-05
3.424451345665142e-05
8.845322483195167e-05
3.0338600182571366e-05
2.8617539704044385e-05
3.113050498658108e-05
2.4150894790651995e-05
3.015414632076138e-05
2.349961365239139e-05
2.4244246121444128e-05
2.480264101127394e-05
0.00010707616139825738
3.224826679526264e-05
2.6012477520030886e-05
1.833467198154992e-05
2.7967127224602325e-05
2.4709706321650297e-05
2.5686669353839734e-05
2.5733446262677618e-05
2.894476686991291e-05
8.46013294973285e-05
2.8806123018340006e-05
2.210467910451199e-05
3.2435493737320434e-05
3.620508870432877e-05
2.7316595008304106e-05
2.2849176957289118e-05
2.1965085937468005e-05
3.1970135147114976e-05
8.231765185943197e-05
2.7501277227253293e-05
2.461584736611131e-05
2.6198023273058182e-05
2.1218721464076892e-05
2.1497811131957473e-05
2.261460579670977e-05
2.387104942856756e-05
2.3591702179468452e-05
0.00010651554519695627
2.578039441025207e-05
2.5547996378606417e-05
2.713070124579247e-05
2.5967919288356152e-05
3.085501479853979e-05
2.9087072220501045e-05
2.8016930044424986e-05
2.6341839823928537e-05
7.213727192288925e-05
2.3828895868562788e-05
2.220019991349834e-05
2.2711918488786177e-05
2.5690432706005856e-05
2.8156707856284627e-05
2.89011812764465e-05
2.3502277789570284e-05
3.2716694230753034e-05
7.469254941121561e-05
2.4013105571198717e-05
2.3268209957062707e-05
2.7502912819070435e-05
3.573917549722128e-05
2.7874647477616635e-05
2.6292811736068755e-05
2.5455079347019047e-05
2.1499581875014834e-05
9.218818022812503e-05
1.3402805784315906e-05
2.4618647149958788e-05
2.899356180042852e-05
2.5456979542873627e-05
1.735942484362672e-05
2.317734607100701e-05
2.5783955584576725e-05
1.950123837517916e-05
8.740486576092637e-05
2.866973010800111e-05
2.4155134606698324e-05
2.3689927243067264e-05
2.443447114658965e-05
2.8436604360406548e-05
2.829671375556312e-05
2.7459191685170594e-05
2.1641394094859395e-05
8.088756275069094e-05
2.345584669556452e-05
2.750448972400152e-05
2.3083166414737485e-05
2.1221573330215872e-05
2.312954036484081e-05
2.0244018136964883e-05
2.6805781225174986e-05
2.3408456484074966e-05
0.00011611138819099248
2.9366206979263037e-05
2.10359752408433e-05
2.257190209602683e-05
2.1688101274683247e-05
1.833745895131889e-05
1.7453502357083856e-05
1.6476389194653643e-05
1.8896797514112323e-05
3.677062669249609e-05
2.0479762643274557e-05
2.2853879878983353e-05
2.3086836667705575e-05
1.8386000536126465e-05
1.8712040043393314e-05
1.908472631664596e-05
2.3134719054904367e-05
2.7138301485861575e-05
0.00013959600385841678
1.987676313755125e-05
2.4857613356302884e-05
2.3135300591095293e-05
2.3600727088593358e-05
2.0993983664260116e-05
2.476423701571952e-05
2.159872254727886e-05
2.5136460724885253e-05
9.258227033231636e-05
2.0992304854067874e-05
1.6616595790136585e-05
1.5359681859098657e-05
1.9408883599619028e-05
2.4994015632104472e-05
2.601797418467744e-05
2.3597504212526848e-05
2.0479057278247647e-05
5.7108981390337935e-05
1.8431491264031672e-05
1.703523277109618e-05
1.894388713576479e-05
1.5686044517180525e-05
2.6066142464129263e-05
1.6524459341800527e-05
1.8386649263121283e-05
2.1831492808152337e-05
4.580530047392659e-05
1.0706799599807762e-05
1.7736322885987425e-05
1.9319359865347322e-05
1.494368395886772e-05
2.0763102681643164e-05
2.690876485510468e-05
2.029835414799195e-05
2.402338425049276e-05
4.143575158587192e-05
1.8390160714640714e-05
2.0159316330075145e-05
2.0066289522850173e-05
2.1230574373635203e-05
2.1696223814147727e-05
1.811135784667595e-05
1.783224107364804e-05
2.3605984000543822e-05
7.133210280799847e-05
2.0347508438279373e-05
1.7135150050367098e-05
1.634377467717902e-05
1.8718921700706236e-05
2.309656590386222e-05
1.615855613475416e-05
2.2678443375861855e-05
1.704408447793364e-05
8.396221560593547e-05
2.1421574822906444e-05
1.84414497475617e-05
1.7184200613108062e-05
1.988547179073517e-05
1.5275214185979644e-05
2.4216884179305164e-05
1.7650566198960816e-05
1.6532884582721868e-05
6.287155927241865e-05
1.532255206279508e-05
1.9980177242335936e-05
1.807070451901746e-05
2.8224281880653763e-05
1.6813624419865918e-05
2.4219412977320384e-05
1.99813107208861e-05
1.5184158693275523e-05
6.697956713313573e-05
2.7994215398299694e-05
2.072831472419766e-05
1.9936688901664518e-05
1.1738532571632997e-05
1.4812961210630713e-05
1.635019871081245e-05
1.6350163676318e-05
2.1427529997377457e-05
5.398831830674001e-05
1.6490238198229993e-05
1.975122401689214e-05
1.9192413071412174e-05
2.0217518134741095e-05
1.616491681053986e-05
1.6071940427792195e-05
1.70969595596345e-05
1.970585723763293e-05
5.539036534674392e-05
1.4255357428862739e-05
1.877431489240617e-05
1.868126395475277e-05
1.8495025746520037e-05
1.6026020293786768e-05
1.416265096500763e-05
1.8821279189171837e-05
1.2438811645317955e-05
4.509664798665363e-05
2.0871949934900947e-05
2.4319757286958692e-05
1.6120241721626908e-05
1.6399962280086757e-05
1.4117170182952468e-05
1.4816220164186083e-05
1.379127061026186e-05
2.0780324480573427e-05
3.7227783481533924e-05
1.8217834514502866e-05
1.9289652489921388e-05
1.1834822408705061e-05
2.208547863006292e-05
1.8544291736188346e-05
1.1182464553684077e-05
1.6493978439854148e-05
1.8730399475623362e-05
4.6732104970092154e-05
1.4956038332745575e-05
1.5188876002675478e-05
1.5514893902120216e-05
1.5934284402003545e-05
1.127517579024073e-05
1.313884488307686e-05
2.0360509612839553e-05
1.3418321002766038e-05
3.214801580116909e-05
1.640038559542951e-05
1.5282218784344225e-05
2.0920076130440076e-05
1.5002734504621355e-05
1.4723228464808969e-05
1.789162150274711e-05
1.453700749364099e-05
1.9755438849368693e-05
3.72275753363353e-05
1.3325778952351488e-05
1.6541028623667604e-05
9.132627747756076e-06
1.1509150123816555e-05
1.2254788325557444e-05
1.4817821869651256e-05
1.1928901510329404e-05
1.5703572469540544e-05
5.298152482505962e-05
1.3420231819593315e-05
1.5004627669484026e-05
1.3839728211969091e-05
1.7055191064272814e-05
1.3560338684137353e-05
1.6635938333325956e-05
1.6030236754480987e-05
1.230231828800193e-05
5.391545246225161e-05
1.3234067883126031e-05
1.0904110094605737e-05
1.4305801654952918e-05
1.794059407970647e-05
1.5098126639358319e-05
1.1836209967281734e-05
1.4585605926844659e-05
1.4865310270014148e-05
4.865025823314751e-05
9.133610839769344e-06
1.5517942072966854e-05
1.2489026665842764e-05
1.1324083095282932e-05
1.0997939004871061e-05
1.118447922361819e-05
1.2256401115192694e-05
1.26292935578626e-05
3.513840664196042e-05
1.137119350462514e-05
1.6264614560092274e-05
1.2117022851213771e-05
1.5938692518293845e-05
1.1324932780931385e-05
1.160463322205158e-05
1.1464866987036685e-05
1.1884384789907613e-05
3.863567504517088e-05
1.0812241694613826e-05
1.1837486411357873e-05
1.4354038443470441e-05
1.0905330730718677e-05
1.3375219986251019e-05
1.2909189259573177e-05
7.503160997842119e-06
1.2116818432924416e-05
4.618357958905748e-05
1.8967209795282292e-05
1.2489379367321594e-05
1.281555567993117e-05
8.807736753245475e-06
7.875707724377632e-06
9.553337658898219e-06
8.295134549412486e-06
1.2302930586026798e-05
3.1596106688588215e-05
9.972965806242051e-06
9.739997523524075e-06
1.3794557469198291e-05
1.607822012145907e-05
9.41401749068525e-06
1.2909401031288706e-05
1.1977351155196877e-05
1.1091946175166065e-05
5.9561248910840074e-05
8.901698635183176e-06
7.1306986691180115e-06
1.2350645162748646e-05
9.32128550967018e-06
6.804608826808071e-06
1.0952629411724954e-05
8.71553802857233e-06
1.197798976800032e-05
2.521429470607473e-05
1.1465194001335929e-05
1.5892814755914563e-05
1.2257519580455398e-05
1.2816769367827999e-05
1.2676968381310533e-05
1.1605039943009466e-05
9.134973900074571e-06
1.2910151914270253e-05
4.0641445045728615e-05
1.1884724880037685e-05
9.088334274713873e-06
8.063013052899565e-06
1.211778072726632e-05
9.647611887479762e-06
1.113907375945091e-05
1.1558598739889023e-05
1.0346838132106751e-05
3.164616105733413e-05
9.60109232466308e-06
7.830005363553675e-06
1.3609339437153142e-05
1.057988439588697e-05
8.948637616530372e-06
9.78763443315894e-06
1.0486769262692032e-05
7.969965441577333e-06
2.4841984239741834e-05
1.0999559831173536e-05
7.550589649782212e-06
1.0114134512302726e-05
7.830351336678261e-06
9.694801134925623e-06
9.97450442094273e-06
9.834700131370152e-06
7.69068601525189e-06
3.784807057341412e-05
8.576506822331508e-06
9.36897353013274e-06
1.0487714621174659e-05
9.881850359699354e-06
8.716538223581628e-06
5.407070863858812e-06
7.784370150063546e-06
7.970869687607634e-06
2.904050768587568e-05
6.9455201325223885e-06
8.437298172019728e-06
6.992322429971891e-06
8.577311221770858e-06
9.463084623424473e-06
9.649628514941285e-06
9.696317851266129e-06
8.204613360858568e-06
3.104686099453258e-05
8.111480457998428e-06
1.0768759353611512e-05
8.111558355296698e-06
8.15820274886679e-06
8.34471485619842e-06
8.484581091989828e-06
6.340156087183859e-06
6.2935317178847485e-06
1.7155916418239983e-05
6.060621883208646e-06
8.95116913457859e-06
8.112083255709089e-06
7.179771692584555e-06
8.392034839998862e-06
7.552901782904426e-06
7.319841110027329e-06
7.926011706439549e-06
2.9606234746669705e-05
5.921283391084496e-06
7.133575834503652e-06
8.112800376433937e-06
6.947216401920994e-06
8.252792066427796e-06
8.48598232285955e-06
5.735063830561036e-06
6.061489992573276e-06
2.1075517215107268e-05
6.574435879596807e-06
6.760967396516982e-06
6.6677456291412e-06
6.248120318281114e-06
8.486268006042223e-06
5.921738398580088e-06
7.2739582502773195e-06
6.108264084969218e-06
1.9676883196622515e-05
5.735217860643438e-06
3.870104195794446e-06
7.273925011801477e-06
7.180665545115096e-06
8.34635216616981e-06
6.248109830207149e-06
6.154867661019731e-06
7.740210196132264e-06
1.8278090137282444e-05
7.460440083900109e-06
4.4762765734625065e-06
5.735238719519829e-06
6.061649399048078e-06
3.870127654994999e-06
6.388048585912189e-06
3.590368096194261e-06
7.926760463556952e-06
1.7112583124838812e-05
5.5954203349698384e-06
7.647105836224546e-06
4.429740193872476e-06
5.362330578913945e-06
5.175820042239355e-06
5.129208970594804e-06
6.061796376985541e-06
4.662928987135352e-06
1.85118565643533e-05
6.3415987991250085e-06
6.8545276649902295e-06
6.341604713229837e-06
4.709585727586464e-06
4.849479161275118e-06
5.782068611518291e-06
6.248363884568658e-06
4.476448982237357e-06
1.4921577318904044e-05
6.574798238793408e-06
6.388276756749296e-06
5.875351343678864e-06
2.704522268989733e-06
4.383185949482943e-06
4.336545998932464e-06
4.196658396762716e-06
3.590476247763938e-06
2.2475275797746394e-05
5.315713267069082e-06
4.7561498649766355e-06
4.80276154125747e-06
3.5437833972442234e-06
3.916801174592718e-06
3.3572496962854735e-06
3.9167810848569686e-06
4.6628211448121175e-06
1.6040190001645984e-05
3.4505114590552985e-06
3.963426618251934e-06
3.8235443603420115e-06
2.7510930815557815e-06
4.289838659168029e-06
3.3106426857388286e-06
3.63705577909978e-06
4.429743085625675e-06
1.0351572991459113e-05
2.8909787660407357e-06
2.051660054104141e-06
3.4505195036884654e-06
3.5437777790212087e-06
3.497150591640943e-06
4.476352966026813e-06
2.4713220561157038e-06
2.471324821748703e-06
9.792039463597673e-06
2.6112078449636374e-06
2.890985236577715e-06
2.7510971865181876e-06
2.7510956471558496e-06
2.4246959384664396e-06
2.611212471747614e-06
3.5904129632372955e-06
2.331439054644362e-06
1.226337686117144e-05
2.0050474037503805e-06
2.0983099232666714e-06
2.7511238690724297e-06
2.191576317378673e-06
2.1449493344315472e-06
2.611246807867351e-06
2.4713619279234288e-06
2.751140545931667e-06
9.698950181901945e-06
2.5180058400948786e-06
2.2848589624175673e-06
2.284861306354064e-06
1.7253053662266065e-06
1.818566642143995e-06
1.632047747561942e-06
1.771939950633753e-06
1.7719414378950381e-06
3.916926466140549e-06
1.3056432512605985e-06
1.7719452386852203e-06
1.6320564232681446e-06
1.6320564232681446e-06
1.5387966302592046e-06
9.326045836769204e-07
1.3522767093885074e-06
1.5854301579778567e-06
6.668132412322802e-06
1.5387992134217985e-06
1.2123873155935578e-06
1.445539463903504e-06
1.5387993569310857e-06
1.212387880933438e-06
1.3056490959872181e-06
1.072498321889854e-06
8.393471781474283e-07
