1.7185348390862245
1.7183837177660286
1.7181909220339837
1.7179623316957215
1.7177064054189939
1.7174458371904515
1.7173431984781
1.7174013776075132
1.717744882041815
1.7182571472132093
1.7189298176084293
1.7199021517819215
1.7210443813918388
1.7223153477987556
1.723669044102462
1.7250861804143056
1.7265190993623196
1.7280024608533888
1.7295833033325707
1.7310942070710749
1.732508661366314
1.7338331649508294
1.7350613222465643
1.7361871502934023
1.7374652343597685
1.7387187676587583
1.7398299477687582
1.740814866789393
1.7416658912887895
1.7423867348283995
1.7430541443448957
1.7436097343998957
1.7443673009360856
1.7450902075653911
1.7456740619492195
1.7461502230509425
1.7464873319071883
1.746713240228846
1.746818457803317
1.7468071108099916
1.7467035437072773
1.7465770763089428
1.7465349892791544
1.7464710334985938
1.746504455551661
1.7466624882223367
1.7467464559729438
1.7466946724215866
1.7465527318505358
1.7463134134458569
1.7459719721012508
1.7455560532186365
1.745024188695135
1.7445061468725933
1.7439782022195132
1.7435160701277197
1.743191339809647
1.7429848245311268
1.7429936958168175
1.743252407264634
1.7433409138125713
1.7433246154039768
1.7434302455963866
1.7440000709702854
1.7445754666863622
1.7448847238317187
1.7449996379277584
1.7449996379277584
1.7449053547286737
1.744912575542608
1.7452368932427418
1.7468687971918873
1.7484619150547576
1.749840471589295
1.751060376526248
1.7521236929553121
1.7533898111014443
1.7563455997081967
1.7607967157262518
1.765796200985373
1.770507266305062
1.7749658094460212
1.7791514058202649
1.783037028952782
1.7865486139235036
1.7898400672237147
1.7931201735306004
1.7962098566585911
1.798840708638301
1.8013523140336105
1.8035589947719244
1.8058601650182924
1.8090773470894652
1.8120184877593795
1.8150039848577468
1.8177148847176425
1.8201229230102376
1.8221959155362826
1.8240481574649083
1.8256051712581072
1.8270353050350323
1.8288772315151804
1.8309349571774787
1.8325474680834866
1.8339241678372982
1.8349103247117502
1.8356177581683395
1.8363270484056546
1.8369531961282408
1.8376059577078991
1.8382756366230606
1.8391357387171172
1.840261566763955
1.8412136826584313
1.8419382397594932
1.8426240107742797
1.8432291149819717
1.8437019751401817
1.8442740699127458
1.8448849507715852
1.8454595212517837
1.8462837255851388
1.847165077503059
1.8482960632741356
1.8490858140095756
1.850020806259579
1.8510455429113373
1.8522002542139122
1.8533850866260417
1.854380321095154
1.8550376214721425
1.8554595233148734
1.8559699317055418
1.8577054027574018
1.8622848429545178
1.8679313131421496
1.874987079900782
1.8821604427720582
1.8887817228408168
1.8947463214594957
1.9001076726512085
1.904798313382912
1.908861155920273
1.9128445695043572
1.9169777634003349
1.921154901106827
1.9249586195784323
1.9290942891820448
1.9336821880469122
1.9377147031657493
1.9408784512138084
1.943519206024057
1.9463706022922165
1.949109560171971
1.9515528772983592
1.9536580540236541
1.9556260352841979
1.9570229533170254
1.958244302416765
1.959236029633395
1.9602077448799786
1.9618732771911611
1.9636778617478208
1.9671549931206274
1.9699944234685531
1.9724579588739575
1.975153179252167
1.9781258851944226
1.9817323722911375
1.9852860442916473
1.9891091558063907
1.992721832172192
1.9957743796856635
1.998392646818231
2.0006236720149517
2.0022720806816614
2.0034959054890358
2.0047583100737163
2.0061981403722102
2.0095124939680415
2.0132423538285478
2.0171219940009477
2.020289455610459
2.0227410250956295
2.0244424551675135
2.025562093945265
2.026236105348787
2.0265509328363214
2.0283621192800063
2.0319052695230693
2.035215909557449
2.038051832652892
2.040105432135799
2.0415374226934504
2.0423657532061963
2.043018721094824
2.0436607546080654
2.044986083428459
2.046851529131136
2.0484231908611727
2.049587804994286
2.050148965391464
2.0502529451121174
2.0498632274686366
2.0490045695373666
2.0476546899495967
2.0485348040136997
2.05175776273602
2.0607662438914494
2.070351977543681
2.0808444391170884
2.0907753276753787
2.100176002181924
2.108609706548185
2.1160277518573483
2.1230494776360045
2.1293336488485175
2.134715218319246
2.1390625609256175
2.1425807477833647
2.14539273903834
2.147434991527922
2.1488337663414754
2.1497464772227675
2.151105021787259
2.1519449056022992
2.15209138497068
2.151611922925445
2.1504788740646723
2.148737213743726
2.1464337740986927
2.1436124989400875
2.1403868582011634
2.137655946371221
2.1351653844908056
2.132319558564824
2.1291161991946113
2.1257003415857607
2.1220490854426535
2.1182216414395496
2.114137136460386
2.109853749634575
2.1062876990958923
2.1030882595961007
2.1000668647370313
2.097113551837914
2.093846649305079
2.0903129892746155
2.086577765380901
2.0826011599928123
2.078420102415899
2.074988565325363
2.07153247746745
2.068153755473119
2.0646609446186264
2.0610884985018876
2.0573538935350815
2.053465175768021
2.0494609249780127
2.0452943090289675
2.04220338804716
2.039481966429817
2.0367875712874857
2.033935762401387
2.0309391246186634
2.0277867235639295
2.0244894936125712
2.021040213950654
2.0174252681861873
2.0147892584822387
2.0123416088674895
2.0099178910932087
2.0076815018632796
2.005678860695851
2.003633926189665
2.0014936769395466
1.999162591892594
1.9966447972281978
1.9946980657915179
1.9927614434943457
1.9907204288585811
1.9887481151096769
1.9866400500588084
1.984361573799091
1.9819384749517186
1.9793754986229908
1.9767380447562553
1.9750089692824513
1.9740310647667811
1.9730576990484412
1.9718402698191226
1.970421483035523
1.968800307152794
1.9670144967123635
1.9651302768934573
1.9631455846063801
1.9618753402808566
1.9605040045602535
1.9591180209028123
1.9576759212056531
1.9561352058210488
1.9544511057026068
1.9525963880663464
1.9505537229588255
1.9483509620909332
1.9467842517761655
1.9455138011416726
1.943978243481307
1.9423436575155573
1.940599521486976
1.938740058744416
1.9367407185205006
1.9346161487520679
1.9324010093460027
1.930819651094397
1.9292845060519705
1.927710781232238
1.926079083592062
1.9243980781081633
1.9226343427274748
1.920761469901894
1.9187887435350506
1.9167268916933613
1.915239404022901
1.9139757615844033
1.9126762213852038
1.911312106478535
1.9099104433394078
1.9084109897487136
1.9068376775469202
1.9051704947639816
1.9034038710577192
1.9022246089877677
1.9013189126114403
1.9002646737770366
1.8991076930757964
1.8978551913216544
1.896491282723955
1.895020712388998
1.893450494821748
1.891770933500636
1.8904713933014365
1.8892519009824227
1.8879651519393352
1.8866024811954532
1.8851521291395121
1.883623792293081
1.8820141697126467
1.8803325453018394
1.8786034698280354
1.8772333719612495
1.875883698682449
1.8745443408521263
1.873136694752882
1.8716815975906413
1.87018544494346
1.8686352393462564
1.8670396457757517
1.8654021714844282
1.8640481657172672
1.8626691965647906
1.8612945599006747
1.8599063068445683
1.8584893768416944
1.8570493402342307
1.8555841339324821
1.854087362358392
1.8525685157245602
1.8512745458675386
1.8499599451135618
1.8486707203628396
1.8473903668978084
1.846102173691934
1.844806140745217
1.8435070131639564
1.842198189061127
1.8408784305829116
1.8398064491771264
1.8387247712497723
1.8376424743955095
1.8365614153950642
1.835477055451106
1.8343889819456958
1.8332949254801687
1.8321911724930726
1.8310810239279205
1.8300798064986912
1.8290750818169796
1.8280804662747758
1.8270908021478414
1.8261032011106024
1.8251164253092416
1.8241348072321197
1.8231591721151146
1.8221936461376176
1.821376250000258
1.8205683440754976
1.8197845763001745
1.8190187574052026
1.8182661422842818
1.8175275561732904
1.8167982539659289
1.8160823618415882
1.8153809113451158
1.814745892336839
1.8141253149564307
1.8135294946523683
1.8129563683349565
1.812405317077287
1.811877785042146
1.8113748037743813
1.8108986426726583
1.8104509522087335
1.810047205555323
1.8096368570148866
1.8092227949129984
1.8088035750868716
1.8083794038454755
1.80795028118881
1.807516413425845
1.8070782131745193
1.8066354741258637
1.8062022252898073
1.8057644376564208
1.805324999551278
1.8048839109743786
1.8044393151449971
1.8039918309900416
1.8035420774364213
1.8030894355572271
1.8026332864255505
1.8021872464333821
1.8017372865707921
1.801286501472324
1.8008340659020994
1.8003795672421794
1.7999230054925637
1.799463761726344
1.7990020422524895
1.7985380533799702
1.7980860304276847
1.7976317380767342
1.7971780646526923
1.7967237723017417
1.7962682420969738
1.79581085511148
1.7953520239631995
1.7948919549611015
1.7944308544141558
1.793982132405383
1.793532172542793
1.7930826252981422
1.7926326654355522
1.792181467719145
1.7917288258399509
1.7912745334890003
1.7908185906662935
1.79036099737183
1.7899213529577176
1.7894800580718488
1.7890395884218582
1.788599325080837
1.788159061739816
1.7877173542360079
1.7872735836425044
1.7868285751951838
1.7863815036581674
1.7859476358952024
1.78551253027842
1.785078249897516
1.7846441758255815
1.7842090702087992
1.7837723141202604
1.7833337012509958
1.7828926126740965
1.7824488420805928
1.782019513114958
1.781588327368597
1.781157347931206
1.780726162184845
1.7802933259667277
1.779858839276854
1.7794222894972849
1.7789832640100811
1.7785427943600904
1.7781165600289988
1.777688056299242
1.7772603778053635
1.7768324930025154
1.7764033703458502
1.7759723909084588
1.775539348381372
1.77510403645562
1.7746668677491424
1.7742484731588937
1.773828634405858
1.7734096208887007
1.7729901947536042
1.772570149691599
1.772148660466807
1.771725314461289
1.7713003179840148
1.7708728457991059
1.7704598152420654
1.7700434837415122
1.7696273585499285
1.769209789195558
1.7687911882963396
1.7683703179984565
1.7679473846108775
1.7675209439708164
1.76709223393209
1.7666802349198973
1.766265347582131
1.7658512854802428
1.7654368107604157
1.765020685568832
1.7646031162144615
1.7641838963883345
1.7637626134725122
1.7633390611580246
1.7629355208135835
1.7625299173794469
1.7621253454901582
1.7617197420560216
1.7613126944590982
1.7609033774635097
1.7604915847602864
1.760077728967368
1.7596618100847539
1.7592611580658863
1.7588588555752627
1.758457378320517
1.7580550758298934
1.757650710249574
1.7572444878885287
1.7568362024377882
1.7564252349704432
1.7560113791775245
1.7556193921353782
1.7552241041497192
1.7548294350909688
1.7544343534142794
1.7540374149568638
1.753638413409753
1.7532365235370682
1.7528319516477795
1.752425316668795
1.7520374558060399
1.751648976016376
1.7512617340805294
1.7508738732177742
1.7504847745012015
1.7500938190039033
1.7497008004169092
1.7493042745774328
1.7489052730303218
1.7485264897622268
1.7481452307864973
1.7477650033556154
1.7473837443798859
1.7470000096965215
1.7466133866875837
1.7462236690441024
1.745830444148139
1.7454345372355713
1.7450555476585066
1.7446749076096857
1.744294680178804
1.743913008585135
1.74352968651971
1.743142650892833
1.7427529332493519
1.742360327280297
1.7419646266766988
1.7415821298471519
1.7411967446920313
1.7408117721548497
1.7404257680728206
1.7400372882831565
1.7396467454037972
1.7392531078898945
1.7388565820504183
1.7384577868122768
1.7380769404544862
1.7376929994621526
1.7373100900146665
1.7369267679492415
1.7365428269569076
1.7361572354928174
1.73577040617491
1.735381513767307
1.7349897330341304
1.7346181705799695
1.7342435134912657
1.7338692690205006
1.7334944056228272
1.7331172728264885
1.732738283249424
1.732355786419877
1.7319708138826957
1.7315829530199405
1.73121118425681
1.7308371460950147
1.730464139478067
1.7300904107797261
1.7297146189916897
1.729336660959473
1.7289567429920454
1.7285738335445593
1.728188861007378
1.7278233846678188
1.7274552263116556
1.727087790036886
1.7267188064448447
1.7263477597631078
1.725974856300645
1.725599373976063
1.7252222411797242
1.724842632675751
1.7244774657996464
1.7241097200614224
1.7237436247949547
1.7233760853657
1.7230072049281435
1.7226363645553764
1.7222630484749744
1.7218870503779684
1.7215087828822973
1.721150836820127
1.7207900024323828
1.7204296838170625
1.720068127347925
1.7197048172525464
1.719339031449533
1.7189706667844002
1.7186000327206026
1.7182266134857158
1.717873928302269
1.717518973720157
1.7171653601463472
1.716811540263568
1.716456069909032
1.7160984333103162
1.7157383210039654
1.7153756298354954
1.7150100503414516
1.714670156314117
1.7143269613432695
1.713984178990361
1.7136404682470896
1.7132950038775772
1.7129468574914604
1.7125952038528613
1.7122397334983255
1.711880446427853
1.711532918968645
1.7111824000293785
1.7108325000170206
1.7104817747687844
1.7101295022032765
1.709774857084619
1.7094174267948725
1.7090572113340372
1.7086937980841737
1.7083467863973893
1.7079960611491534
1.7076449232829782
1.7072922380995312
1.706936974053965
1.706579750073188
1.7062206693116853
1.705860350696365
1.7054979689913492
1.7051580749640145
1.704815395765591
1.7044736449575302
1.7041311720680763
1.7037869455523809
1.7034399338655968
1.7030918906339647
1.7027415780036677
1.702389821210584
1.70205879846894
1.7017248874017221
1.701392111033837
1.7010580968121345
1.7007221226552212
1.700383775945158
1.70004315983643
1.69969883016625
1.6993510963980722
1.6990183200301872
1.698682242718789
1.6983464748708454
1.6980090565511454
1.6976697814507193
1.6973287527240521
1.6969852482897503
1.6966399902292073
1.6962922564610297
1.6959671135250178
1.6956390822634322
1.6953121857011793
1.6949847733665022
1.6946544727062518
1.6943213868749123
1.6939856190269684
1.6936468596989662
1.6933049025819362
1.6929887340860998
1.6926697804191744
1.6923517551426122
1.6920325951667172
1.6917125068004595
1.691389942726567
1.691063974554677
1.6907349117482435
1.6904020322258737
1.6900899899094284
1.689773821413592
1.6894577560722404
1.6891405560315562
1.6888208802832374
1.6884990382907383
1.6881749268995743
1.6878476177193822
1.6875172139046468
1.6872071315234123
1.6868943671255734
1.6865829437360367
1.686271107728561
1.6859583433307221
1.6856431032252488
1.685325181103171
1.6850031328017026
1.6846774740932668
1.6843796670957205
1.6840780433822375
1.6837774512136021
1.6834758275001191
1.6831718312334862
1.682864327714371
1.6825533169427733
1.6822387989186933
1.6819204641786767
1.68162049093695
1.681316185206863
1.6810115700133215
1.6807058201204472
1.6803981102923624
1.6800874089842193
1.6797736130415326
1.6794561035373943
1.679135293089743
1.6788429532798896
1.6785447336644042
1.6782472361303122
1.677947056579616
1.677643988703346
1.6773375167290785
1.6770280532747526
1.6767142573320661
1.6763973667548362
1.6761025512373484
1.675804331621863
1.6755051836160144
1.6752038693659856
1.6749000794083224
1.6745937105885396
1.6742839376707594
1.6739703480370423
1.6736530448418734
1.6733582293243856
1.6730585655461132
1.6727592112312952
1.6724587222171448
1.6721558606498443
1.6718509359928484
1.6715439482461572
1.6712333500924987
1.6709199667677512
1.6706268017220196
1.6703317798955624
1.670037583304983
1.669741426779193
1.669443516627162
1.6691420992226484
1.6688366587932286
1.6685272984933874
1.6682146372500335
1.6679238447574518
1.6676297513213574
1.6673363799666563
1.6670416676036532
1.6667449953054394
1.6664448157547431
1.6661406131791408
1.6658326970420865
1.665521170498065
1.665233266331057
1.6649414422936275
1.6646494119472286
1.6643561437470125
1.6640606061481311
1.6637618707602218
1.6634606596646777
1.663156147625621
1.662848128334082
1.6625617714843455
1.6622735578538834
1.6619854473779059
1.6616964085115653
1.661405925482438
1.661112038355313
1.6608157786750384
1.6605163212057357
1.6602139754108591
1.659938552936509
1.6596593137462223
1.6593804871738744
1.6591004227477095
1.6588177794594252
1.6585317320731432
1.658242074279894
1.657948290307254
1.6576507927731619
1.657372481973238
1.6570897355304688
1.6568079174780626
1.6565251710352935
1.6562396394214354
1.6559508068640645
1.655658054436272
1.6553616916015126
1.6550622341322099
1.6547903189103421
1.6545157216718702
1.6542423622872156
1.653968487130137
1.6536924457288782
1.6534135160020458
1.6531309758682462
1.6528448253274794
1.6525557864611389
1.6522929488339313
1.6520271197266654
1.6517622190097623
1.6514963899024964
1.651227569315172
1.6509556540933041
1.650680644236893
1.6504026429004235
1.6501207216935325
1.6498580903752946
1.6495908171052418
1.6493229249082801
1.649053485394047
1.6487814670176946
1.6485056319254052
1.648226186426149
1.6479423052840472
1.647655020043948
1.6473889846277123
1.64711913249554
1.646850208753731
1.646579325076711
1.6463059656920562
1.646029717981828
1.645750066173602
1.6454669071128938
1.6451799313362487
1.6449108012854698
1.6446378545187543
1.6443660424513715
1.6440925799122321
1.6438174669013363
1.6435409097276537
1.6432617736918516
1.642980677720839
1.6426966934242524
1.6424338557970448
1.6421691613891114
1.6419063237619038
1.641642145126394
1.6413767286370673
1.6411083206676818
1.6408363022913293
1.6405602608900705
1.6402811248542686
1.6400267458948126
1.639768962837359
1.639512314479238
1.6392545314217843
1.6389938600387572
1.638729475094278
1.6384607576614383
1.638188223512662
1.6379105316396467
1.6376539864360105
1.637393418207468
1.6371322310520169
1.6368693934248093
1.6366038737809976
1.6363360847385209
1.6360655105249553
1.6357927700672092
1.6355170381294049
1.6352669916583094
1.6350130253167925
1.6347590589752756
1.6345024106171546
1.634243699169338
1.6339809646966155
1.6337146198169255
1.633444973993723
1.6331723366904616
1.6329215681379727
1.6326679112599103
1.6324148733087565
1.632160288040331
1.6319028144463317
1.6316424525267588
1.6313784802002187
1.6311111037756811
1.6308400137896915
1.6306076067354927
1.6303704545749942
1.6301352623497065
1.6298988322706014
1.6296606485652552
1.629419267070881
1.6291742751695395
1.6289257760157159
1.6286734601459554
1.6284401247013935
1.628202559922956
1.6279645825265794
1.6277235104956593
1.6274788280577723
1.6272304320584332
1.626978013034188
1.6267218804484909
1.626461931146857
1.6262359196707143
1.626007845104876
1.6257806989294008
1.6255525212090778
1.625322486708029
1.6250898733448604
1.6248534432657555
1.6246127838527746
1.6243684108783418
1.624140645775958
1.6239072071769114
1.6236720149516237
1.6234337280917925
1.6231924497519032
1.6229467357691683
1.6226971019160121
1.6224434450379495
1.6221861777529198
1.621957896878112
1.621727037141185
1.6214979310304989
1.621266968139087
1.6210334263855555
1.6207961710705723
1.6205542738037741
1.6203081472031002
1.6200572754961267
1.619827550458532
1.6195946276319093
1.6193618079597714
1.6191271315069076
1.6188898761919244
1.6186484946975501
1.6184039154141476
1.6181547973334154
1.6179011404553527
1.6176711059543039
1.6174367389648943
1.6172033003658477
1.6169683144495295
1.6167308528255766
1.6164913281119284
1.6162493276906456
1.6160035105534258
1.6157536703913
1.615524564280614
1.6152922603809
1.6150614006439727
1.614829921980137
1.6145963802266057
1.6143598469930158
1.6141203222793674
1.6138769808497826
1.613629203777352
1.6134133014407175
1.6131938918516002
1.6129763390432093
1.6127573420720311
1.6125353536207947
1.612309342144652
1.6120789981801487
1.6118443217272846
1.6116057254039995
1.6113871410507605
1.6111653589084936
1.610943886229681
1.610720247306688
1.6104926885132735
1.6102613130039225
1.6100261207786348
1.6097861834470475
1.609541604163645
1.6093246702821626
1.6091042291481976
1.6088845100956262
1.6086628311078441
1.6084385732579425
1.60821018922865
1.6079786074103293
1.6077426931036483
1.6075027557720607
1.6072798389304612
1.607052692754986
1.6068255465795107
1.6065965436233096
1.6063645491870497
1.6061297695797012
1.6058914827198703
1.6056492759896177
1.605403562006883
1.6051832240274029
1.6049602040313184
1.6047371840352342
1.6045133388032717
1.604286811554705
1.6040570865171107
1.603824060536003
1.6035874241479284
1.6033476931253106
1.6031343696507951
1.6029181578507061
1.6027026681320105
1.602487591031254
1.6022703476863172
1.602051350715139
1.6018289496459635
1.6016029381698207
1.601372800514287
1.6011705145696427
1.6009645150635463
1.6007599597202369
1.6005544759865644
1.6003476512445898
1.6001376287135873
1.5999236863121633
1.5997054114223785
1.599482494580779
1.5992786613188632
1.5990703924141016
1.5988605761920687
1.5986484905713707
1.5984332071616445
1.598214003881497
1.597990364958504
1.5977624967016353
1.5975301928019212
1.5973221302061296
1.5971104572033705
1.596899093664066
1.5966864922709438
1.596471621479157
1.5962533465893722
1.5960318739105597
1.5958069971337494
1.5955784067954875
1.5953695189638173
1.5951560923348171
1.5949420467789084
1.5947258349788194
1.5945067348531565
1.5942840243205265
1.594056981299536
1.5938261215626088
1.5935918577276842
1.59338482667674
1.593174597836768
1.592966122623037
1.5927569253279126
1.5925466964879404
1.5923336824768795
1.5921170580588513
1.5918967200793712
1.5916726685384393
1.5914733740738531
1.591270159738846
1.5910659138589907
1.5908600175073793
1.5906512328301938
1.5904385282825872
1.590222419636983
1.5900030100478657
1.5897804026697206
1.5895858533114344
1.5893878998551505
1.5891898432443818
1.5889897235439177
1.5887867155178799
1.5885806128572988
1.5883713124076897
1.588158092087659
1.5879417771330853
1.5877405227332886
1.5875354516175553
1.587329452111459
1.5871218021336062
1.5869114701391491
1.5866993845184512
1.586483688490786
1.5862648978285774
1.5860428062228562
1.5858442338396637
1.585642051049504
1.5854416218855856
1.5852410895671825
1.5850380815411445
1.584832185189533
1.5846231942033782
1.5844110054281952
1.5841952062460454
1.584004267294726
1.5838085832371074
1.583614137033306
1.583418865593626
1.5832217373732205
1.5830219271362107
1.5828185064922338
1.5826114754412897
1.5824002150564698
1.5822148464473287
1.582025970585705
1.5818374041875356
1.581647599935549
1.581454804203504
1.581257882292068
1.581056731046756
1.5808516599310227
1.5806417405545048
1.580448325895551
1.5802514039841151
1.5800536568368007
1.5798540529087606
1.5796516638096312
1.5794457674580198
1.5792365701628954
1.5790240719242583
1.5788076538151996
1.5786186747990911
1.5784256727580765
1.5782332896439706
1.5780394623670777
1.5778438814639437
1.577645824853175
1.5774456019982261
1.5772414592728559
1.5770337061405182
1.5768522574017985
1.5766670951016268
1.5764838927366658
1.576299658826857
1.5761126397459593
1.575921803949125
1.575727151436354
1.5755278569717681
1.5753246426367606
1.575147320077432
1.5749666965745903
1.5747870014621117
1.5746056558778767
1.5744215251225526
1.5742348155051094
1.5740437733993053
1.57384881142308
1.573650032730918
1.5734849855552775
1.5733169468995785
1.5731503524066663
1.572982416905452
1.5728116962331489
1.57263674622697
1.5724584952772782
1.5722751897578324
1.5720873454410567
1.5719208541026293
1.57175064920275
1.5715793096035382
1.5714061132236004
1.5712293064366953
1.571048064006945
1.5708623859343496
1.5706718596009697
1.5704773102426832
1.570298852984022
1.570115650619061
1.5699314167092522
1.5697445007828394
1.5695557280757004
1.5693632418071097
1.5691678672129452
1.5689690885207832
1.5687663899581998
1.5685888610899015
1.5684078249691207
1.5682285424745812
1.5680481252807092
1.567865954460596
1.5676809984693938
1.5674918131443158
1.567298914257786
1.5671013734194412
1.5669339536906508
1.5667630267093782
1.566593131272953
1.566421894828226
1.5662482858303493
1.5660715821979292
1.5658915776219962
1.5657076531756418
1.5655200151678355
1.5653601257164338
1.5651986889477603
1.5650396247322367
1.5648790131994417
1.5647143786417401
1.5645451021322239
1.5643713899798621
1.564192416948777
1.5640083893479377
1.5638497377503533
1.5636856189650759
1.5635227380336156
1.5633573813945207
1.5631886206574284
1.5630160432043991
1.5628397521899182
1.5626591286870766
1.5624741726958744
1.5623137674720486
1.5621508865405884
1.561988211918098
1.5618232678969421
1.5616550229322734
1.5614831675606378
1.5613069797006416
1.5611269751247085
1.5609428443693847
1.5607823359910742
1.5606184235147662
1.5604539952660343
1.560287503927607
1.5601184337270602
1.5599461657374853
1.559770493649913
1.5595915206188278
1.5594081119448973
1.5592467783307087
1.5590821437730074
1.5589184376056688
1.5587527715031197
1.5585842170749968
1.5584116396219676
1.558234317062639
1.5580526620149495
1.5578665713244149
1.557702143075683
1.5575347233468926
1.5573674067725871
1.5571983365720403
1.5570265843548894
1.556851324885256
1.5566730739355643
1.5564915220423599
1.5563069786690966
1.556152040632964
1.5559945237347121
1.5558387604627015
1.5556820688003279
1.5555232108937738
1.5553604331167983
1.5551936323149167
1.5550224990246744
1.5548478584819496
1.5546918889009693
1.5545319994495677
1.5543709752988333
1.5542075785949492
1.554040984102037
1.5538704697387036
1.5536963449684027
1.5535188161001043
1.5533371610524151
1.5531746927388939
1.5530091297908295
1.5528428447613718
1.5526744966422183
1.5525032601974913
1.5523283101913123
1.552149852932651
1.5519681978849618
1.5517831387392749
1.5516212893526622
1.5514550043232045
1.551291298155866
1.5511266635981646
1.550960275414222
1.5507915146771296
1.55061914353307
1.5504433682910128
1.5502636731785342
1.5501003796291348
1.5499329599003444
1.549765127553615
1.5495958510440988
1.549424408290402
1.5492506961380406
1.5490737861966508
1.5488940910841722
1.548710991873696
1.5485505866498703
1.548387293100471
1.54822482478695
1.54806173754652
1.5478959682894862
1.547727001243424
1.5475542174814254
1.5473778233124598
1.5471974061185876
1.5470399923748206
1.5468796903054796
1.546720110317532
1.546559911402676
1.5463975462436397
1.5462319832955753
1.5460638414853916
1.5458917798047864
1.5457166234896378
1.5455623043804139
1.545405715872525
1.5452501589094838
1.5450946019464427
1.544936981893706
1.544776679824365
1.5446131799659961
1.5444459665461754
1.5442750395649025
1.544128869659976
1.5439792956570517
1.5438301342720666
1.5436793224153251
1.5435263443144034
1.5433702715789384
1.5432104852820212
1.5430464696512285
1.5428781215320753
1.5427338084078746
1.542585781722222
1.542437445573115
1.5422882841881298
1.5421361313230861
1.5419804712055603
1.5418205817541586
1.5416565661233657
1.541488836931121
1.5413487531407961
1.5412066062607759
1.541066419315966
1.5409253039807935
1.540782744482834
1.5406370903503313
1.5404879289653461
1.5403347445554547
1.5401773308116875
1.5400413732007536
1.5399022178007917
1.5397626497828907
1.5396203997483855
1.5394749519248523
1.5393252747674433
1.5391714714306433
1.539013232450998
1.5388512799099008
1.5387163538438147
1.538576992134883
1.5384376304259517
1.5382959993183551
1.5381515830396697
1.5380038658174715
1.5378524350338212
1.537697393843204
1.5375383296276803
1.5374022688622617
1.5372622882264215
1.5371214823547033
1.5369795417836525
1.5368345065780584
1.536686376737921
1.5365345333363316
1.5363782542918971
1.5362183648404952
1.5360760116515053
1.535930254364518
1.5357844970775303
1.5356364703918777
1.5354859679985906
1.5353322678162753
1.5351752666904472
1.535014655157652
1.5348504332178896
1.5347082863378694
1.534563766904699
1.534420072707407
1.5342757595832064
1.5341296928327646
1.5339808409112337
1.5338284817372205
1.5336729247741794
1.5335140668676253
1.533373260995907
1.5332303920344932
1.5330877293820488
1.5329438288757873
1.5327978652798302
1.5326499417486625
1.5324985109650122
1.5323437792378494
1.53218502448578
1.532055152989448
1.5319225994765115
1.5317909743539384
1.5316582145320325
1.5315226695390376
1.531382895212167
1.5312388915514208
1.531090452247829
1.530937577301392
1.5308043017070623
1.5306682409416437
1.5305313549403468
1.530392612158324
1.5302512905141818
1.5301069773899811
1.5299595696312371
1.5298084483110412
1.5296537165838784
1.529521163070942
1.5293844833786148
1.5292475973773179
1.5291089577497798
1.528967532951153
1.5288231166724673
1.5286748836778452
1.5285231434307407
1.528367895931154
1.5282350329547632
1.5280989721893445
1.527963324041865
1.527826025422629
1.5276866637136977
1.5275442073702228
1.5273980374652962
1.527248463462372
1.5270952790524808
1.5269630350029988
1.5268277994734583
1.5266932860253113
1.5265573284143774
1.5264181730144155
1.5262759229799103
1.5261301656929227
1.5259810043079376
1.5258286451339245
1.5257020745811052
1.5255730283206512
1.5254452199140145
1.5253166894259844
1.5251867147751677
1.5250545738801704
1.5249193383506299
1.5247805955686071
1.524638345534102
1.5245159011606737
1.524389949534763
1.524263688445398
1.5241359831932462
1.5240058022334597
1.5238726297936147
1.523736156410257
1.5235963820833864
1.5234528941950638
1.523333028683755
1.5232093464565093
1.5230852516113247
1.5229589905219596
1.52283025372496
1.5226982159844475
1.5225624646824834
1.5224228966645823
1.52227940877626
1.5221560360124684
1.5220281244513472
1.5219003160447104
1.521771063475287
1.5216386131168353
1.5215026555059015
1.5213636032604245
1.5212208374534955
1.5210751833209926
1.5209494380040516
1.5208207012070518
1.5206919644100523
1.520561267677842
1.5204278889290275
1.5202923439360327
1.5201543232354033
1.5200136205181698
1.5198702357843321
1.5197434589225431
1.5196156505159066
1.519488770499633
1.519361168401966
1.5192315032146033
1.5190988465471822
1.5189627857817636
1.5188237335362864
1.518681070883842
1.5185533656316903
1.5184222562815408
1.5182905280044827
1.5181561177108205
1.5180188190915844
1.5178789416102292
1.5177365884212393
1.5175912437521908
1.517442804448599
1.5173140676515995
1.5171828551469653
1.5170517457968158
1.5169198112107882
1.516785813535065
1.516649030688253
1.5165101847517453
1.5163683473351792
1.51622341528407
1.5160991141299156
1.515972234113642
1.5158454572518532
1.5157178551541861
1.5155890152027016
1.5154587310884304
1.5153263838844637
1.515191251509408
1.51505261188187
1.5149349126147413
1.5148140155585845
1.5146928090389735
1.5145707772834844
1.5144461666658757
1.5143187708771784
1.5141883836084222
1.514054901705123
1.5139182220127958
1.5137988722739106
1.5136763247459974
1.5135537772180845
1.5134298886818693
1.513303730746989
1.5131746844865352
1.5130420278191141
1.5129065859806041
1.51276846212549
1.5126516912487242
1.5125318257374154
1.512412063380591
1.5122907537064953
1.5121672777882194
1.5120409135443695
1.5119114546659764
1.5117791074620097
1.511643562469015
1.5115206023231629
1.511393825461374
1.511266635981646
1.5111376928756768
1.511006789834497
1.5108733079311976
1.5107370408568095
1.5105982980747865
1.5104564606582205
1.5103376266917594
1.510215182318331
1.5100932537173266
1.5099703967259592
1.5098454766448963
1.5097186997831074
1.509589447213684
1.509457203164202
1.5093218644801767
1.5092117986449214
1.5090993602565164
1.5089876439495047
1.5088746897886756
1.5087590536112425
1.508640425953751
1.5085183941982616
1.5083925457268357
1.5082636026208667
1.5081464191261618
1.508026553614853
1.5079058628676658
1.5077830058762984
1.5076572605593572
1.5075289363802968
1.5073973112577235
1.5072627978095765
1.507125189726886
1.5070048084431533
1.5068817451428163
1.5067596102328424
1.5066364437780206
1.5065125552418055
1.5063863973069251
1.5062580731278647
1.5061269637777153
1.5059929661019922
1.5058739258265614
1.5057530287704046
1.5056316159418242
1.5055092747228807
1.5053843546418177
1.5052568556986354
1.5051265715843642
1.5049933991445192
1.5048570289156462
1.5047402580388807
1.5046204956820564
1.5045013522521409
1.5043818993587712
1.5042603833757058
1.5041371137663992
1.5040111621404886
1.503882322189004
1.5037504907574613
1.5036337198806957
1.5035145764507802
1.5033954330208645
1.5032752580461013
1.5031532262906122
1.503028925136458
1.5029026640470928
1.5027736177866389
1.5026419926640657
1.5025253249417847
1.5024074193656867
1.5022891011716493
1.5021702672051882
1.502049163840062
1.5019256879217857
1.5017999426048447
1.5016717215802688
1.5015405090756346
1.501431165321773
1.5013191395513068
1.501207939016719
1.5010960164007379
1.5009826496219698
1.5008671165990215
1.500748798404984
1.5006274887308884
1.500503187576734
1.5003950816766896
1.5002847063779798
1.5001747436972095
1.500063336853652
1.4999504858473078
1.4998354685967834
1.4997177693296546
1.4995965628100436
1.499472467964859
1.4993612674302712
1.4992477974970184
1.4991342244092807
1.4990194134677257
1.4989023331275058
1.4987827770796511
1.4986602295517382
1.4985347936982512
1.498406366364706
1.4982951658301182
1.4981815927423805
1.4980687417360363
1.4979547560303597
1.4978391198529264
1.497720904813374
1.4975998014482477
1.4974763255299717
1.4973500644406066
1.4972353566535366
1.497118070004347
1.4970003707372184
1.4968813304617876
1.4967601239421766
1.49663685433287
1.4965107995524747
1.4963822690644446
1.4962515723322343
1.4961343888375294
1.4960155548710683
1.495897236677031
1.495777886938146
1.4956568867275044
1.4955344423540762
1.4954101411999219
1.4952834674926176
1.4951549370045878
1.495037237737459
1.4949177848440893
1.494798538259689
1.4946784664394104
1.4945569504563452
1.494433474538069
1.4943078323756127
1.4941802302779457
1.494050565090583
1.4939336910593326
1.4938153728652952
1.4936981893705905
1.4935807995669161
1.4934621719094245
1.4933417906256918
1.4932189336343245
1.4930937040898071
1.4929663083011095
1.4928565519293087
1.4927445261588426
1.4926334287787397
1.4925217124717278
1.4924086551564142
1.4922937410603745
1.4921764544111848
1.4920568983633302
1.4919350729168106
1.4918283080250683
1.4917200989705388
1.4916129214608573
1.4915049187152976
1.4913955749614356
1.4912841681178783
1.4911705950301406
1.4910544430802837
1.4909355059593377
1.490826162205476
1.490713208044647
1.4905994286479398
1.4904838956249913
1.4903661963578627
1.4902461245375842
1.4901237833186407
1.4899998947824256
1.4898738400020302
1.4897594416784143
1.4896431865740725
1.489527240933185
1.4894104700564192
1.4892922550168668
1.4891726989690122
1.4890516987583706
1.488928532303549
1.4888033027590317
1.4886942684686242
1.4885827584705822
1.4884718673994486
1.4883606668648608
1.4882479190130014
1.488133726998355
1.488017575048498
1.487899566317915
1.4877792881886671
1.4876733485328029
1.487564933169304
1.4874563114968355
1.4873462456615802
1.4872346325090533
1.48712136888477
1.487006145325276
1.4868891681395409
1.4867702310185948
1.4866617125006112
1.4865515435108712
1.4864412713666464
1.4863305866044825
1.486218663988501
1.4861049877462789
1.4859896610323
1.4858725806920798
1.4857534372621644
1.4856532742574475
1.4855509450085504
1.4854489252231078
1.4853466991286954
1.4852427194080418
1.4851369860611472
1.4850291896245569
1.4849196395617255
1.484807820100229
1.4847091012582991
1.4846079067087345
1.4845068153136547
1.4844044860647574
1.4843003000351345
1.484193947761331
1.4840854292433474
1.4839746413266988
1.483861584011385
1.483764206177757
1.4836650747178879
1.4835667684938971
1.4834674307250584
1.4833662361754938
1.4832629785362337
1.4831575546527933
1.4830499645251727
1.482940104998887
1.4828389104493225
1.4827358591190318
1.4826322920163173
1.4825276933687552
1.482421237940467
1.4823132351949073
1.4822030662051673
1.4820908341257317
1.481976435802116
1.4818724560814622
1.481766619580083
1.4816610925421576
1.4815551528862934
1.4814478722221271
1.481339044240689
1.4812281531695557
1.4811151990087266
1.4810002849126869
1.4809003282169397
1.4807990305128902
1.4806991769716278
1.4805988076579413
1.4804976131083767
1.4803953870139643
1.4802914072933109
1.480185364482962
1.4800777743553413
1.479982872229348
1.4798861133226286
1.479789560724879
1.4796919765822816
1.479592535658958
1.4794913411093935
1.4793881866246181
1.4792833816680864
1.479176616776344
1.4790808894144725
1.4789829958084206
1.4788852053568537
1.4787866928238933
1.478686736128146
1.4785855415785814
1.4784819744758668
1.4783764474379417
1.4782686510013516
1.4781777719002644
1.4780845202460275
1.477992093827669
1.477899357945856
1.4778049715922865
1.477708728457991
1.477610422234
1.4775100529203138
1.4774072078989928
1.4773135436268168
1.477217506801491
1.477121057358226
1.4770230605976895
1.4769232070564269
1.4768213935799537
1.4767177233227544
1.4766124025937988
1.4765054313930868
1.4764092914132763
1.4763115009617092
1.4762137105101423
1.4761151979771818
1.476015034972465
1.4759131183415068
1.4758090354663687
1.4757034052739586
1.4755961246097924
1.4755000877844666
1.4754027099508387
1.4753057447351499
1.4752082637470372
1.475109648059592
1.475009072436936
1.4749069494970084
1.4748028666218702
1.474696823811521
1.4746009932951647
1.474503615461537
1.4744072691727568
1.474310303957068
1.4742122040420467
1.4741125568097537
1.4740111559512195
1.4739078983119593
1.4738030933554276
1.4737113890184623
1.4736184468276798
1.4735264330272602
1.4734341097633863
1.4733407549546647
1.473245543365217
1.4731485781495282
1.4730495498441438
1.472948561603549
1.4728578888114314
1.4727650497751335
1.4726724170478054
1.472579371702538
1.472485707430362
1.4723910116133383
1.472294665324558
1.4721967717185063
1.4720971244862133
1.4720065548485806
1.4719147473571306
1.4718229398656806
1.471730926065261
1.4716374681020545
1.471543081748485
1.471446735459705
1.4713485323901987
1.4712485756944516
1.471161100691362
1.4710712531351227
1.4709821276602768
1.4708921769495527
1.4708005757670721
1.4707076335762896
1.470612525141327
1.4705158693890923
1.4704174600106166
1.4703248272832885
1.4702303377752342
1.4701354356492409
1.4700392956694304
1.4699418146813177
1.4698425800669637
1.4697417981353382
1.4696396751954106
1.4695361080926963
1.4694400712673705
1.4693427965882273
1.469245521909084
1.469147834612002
1.4690494252335262
1.468949984310203
1.4688489960696078
1.468746976284165
1.4686438217993898
1.468547681819579
1.4684505102949208
1.4683538545426862
1.4682568893269974
1.4681593051844
1.4680608958059242
1.467961454882601
1.4678605697964906
1.4677587563200174
1.4676654015112958
1.4675709120032416
1.467476628804157
1.4673819329871332
1.4672868245521702
1.4671903751089053
1.4670927909663078
1.4669938658154082
1.4668937028106914
1.4668010700833634
1.4667069931932482
1.4666131226121026
1.466518839413018
1.4664236278235703
1.4663271783803054
1.4662293879287385
1.4661303596233541
1.4660297840006982
1.465941277452761
1.4658516362054912
1.4657627170396148
1.4656736947192537
1.4655839503174992
1.465493071216412
1.465400851107023
1.4653078057617557
1.4652132130992166
1.465128626421701
1.4650430081993373
1.4649575962859434
1.4648716686001255
1.4647850188329143
1.464697028057401
1.4646077994280702
1.4645172297904376
1.4644249065265635
1.4643425892477129
1.4642588278060753
1.4641757884458313
1.4640921301586785
1.464007852944617
1.4639219252587992
1.4638346565646791
1.463745737398803
1.4636554772246244
1.4635718189374716
1.4634868196420168
1.4634015108831075
1.4633152737338355
1.4632279018852308
1.4631389827193544
1.4630486193906913
1.462956915053726
1.4628638697084586
1.4627782514860952
1.4626909827919752
1.462604229870279
1.4625175801030679
1.4624300019454937
1.4623415985520412
1.462251647841317
1.462160356122291
1.4620675170859931
1.4619829304084773
1.4618971058771442
1.4618115908092655
1.4617257662779324
1.461639219665206
1.4615518478166012
1.4614636507321184
1.461374215793818
1.461283852465155
1.4612004004869716
1.461115813809456
1.4610316397498793
1.4609467436089092
1.4608611253865456
1.460774578773819
1.460687000616245
1.4605984940683077
1.4605087496665532
1.4604263292332176
1.460342670946065
1.4602591158133968
1.4601755606807287
1.4600910771576978
1.4600057683987886
1.4599192217860621
1.4598314373195183
1.4597426213081268
1.4596608198017
1.4595782962138797
1.4594962883984832
1.4594140742741173
1.4593312412228427
1.4592472734722357
1.4591624804857504
1.459076759108902
1.458990006187206
1.4589132592505332
1.4588348618421039
1.4587569802060985
1.4586787891066388
1.4585995664623315
1.458519415427661
1.4584382328481427
1.4583557092603225
1.4582720509731697
1.4581954071909817
1.4581173192460066
1.4580395407644862
1.4579614528195113
1.4578820238662342
1.457801769677079
1.457719968170652
1.4576370319648928
1.4575524452873772
1.4574746668058565
1.457395444161549
1.4573162215172415
1.4572364831005102
1.4571559194479007
1.4570746337138978
1.4569921101260774
1.4569090707658334
1.4568248967062567
1.4567491813144315
1.4566723312232739
1.4565963063679945
1.4565202815127152
1.4564434314215575
1.4563659624034913
1.4562871523771228
1.4562070013424524
1.45612550929948
1.4560508254525026
1.4559750069061927
1.4558994978233373
1.4558237824315121
1.455747551267263
1.455670494867136
1.4555925100766458
1.4555137000502776
1.4554337553245766
1.455361959803173
1.4552892358914065
1.4552169245975788
1.4551440975313275
1.4550707546926522
1.4549960708456748
1.4549201491448802
1.4548427832812987
1.4547643858728696
1.4546908367252247
1.4546161528782473
1.4545414690312701
1.4544662694118689
1.4543903477110742
1.4543131881564622
1.4542349970570025
1.4541556712582102
1.454075004451116
1.4539994953682605
1.4539226452771028
1.4538457951859451
1.4537684293223638
1.4536907539953279
1.4536122534324138
1.4535330307881065
1.4534530860624055
1.453372006637372
1.4532974259448797
1.4532219168620242
1.4531466140881382
1.4530712081597674
1.4529951833044878
1.452918848985754
1.4528414831221728
1.452763292022713
1.4526843788418597
1.452612170702517
1.4525391373272962
1.4524665165700144
1.4523938958127325
1.452320656128542
1.4522465912084734
1.4521717010525266
1.4520959856607014
1.4520196513419676
1.4519502283737138
1.4518797738606124
1.45180973196545
1.4517394837613178
1.451668719784762
1.4515971305723279
1.451524509815046
1.4514505480494622
1.4513755547390306
1.4513054096893834
1.4512341299404035
1.4511630565003932
1.4510916735969288
1.4510195686120708
1.4509467415458195
1.4508730892436899
1.4507987148601669
1.4507233089317961
1.4506525449552403
1.4505807494338365
1.4505094696848568
1.4504378804724227
1.4503658786420497
1.4502929484213134
1.4502195024281535
1.4501452311991152
1.450070031579714
1.4500000928390362
1.4499297414804195
1.4498598027397418
1.4497896576900946
1.449719203176993
1.449648026582498
1.4495765405245489
1.4495043323852062
1.4494316084734395
1.449363423359003
1.4492945161631732
1.4492259184307974
1.4491569080804827
1.4490875882667138
1.4490175463715513
1.4489467823949955
1.4488751931825614
1.4488026755797643
1.448734903083267
1.448666511659861
1.4485980170819701
1.4485295225040793
1.4484605121537646
1.4483910891855107
1.448321253599318
1.4482502833137925
1.4481786941013584
1.448114119393889
1.4480491320684805
1.4479844542065263
1.447920395271481
1.4478554079460726
1.4477896985392706
1.4477234733600448
1.447655907172517
1.447587515749111
1.4475255199037609
1.447462595668048
1.4473998777413046
1.447337262969046
1.447273926115394
1.447210073489318
1.4471453956273639
1.4470798925295316
1.447013564195821
1.4469510525780471
1.4468880251878495
1.446824894643167
1.4467612483260606
1.4466971893910152
1.4466323052200913
1.4465665958132896
1.4465000611706094
1.4464327012920513
1.4463711180646404
1.4463090190648056
1.4462474358373947
1.4461855431465296
1.44612334099221
1.4460605199109817
1.4459969767483603
1.4459324020408908
1.445867105252028
1.445805212561163
1.4457430104068434
1.4456806019435542
1.44561829663475
1.4455551660900674
1.4454915197729612
1.4454274608379156
1.4453626798214767
1.4452971767236444
1.445237656585929
1.4451776206757898
1.4451182036925592
1.4450589930182982
1.4449992665716132
1.4449392306614741
1.4448784726699413
1.4448170957515
1.4447549967516653
1.4446965081587977
1.4446374006390215
1.4445780868102756
1.4445187729815299
1.4444590465348448
1.4443987011612514
1.444337736860749
1.444276256787823
1.444213848324534
1.4441549471137272
1.444095323821527
1.4440359068382964
1.4439760772371268
1.4439160413269876
1.4438554896444245
1.4437943190349527
1.4437325294985723
1.4436700178807984
1.443610497743083
1.4435504618329438
1.4434903227683198
1.4434299773947261
1.4433692194031935
1.4433078424847523
1.4432463624118261
1.4431839539485372
1.4431212360217938
1.4430621285020173
1.443002608364302
1.4429432945355563
1.4428842901702648
1.4428250794960036
1.4427655593582884
1.442705626602634
1.4426450749200708
1.4425843169285382
1.4425275819619117
1.442470434377346
1.442413596256235
1.4423568612896085
1.442299713705043
1.442242359811508
1.4421842838365793
1.4421257952437117
1.4420667908784202
1.4420115000745808
1.4419561061162562
1.4419010216213863
1.4418459371265162
1.4417905431681919
1.4417346334374437
1.441678414243241
1.4416216792766148
1.4415645316920491
1.4415106850509964
1.4414559100195807
1.441401650760589
1.4413471851926276
1.4412926164701814
1.441237738284281
1.4411823443259566
1.4411266409041779
1.4410702154010058
1.4410162656054684
1.4409619031919918
1.4409075407785152
1.440852972056069
1.4407984033336227
1.4407435251477223
1.440688131189398
1.4406325309221042
1.4405763117279016
1.4405223619323642
1.440468205827857
1.4404141528778347
1.4403598936188429
1.440305634359851
1.4402511687918897
1.4401961874515046
1.4401409998021497
1.440085296380371
1.4400325844386508
1.4399793567245067
1.4399265416283018
1.4398738296865816
1.4398210145903767
1.439767993185202
1.4397146623165733
1.4396608156755206
1.439606865879983
1.439554979174141
1.4395028861593295
1.4394508962990027
1.439398906438676
1.4393467102693798
1.4392943077911138
1.4392415958493936
1.439188677598704
1.4391354498845599
1.439084388414596
1.4390331206356628
1.438982059165699
1.4389309976957352
1.4388797299168017
1.4388284621378684
1.4387769880499655
1.4387251013441236
1.4386731114837967
1.4386237004855895
1.4385740831784124
1.4385246721802052
1.4384753643364825
1.4384260564927598
1.438376439185583
1.4383266155694365
1.4382766887988052
1.43822624625575
1.4381783825748142
1.4381301062759395
1.4380818299770646
1.438033863141644
1.4379857931517388
1.4379373105438944
1.4378887247815653
1.4378398295557817
1.437790624866544
1.4377436895759712
1.4376965479764288
1.4376497158403407
1.4376031931677071
1.4375562578771344
1.4375092194320769
1.4374619746780497
1.4374143173060836
1.4373664536251478
1.4373207561883923
1.437274955597152
1.437229051851427
1.4371833544146715
1.4371375538234312
1.4370915469232215
1.4370452305595574
1.4369987078869237
1.4369520820598052
1.4369074161678976
1.4368627502759899
1.436818084384082
1.4367737279556287
1.4367292683726907
1.4366844993262982
1.4366399365888751
1.4365950643879979
1.4365502953416054
1.4365066609945454
1.4364629234930006
1.4364194954549103
1.4363760674168198
1.4363325362242447
1.436288695568215
1.4362449580666703
1.4362009111016714
1.4361567609821875
1.436114364488945
1.4360718648412174
1.4360296746569443
1.4359872781637015
1.435944881670459
1.4359024851772164
1.4358595729115498
1.4358166606458833
1.4357737483802167
1.4357322802773371
1.4356906058654877
1.4356491377626082
1.4356078759686979
1.435566511020303
1.4355248366084539
1.4354832653510894
1.4354415909392402
1.4353998133729062
1.4353595831238437
1.4353193528747814
1.4352792257802038
1.435239201840111
1.4351993842089876
1.4351595665778645
1.4351195426377716
1.4350795186976788
1.4350391852941315
1.4350003992078562
1.434961406812611
1.4349226207263355
1.4348839377945448
1.4348451517082692
1.4348064687764785
1.4347674763812335
1.4347284839859884
1.4346892852817736
1.4346518402038002
1.434614291971342
1.4345768468933686
1.4345396081243647
1.434502369355361
1.434465130586357
1.4344276855083835
1.43439024043041
1.4343527953524366
1.4343164849737957
1.4342801745951548
1.4342441736799683
1.4342080696102968
1.434172171849595
1.4341362740888932
1.4341001700192217
1.4340639627950658
1.4340277555709096
1.433993095664025
1.4339583326026557
1.4339236726957711
1.4338892190978563
1.4338548686544261
1.433820415056511
1.4337859614585962
1.4337515078606813
1.4337168479537967
1.4336834259007294
1.4336499006931775
1.4336167881035646
1.4335833660504975
1.433550047151915
1.4335168314078173
1.4334834093547502
1.4334499873016828
1.433416462094131
1.4333840715859114
1.4333515779232073
1.433319084260503
1.4332869000612531
1.4332544063985488
1.4332223253537837
1.4331898316910796
1.4331575443373448
1.4331250506746407
1.4330936917112689
1.4330621264389276
1.4330309737845255
1.4329997179756386
1.4329686684757212
1.4329375158213191
1.4329065694758865
1.4328757262849388
1.4328445736305366
1.432814452520982
1.4327844345659124
1.4327546229198125
1.4327247081192276
1.4326949996276124
1.4326650848270275
1.432635479489897
1.4326056678437968
1.4325760625066664
1.432547282405414
1.4325187086131312
1.4324902379753333
1.4324619736465047
1.4324337093176764
1.4324055481433327
1.432377386968989
1.4323493289491303
1.4323212709292712
1.432293831836321
1.4322663927433708
1.4322390568049053
1.4322119271754095
1.4321846943914287
1.432157564761933
1.4321306414414066
1.4321035118119105
1.4320764853368995
1.4320502840977665
1.4320240828586337
1.4319980879284702
1.4319722993072763
1.4319465106860825
1.431921031528343
1.431895346061634
1.4318699700583792
1.431844387746155
1.431819630669809
1.431795183056917
1.4317707354440254
1.4317463909856185
1.4317221496816963
1.431697908377774
1.4316738733828214
1.431649735233384
1.4316258033929161
1.4316022841703873
1.4315790744113128
1.4315558646522384
1.431532654893164
1.4315097545975437
1.4314868543019237
1.4314641603152731
1.4314413631741378
1.431418772341972
1.4313964909732606
1.4313745190680034
1.431352650317231
1.4313310910299128
1.43130942858811
1.4312880756097617
1.4312665163224436
1.43124526649858
1.4312241198292008
1.4312031794687916
1.4311824454173516
1.431162123983851
1.4311416993958654
1.4311213779623646
1.4311012628378335
1.431081250867787
1.4310612388977406
1.4310415363911486
1.4310219370390413
1.431002750304873
1.4309835635707049
1.4309645831455062
1.430945809029277
1.4309271380675328
1.4309085702602733
1.4308900024530136
1.4308716409547237
1.4308536920743726
1.4308358463485067
1.4308181037771253
1.4308006706691982
1.4307832375612712
1.4307660107623137
1.4307489902723258
1.430731866627853
1.4307150524468346
1.4306986508837554
1.4306823524751608
1.430666260375536
1.430650168275911
1.4306342824852556
1.4306187061580546
1.4306031298308535
1.430587759812622
1.4305724929488752
1.4305575355485827
1.430542681302775
1.4305279302114522
1.430513385429099
1.4304989438012303
1.4304847084823313
1.430470576317917
1.4304566504624725
1.430442724607028
1.4304291082150375
1.4304158012865014
1.4304025975124501
1.4303896000473686
1.4303766025822868
1.4303638114261747
1.4303513297335169
1.430338951195344
1.4303267789661405
1.4303146067369368
1.430302640816703
1.4302910875144081
1.4302794310576286
1.4302679809098184
1.430256737070978
1.430245596386622
1.430234662011236
1.4302239339448193
1.4302134121873722
1.43020299358441
1.4301927812904172
1.430182775305394
1.4301729756293404
1.4301633822622561
1.4301538920496568
1.4301444018370575
1.4301352210879126
1.4301263498022219
1.4301174785165311
1.4301088135398101
1.4301004580265433
1.4300921025132765
1.4300841596179488
1.4300761135681364
1.4300682738272934
1.4300607435499049
1.4300534195814858
1.4300460956130667
1.430039081108102
1.430032169757622
1.4300254647161117
1.4300189659835707
1.4300125704055147
1.430006484290913
1.4300003981763112
1.429994518370679
1.429989051182986
1.4299835839952928
1.4299782199620845
1.4299731653923304
1.4299682139770613
1.4299634688707616
1.4299590332279164
1.429954597585071
