0.15026407598674485
0.07467315842930061
0.023115340160621452
-0.024313624920620454
0.021677688272735574
0.20996560791013713
0.17769692591042102
0.14158478199057045
-0.021890989148866526
0.008105103360502892
0.1035003945443124
0.21380430173780046
-0.10018601455489894
0.048698081804940306
0.03874155266536778
0.022402234592476377
0.0440341638108847
0.06145189617386668
-0.0875363219971486
0.23111952682391357
0.1984767221695401
-0.005525057256894741
0.22862095066319202
0.11117010483201414
0.16323598623504398
0.15080802972469542
0.1769483184123983
0.2718103486128973
0.23769284912949368
0.2000285765157306
0.23976542402908435
0.2309844011729307
0.04181503233130473
0.16653748774649108
0.43353731478814006
0.27703182315608404
0.2803396159450642
0.42473111509256867
0.25667291973456147
0.23190917310420003
0.2805962519671953
0.20985672556876828
0.27160050702888777
0.36733415175653367
0.44302756727370496
0.23611009881626868
0.049749408384166166
0.18621329927597463
0.22991539199478495
0.1844361025689425
0.13735444230524663
0.006596100232774443
0.28900619658374926
0.21214081513329291
0.011958070476370212
0.09447032209558949
0.18975490462648006
0.2975492099636521
0.12367162272321174
0.2547646361119302
0.3649131335081717
0.2590337218284056
0.21383469016841128
0.2722499237040596
0.08116405884894631
0.27688749991119355
0.2653031883733764
-0.2269286575550215
0.22951468298699942
0.2541618762984717
0.3055960824648398
0.1733692858923296
0.1344526857207003
0.1586057060330556
0.2923325241398533
0.32186271020756196
0.20048235919608076
0.29579485472905753
0.28584084189023606
0.12195289722626522
0.3105132406101408
0.28182762608642525
0.09887301564573699
0.2477206913555699
0.12283752857085567
0.19737196405363
0.29885053970330305
0.2710778058294497
0.19592311418322358
0.2856623384505972
0.13640263771510358
0.17256005113407294
0.21260519126448466
0.18947591430314045
0.2528043439855537
0.2603987238180934
0.23673030566884617
0.3046728252538672
0.3146817507154046
0.3267302515874056
0.3113783068249592
0.1686200017757956
0.2616493283527304
0.12841573987588834
0.23356897891704875
0.2148568677713375
0.2606627901233111
0.1735241125249297
0.17128695397997454
0.19798000839319474
0.1700816458771247
0.23946922595057216
0.27595880064442757
0.3147198447823952
0.1727009509766348
0.4183273359285445
0.261915712196203
0.29370406197431576
0.14042430571236908
0.04924078757060444
0.3922110715309236
0.06445659133292496
0.023504047644892147
0.23831372145981117
0.2260157118764267
0.3000411740204323
0.23660950727543098
0.2119412947627886
0.23816317319500807
0.30605869033555905
0.18380970215934928
0.2077148091627746
0.3438306792254111
0.20028788637100053
0.2539762601834095
0.4851167558270952
0.6714035199542303
0.8989442374803065
0.7888663597065625
0.5881712370419527
0.6284974692325489
0.763676261116176
0.6750090577185643
0.7289340332564551
0.7079398659424858
0.49619540733518647
0.6507567434056502
0.787086905255112
0.6537104236919539
0.7332473424365007
0.7464593520244854
0.8168249752713367
0.8933077205570776
0.7765190192454398
0.7398599809351841
0.7823592393454939
0.763511283730612
0.6910383707856235
0.5635511649090604
0.447583337613636
0.5114288557874124
0.5432575951709769
0.6693022610625682
0.537884330707328
0.6526767051172917
0.6566384257010693
0.67709268042558
0.7049693916552294
0.6720870796541697
0.5353059299384026
0.7791694464171662
0.8504844668397719
0.6417081430550559
0.5970935746322454
0.7062222657515415
0.8119827485721036
0.767610512002607
0.7755150615027228
0.8454158025479172
0.7349386789069735
0.8304678493526685
0.6743487726146679
0.6209248148678347
0.7202671423727297
0.7654947667062721
0.7144974612885916
0.6623790133735767
0.6513507461167325
0.5255393096177967
0.5626635103070229
0.5981295899632819
0.5085008646065768
0.605910305435112
0.6966719339024809
0.6949397676411795
0.7495715163470581
0.6505204236559464
0.6070901437708477
0.5987773639463788
0.5218124479873928
0.6256812314752883
0.8605850613626803
0.5914498890905454
0.797596626936287
0.6761578763534765
0.7811966463414635
0.5408073383349021
0.8026581155211278
0.7337181531171078
0.7340121979255471
0.8049031416240059
0.7088288033220094
0.6790100267933558
0.7244036782176657
0.6474332051820454
0.7663019171710577
0.589947247258301
0.6982656741616132
0.827997625083629
0.679749258442064
0.8532236953217378
0.7482369575759646
0.7948003164369626
0.6854281943245819
0.601789928653576
0.6562627786157202
0.7135335426251027
0.6113160950798989
0.6729707787466972
0.674970709221685
0.60164418548966
0.6589716684155177
0.7189372131019987
0.6301728157027642
0.6717951501709961
0.6159275353977206
0.6175082823009747
0.9713438944734224
0.6552143753149463
0.6381887634961859
0.6989431137541818
0.6968439836402958
0.672408990818938
0.6822807027136323
0.8869288478661547
0.7323919868230243
0.7019013466981306
0.6604467155691138
0.7017329998868939
0.6058803649881743
0.6740298202033824
0.7895461395780284
0.6820442072708536
0.8008499810513746
0.8871562690961642
0.939149560117315
0.7910899843849012
0.9367115943108154
0.9746363727169978
0.6983346998471047
0.8280383726005462
0.7196852690260462
0.8146905539840211
0.7935326795144338
0.7812458137977198
0.7094732171859932
0.6865450543869295
0.768163153230741
0.7025718005921489
0.5985090856803963
0.62693460310911
0.6178904544135019
0.5860678972390232
0.5722006012874137
0.5377029185686099
0.5234176856019099
0.5372243675443693
0.5530216956121878
0.6355093799000463
0.6101639257434874
0.5349608812518019
0.6982786558885918
0.6311601315344356
0.6777773911833261
0.7980148030860945
0.6566881421354371
0.5522239440022122
0.7014033075976754
0.9671923749075213
0.7562914338011527
0.6886423944753062
0.7829848783694984
0.8687761657103639
0.8182954618159655
0.7611273887261119
0.7368701431992543
0.7021096162906393
0.7460056832296222
0.7014199532154167
0.6739794468649323
0.5539426962458998
0.534983934275729
0.5596110214704735
0.7379472487951375
0.6841719253747305
0.9011793504993076
0.8300967020755851
0.8193966098646623
0.7767670943510105
0.6596406824746951
0.7460969426267559
0.5949004074563076
0.7211129374210916
0.7338599956111456
0.6830612511427413
0.6592072099595181
0.5461471980827415
0.7109875056094921
0.6962001210961084
0.8493029078700272
0.7795095249274255
0.6911322860331368
0.8576077576268643
0.8576735201797853
0.9117891528710975
0.6708110648648402
0.7701523276111085
0.7728202618810397
0.8032154340835935
0.6883701076963492
0.6770057114444751
0.7796857689596174
0.643730504830259
0.6776153234876438
0.7202163066329913
0.8374826810875033
0.86636601687518
0.5878302023060014
0.7162483381008058
0.8196976666092893
0.8573670722137187
0.7669277070793379
0.8200006349407905
0.948804694916723
0.8959782448770419
0.9140755930756607
0.8406288778333088
0.6591579719806272
0.9703610632225882
0.9603647519240902
0.7400179618574668
0.7963198874385586
0.9225289795415252
0.8795610721951279
0.8344153953650855
0.8602150537634417
0.8088829969308965
0.7164464572295438
0.8250575404090541
0.6165102488205466
0.7439234159833487
0.7627632999229006
0.769915904619846
0.7148183820257616
0.7987575109481679
0.6786738342191582
0.7732609112933807
0.5654740345553277
0.6170084683464455
0.6630123949570084
0.6589758821432863
0.7683447744314832
0.7466712697428796
0.7889781295671184
0.9069446015670717
0.8543301925869945
0.7367093529025778
0.9017333371787806
0.8266283432517708
0.796466090784911
0.7642725871472527
0.6339619244790466
0.705651966809178
0.601466715617618
0.5513069284328326
0.5673093287301569
0.641400806345588
0.5961524332002646
0.606341083426201
0.7988319439060507
0.9719419608017981
0.7257687483370685
0.6837008938823038
0.7839805452451056
0.6747382234887794
0.7668528206609544
0.6481422267698409
0.8754818179101853
0.784940362378224
0.7171008359075444
0.7349249008750576
0.7461918883076623
0.6439901337634026
0.7506031731913149
0.7690277576535298
0.8262937033444387
0.7318840217646612
1.0890870905518253
0.7280418859832322
0.6583306529430678
0.7439663505499443
0.9384923980864395
0.8686580746312025
0.6941211682490084
0.6911893629456471
0.89411201726789
0.7633752846274692
0.7731321660934896
0.5493617357625566
0.9051939525468202
0.9075950629406083
0.6755408234473096
0.6858645418326779
0.8329748306383833
0.7534364763030339
0.7728792721908051
0.6740350031430054
0.8579353072545168
0.5678780271619107
0.7982452506607258
0.6916907448174704
0.6631632122203726
0.6254078468383466
0.7023266143407302
0.7289388794011612
0.5403796776676516
0.5994730538922088
0.717835537569355
0.7839829018681078
0.7437335845609251
0.9527895309081766
0.7417628806069982
0.5947344580033201
0.7764665367558222
0.6963693755179649
0.4624518266341492
0.5995383386108714
0.7555224152296135
0.7470616718756812
0.6538681250047683
0.5250287643633359
0.6503608340163564
0.5550051530968457
0.4382700126518537
0.59921321218912
0.4946417277646404
0.6061689565046812
0.47054444815575247
0.672685545355532
0.6613647467564179
0.6509733328717727
0.8644120083910704
0.5819893765322351
0.7182901459295842
0.776322110135816
0.6808832561832417
0.7349472422763191
0.6240049710566776
0.7469777186376393
0.7644751294523673
0.6262199112530199
0.7932463246880722
0.7155166591082308
0.8204378549271045
0.6651798437178957
0.9644738685295672
0.6922191118462923
0.7302510292058859
0.720803218836159
0.6090387897708152
0.6685808110644015
0.7129615836602338
0.9324842825443715
0.775398690678317
0.6287450311368131
0.5883089983890343
0.8591543449203457
0.5281507516031518
0.7037389988228102
0.906739305891847
0.748810541911077
0.7501752848378713
1.123415887234885
0.7616658304064193
0.7216629821209948
0.6313916156363174
0.7413176265270516
0.6465413160044019
0.6728370777556753
0.7561693693275975
0.7240980642101202
0.6108787494719002
0.5587096985798177
0.7383384943097809
0.6968810916179295
0.6689592035246479
0.8042610383792149
0.6946671856753633
0.7858532613945345
0.895240400910291
0.7010180534817345
0.7329411991220232
0.7055777776078269
0.8247474293636718
0.7671291081203961
0.6578078890848588
0.6685745937961652
0.6827656908531673
0.6792358214796613
0.7004914684481396
0.7995132645467421
0.8021547156481703
0.7958940991698543
0.5378667004347573
0.656072500577232
0.7863728119068392
1.0117718163212017
0.6559095903311942
0.6142771530299299
0.6883735053466907
0.6323556797020453
0.6395350580053417
0.6246655891205096
0.662094998903099
0.7351007135760191
0.5955178550873447
0.632599243935214
0.6566069999272433
0.6494124385647284
0.6232594024800491
0.6744005266956925
0.7177399303829004
0.7393487581598404
0.6982124871204156
0.6061153351616935
0.6746659178618785
0.5951330053928504
0.47668034669927534
0.5232314508261033
0.578239726206804
0.6620886803591916
0.6428357826384139
0.6638209838555611
0.7499676676754261
0.6698156977719852
0.6286272020694528
0.6080294571802021
0.5859236676409966
0.5742461964038846
0.5866823806717726
0.8112688071971362
0.586586865961684
0.5990103193457222
0.6954815306698889
0.5647745790331494
0.5481474368976237
0.6582142857142919
0.6506954349014981
0.6082918206652786
0.6995302494341477
0.6163093524389378
0.678616009210445
0.5379038154892479
0.57826415618945
0.6172165020662563
0.555635031060771
0.6874595992242991
0.7179071782265445
0.6912546475332065
0.6882855270259917
0.6751635292355346
0.707872268718744
0.6254840359465128
0.6614253950924507
0.7989741499371426
0.6689315810472519
0.6048904329235707
0.5346454845062072
0.6654181440110993
0.746468150822739
0.6271057771863869
0.4403791959818339
0.4471562514873025
0.4857967492024832
0.5869599717862758
0.6892915140299887
0.7844653628420928
0.7835647991328412
0.7823972537427176
0.6062632355772161
0.7041335996688944
0.6451861732045647
0.5787520714748992
0.6759230910538163
0.69812164579608
0.6068107239627909
0.5755810856402147
0.5317286258718473
0.5401622522927039
0.7947254753919732
0.7537016846621817
0.6882517383950332
0.5317247660405632
0.6458445892261208
0.6013214819475977
0.6229751950459852
0.7111139733702274
0.6004407434836685
0.7622658340767395
0.47819701950838484
0.7565141864504894
0.6670117123852293
0.605695232642334
0.6166961987228832
0.5402378112419672
0.43555331072466846
0.6257062146892534
0.6062160300084192
0.7905180636006359
0.7333351383549053
0.7067867906586964
0.5052280153430684
0.623237709942382
0.6299025164361904
0.5405847007976439
0.6642507421257487
0.6121757712155528
0.6567941292988055
0.6529460844689686
0.7019336782291675
0.676494218744549
0.4784665059802613
0.598829904193504
0.5333725434522687
0.46613488555927396
0.5880760903185802
0.6018841002193855
0.5694700912092373
0.6701626950302045
0.5587049995784571
0.5832210703059522
0.5273007250251172
0.5082775752960139
0.5541898388160961
0.6097367310984716
0.5793270601654089
0.5557699536398779
0.5046665419988743
0.5347894108444243
0.5234018369479785
0.5510430834658184
0.514601769911512
0.4280946918344009
0.4450239324743965
0.49786373868702066
0.6216825672159774
0.5025506230529516
0.545703225806441
0.6448576196933438
0.7288967353900151
0.6168892336676549
0.5384904155228316
0.7235764793450138
0.6682053558218651
0.619969960573284
0.48970980562965066
0.6869628738397558
0.47366036596108624
0.5761814231395728
0.6759786007610301
0.5142575543757998
0.5366985878915603
0.6072586304849248
0.6766709381533764
0.6597301443688064
0.6904408352668657
0.7223849826389147
0.7105327408565718
0.6000550509220847
0.5566143868705042
0.5095675903966908
0.761462882096047
0.3920534325073087
0.5877484122106506
0.6844696229732352
0.6524290393012799
0.5920234238292633
0.5367361650216038
0.4680787141355109
0.39855094710343597
0.49551798174987177
0.6028100596445887
0.4281834259727064
0.42053441765901683
0.4403082227930222
0.5347858380787472
0.42759675332311997
0.4312524918835683
0.603203762216199
0.7016126305825449
0.5741043826150575
0.5090272276195494
0.593976240950334
0.43676735611658296
0.49297846729972644
0.5271558210588577
0.5126161240219089
0.3985813207228603
0.4678634465538986
0.5477136722854063
0.5419710497835403
0.48434213137521853
0.4576659038901694
0.5886511798732783
0.5890119627824402
0.5222842500228368
0.5197704081632384
0.5513528885999777
0.6479357339834493
0.5693156812524988
0.6309037900874624
0.607484407484404
0.5835554931949156
0.5680134995781569
0.5083031471985294
0.5760121916059828
0.5839640116432817
0.48930880159127
0.5058508170524025
0.5284723941568885
0.5139929797931473
0.5887321819141277
0.5862128691434602
0.4800389483934271
0.49987632945831234
0.6159842384786645
0.6614087798364289
0.3838073568449009
0.40751751964318056
0.3592693875445601
0.3898315504734015
0.4333584905660301
0.5370340487333044
0.46038776533503545
0.5092090179595071
0.47396436010180093
0.44966561070041156
0.4303468208093011
0.38558092100098534
0.47265345115835644
0.5013717421126015
0.4578116494283309
0.5935136520958999
0.48477815699653654
0.39591918117774527
0.41262229042781773
0.5747254496259706
0.6053988062940486
0.5310742609950304
0.4826094192045697
0.5399768250289376
0.537924757281416
0.5131004366812859
0.5996573386635912
0.5820841610980039
0.4645877378434581
0.4347242721052559
0.3619260623602898
0.38961240310093853
0.5025125628140988
0.49940319885443984
0.5060699137048659
0.5808912779606143
0.5300400534043636
0.5299455535389408
0.5821421172572118
0.5561510353225113
0.515653440116421
0.6133074098077007
0.5143641740599925
0.3944104254985165
0.4772082150610173
0.46588755527493303
0.5784926470587937
0.585433070866035
0.5599204375935605
0.5395079015803165
0.5516078838175659
0.4293448835952066
0.4674392035253507
0.4981980072079191
0.424613292537883
0.37924291102096425
0.37232755143224167
0.4295180722891543
0.4857585739199706
0.5612695861793765
0.5830308529948615
0.5
0.41850547005388694
0.5060809133779297
0.4360070404825399
0.4182147711824026
0.47448823709107785
0.4093131548311873
0.4449202024132837
0.5249779346868473
0.5521618405395197
0.4480796586058936
0.39485890993425765
0.4305497272345152
0.41672890216570957
0.37082500713662425
0.5532143625027655
0.5300131061598118
0.5491166077740629
0.41369403878350125
0.42679467597661613
0.6792975970427056
0.5589622641509253
0.3088034058081808
0.597872340425462
0.2988528481012438
0.4512564605240185
0.3746019108276996
0.37162301505453493
0.4677716390422728
0.5202135774216998
0.5862687906664937
0.4168498168498923
0.556313131313334
0.47306212204543563
0.493839329719021
0.5969072164948812
0.5498605299862792
0.4871794871792619
0.5560617565171064
0.29212015672629227
0.49986733881626216
0.35587274706666744
0.5184021543986186
0.3868984524062601
0.5498622589529141
0.4736509274873387
0.44227930321793524
0.45510623714853704
0.47931442080372316
0.5423518461062851
0.5485488126649631
0.5432007854684797
0.42251044185541115
0.4428244115809614
0.5603955104225085
0.6307348004477705
0.39665438049343665
0.5436925098553882
0.3928210313449306
0.5604198668717061
0.535076365519396
0.5387466307278127
0.34931506849293864
0.4473197781890173
0.47196379180302833
0.4904615384619149
0.4645937358148405
0.5134041476984569
0.3521394611725086
0.4831838565026185
0.4959183673468702
0.3648148148150339
0.4811864872286286
0.3871062702383074
0.47249283667636544
0.553499597747295
0.4094432699082394
0.516550326502821
0.3713815789471349
0.4835094460454479
0.4029044870603886
0.40629011553298583
0.5465705898051796
0.46378653113109053
0.40462868769069565
0.4741025641023236
0.5235686364682824
0.533449390698922
0.4805484693879396
0.6037426132632995
0.4511754068715051
0.4967320261437735
0.37843396503602045
0.43238608525248495
0.3780457789809808
0.3965653375445412
0.46189510286841623
0.45685761825538346
0.5125383828045881
0.4511915673691979
0.4416905817899076
0.5562861651762004
0.3764641786979958
0.5102205486819225
0.55223471346322
0.5438027255032376
0.5157657657657522
0.5611486486486555
0.4867159682279387
0.40557033328104636
0.4732656978335321
0.4781909547738462
0.5293072824155604
0.4215396002959859
0.5474200057656481
0.5186057465850117
0.3074996085801936
0.58500914076782
0.5643851508119441
0.4370607028752443
0.42367021276586875
0.46571741511513715
0.455257836198264
0.5566251415627619
0.4240956992306807
0.4041005291006256
0.42962011378243614
0.3804849884526602
0.5185676392573466
0.4221158957998433
0.4901105293775433
0.5221238938056112
0.4604316546763513
0.4848948374761034
0.30926019124304555
0.5737451737454106
0.5161190328579007
0.4284629020003911
0.5551269688202083
0.439043209876551
0.4515657009071784
0.41452772073911887
0.4354988399073035
0.5043441407078415
0.5630745159397753
0.4136057941020408
0.4894782358026254
0.5396102252595081
0.6254229096183865
0.6435250779258751
0.4851024208566878
0.37965816755409876
0.423018292682979
0.39060402684534906
0.5171995143671537
0.4234636871507874
0.42218934911208295
0.4369718309862995
0.436341161928546
0.5008605851984292
0.2893579595426507
0.4878880928012127
0.46606334841660024
0.5148310549390303
0.5175649138118313
0.5138776610078319
0.510027925869262
0.4981857764871521
0.48403232012305347
0.5389187659209489
0.48108108108120945
0.5794993234102873
0.34601847778268746
0.4783565663978162
0.5230857470604079
0.43478260869601615
0.5909653465349605
0.4073658927140577
0.5619883040934874
0.38118354137740285
0.4675650266375159
0.3777412280700771
0.37374005305067803
0.5197368421050742
0.4934049829014766
0.5407986111112479
0.5637065637066383
0.4496424314657381
0.3788493673906812
0.489411764705349
0.5228828828832721
0.5551034248897541
0.5
0.494448850118859
0.36384374108919204
0.4836926478719633
0.4178222323256468
0.38879870129860544
0.4047680082031863
0.40230172629492067
0.5024576734027246
0.5073810825586089
0.5716923076921586
0.3783003300329857
0.4585024808301118
0.5309941520468865
0.4256667546872417
0.44321868916293966
0.5757575757575074
0.4719432959242743
0.4023605150211394
0.2813246841924004
0.2829792201727684
0.3133179368745987
0.38983354215145577
0.3858463726883703
0.368111831442364
0.412802533363582
0.4742404227213159
0.456394035246472
0.3533658536583603
0.4269178393099205
0.4362328319162158
0.5138461538460828
0.46216303994811314
0.4647355163726297
0.4244215938305855
0.42611499193945473
0.45240517366669125
0.5554147048171028
0.5336219336221653
0.5260223048320579
0.4173913043480722
0.44865890002728115
0.45049356865117396
0.47862554112581374
0.5307081986481779
0.3830402312692386
0.42885245901657004
0.42867830423909764
0.4280660377358382
0.49848484848501345
0.626518218623201
0.4337182448036231
0.6070679844264999
0.43389088012737076
0.430981954534683
0.42136339237801307
0.3971149766652512
0.5779044516830172
0.4550173010380372
0.5410022779042476
0.3523654159869936
0.4469409853818858
0.4848666466889455
0.36803062933711606
0.5277232580959285
0.49941107184952865
0.5272453155284791
0.5102091633465197
0.4636746143054922
0.3332394366196185
0.3691042282483364
0.5187165775398251
0.49505440158240543
0.38905365327555197
0.36130389064145246
0.5102850061955865
0.5273743016760459
0.503095470837198
0.45705346985199374
0.5196335078534994
0.6486090775987093
0.4555483452303411
0.4581430745815382
0.5392706872369911
0.488059701492595
0.5742543171113109
0.5623380362797714
0.4145756054985611
0.5486547648983063
0.5126019273539569
0.49852681202108673
0.5003911342890912
0.45340939961976356
0.48371493066721855
0.4689886953860593
0.48637461193515863
0.5538818076473025
0.5767565767565748
0.5379332897319281
0.3648300117232243
0.43192838493112956
0.5011664074654884
0.44366744366751715
0.41508478866131215
0.4665188470065814
0.45848757271314333
0.5490806223476348
0.5767085076710156
0.533268733850481
0.4872692552509539
0.46192552834635187
0.4577712609968518
0.58238231098411
0.42863741339505373
0.5498373262346689
0.31449684851098103
0.4837570621465269
0.5700464396288497
0.4831094831094174
0.49383259911926713
0.4268684089873237
0.3402207090864711
0.37844183564568884
0.36622145626861474
0.5066026410566421
0.3946085460280859
0.38397232631878997
0.4031033344340092
0.5223880597013372
0.577928692699769
0.46099038119015606
0.4556195965419048
0.4536614407620326
0.5214062943008725
0.3835550181378471
0.44901777362014383
0.586237712243107
0.4692656765676257
0.42274154168132805
0.5149271002081014
0.35815307820270526
0.544576373515615
0.47072293097826384
0.42430591932985384
0.49985486211914226
0.5084621044882485
0.5609267734556254
0.5325218714340342
0.39232175502726147
0.5934065934068474
0.4379373848989061
0.443270971635614
0.45603448275821284
0.43123411465687006
0.34728580771738804
0.33875813720578923
0.4779786740842931
0.41408533021592875
0.33812316715517127
0.32331329325325026
0.48707175177777856
0.4162011173183956
0.479596622889152
0.5279441117766644
0.5040522875814119
0.4977904860929963
0.43813387423981237
0.3075976622578511
0.4100697603886257
0.5015325670499403
0.46129441624339534
0.4422085889569683
0.39948954788524943
0.4098067287042379
0.3923376357301595
0.4038247720705136
0.4746575342466239
0.46237482117334855
0.576946288473033
0.5254691689005057
0.4087537091992779
0.41174652241118
0.4814929056140316
0.443553774215455
0.5169186465082112
0.5149892933621344
0.49671139173937356
0.4817688130331782
0.5628502802239979
0.40671360321856936
0.5281674460030483
0.39793947198977053
0.48699529353476856
0.39434204886396806
0.40696879981791967
0.40982532751078676
0.3921194788685782
0.49971264367841667
0.35620525059670216
0.4061752034469255
0.465805231641638
0.5469296850141913
0.5373443983404129
0.5321336760924836
0.4166094715166429
0.5564018861082013
0.4154879773694666
0.4823803191487132
0.4394306480918625
0.44364508393304464
0.533358042994789
0.5408203902829903
0.5398416886539175
0.654784967067269
0.6884083658279943
0.4437627811862574
0.5915007656971748
0.5460194174757078
0.4734141791049097
0.4887396286052901
0.5072852760734982
0.44255028980549516
0.39048941339832044
0.4158128745410791
0.4749303621165266
0.44101279910942126
0.6019452449567282
0.43763596809274413
0.5887719298246884
0.5811749842074263
0.5125042822883591
0.6227517985616162
0.49961389961424313
0.28562340966964705
0.48526669153301305
0.5003996802562203
0.5190555095273663
0.3742540494456969
0.38292319164807326
0.39742873113459953
0.49372161367923817
0.41257820217319197
0.47255291005313577
0.4701803051314872
0.4536290322582664
0.41896895471388507
0.5035514018692836
0.538035450517033
0.5469973890338435
0.500326157860751
0.512820512820363
0.3600377002824977
0.41188524590162623
0.5573700042970684
0.31929582326580397
0.41114245416065487
0.5086385625432641
0.31647883033813373
0.328664573774361
0.32629831633856204
0.2594508555510788
0.34821428571435603
0.3033707865168138
0.2519266542651858
0.36188103394554855
0.40665701881304
0.4607028753990971
0.4018578352183323
0.5511411665256745
0.42116515232521684
0.41149012567312265
0.40915347556770454
0.3628895184133065
0.468785046729032
0.40195855158264104
0.3327361146656827
0.5359561431794267
0.35368043087946727
0.49503377036169377
0.5768217734857356
0.46351301796869043
0.3777486051856252
0.43530884808065745
0.49618067087297113
0.5016680567136651
0.4242227979275361
0.5069370330847379
0.4909488139826527
0.4850439882699331
0.4164075580003586
0.434745277619027
0.33532125576683924
0.37811203319478326
0.3940081706762758
0.4092361312811429
0.41026429010423354
0.5535029627047875
0.46371207614491533
0.6011754827873477
0.4835933297473384
0.5777135517021318
0.6031073446330362
0.4643757881459799
0.4017571884985533
0.45685444480650883
0.41878487290725397
0.48416751787550527
0.5596694214874584
0.306539948453763
0.48495923531058976
0.4903319956217332
0.4439359267734946
0.42792976725194154
0.49805598755853175
0.33713117148685035
0.35734463276814266
0.388165345413055
0.4990298797051887
0.48909426987057153
0.3686300463269538
0.5246389124894316
0.5598159509198901
0.4756719972783841
0.5623768877212308
0.4590104730947889
0.31700721153831984
0.38851761846914845
0.4751457928354785
0.3625932300630196
0.32854209445566185
0.441433813152742
0.3807580174926403
0.4095095842669572
0.36014073887946124
0.497756299620271
0.5180550589914137
0.46402660217668806
0.3601098523859465
0.4535398230084353
0.5485883125413961
0.5189823874750685
0.562527233115976
0.5519848771267857
0.4957732471406014
0.6285875070341562
0.43609022556396737
0.5479688850474462
0.5282258064518458
0.6299499317245641
0.5216795983567739
0.5032815198619466
0.399556400506623
0.34051342578946087
0.36810631229233165
0.4556826304503249
0.3839357429720702
0.39654408506898037
0.38650088809954997
0.5797323135754953
0.4748071979435285
0.5868544600941715
0.5512965050734843
0.5802083333331751
0.5562625586067839
0.40176276165951247
0.5538637228774144
0.5595611285267097
0.48207475209757633
0.4090441932168358
0.32539904788551427
0.43394575678025593
0.4454990814455827
0.4807525325614004
0.42895962732949683
0.42029887920279574
0.3692639359411628
0.2942861690275857
0.5843866171007652
0.4966055668703716
0.40559057275939414
0.46706114398464027
0.5654330408240182
0.4040000000002727
0.38454258675037956
0.4163530619229613
0.47419533851270784
0.5371710526315906
0.4720713731569684
0.4767525035769691
0.4950716845882617
0.4279069767447775
0.3867134755604765
0.37354085603128806
0.3665024630541593
0.4802858551010116
0.5525423728814354
0.48212379935968475
0.5104602510459083
0.603870025556606
0.39165446559315775
0.3218419108595244
0.4617346938774312
0.5283829395522204
0.4278846153847385
0.378687955570835
0.4726415094343568
0.4167321288292226
0.5687095546252369
0.5148788927334995
0.34800838574400134
0.5858343337340676
0.43650432407795314
0.4642271982527161
0.48619957537139435
0.39330922242274413
0.46713615023462984
0.36755233494408207
0.5672913117547207
0.3081048867699105
0.37104377104351244
0.4669375692647239
0.4090692124108171
0.5381190873681401
0.38419732441489934
0.31676379842305136
0.42201405152259613
0.4740368509214758
0.5303643724698472
0.4820634450047866
0.48332760398769686
0.5311487216417544
0.43175192154804004
0.5344758868079286
0.4704873026768623
0.3578648136447318
0.5209413641803614
0.38668295662801916
0.4901803607211806
0.5168610148122458
0.3424043062201984
0.41365749016803743
0.4426470588228959
0.48218347232747144
0.521602787456952
0.36057201225753455
0.5645905420991627
0.4510819871988059
0.5026392961876252
0.5151233131695467
0.45134818288402695
0.3666793457586343
0.5870580386925129
0.6278600269180644
0.6512385919162833
0.5615717821787041
0.6713004484304571
0.6163461538468147
0.4794745484398919
0.5466135458164795
0.6050756901161113
0.627647285329125
0.37508587130734555
0.42935206869628995
0.38978054372775334
0.5447124304267836
0.4006903043615896
0.3810438680754274
0.5233059146105647
0.49481865284929527
0.3311871227364941
0.4403209628885632
0.40607273940627125
0.4924444444446566
0.5223009587329072
0.5079307858687643
0.5491877256320513
0.4844653179187963
0.45973819912714514
0.42613065326633115
0.6480799579170037
0.545797210704959
0.6038186157518085
0.5235740191232514
0.44908848377029054
0.5296052631583104
0.29709090909072805
0.45813586097970294
0.4465682015634757
0.5146002872179241
0.43217960710910547
0.6164958061510396
0.426864244742059
0.42313995411366934
0.5221518987342398
0.5015151515149865
0.4495643756051382
0.5943627450977929
0.47324478178415036
0.4963020630601874
0.4383094751192779
0.44013972689705533
0.48224299065396
0.5471956224348463
0.46243865609691603
0.39574262215697054
0.5318454001087088
0.4223369310187489
0.5786136939985194
0.4969488939741744
0.46210649047800256
0.4493597206055271
0.48931882305567653
0.3888310064595271
0.4946449821496716
0.37587786259530914
0.46050593701537224
0.3934953538240903
0.5524549629101723
0.484424666243056
0.5206611570247328
0.42144808743155276
0.3979933110371388
0.4830188679249065
0.4126482213437222
0.4432558139531335
0.35154394299242675
0.4858212948101427
0.5219037317469274
0.5053579082724468
0.4141932002160915
0.5675010258515159
0.5275908479136274
0.4041621029574274
0.40313622998996
0.501818181817983
0.47033104309825685
0.35717571297122735
0.4401569653364518
0.5023937761818419
0.5152008686210523
0.3870765370141557
0.3901782711068289
0.38090766823185546
0.5221606648205103
0.4532402017849425
0.5284951024041187
0.4130061770762026
0.41082974137946127
0.367865296803385
0.4680412371136553
0.5327418673427693
0.44890162368683145
0.4336967991553835
0.4411764705884108
0.5439146800503327
0.4803115534398593
0.6079646017697357
0.5214477211797323
0.5401834862385981
0.46109770808219225
0.4295960739897998
0.5077115464777571
0.3872472783824966
0.4709658593524033
0.4266025641021705
0.4547638110488578
0.491761071061558
0.49508320726203836
0.5465699944221586
0.4902228285582551
0.6574938574943404
0.43056222969763297
0.5265866209254736
0.4791008078680184
0.4712793733677812
0.48483516483535877
0.4703177257527971
0.3873873873876251
0.32353823088468764
0.3619078311311007
0.3518834289255853
0.36721660457688077
0.3779310344829095
0.4308670907268671
0.517418032786728
0.41316651772407426
0.44764991896310535
0.4698205546494335
0.46036881268185403
0.5175380542689225
0.5437109723464048
0.48384424192235354
0.5648535564855826
0.5381596162229674
0.5579089680035648
0.45293917770956016
0.5697841726615942
0.2725581395349163
0.3698903290127034
0.37594849390658686
0.5599884359644102
0.48229291716651335
0.47734231475794325
0.5527444253854598
0.4855212355212458
0.5243685521168817
0.3286201852755408
0.4448007329367048
0.48528784648206563
0.48096101541264696
0.5200635677393467
0.6230434782609124
0.5352112676056493
0.57275985663084
0.4224235560588338
0.5187760778862266
0.3913182253432448
0.4563552833081696
0.4555030875403989
0.4296962879643628
0.5012357884338511
0.5656087162481167
0.353305785124117
0.5107999999997562
0.45967386513856706
0.5626763401858916
0.6018867924524408
0.6499535747444304
0.4914506343083915
0.5600608210845885
0.6463068181819167
0.23300398171354955
0.3654729109277226
0.4141546526867941
0.4027423469384524
0.39163822525574804
0.4406619385344654
0.3716160787531841
0.38663967611307865
0.4179755671904105
0.4620347394544723
0.5477445811363305
0.535913806863517
0.4735214534207382
0.46934225195064744
0.38751345532912573
0.46923676012500887
0.38133208255134426
0.35687600071150727
0.4095116501756861
0.30194200585250264
0.35651563048839974
0.4472485103400818
0.5931065353618943
0.6094312455006834
0.525965932696315
0.511082138200676
0.5835801946673689
0.5421506182092154
0.41244309559934733
0.5098814229246809
0.3700787401573379
0.40650801359854555
0.3859427609427807
0.5502929687500251
0.41613636363665063
0.4818698121453911
0.4696302816896793
0.4169172932335939
0.4626593806929484
0.465054778995195
0.46768788894278907
0.47790585974974054
0.42602187679974296
0.6208097518502498
0.4914215686271108
0.4159292035401193
0.4806629834257164
0.5863874345548132
0.5684399282723878
0.4053731343287021
0.5446086480572884
0.3953791689956791
0.4372456964008523
0.5514756348662229
0.5136790526743491
0.4200879765394682
0.48436792025349557
0.6013071895427385
0.5301016419076652
0.47021399652975365
0.6161431701972623
0.5241622574954409
0.4537815126051481
0.5657116871306532
0.4591836734700147
0.34267191479537257
0.3240986717273166
0.2854628651878504
0.4982245288172425
0.5079365079369866
0.48095437421492526
0.45349544072933895
0.4378612716760967
0.49715286903237227
0.4956353055287104
0.4114465975664956
0.44679849340912176
0.3149390243903428
0.38278741168903585
0.41900990098988217
0.3768115942027867
0.47209653092033577
0.36924939467292506
0.39856459330103033
0.4464285714282129
0.2284305669681634
0.3151017927683617
0.36824936571203215
0.3795201081446615
0.36714567483795957
0.4526025508443071
0.5226223453371817
0.46116027532005166
0.4848637739658568
0.36682725395729865
0.4739884393059477
0.41184767277848755
0.3198305533493491
0.4079601990051377
0.390506045678866
0.35467511885893993
0.33387622149841795
0.39532093581286226
0.4113924050633498
0.4338076757226859
0.4583952451705495
0.49234693877567964
0.5335984095427145
0.4291590493602609
0.32387603666568016
0.352497643732452
0.44373918061103185
0.3644859813084483
0.447308567096202
0.5136258660504158
0.45363540568979416
0.570277529095318
0.46447507953293954
0.43703703703660174
0.26866666666665134
0.3505242278265834
0.33285560730893365
0.4116737533820218
0.38449367088612485
0.4576098059247662
0.31280328480781305
0.3745751189664867
0.43356341673833476
0.4504995458671259
0.37170056252670597
0.31085043988201777
0.41513399894910874
0.45888594164446617
0.4076576576571742
0.45968489342043956
0.43685300207071703
0.303571428571194
0.48471400394489284
0.5050152638467099
0.511557788944573
0.4492472073818508
0.5845783132530016
0.4477736163126885
0.41026998411936444
0.47568013190428704
0.38410153640620137
0.5538172715898134
0.4823747680884376
0.5239520958087018
0.5613934894346178
0.402651779483694
0.40059347180956023
0.4228923920503883
0.495161736245493
0.49396426846905345
0.44552909019919246
0.41190965092465043
0.370951913640993
0.5041282175809931
0.3231763619575479
0.5310015898244348
0.44869486948648474
0.4129724685016678
0.4010554089710669
0.518836432999516
0.4513232514176996
0.4439786585365865
0.42098445595843237
0.6574941451988483
0.47748123436206036
0.33968012185797986
0.42379835873354693
0.49375709421169234
0.4386792452827542
0.41415662650597096
0.40787037037005897
0.41375921375868135
0.47821350762605447
0.4712918660285628
0.37299465240678825
0.45738485971433257
0.40883697308305417
0.36261040235476877
0.3831282952547486
0.3297067171234668
0.497649823736578
0.375303643725019
0.4907235621519364
0.48224151539069515
0.46691769768642494
0.4559819413098795
0.3302151543498964
0.44521295959270435
0.500279485745978
0.48354935194373166
0.44714686623015065
0.5515937331177139
0.5327669902911342
0.41710945802350397
0.41005702436451036
0.43101415094319595
0.4964200477335534
0.38217338217399793
0.4031668696716456
0.2638285954346768
0.26981879954732607
0.4190912062764249
0.3991477272726534
0.33057324840761204
0.4816535067343332
0.467051467051688
0.4075448361164331
0.3940601231437024
0.45458758109373226
0.38594164456215047
0.3843283582092108
0.4044117647057838
0.37603305785177693
0.3024614100962871
0.3367396593668976
0.38164451827269774
0.4133839582344053
0.4110449735450827
0.5084447572136177
0.4099713055953574
0.4676663542642564
0.43467819404464825
0.4685176003965936
0.2878411910670952
0.422345209269709
0.44899860270183534
0.484776403425852
0.545650999460248
0.4780042918456762
0.493201483312141
0.5283381364069322
0.4381073088299751
0.5006747638324973
0.3324838600067778
0.4080584099513322
0.43398610233718493
0.4084095063986244
0.39359108324638004
0.3654141104290904
0.3323308270678271
0.36898395721910376
0.2906933629962452
0.37185307470086665
0.3412745681952671
0.45013850415486617
0.4628508530542269
0.5607675906183192
0.30662167861706385
0.55183946488248
0.37067705796340056
0.23478642480994616
0.30611246943770065
0.3185595567868318
0.39028591112618666
0.18366212836887966
0.24965325936247526
0.283616692426835
0.3285519125681138
0.35746201965987767
0.3855799373044947
0.307090239410664
0.3229357798168047
0.35747021081547414
0.40920608108146594
0.5209125475284687
0.4918444165614085
0.5036160420782103
0.31423895253693174
0.47807551766067435
0.3921755725185923
0.5814814814813207
0.4188664596275193
0.6220966729445693
0.47475642161245746
0.4094918101635518
0.37271689497739097
0.47730307076033585
0.38744451490224135
0.28794848206129525
0.43422655298440177
0.413273001507878
0.4608695652171698
0.4070739549844058
0.3318605792832917
0.4019396551723707
0.3792085056109143
0.4628820960706404
0.4463937621834028
0.47946936197131457
0.5538847117791695
0.5529817644160117
0.4985074626869239
0.48157894736837237
0.6132952108645093
0.4918367346936681
0.55111336032334
0.5923879680791131
0.5417463352449453
0.44602381867077634
0.4800673778778
0.3828793774323992
0.28095927227599626
0.3911633563034654
0.3073878627969561
0.3418284789644812
0.41407465007753613
0.43669985775187026
0.510820045558469
0.5864485981314914
0.3969465648853884
0.474007825600549
0.4695652173915997
0.4407756813416842
0.47773279352288456
0.5306224899600304
0.4670565302144333
0.6545853926410777
0.6482758620698268
0.3556095585259257
0.5427243475152134
0.4889770723107481
0.3241582698455002
0.46063128685446636
0.47412164714751903
0.3963302752294005
0.46128680479864304
0.37767306995236116
0.4268635724334385
0.42017828200996143
0.3283350568773515
0.3327991452992729
0.37645236250961855
0.5281456953639707
0.606456043956464
0.6108870967744661
0.4105704157263721
0.47460317460355345
0.5830999066292222
0.46624087591171864
0.4974522292997632
0.4516427579825347
0.36123748862638017
0.4707194645849551
0.505210918113864
0.5449631449629714
0.42175309775144054
0.5798449612403875
0.36446568201621166
0.4235044997356846
0.4164588528679478
0.4669894366198893
0.49446494464922236
0.3765413533831884
0.48610354223392527
0.4600990643918955
0.5371775417298967
0.4495859717488389
0.4301195814650584
0.5127551020406829
0.3960784313721028
0.40990990991033094
0.3628454452402371
0.4120032441207518
0.355432780846269
0.34856473345028816
0.39399216369218865
0.3892788768347844
0.6321243523315866
0.506681514476645
0.3936242369430099
0.47588582677197044
0.6216216216221566
0.4175350341355198
0.5532741398443591
0.49908424908372256
0.5528846153838609
0.5449065702236212
0.4383223684205217
0.47089947089955836
0.4958768554149753
0.5251396648039359
0.4110429447856252
0.4110840438490813
0.3374999999995423
0.36212008895474834
0.5252347417845165
0.2515337423313496
0.30240357741759655
0.34183046683030105
0.37649800266283906
0.4001394214016055
0.39999999999983726
0.5118141770120672
0.5476673427988391
0.4315503173162862
0.3714016045300679
0.5137982940290601
0.4384571752699593
0.4796430563292271
0.38057742782216136
0.4581383255332373
0.5321252059311676
0.5482517482524856
0.40815576781740703
0.39212423738221236
0.45245559038709293
0.500611496127443
0.43077564637210874
0.46238244514141286
0.4271604938275564
0.3680727874279361
0.4990059642151112
0.43167848699750844
0.525908739366178
0.44654939106831487
0.3896204492649132
0.47256766642223846
0.3192530013337227
0.39213934792285354
0.46287927695187336
0.4580246913584335
0.5622775800713722
0.47826086956477437
0.49902912621350753
0.5649095200628156
0.26812386156689505
0.5622047244095191
0.48271604938242135
0.5374659400537447
0.582336706532028
0.4800000000001838
0.3667774086383807
0.37193877551006327
0.3964435146440427
0.382149901381163
0.3325740318905947
0.4996431120624332
0.29967043314493497
0.29123173277694847
0.3408640507335228
0.34193011647274446
0.3655000000000288
0.32777346780439826
0.43919550982206684
0.5063460253836737
0.338645418326862
0.5612903225803038
0.5193661971830441
0.5766270118972726
0.5222043873730122
0.5415841584150691
0.5305143853536164
0.472546476437473
0.5390260173452955
0.2798177432323931
0.48436460412535637
0.39262672811032207
0.3700281237444899
0.426694915254488
0.4049517415024903
0.4700906344405586
0.3401122019634345
0.3461538461536025
0.44687500000003816
0.4571657325858698
0.3333333333333333
0.34206128133725827
0.3778775968558782
0.35918972332060956
0.2948154657293339
0.36037863421196814
0.5200000000001735
0.4946564885494074
0.5598650927486797
0.41108033240962705
0.33973479652517397
0.422711355677751
0.4432989690717993
0.4473684210521988
0.2852878464818991
0.4329657574000221
0.39261285909648586
0.2707446808513158
0.41282051281986765
0.38338658146997545
0.27982261640827877
0.49152542372915503
0.4038461538462983
0.4889937106918899
0.43509933774862447
0.547002724794986
0.5335907335910073
0.4651303820493565
0.42241801272612356
0.5044031311153608
0.49907749077572877
0.48167539266941656
0.4596998332407394
0.4363207547166634
0.43156320119696906
0.5561594202903005
0.5517578124997727
0.39071038251418966
0.39403453689085194
0.2946605141728315
0.3073387224600069
0.28092105263134987
0.349074664965226
0.2900302114803135
0.3355776045360997
0.41707425522497743
0.37013264869474816
0.3794326241133664
0.38481404958636733
0.43722707423678364
0.4904502046383239
0.6040308239484156
0.5334128878287129
0.5522388059695402
0.4667919799494369
0.4879518072285298
0.4665532879817389
0.4499543656829748
0.5372848948372786
0.3606811145516062
0.4897959183667314
0.47061855670100394
0.550792718731174
0.44967532467571925
0.45286195286225545
0.5786885245905629
0.3986062717774274
0.35914454277293145
0.5434027777772922
0.6250000000002384
0.4677284157586302
0.5170068027214499
0.5395308427459238
0.5008347245409722
0.4676470588236139
0.487987987987682
0.3667100130038203
0.40315457413189976
0.4985020970642722
0.47743813682695896
0.5778761061953709
0.5656401944896395
0.37938005390774926
0.42953929539284813
0.2868942731282389
0.4312416555405817
0.3584456780336974
0.38064926798274273
0.4393511988718969
0.46626984126950555
0.35517241379349435
0.32161594963275486
0.4623089088034796
0.5869993434012274
0.5929078014194927
0.5438596491221097
0.46987032799427386
0.4058441558443437
0.437840515106669
0.39789858382814036
0.5534967124928033
0.46699029126260627
0.49344692005249424
0.5753328661533953
0.5063938618925097
0.4845215759845597
0.5246363209761166
0.5595003287307214
0.25521807974685684
0.3147766323021412
0.28677784395486866
0.3530205872427051
0.34073062478603294
0.41016109045815935
0.40832507433135073
0.5016816143499212
0.4962365591399859
0.5828488372100883
0.5429815016317037
0.5417956656349632
0.4348941629259418
0.5707395498398417
0.48120915032757167
0.587559808611943
0.39719400096800733
0.30645542681492094
0.472471190781384
0.382637853949354
0.37765266349044285
0.36039119804412
0.45088300220704275
0.4596169858449009
0.46756616502336185
0.49881982690746174
0.46888320545634105
0.40945674044268754
0.5589248793929169
0.3750741839761951
0.462609592573545
0.41343669250660336
0.5024840312283828
0.4055512721670188
0.2518600165337082
0.336202773793003
0.2927946688877052
0.3402777777776208
0.4463705308771525
0.42874592833815256
0.36417502278926994
0.5918003565063423
0.6032977691560645
0.5322939866376055
0.4968354430383189
0.3360000000000583
0.4312873438345739
0.33202164289248487
0.40886998784974404
0.38430311231391096
0.4529863985804298
0.33627858627867124
0.33978792070073854
0.4310085298546997
0.38510848126248126
0.45698924731127477
0.43531669865663913
0.4622107969151862
0.4415815193246902
0.36859273066125603
0.44610778443121474
0.4554326610276484
0.5197264597574028
0.39652448657188644
0.5142118863048671
0.4256926952154977
0.40607513988892807
0.45364238410582325
0.37087912087928626
0.4147794994041787
0.5828295042328098
0.44634920634861275
0.44667059516826213
0.44386617100503883
0.5732087227409355
0.44231994901303223
0.6227786752823241
0.407429963458295
0.36124530327460613
0.5987795575904137
0.44469696969740236
0.3995117982103612
0.5113732097731069
0.4994663820698704
0.4395373291276048
0.24536423841084098
0.49286157666015235
0.5999999999996996
0.3979833926457183
0.5319435104228081
0.5345238095239133
0.5039370078737131
0.35502342529932274
0.4980205859067883
0.46874999999963324
0.45544554455478364
0.2336700336704353
0.3467094703045617
0.4389776357827588
0.4684731631058718
0.43694614860275005
0.5433691756264243
0.32864864864883125
0.4785276073622467
0.4800580130522622
0.5566188197769802
0.4106364428949112
0.40565417488479216
0.35439137134082527
0.44739093242085254
0.5261780104709232
0.42889733840317623
0.48177496038031675
0.4986351228383802
0.3754578754585109
0.37000000000032957
0.526093088857744
0.3361182519276342
0.5042892156860458
0.21317695757150448
0.26470588235349024
0.30100214745871756
0.30461665292670387
0.2882513661197387
0.33692142088227806
0.3791238507294892
0.5000000000007353
0.5027995520724571
0.36924119241126346
0.4556213017753462
0.546640574038401
0.4120781527527613
0.4316417910455425
0.44309392265133757
0.4487554904837706
0.4547101449271752
0.3515601783059219
0.41454319453043104
0.3979143798021267
0.44562022339759283
0.45818815331047
0.4480048367596125
0.35063437139561576
0.38904573687186805
0.33925771040267994
0.37405026300322464
0.3268727082238132
0.43256313809799257
0.4337349397585859
0.4952494061759386
0.614540466392761
0.5032585083265219
0.6083650190106515
0.479702300405532
0.41030195381972107
0.4659593280292691
0.47563025209954124
0.3697749196143983
0.44301765650137614
0.3986380303825883
0.5011119347662275
0.5306291390738554
0.5646630236788275
0.3784570596798892
0.5793991416303886
0.4740143369170845
0.4486166007900104
0.5064420218038371
0.4802904564318442
0.37363304981865975
0.2836548223351027
0.38573315719927054
0.39898989898972237
0.3507664562672374
0.41653160453750443
0.47750511247450295
0.3955984970479159
0.43196437407239685
0.4623196151786743
0.42558581380621113
0.495765472312658
0.35238784370476955
0.4030390738061988
0.40630472854593364
0.5060658578864208
0.5108024691352397
0.4661016949160023
0.28795518207255394
0.40809084457062533
0.4077733860340251
0.3595015576326474
0.3899082568807659
0.31121780881633354
0.4316179879459677
0.3665893271461801
0.46314325452040866
0.47122108660612694
0.643225806451465
0.5324585635366903
0.4826334888540909
0.5391585760523264
0.38850174216030836
0.4222129783691218
0.4445125689757616
0.3242713004482854
0.4424507658638273
0.42269409422698223
0.4700435729847958
0.3069815195075883
0.4115884115890275
0.4904494382025165
0.47830279652800073
0.605368360936514
0.5472074468087221
0.5231977159167512
0.47583892617505963
0.4182692307692383
0.48807339449529014
0.30734536082437336
0.4282073067111183
0.3149466192168572
0.3631045241806099
0.4790182106097918
0.4755838641198966
0.35839902971479204
0.42065868263446576
0.5224274406339026
0.43483483483478835
0.5393848462109572
0.46708961142016414
0.23454625164407733
0.45563310069844304
0.3872928176800796
0.36899999999984473
0.4043392504934727
0.5797373358348372
0.41821743388800003
0.5541069100399781
0.2048012003003135
0.2808158439254995
0.30364483420117167
0.2992343032157706
0.3127781309602447
0.327648409314463
0.2935178441367907
0.34202682563364434
0.37533512064356966
0.422054915854484
0.3657331136742791
0.4490390215485341
0.4082618025755114
0.5074723846656994
0.4463111760401951
0.5558103975531241
0.509215017064639
0.23682256867101123
0.33078393881431023
0.362777515351839
0.2942176870744967
0.434210526316192
0.5407894736845098
0.40943877551051705
0.6116923076927255
0.48013245033100804
0.36319104268659613
0.3938931297707625
0.3415492957746721
0.3787465940049421
0.3943789664562332
0.3542662116032293
0.471724137929944
0.3359528487232124
0.5060292850995748
0.5418410041836047
0.38882063882003315
0.5057660626034662
0.43907875185712986
0.46728252501829654
0.4264591439681442
0.46123417721569837
0.3971499380417655
0.5007911392398022
0.3702213279681336
0.5518814139106135
0.5744827586197023
0.41679626749574356
0.45008460236953446
0.4114490160994321
0.3502475247523152
0.37282229965159164
0.556521739130361
0.5567153792628298
0.3710855949896047
0.4714285714291914
0.4840966921124398
0.5487804878042117
0.3573975044561015
0.36102088167006013
0.31703703703673985
0.3952153110051209
0.4361766485173253
0.4523212045171376
0.5902111324369634
0.4816666666675265
0.5129918337045619
0.44753946146650436
0.27987742594505055
0.5177548682701836
0.39968487394965524
0.33007334963297164
0.347385272144449
0.45566502463031083
0.44476914085339353
0.4596322941639657
0.534470989760436
0.5118483412317084
0.4650328750749261
0.5882740447956738
0.374641422834793
0.6183712121204048
0.4702875399363701
0.5525423728809127
0.5947521865884731
0.4411764705888063
0.4846774193550864
0.4557877813513745
0.3711340206194827
0.36738978306484715
0.42241379310368576
0.5785270629994863
0.2815463165573053
0.3984867591423664
0.4618155619598407
0.34736091298150573
0.34561532792984534
0.5141287284141443
0.42980189491924176
0.5376984126987933
0.4956521739131419
0.3042876901798599
0.33542857142856664
0.3596858638744205
0.3813186813185599
0.48554135843955293
0.42497904442550855
0.40079893475425044
0.5009940357844045
0.4340836012872505
0.40736040609076984
0.5082644628092837
0.39067629678249993
0.44377510040263796
0.3319185059418768
0.4245689655180986
0.3811188811196272
0.401840490797105
0.3190546528805612
0.24641897940915106
0.29229578010063384
0.35778513961142056
0.3106402164111308
0.3985426008968444
0.4076607387134197
0.3717306622143162
0.39578713968921386
0.3416445623337278
0.379834254142715
0.38682745825580195
0.35475051264442375
0.4299319727890433
0.4061696658099029
0.562461538461798
0.5664939550948078
0.44215938303303615
0.586315128688421
0.5029663810150936
0.4831372549016761
0.44516829533122393
0.5604751619859433
0.5816326530616311
0.5254803675857739
0.5844529750487059
0.5755868544598012
0.5865237366003337
0.42674253200552986
0.5688705234151814
0.49119373776927844
0.5873170731709901
0.5399811853239085
0.5205104831353706
0.44764237599504614
0.37821108016087746
0.3960396039606464
0.3947368421049333
0.5205965909087816
0.3663688058480579
0.41833030852994235
0.31530424093466636
0.48283752860374063
0.5018281535650594
0.44924406047604565
0.5008503401369582
0.40759075907592357
0.4721311475401754
0.4714400643606775
0.5555555555557634
0.3486590038314893
0.4486853265489279
0.4476110645431678
0.4871406959148977
0.4966931216928355
0.4519595448788337
0.46436132674667896
0.5323741007194346
0.46528925619774286
0.5608888888876112
0.5422647527907953
0.4046844502273617
0.4285714285708672
0.480968858131544
0.43070362473336304
0.5109489051092463
0.46999154691496153
0.47693646649274724
0.5655004068344346
0.5117891816917618
0.5131061598949948
0.5843195266279049
0.39610080836856526
0.446646341463274
0.40057636887669296
0.5272177419348885
0.4685466377444804
0.5289156626501446
0.48918640576783434
0.3959731543625041
0.2826193993109675
0.41193181818256686
0.31438127090317386
0.45563549160702066
0.48561464690413375
0.3654970760232916
0.37780300879945644
0.39285714285717604
0.49322033898301904
0.49563046192160903
0.45371367061430345
0.4568781183187226
0.44818652849801227
0.5231481481474449
0.4338335607096787
0.45796064400792436
0.30286113049536706
0.4219298245614351
0.5191532258051577
0.6549586776849583
0.5134199134206366
0.4690117252928995
0.5697247706429481
0.35842217483995764
0.42316784869962354
0.4511898980085371
0.5092783505152605
0.4701492537321297
0.4571583514105394
0.5268320830926801
0.48664688427258
0.5756331279940275
0.45571797076437137
0.49056603773503793
0.5507537688441383
0.3549422336328514
0.4675213675210522
0.4040219378424166
0.372340425532884
0.3894984326023583
0.3809523809522073
0.3994638069692414
0.39350180505513915
0.4647495361777597
0.44764011799317627
0.5351711026628092
0.48835041938344
0.33269720101837835
0.5166516651657683
0.5223993925581939
0.4647979139505916
0.5297891842341007
0.41093474426901916
0.5010706638127004
0.40724762726483843
0.4689092762495172
0.43966125617498847
0.25992647058801355
0.2996368038745335
0.34595003784972633
0.28593040847287476
0.38413361169155635
0.4486447931530792
0.337752965806611
0.5117554858936593
0.38443396226395815
0.3511390416329221
0.447641886490564
0.46495726495678563
0.41475573280053724
0.40619621342533446
0.553973902728986
0.361196319018537
0.3715986394554886
0.4875357580706267
0.5545058139539494
0.51386962551994
0.49949545913165283
0.5102362204733224
0.5392237819972978
0.49032258064537804
0.5705765407556718
0.3290836653382784
0.4018987341779975
0.481751824816448
0.29106808244910437
0.418495297804779
0.38315060588497085
0.4403522818245841
0.5015105740182562
0.340513670256378
0.44988479262638076
0.5860420650085482
0.5736284889310518
0.5032925682030205
0.5687830687839435
0.46390760346406507
0.34605597964347085
0.5114873035070503
0.37794773741284926
0.5653669724760548
0.5772511848347567
0.524669073404772
0.4625668449191392
0.44062733383089164
0.4767879548304334
0.34902309058606096
0.3809082483773915
0.2771474878439847
0.2894248608542703
0.4119574119566758
0.3520249221184796
0.42191142191105757
0.4582989265070496
0.43338108882433307
0.4170286707212138
0.6218144750255816
0.4237405106969078
0.3181330472098676
0.30278157774695164
0.3905084745765198
0.3711167086489878
0.4068396226421001
0.5243991260024895
0.41254125412497294
0.35462794918371937
0.4604810996559561
0.42167878387315355
0.3631245601684764
0.4615384615387367
0.4267068273097763
0.4771573604056083
0.4944320712690034
0.3989481592785008
0.4591321897063263
0.4504950495045102
0.5534787123572633
0.3725135623874271
0.4252491694344669
0.5208604954366629
0.5976168652612004
0.35568101623179205
0.44915662650611615
0.48911465892574724
0.6067125645439723
0.487748851454509
0.45226917057869254
0.5174129353234315
0.5263157894725614
0.5128017556686697
0.4732650739469879
0.45764272559756797
0.5328083989491178
0.43109079033379133
0.49306197964832993
0.41687344913200264
0.406976744185799
0.4052388289677909
0.49956859361472755
0.34348023625668134
0.4918879056047389
0.3661971830979307
0.4614661654138806
0.4315245478031525
0.4530168150349268
0.40126811594054684
0.4664429530194598
0.3977611940289263
0.4841930116467058
0.4684873949573195
0.47402078337300185
0.5093283582079492
0.4821073558651893
0.4004065040642823
0.5417475728162519
0.5372217958555531
0.37471577989954136
0.3048607833888557
0.38644067796600295
0.3958810068653806
0.3744408945687196
0.47701863354021296
0.5214132762310082
0.48312236286979804
0.3840104849262892
0.39155251141637004
0.4576124567471316
0.5908496732020871
0.41407528641722374
0.39657142857091077
0.4377828054311313
0.5342723004692598
0.417984189723917
0.3959938366721613
0.5242914979764715
0.34499205087489987
0.4612202688719984
0.3033919597986729
0.41062176165845216
0.2770137524560495
0.33680555555416053
0.365135453473969
0.5212399540759268
0.479487179487937
0.4323699421979908
0.43167305236243997
0.47437425506628667
0.4208494208493044
0.44600938967124315
0.32827324478257824
0.15384615384618303
0.21596762325269045
0.2266419981496423
0.21451743714508123
0.24391455539028573
0.21220791607069736
0.2217367558709485
0.2548903378778774
0.27084988085864914
0.31845436375772557
0.2962417096545492
0.2879019908122523
0.2996820349765907
0.33445661331096477
0.3634969325149171
0.37075098814241086
0.35068762279032284
0.3787385253184001
0.43686868686940294
0.47720174890649736
0.4777947932614378
0.4111600587366775
0.41392169049120847
0.5339273474982039
0.5058103975531172
0.38006644518308036
0.3710407239811636
0.4029850746258264
0.2969374167774931
0.3435714285711516
0.3697478991590019
0.504897595726591
0.42222222222214806
0.5030355594100755
0.3545216251637377
0.38098159509194146
0.3198675496687851
0.27559055118167053
0.3694614860261691
0.4245998315068377
0.4463397299216754
0.40848214285788237
0.4567901234563093
0.4595588235295173
0.42978723404194497
0.580357142857174
0.47538337368910216
0.4666666666666667
0.27637889688243783
0.5662002152851081
0.40909090909111084
0.33983666061747114
0.4104803493458719
0.44146341463494215
0.5081300813007162
0.4618916437096493
0.47858942065511834
0.477961432506335
0.5997442455240253
0.5362318840582171
0.3962450592872466
0.4531680440771387
0.3110307414109129
0.3522012578632574
0.36917098445608965
0.3483796296290384
0.33995416348364593
0.41887226697381724
0.19971435372518576
0.25514771709960027
0.3120787973039816
0.2965641952981341
0.28383233532934554
0.36907366885531906
0.31997677119607726
0.4099999999989184
0.3736730360939083
0.4698039215686947
0.3318211276742872
0.4277864992157697
0.472694717995325
0.5174825174817534
0.60929250264073
0.45154185022039695
0.5103042198227976
0.34422348484803433
0.3192857142861268
0.43198529411896686
0.3642276422764744
0.41546391752567147
0.4207525655659807
0.3748657357694221
0.4030303030293795
0.35671342685311136
0.5058139534877384
0.40711009174396423
0.5178316690436979
0.5790349417632216
0.37859266600565106
0.5664621676890105
0.6114732724901818
0.5650684931496542
0.39176426142768667
0.44527736131827367
0.5249632892804668
0.46396123561489855
0.549475262368697
0.41091219096361153
0.5083743842357272
0.5205585725375049
0.4574934268187572
0.401335311572092
0.5004088307445067
0.46954986760762407
0.47225025227046374
0.4171428571425656
0.4818101153510938
0.45490196078417106
0.5940476190487345
0.3453575909662427
0.36300639658914147
0.3954961294872647
0.4354032833687117
0.35117056856287227
0.4327390599672696
0.46933333333281485
0.4351851851844698
0.45509499136469955
0.34057971014529215
0.5330661322654192
0.4801687763716849
0.4249803613519236
0.5308775731300375
0.45829338446760465
0.5065856129676876
0.48404255319113576
0.2971336293908143
0.4809716599193651
0.4692653673158831
0.4116731517506073
0.5017793594307596
0.41433447099006043
0.39486858573281985
0.4384272997029825
0.41410788381781743
0.45785440613038286
0.4201235657550064
0.47058823529438265
0.44424778761098654
0.4270491803287663
0.44955156950778186
0.4670991658946855
0.4385026737972047
0.2871583676527409
0.4340175953079767
0.3639291465378675
0.37500000000119665
0.47354726799718744
0.42292171105738185
0.43977812995265386
0.45839524517088204
0.4230769230773444
0.5246636771310561
0.523761375125963
0.464676616915769
0.5368898978427107
0.5371549893854508
0.4695035461000923
0.3214837712513978
0.37751004015987877
0.4103053435114705
0.44379467186415716
0.5011990407670979
0.5881397238018722
0.5428983417446156
0.4342774146691575
0.3289146644569569
0.5799999999995769
0.5820763087840589
0.3368644067799678
0.35034347399495636
0.41149773071145507
0.5548172757474437
0.5781710914464219
0.43178973717104524
0.4883381924187959
0.5410497981146538
0.23104235353820546
0.33909702209432496
0.3193083573491839
0.3060188542419498
0.28428927680698723
0.31478658536549287
0.3466312056734672
0.4105037513400267
0.49463519313362275
0.5236270753513758
0.3564013840823529
0.42280285035546816
0.4261704681874044
0.4880581516090312
0.4670520231213455
0.32952548330400144
0.5226390685641147
0.2420459122023873
0.3750823994724092
0.44667832167880067
0.4656133828985099
0.514644351465283
0.3881469115193157
0.4834810636588904
0.5088547815810907
0.5015873015874394
0.6437941473259433
0.4002089864148808
0.3408521303256428
0.4528301886794307
0.36587436332854517
0.2966023875112726
0.4334600760463191
0.3697674418605813
0.2921077959570632
0.3606694560676567
0.3781055900621907
0.37018837018805845
0.4243542435431002
0.4841402337223163
0.6111111111112068
0.5650723025581493
0.4598478444634635
0.4041095890411188
0.4898523985240085
0.5152253349568707
0.37147736976943213
0.41542750929372585
0.34384537131222437
0.37019790453989565
0.4312638580925863
0.277426160337179
0.35041446872644955
0.4087694483730669
0.4320798158086877
0.45603448275821284
0.4520547945197234
0.44560943643494
0.48592283628709054
0.45728038507749225
0.4547896150403867
0.4855172413801017
0.36811926605472484
0.37404580152710165
0.40112994350358533
0.3470031545749552
0.4175824175824962
0.31261261261229245
0.26224244046047185
0.3168724279827867
0.3130026809653545
0.22083593262606951
0.34426229508242046
0.33418367346918443
0.37687366166908937
0.4019695613249698
0.5335276967945384
0.5279299014225536
0.5351239669421696
0.5205314009656167
0.436314363144798
0.5522540983611498
0.5016574585620623
0.4282722513094594
0.3797881010600019
0.4280155642017433
0.4166666666663399
0.4993429697771931
0.5392749244717091
0.4864016736389729
0.6032258064493674
0.5400593471800288
0.5919999999996001
0.5684931506856278
0.4209919261815803
0.5716034271710613
0.36244897959144373
0.4939597315424384
0.5424354243536585
0.44097560975622024
0.5916230366495091
0.6128680479843006
0.2881555686506883
0.3496458467479782
0.34500745156461826
0.36589030803892836
0.37950664136592155
0.37261698440208557
0.34270414993387405
0.3081850533804515
0.374407582938915
0.33494208494191025
0.42710472279334066
0.4119749776584366
0.2777276825977615
0.27544910179681953
0.2895752895753478
0.3644148430074877
0.3763975155276158
0.3273967411899495
0.3663570691435883
0.36999068033564364
0.30539358600557986
0.4105960264909798
0.36800785083270293
0.5178997613368937
0.3987408184678861
0.4396946564892984
0.3940362087313477
0.43397968605733495
0.4796747967475157
0.5105540897093989
0.36870997255263205
0.5222072678317788
0.4733502538061002
0.33300000000029684
0.2905834777582161
0.35802469135829945
0.47970479704804136
0.42816500711233996
0.5942249240113642
0.5960526315783455
0.4502427184469787
0.38797169811376697
0.45058139534746744
0.4262295081948844
0.4861809045214264
0.33096366508694025
0.4723404255326752
0.5430183356829743
0.3201058201055194
0.3852631578930533
0.44562334217689376
0.32555080565589717
0.35509138381219685
0.36568848758522726
0.3764705882352169
0.3281505728317757
0.3499570077394849
0.45233265720170324
0.5263157894730831
0.46868686868612347
0.5484764542929095
0.3566176470590347
0.4792270531406326
0.38014311270039136
0.35769230769128213
0.32190942472519907
0.461300309595642
0.4596375617782139
0.2604208019055467
0.37283018867896606
0.30303030303063666
0.340707964600967
0.3782337198924694
0.3870656370654824
0.3281138790035686
0.44456289978713776
0.34166666666737866
0.39255813953424157
0.3657487091213946
0.4317637669600191
0.363562753036934
0.42613065326625865
0.4142724745137604
0.46336429308604427
0.45941278065871566
0.4529472595641529
0.40453074433717634
0.46707818930058104
0.4789808917185631
0.3804453049367178
0.39081746920479005
0.48236953455624837
0.5159944367197109
0.5938967136140334
0.45036319612641174
0.47903225806588273
0.545808966862667
0.36956521739286624
0.3166144200653443
0.4075187969910769
0.4295485636113851
0.46532846715210113
0.2502673796789065
0.30145530145664357
0.30854271356829094
0.3974630021135321
0.47020725388471274
0.3320802005015537
0.4489528795805496
0.4287790697668519
0.5310559006207225
0.3548812664896469
0.5479274611402241
0.5455712451869438
0.44803229061453365
0.4530516431919448
0.39845474613565435
0.3651685393260769
0.45694603903467745
0.5116407982260771
0.6264800861140989
0.45390070921938336
0.5937052932750135
0.5056179775270813
0.3783505154654659
0.32682926829105646
0.3742774566476884
0.4873949579829175
0.42343750000108704
0.4870129870134605
0.5836363636381648
0.5290697674443909
0.3265027322402987
0.40125391849418474
0.4991023339325768
0.48763250883458065
0.3154093097915876
0.3671232876705586
0.4585308056882812
0.5616641901948163
0.47803163444361646
0.5028653295131426
0.6621621621632321
0.6196943972812178
0.35035460992779316
0.3697705802969423
0.38175675675651155
0.3959899749369999
0.40024937655838183
0.4851994852000869
0.5240112994357685
0.4517241379301753
0.30949839914588656
0.3228643216078142
0.32690695725089486
0.42005676442860945
0.5109489051089093
0.4200426439237026
0.43874643874532915
0.4138398914516987
0.48855989232804814
0.47661870503743053
0.28787878787873805
0.3508230452666567
0.3915929203532558
0.5752330226356918
0.5066445182713637
0.398437499998774
0.4291443850258549
0.4296977660980734
0.33288104929847917
0.48674080410702103
0.2866419294995412
0.29442282749589016
0.3843782117157801
0.4393939393948734
0.524613220815822
0.46363636363768174
0.3511988716490072
0.40810419681747223
0.3921568627438645
0.5090252707571555
0.3986013986026401
0.39760638297877177
0.4008097165979419
0.46209386281783155
0.5188216039272441
0.5057121096718872
0.5580110497260669
0.5514250309791172
0.35897435897487256
0.30706243602937316
0.3535242290741177
0.4452449567719329
0.3987138263656105
0.49529190207207563
0.6222596964586513
0.46718146718301984
0.47400611621017924
0.4853195164071799
0.396551724138976
0.5070866141746183
0.43749999999856964
0.40342857142864286
0.23314711359377036
0.38773584905609454
0.3752808988756057
0.39479638009027035
0.34003496503582153
0.3098265895952139
0.34825870646653784
0.4747023809516285
0.30952380952286057
0.4859926918374097
0.4380776340119313
0.3862179487189317
0.3551532033422509
0.33079847908723603
0.32009080590310074
0.4483362521872012
0.39013933547526225
0.20552995391704681
0.244821092279038
0.2297577854668839
0.28760088040999854
0.36888111888079955
0.33091787439566434
0.4387568555767593
0.4228949858091972
0.4879032258069787
0.40151515151602013
0.42323651452224326
0.6049896049896345
0.466463414634228
0.6065400843881334
0.5037513397650428
0.44761904761917415
0.44572158365231235
0.5335515548278498
0.4628224582691889
0.42969984202155154
0.39285714285619394
0.36424731182669745
0.40169491525405215
0.49297971918891964
0.5428015564201744
0.5635451505007438
0.4164785553063774
0.39383561643804316
0.48929159802292116
0.5129449838198747
0.42857142857303887
0.4023285899104046
0.5150602409636694
0.44722222222185304
0.252159605100466
0.36507936507870903
0.3863936591814785
0.39949109414770495
0.34626038781185164
0.3287070854636807
0.4102803738332051
0.4120707596244006
0.3506012950962365
0.43123061013408764
0.3812080536914845
0.555199999999275
0.4374999999994132
0.4695989650717364
0.388289676425469
0.49750415973274975
0.5904761904772533
0.2681690140834632
0.40646651270308365
0.31392045454609685
0.3722084367246319
0.2663092046455792
0.4007936507929435
0.3941109852765064
0.37549407114644845
0.4827586206898874
0.4772313296892511
0.35382513661249204
0.3866513233599281
0.5730824891475188
0.47807933194064267
0.4261119081764943
0.45454545454413703
0.6583184257607362
0.15324421258543863
0.21729807004945104
0.22473604826584212
0.23852520692316484
0.28947368420990804
0.2844408427879106
0.29756097560986455
0.41994970662190795
0.32676348547763234
0.4898477157363991
0.47319347319343075
0.33229329173157895
0.4421052631580751
0.4251290877789034
0.3284848484836405
0.399317406141286
0.4254473161017202
0.33048433048362114
0.4217791411034905
0.4642289348164445
0.40162822252388514
0.4291390728475451
0.37500000000097383
0.5516014234868148
0.36425339366340403
0.45772058823703626
0.26695371367077875
0.34517766497482055
0.4472440944874092
0.33612040133857357
0.3366058906047374
0.2957957957960247
0.3161290322579832
0.5129982668980226
0.25257452574587647
0.45352743561021663
0.38297872340477535
0.34712950600704295
0.48721804511094047
0.4809264305186971
0.4270833333327212
0.40571428571441326
0.27083333333399257
0.46141975308606165
0.3620899149458352
0.44230769230751177
0.28454172366687214
0.4501607717046647
0.405307599517005
0.3503562945363846
0.40760869565317376
0.39482961222047164
0.42220279720383874
0.4613800205985465
0.5041322314035868
0.45702592087140126
0.567213114755106
0.5016077170403671
0.5346534653447159
0.5575757575757098
0.4744897959178251
0.5765199161421285
0.3806818181804732
0.45019157088068135
0.38427947598348855
0.41348973607154005
0.603252032521869
0.5781512605019731
0.33235438081212726
0.37953488372098093
0.3944672131156787
0.45299145299283883
0.4441860465113533
0.40895061728202053
0.44863013698852305
0.43946188340796705
0.324626865672095
0.48752399232042076
0.3614864864856952
0.41310975609601347
0.3997477931911335
0.5125208681137893
0.3774574049794317
0.37237977805080513
0.4587869362351024
0.26412154265678095
0.35358649789039964
0.34117647058961137
0.43193997856466343
0.34557595993210627
0.40879689521268275
0.3155386081986053
0.39327296248427046
0.4102564102573274
0.3682539682549327
0.3323397913551265
0.43966942148647753
0.5984496124032698
0.26955475330952045
0.4400000000024454
0.4019769357516871
0.4190476190492132
0.341162654140049
0.39634146341408233
0.4239256678290078
0.356069364161192
0.5440860215060221
0.3510011778551826
0.43329097839869024
0.39424703891691637
0.43737574552840586
0.2937365010800047
0.3659217877104343
0.5036710719540378
0.518279569892997
0.36100131752329734
0.39115646258559883
0.46730769230862396
0.3039106145251494
0.32445820433460565
0.38172043010909334
0.38196555217854666
0.39941690962094145
0.40151515151507144
0.5147727272740058
0.44977511244456386
0.413114754098854
0.37430167597873043
0.468041237111642
0.4190871369286536
0.41591591591584987
0.43418467583216647
0.4119658119658291
0.5370370370366352
0.37532467532280117
0.5758293838882956
0.16685042263809374
0.20864661654283345
0.29981024667893014
0.26807473598797027
0.24544582933922052
0.20283975659214346
0.2933930571099635
0.3524475524478313
0.4287749287743502
0.42953020134283165
0.46262341325693285
0.4926350245484953
0.6081277213354043
0.5935302390990249
0.33563218390824723
0.49287749287548765
0.49337260677482536
0.3459770114938491
0.397186147185692
0.4170616113754055
0.3501070663808519
0.4474940334130213
0.4605263157899808
0.41848739495991943
0.38131699846671496
0.44318181818232255
0.46755407653874465
0.392976588629123
0.375796178342206
0.44940476190485706
0.38253968254033693
0.3807763401107189
0.43083900226935107
0.3781869688374259
0.35602836879505445
0.3783783783785624
0.3355119825712294
0.41391304347674873
0.3755868544591125
0.3451118963496615
0.38521400778156895
0.37662337662334
0.31087470449244886
0.23506891271041547
0.2716049382710096
0.32233502537893055
0.3992932862178702
0.33091436864954304
0.3844884488445016
0.275583482944351
0.3419023136237365
0.29801324503247634
0.3164693218510685
0.28827586206783606
0.4150000000009439
0.398467432952055
0.33395176252263986
0.2661782661793376
0.2939068100370591
0.2774193548394954
0.3347050754454891
0.282894736840943
0.2802275960172001
0.29650349650442476
0.3892473118299711
0.44684385382098063
0.36680327868680246
0.2986425339360918
0.2007434944245822
0.31751054852286775
0.24343434343427967
0.2900696864116492
0.3515624999998808
0.35897435897611596
0.3676880222834861
0.44615384615366127
0.3536585365861282
0.41811846689851606
0.4374999999975812
0.5526881720422973
0.37876106194786924
0.5068493150681267
0.33700787401453236
0.4092526690399497
0.3938356164391578
0.2774193548391161
0.3281471004224958
0.35139573070707597
0.44805194805225684
0.4568421052644822
0.46835443037824487
0.36084142394898705
0.5048780487785245
0.3177083333314439
0.4573913043483813
0.43811074918353354
0.32215568862177413
0.45853658536633385
0.3718411552321755
0.5471698113235356
0.4508771929816747
0.5187969924816814
0.28444747612549703
0.3567251461985499
0.4447086801432257
0.39273153575667546
0.40802675585289744
0.4475138121527687
0.41470588235133626
0.39835164835097037
0.4903640256982418
0.4315589353627978
0.409836065572196
0.46359223301116986
0.44600938967353526
0.5019841269862335
0.5475000000017332
0.5205479452049908
0.4887892376679258
0.30611222444932623
0.3507718696404463
0.35470941883886353
0.3937708565071167
0.37775202781034023
0.33481646273794924
0.38896551724205924
0.37151248164415596
0.37111801242203063
0.42534722222072713
0.40836653386642496
0.38718291054731996
0.39265536723211375
0.5339578454326983
0.41916167664838716
0.3312202852613033
0.45394736842353206
0.2733160621756415
0.39808153477154773
0.5151515151513358
0.4230769230752902
0.4901664145233599
0.5445378151274626
0.5007587253422313
0.4141414141430082
0.46566523605267124
0.6756152125273094
0.5200000000002404
0.4313304721053425
0.4397321428540681
0.34545454545414195
0.45682451253525835
0.4096045197743074
0.4330543933078667
0.4006147540978133
0.49576988155548707
0.4427480916031862
0.45686274509806923
0.4926931106495989
0.4279475982513945
0.477459016393459
0.4650698602793011
0.4078674948251048
0.4509433962259423
0.42828282828139363
0.3154981549818091
0.4646464646433264
0.4950980392152639
0.41395348837148044
0.3206002728510816
0.41379310344562203
0.3120300751873558
0.39403973509817075
0.39816232771926324
0.41472868217101205
0.46418338108731805
0.3903743315510255
0.4060995184580275
0.28451001053759645
0.3662420382173528
0.3957968476360442
0.3041666666654122
0.3624454148482229
0.3736263736262557
0.38160919539979093
0.4934640522838067
0.49881796690643493
0.46179401993183045
0.3615247170928492
0.44677871148403836
0.49067431850636745
0.3595505617978021
0.34937611408046376
0.38035961272605806
0.3565891472875845
0.5582089552215139
0.5882352941145755
0.565464895634647
0.4304511278210186
0.5248380129558385
0.43722943722897367
0.5090439276480703
0.4897360703817523
0.27586206896542437
0.38977072310212474
0.2972002871504254
0.45585585585820804
0.4198606271776885
0.44220183485999864
0.43718592964852065
0.4718909710391993
0.4091816367277062
0.3827160493822908
0.5129629629622798
0.45687645687604306
0.4432717678116443
0.3798449612410533
0.3609958506247603
0.47560975609535366
0.46913580246935904
0.4393530997291387
0.5691056910589759
0.281460134486646
0.40322580645110484
0.3756613756637994
0.44098360655547714
0.33213429256545307
0.4198113207554991
0.5221774193547911
0.44009779951167954
0.393805309733978
0.5679611650496021
0.48511904762356245
0.47949526814171634
0.5137614678888398
0.39473684210195725
0.3304498269888127
0.4411134903642048
0.4900849858362269
0.3015241882039183
0.3740359897177689
0.4028213166149766
0.3957219251338434
0.47707979626532854
0.42364532019777096
0.40200286122966156
0.37858508604167945
0.43786982248560025
0.3292831105715312
0.3110504774900589
0.4293015332195858
0.32375478927183
0.43687374749432334
0.40130505709636227
0.5659999999998125
0.5290806754200628
0.24988864142483644
0.317353787152926
0.2979942693420164
0.32799145299134375
0.39375750300207296
0.32100396301254336
0.34620886981558285
0.33926128590978216
0.4195121951236551
0.39788732394348036
0.44444444444739667
0.5093945720248564
0.44990892531902055
0.4677419354836169
0.5474683544252167
0.2847341337916109
0.45372460496326406
0.2751159196285767
0.42737094837941364
0.41627543036130527
0.4349845201228703
0.4137931034494369
0.4422382671484153
0.4730769230764753
0.4417670682719899
0.3593749999996424
0.477966101693019
0.2844950213370199
0.31685393258285943
0.47837150126914146
0.3928571428569768
0.4924242424260357
0.5380116959068335
0.4752186588913647
0.2410423452772822
0.35833333333390294
0.3630136986316029
0.3700623700647504
0.32712215320924365
0.33273381295134596
0.3487940630804899
0.35326086956639025
0.3003533568887647
0.42712550607246635
0.5462753950323276
0.5081585081580943
0.5288220551366425
0.5297619047615933
0.47649572649783967
0.31289308176180775
0.4007155635056237
0.3813364055307911
0.38321167883281915
0.39062500000136224
0.34065934065996956
0.4379391100730103
0.44028103044562894
0.44924406047604565
0.5070140280557515
0.5692307692291514
0.2854077253239568
0.38618925831331063
0.3928571428559932
0.36951501154660454
0.49570815450606004
0.5033407572396926
0.5305623471872367
0.5439560439573705
0.3921568627454484
0.39310344827528154
0.38593155893304604
0.44339622641398196
0.4683195592271829
0.49176954732638445
0.48210023866310625
0.5749385749368301
0.541806020068943
0.4019801980180407
0.5649717514095308
0.4115044247797552
0.3908045977003754
0.5481927710856485
0.4686468646885745
0.5276243093919523
0.4382716049390902
0.31607629427730083
0.4085714285732858
0.4774624373945273
0.40677966101554663
0.515222482433455
0.4547461368667316
0.4321503131538648
0.36938435940031167
0.38963963964092746
0.3632812499999702
0.3953934740893853
0.40748440748584247
0.38888888888840667
0.4421052631558607
0.4460784313726898
0.47632311977652236
0.24110032362462616
0.24871794871700287
0.38474295190776475
0.3876106194690143
0.39732888146758033
0.47529812606347205
0.44491525423457073
0.37535014005605305
0.4203703703688836
0.47207207207054414
0.45614035087577226
0.5324427480906571
0.5710955710939157
0.5873015873013764
0.567567567569113
0.4098039215683421
0.43123543123760655
0.4711316397237074
0.32072727272713636
0.4002932551317045
0.4269841269824393
0.46209386281783155
0.46345514950170424
0.24587155963223195
0.3507246376807985
0.47802197802187973
0.46187363834621953
0.5763097949918937
0.47733333333256955
0.5332031250008791
0.4626168224289471
0.46265560166062525
0.5152941176472102
0.573333333333125
0.39896373057019285
0.3060380479725191
0.37920937042478575
0.355670103091936
0.4162895927616205
0.3701298701294584
0.3985765124540073
0.4188481675415867
0.24041811846634575
0.2956521739114782
0.39446366781960157
0.36874999999842345
0.2600619195054957
0.32868525896309725
0.34707158351458683
0.4316546762589254
0.3288201160556637
0.3648915187365558
0.26978723404199445
0.2889610389613272
0.3122605364010189
0.3419811320754608
0.3121387283211981
0.32535885167397055
0.30808080808248517
0.36919831223732996
0.2933579335812836
0.4065040650391014
0.24712643677996435
0.43962848297440116
0.42857142857285196
0.3282051282030225
0.34855769230663153
0.42433234421743293
0.36010362694109155
0.2678132678134211
0.45297805642689365
0.46499999999866554
0.3665413533832033
0.3529411764718454
0.4947145877384284
0.3984063745010776
0.36203522504757
0.4611973392460909
0.4647619047616143
0.4475524475530922
0.6115107913660305
0.4315545243638308
0.5530546623795424
0.4379084967298015
0.4663865546188148
0.41492537313733885
0.29694323144104057
0.3291139240516412
0.3152777777766627
0.2770745428979535
0.278996865206247
0.27375565610727776
0.39211136891017506
0.3753351206444423
0.3863636363639726
0.32962962963173253
0.3833922261487025
0.356481481480456
0.40047393364979356
0.3761261261262252
0.47701149425374434
0.4185463659139283
0.46749226006360417
0.21357519016926127
0.28020565552650833
0.3067729083659552
0.2891737891750811
0.2542662116044652
0.29098966026696116
0.29514563106659897
0.4476021314401567
0.3738738738743296
0.3381642512050177
0.41432225063564343
0.4031830238729676
0.3831578947362449
0.37142857143175984
0.47326203208840967
0.458193979931057
0.4626865671682032
0.3619047619056697
0.4033018867932024
0.30446927374504335
0.42729970326522987
0.3571428571434799
0.3226452905802212
0.36296296296399877
0.36683417085723025
0.45375722543525515
0.42105263157827116
0.28361858190826955
0.47575757575852623
0.45878136200531194
0.4416873449166866
0.41042345276580805
0.4548736462110152
0.5516014234902898
0.44382022471803273
0.506451612900645
0.4768683274018632
0.529780564264436
0.4685534591198638
0.5806451612851293
0.38617886179455574
0.43776824033996625
0.4390756302509545
0.4436619718293879
0.5327102803751964
0.3710843373487626
0.35011990407897353
0.41141141141414117
0.5506607929539674
0.5975609756055932
0.3381924198245251
0.17550790067740987
0.2456344586727775
0.24047306176031832
0.2940360610270623
0.2532894736836928
0.2550458715614017
0.3156822810574835
0.25576519916346835
0.27207637231519155
0.286729857819664
0.40389972144716485
0.45014245014232335
0.48823529411950534
0.4395973154310957
0.47300771208365605
0.43790849673006566
0.44599303136279705
0.17760942760928508
0.2273603082864543
0.33513513513587695
0.31019522776805153
0.39080459769944653
0.37055837563600225
0.40270270270240316
0.5194346289752162
0.4202898550725458
0.49056603773498003
0.5934065934038814
0.457983193277966
0.4661246612449774
0.532467532468301
0.46698113207703595
0.3178294573630502
0.4029850746256693
0.3979357798179058
0.4507658643317063
0.5553319919514731
0.4078674948251048
0.4954954954995109
0.5936739659366588
0.43469387755352557
0.4704301075294925
0.6138107416866894
0.3682983682975194
0.36674259680938354
0.5270270270260463
0.4244372990336737
0.4408602150540457
0.5177304964520344
0.46245059288397206
0.3541076487271088
0.3880794701973839
0.4470046082926499
0.44522144522024615
0.5014662756585141
0.4005037783351153
0.5419161676651784
0.5425867507878273
0.3531073446335943
0.44493392070249604
0.5167286245350191
0.5999999999959941
0.5
0.4758620689667712
0.46571428571141615
0.5555555555555556
0.44981412639167706
0.3761755485898215
0.34805194805152645
0.33246073298336976
0.44943820224842373
0.360178970919513
0.42441860464997455
0.3937823834201348
0.40793201133323137
0.44148936170245917
0.5067024128679029
0.45427728613331414
0.4325259515593849
0.5265151515173091
0.6356589147258657
0.41500000000229464
0.5635179153101301
0.4421364985183668
0.364864864866648
0.3192446043156023
0.37399678972645256
0.3793103448303972
0.41617357001919963
0.4172839506183436
0.4530516431929833
0.34657836644421264
0.4116161616157133
0.4085714285716358
0.3768844221094925
0.43243243243401747
0.41159420289837023
0.3236151603509498
0.39263803680915443
0.33230769230660145
0.36807817589874925
0.42857142856908415
0.31185944363304063
0.42671009772152735
0.573643410851833
0.39272727272662716
0.511029411769246
0.4977578475356351
0.5377777777743831
0.44979919678497526
0.414285714285515
0.39762611276408044
0.6
0.42891566265029624
0.5529411764729308
0.6230031948876208
0.4892473118296222
0.38315217391638906
0.4891304347816858
0.3488000000018498
0.4588235294117107
0.49468085106595705
0.30731707316850115
0.33944954128692406
0.438320209972381
0.42409638554144297
0.6031249999996567
0.4657039711213988
0.4648437499970499
0.4979919678693441
0.35294117646962286
0.4594594594592811
0.29829545454696765
0.4644549762978783
0.35616438356060554
0.3740831295863601
0.38330757341553645
0.4363057324816402
0.4999999999958271
0.6064139941713703
0.4005763688744426
0.35693215339622186
0.4046242774570389
0.4754716981127904
0.3612167300354535
0.5491525423719837
0.5946969696942798
0.32196969696498956
0.4581818181837291
0.3809523809538571
0.45744680850947794
0.45967741935407663
0.44664031620699807
0.4085365853677899
0.32710280373929856
0.3604060913711874
0.29180887371709396
0.4846416382256427
0.4877049180317044
0.420420420420984
0.5353159851278715
0.5416666666663276
0.46494464944899405
0.3343195266244155
0.42553191489037545
0.3935742971850383
0.5371621621653495
0.5536332179925418
0.5181347150299962
0.493902439023882
0.2763596004426858
0.3859649122794996
0.374345549737524
0.40109890109577634
0.36102236421559786
0.4532163742707089
0.44400000000299966
0.5157480314973949
0.4210526315807506
0.253687315632366
0.21511627907146175
0.28205128205056873
0.39044943820086037
0.3737024221498649
0.3649635036523403
0.4918032786838011
0.4065934065904194
0.2853053435107498
0.3131749460082005
0.36685288640639924
0.40591397849147665
0.44021739130691473
0.4380403458257696
0.41785714286072984
0.5059760956200097
0.36338028169086917
0.3392857142862332
0.4276527331170933
0.45414847161840183
0.35999999999791693
0.4182509505689305
0.4233576642341489
0.386454183271272
0.4365079365063989
0.2649350649350847
0.38328530259051347
0.33453237409730807
0.40202702703181925
0.41987179487416215
0.4937759336114043
0.46874999999733
0.3848684210494407
0.40923076922736723
0.4308510638292347
0.4851485148550268
0.2606382978693843
0.40343347639682825
0.4324324324322286
0.4810996563607092
0.4464944649420169
0.5402843601908017
0.2507492507485842
0.3791574279374549
0.4084880636591309
0.4094292804002449
0.37847222222507115
0.49659863945880983
0.3485342019557028
0.42160278745775
0.41438356164307977
0.47926267281603663
0.45320197044192806
0.4913793103441019
0.32110091743308294
0.33173076922593936
0.505434782614464
0.417910447760904
0.48908296943346885
0.3969465648864293
0.4772727272762578
0.4502262443461206
0.42560553633096404
0.5098814229237724
0.4663677129994969
0.6589861751220504
0.5949367088627935
0.5524475524450216
0.567164179108248
0.38950276242949367
0.37101449275221215
0.4289940828398606
0.4125000000003051
0.33445945945845645
0.2733644859799118
0.320610687019373
0.17873450750171305
0.2363150867834626
0.24208860759579723
0.23063063062940065
0.3739565943235792
0.28237791931764544
0.34042553191409797
0.2958115183221984
0.2494117647041092
0.4176245210750617
0.4750830564778449
0.4512195121908622
0.319587628864734
0.4677419354850141
0.4703389830525305
0.42811501597306545
0.5838926174535348
0.4161358811020885
0.5019762845832106
0.44047619047886594
0.5919117647102113
0.5677083333293601
0.37614678898868886
0.3516949152543775
0.4859437751051263
0.5438596491265637
0.46511627906659886
0.5443786982258093
0.5696969696934548
0.31309904153067586
0.35341365461897783
0.38095238094916034
0.31164383561804165
0.36781609194924975
0.3495327102793299
0.32637075717957087
0.4560669456090536
0.3416370106710864
0.36332179930823905
0.2840909090939353
0.30361445783422814
0.38059701492950604
0.3977695167291643
0.31250000000179495
0.3811475409811464
0.330935251798359
0.2944444444428773
0.3939393939373765
0.40350877193583534
0.44262295081862246
0.4844720496849959
0.12979797979777508
0.16093229744697046
0.18424242424177292
0.22987012986839403
0.20733652312506787
0.25565217391310846
0.3032490974739041
0.23956442831169658
0.2916666666680942
0.28851540616389004
0.2955801104984745
0.2792022791985383
0.29738562091288445
0.3134328358241583
0.307692307691628
0.28879310344555464
0.324742268042223
0.45066666666633337
0.38709677419238714
0.39041095890461347
0.4099099099151801
0.4708333333350286
0.31290322580569974
0.38793103448111377
0.40983606556983426
0.5756578947367365
0.4914285714250642
0.3475177304976327
0.37572254335619
0.4218749999972585
0.4304347826070344
0.388429752065182
0.4149999999982424
0.4325842696624899
0.30845323740993613
0.3217391304337785
0.24122807017468725
0.25500000000163553
0.3265895953741728
0.41688654353499466
0.38132295720137077
0.44000000000218725
0.38095238095206463
0.35531135530839436
0.39209726443879056
0.2950819672070792
0.400000000001662
0.385474860328552
0.43253968254168146
0.493877551025874
0.5705882352997939
0.30034722222225163
0.5037593985002151
0.4813432835841016
0.3682634730540323
0.5017182130602411
0.420875420873849
0.3487394958010775
0.3999999999961582
0.31055900620910826
0.3967611336076883
0.4999999999955616
0.39908256880277815
0.5675675675672109
0.34099616858552895
0.3677419354824891
0.4010695187156281
0.4
0.3323572474367363
0.43987341772558686
0.499999999996656
0.4853420195379442
0.5102040816315143
0.42500000000317345
0.3241379310359225
0.461538461539906
0.4663677130082543
0.26666666666666666
0.26377952755648215
0.328358208956384
0.30935251798576313
0.39204545454141965
0.3839662447218791
0.35519125682546937
0.3938053097296574
0.20000000000076962
0.2541966426844587
0.30969267139585777
0.28645833333775683
0.28235294117782206
0.29754601226971816
0.3373134328381005
0.3041666666710743
0.34959349593373307
0.3102189781037765
0.39516129031743674
0.4147465437782627
0.3906976744159853
0.36138613862113617
0.4057971014479081
0.42941176470513903
0.32727272727337287
0.22964509394860566
0.26382978723213296
0.32699619771685245
0.3924528301924613
0.40869565217465137
0.4955752212385557
0.5449438202231782
0.2994652406369643
0.46969696969427976
0.4833333333373115
0.42261904761275104
0.46874999999745715
0.4726027397234621
0.6099999999988283
0.4329268292746097
0.5942028985587233
0.3612565445084528
0.28340080971640713
0.3260869565224775
0.43621399177421055
0.4732142857165431
0.4866071428603344
0.4291666666684636
0.4788135593201054
0.39492753623357607
0.3377926421408614
0.37854889589590535
0.4326923076913146
0.5120772946847142
0.4083969465648286
0.3768996960454568
0.3938223938188421
0.40476190476323326
0.4258064516153418
0.20884146341629053
0.3061889250822828
0.3442622950829119
0.2720306513402508
0.25819672131213145
0.4205607476654277
0.44444444445348563
0.39716312056992986
0.4387096774230127
0.42156862744900947
0.5625000000006357
0.47236180904537406
0.4751773049588417
0.4414414414324068
0.43046357615542874
0.28181818181656787
0.4418604651109981
0.2799043062179385
0.3186813186824978
0.37651821862213736
0.4047619047654105
0.4320388349551379
0.5148514851449731
0.4642857142896998
0.4396135265669947
0.2352941176481258
0.301886792453004
0.27488151659333626
0.4041450777144926
0.40236686390553056
0.3348214285701053
0.36796536796533136
0.45689655172820165
0.6459627329216655
0.4276527331206873
0.4509803921623688
0.5563380281667865
0.36241610737410573
0.5246913580267749
0.43333333332725765
0.43589743589572394
0.4864864864918359
0.4583333333389841
0.4244604316442654
0.37254901960684206
0.3557046979841142
0.3119266055056556
0.5661764705867571
0.31818181818787056
0.5245901639283906
0.402684563766482
0.21428571428721827
0.2712328767121968
0.25230769231164896
0.25938566553062536
0.25461254612854584
0.37818181817988145
0.29655172413695574
0.2350597609577562
0.35096153845833356
0.2647058823542082
0.3352272727292902
0.42675159235296417
0.4569536423831638
0.41666666666569796
0.510067114098094
0.44520547944692423
0.37662337661876527
0.2749999999994575
0.42783505154992024
0.40886699506796786
0.3809523809529345
0.517857142858596
0.3933333333315106
0.4044117647048265
0.4687499999971393
0.4864864864807804
0.512820512817517
0.42142857143484863
0.26797385620289343
0.4857142857084403
0.3741007194164754
0.3405797101384671
0.419642857153288
0.42222222221547145
0.3313069908832632
0.37058823529519885
0.5214285714373396
0.4578947368484887
0.5105263157954785
0.5378151260409045
0.3299999999997071
0.4838709677404114
0.4736842105326271
0.5462184873868214
0.37790697674583634
0.45394736841691086
0.4188034188098386
0.3116883116866648
0.5370370370494268
0.34285714285793994
0.4695121951250008
0.2789115646266863
0.3508064516157292
0.3854166666675143
0.35672514618941353
0.2565445026221371
0.36029411764737557
0.42142857142897
0.4161073825464651
0.6283783783687494
0.4573643410772912
0.47999999999437565
0.4435483870993144
0.31553398058574567
0.4848484848560167
0.35000000001220566
0.4615384615413504
0.4693877550996007
0.2148876404498812
0.1954397394113808
0.2280130293164582
0.24398625429414894
0.20866141732126062
0.2851405622472636
0.2558139534877384
0.3024390243956809
0.28278688524278545
0.28124999999351574
0.3586206896461626
0.29787234043437255
0.3698630137015619
0.4642857142896998
0.527131782952191
0.49685534591473063
0.39873417720642823
0.1580882352921819
0.23809523809855937
0.22222222222359994
0.25352112675572086
0.24555160142049492
0.32286995515753975
0.3333333333333333
0.4189189189249816
0.28909952606863165
0.375690607736893
0.428571428565297
0.24747474747205753
0.31213872831626077
0.44799999999162593
0.38759689922680124
0.4021739130457856
0.30147058823972867
0.2564102564101137
0.37837837837666655
0.31213872832754924
0.3246073298473751
0.48170731707738207
0.390728476821706
0.551181102362689
0.49275362318779053
0.4480519480473367
0.48872180451403824
0.3839285714358886
0.47916666666497143
0.4336283185918708
0.4587155963396444
0.3840000000017498
0.5037037037076685
0.5130434782663332
0.2963752665269174
0.3767441860472298
0.411167512690305
0.4105263157923949
0.3856209150249212
0.47517730496611066
0.4310344827612331
0.34228187920413106
0.4782608695674324
0.463414634147116
0.4580152671684032
0.5277777777802892
0.48039215685626924
0.46902654867394283
0.3816793893144565
0.4028776978504192
0.19526627218893886
0.27692307692662066
0.32286995515753975
0.286432160803379
0.2833333333308018
0.38364779873449084
0.2925170068080532
0.25862068966155827
0.2905405405437502
0.3214285714345497
0.3051948051901939
0.4352941176475994
0.410447761193486
0.4528301886841119
0.4090909090903327
0.4390243902504857
0.5471698113158882
0.36274509803827715
0.3790613718401626
0.4802631578929618
0.4722222222199619
0.29940119760766143
0.3664122137406856
0.3719008264389448
0.4850746268570796
0.3620689655176284
0.4513274336202127
0.543307086606303
0.35668789808513135
0.3602941176422019
0.42592592592826994
0.522935779823253
0.48453608246779256
0.47560975609581835
0.38983050847373474
0.24435318275055193
0.386792452828972
0.34328358208723203
0.3485714285654344
0.30769230769038175
0.3333333333333333
0.39568345323286164
0.2933333333340277
0.45370370369951796
0.43846153846350294
0.35789473684729856
0.39473684211337773
0.39285714287291884
0.2826086956549427
0.4326923076859882
0.43333333332682367
0.505882352924418
0.28571428571229296
0.49999999999357597
0.3305084745787958
0.39669421487896755
0.46078431372173606
0.42038216560699704
0.4545454545562143
0.48113207546996006
0.3169014084562247
0.39000000000117174
0.34313725489952057
0.4269662921237368
0.31818181818343216
0.3703703703623337
0.3580246913607036
0.43661971831063395
0.31531531531943635
0.28205128205213803
0.3814432989734309
0.41071428571521984
0.44827586206374076
0.38181818181656785
0.39285714285880347
0.26966292134708186
0.41558441559594395
0.5081967213041277
0.3529411764722776
0.40625000000667494
0.23404255319178405
0.3582089552208353
0.48000000000520776
0.4588235294141974
0.3779527559067226
0.34234234233425875
0.35546874999821204
0.48226950354796566
0.4044117647048265
0.47183098592004497
0.31213872831626077
0.3227848101236096
0.3697478991602155
0.39130434782018025
0.39999999999660363
0.4598540145912567
0.35403726707833444
0.3243243243148142
0.4803149606321007
0.49425287356837866
0.4893617021267755
0.31404958677245776
0.45454545455029643
0.4013605442191331
0.458598726114412
0.44800000000724916
0.4324324324214958
0.3211009174359594
0.46987951807569095
0.40243902439285784
0.26271186440804195
0.2606060606114405
0.37373737372123406
0.39805825243270687
0.4250000000067131
0.3571428571309006
0.5294117646991249
0.4054054054111115
0.48437499999856964
0.4624999999972537
0.26315789473606926
0.43846153846350294
0.2873563218344362
0.3624999999987794
0.2626262626298492
0.31168831169061734
0.42857142855916547
0.38202247190394867
0.336633663356956
0.35869565217252863
0.32000000000546813
0.42857142857142855
0.35897435897628494
0.4202898550716434
0.2857142857195997
0.36363636364645097
0.518518518519858
0.244897959178251
0.46031746030663545
0.45205479451065333
0.39344262296289084
0.37681159418361976
0.4714285714261801
0.38271604937884657
0.33333333334108295
0.3529411764722776
0.5161290322753378
0.48888888887731613
0.2777777777667274
0.5087719298167473
0.3943661971935585
0.3731343283525534
0.5000000000135618
0.31645569619283126
0.24914675767827096
0.29310344826686385
0.36134453782312465
0.41071428571521984
0.3189655172315103
0.3488372092885951
0.366666666679686
0.30769230768999656
0.34117647058120754
0.3015873015951742
0.45783132529184994
0.4074074074056215
0.4714285714261801
0.477611940304163
0.40000000001464675
0.30526315788586494
0.31578947369097266
0.3010204081653496
0.5227272727292902
0.4677419354808227
0.3297872340387959
0.512499999989015
0.4242424242504941
0.4210526315807506
0.2735849056579441
0.37878787880670844
0.3880597015029783
0.4912280701832526
0.2891566265063076
0.4833333333317059
0.4363636363668643
0.4418604650983238
0.34782608696267453
0.4067796610175102
0.2783018867924963
0.2935779816392126
0.5061728395127212
0.42168674698738484
0.39062499998998756
0.43835616437110175
0.38834951457728095
0.32098765429985426
0.40277777776986673
0.44000000001249856
0.45205479451065333
0.44999999999511775
0.5686274509773889
0.4363636363513702
0.4
0.5416666666700571
0.40740740741544407
0.13793103448714483
0.2406015037641458
0.19672131147514743
0.24752475246778127
0.3960396039561843
0.2613636363757411
0.2837837837741548
0.21176470588127175
0.40000000000650965
0.22429906542073133
0.40277777776986673
0.32142857145098996
0.4000000000055797
0.5466666666774294
0.5166666666514774
0.38271604937884657
0.337662337666949
0.4014084507084868
0.5147058823542082
0.46268656716765943
0.4999999999825634
0.5272727272662714
0.3571428571587992
0.3548387096794515
0.3666666666699215
0.5161290322438394
0.510204081623706
0.4772727272929019
0.42857142857712216
0.4426229508390909
0.6444444444492664
0.4642857142994145
0.47169811319572824
0.44444444444042613
0.3649635036406868
0.48749999999908455
0.4285714285581435
0.5081967213203976
0.40277777779699037
0.4385964912142454
0.29629629629718923
0.43333333334309787
0.4528301886841119
0.43396226415650524
0.42553191489626924
0.32558139534038766
0.4259259259178893
0.47826086956337155
0.47169811319572824
0.4181818181656785
0.3333333333224839
0.2739130434802913
0.31521739129927173
0.3333333333405663
0.38271604937884657
0.39024390244309054
0.3333333333333333
0.27659574468880765
0.3728813559299593
0.3800000000101551
0.3333333333500248
0.4130434782747134
0.43137254902261113
0.39285714284967
0.5454545454437857
0.523809523811738
0.38235294116971313
0.5135135135277786
0.2720588235169527
0.3559322033696339
0.3559322034027339
0.42857142859420294
0.39622641511241563
0.5555555555507335
0.5624999999733001
0.4705882352907389
0.5937500000057214
0.4545454545562143
0.3666666666579871
0.3250000000073234
0.5
0.43333333332899354
0.4000000000260387
0.2631578947503664
0.4347826087141106
0.36521739129829345
0.46666666667968604
0.41666666663050184
0.3529411764536946
0.4062500000190713
0.3214285714161167
0.4666666666319484
0.31034482760710597
0.5882352941277832
0.36065573770176906
0.4250000000170879
0.36111111110357674
0.3888888888768339
0.419354838691388
0.33333333330440146
0.4571428571253209
0.3500000000341758
0.3063063063129634
0.41176470586433306
0.3090909090896179
0.3541666666751428
0.3829787234024872
0.3953488372135271
0.3695652173590021
0.290322580641097
0.5142857142729607
0.37735849056395204
0.30952380952934494
0.44444444443841696
0.4705882353211474
0.41176470587221675
0.5161290322438394
0.3571428571677666
0.3999999999687536
0.31578947369097266
0.5
0.5172413793289218
0.4827586206710782
0.4250000000170879
0.48888888887731613
0.3999999999687536
0.4736842104992673
0.49999999996512673
0.4545454544970355
0.4375000000266998
0.5
0.5600000000218726
0.5
0.3888888888768339
0.45454545458580375
0.3529411764908606
0.2500000000228856
0.3437500000114428
0.37037037038376475
0.48148148149755476
0.5
0.32000000003749574
0.46666666669270535
0.34782608700082196
0.48148148149755476
0.48148148142522507
0.3809523809125258
0.4347826087141106
0.5833333332994288
0.5625000000076286
0.3125000000190713
0.24242424238658317
0.2399999999500057
0.33333333334366616
0.4827586206710782
0.40740740738597636
0.45454545458580375
0.3666666666818559
0.40909090908283924
0.4347826086661187
0.4705882353211474
0.4705882353211474
0.42857142858471364
0.49999999995117744
0.5
0.5500000000048823
0.5000000000542473
0.4666666666319484
0.5333333333072946
0.4705882353211474
0.38235294119167484
0.3809523809125258
0.42105263160058615
0.3333333333023349
0.4705882353211474
0.363636363668643
0.33333333328993553
0.38461538456916206
0.5333333332378581
0.4
0.29999999996094195
0.25
0.5
0.5
0.33333333347799277
0.5000000001220564
0.1538461537305975
