-1939.5015180443406
-995.9898833239322
-601.7941661428748
-378.6728881660327
-267.4995153798258
-219.7708667819766
-193.62789323838527
-174.74547567184
-147.27294903386033
-123.70242007270205
-90.67101580470961
-66.88185899095761
-52.97310570701336
-44.54236336457415
-38.70151041425092
-34.49307507180149
-31.34083694516455
-29.11157856131442
-26.988712509817038
-25.248611502378157
-23.786001342027408
-22.55590687266718
-21.547200035675306
-20.69953564885225
-19.91458275426351
-19.30002122894518
-18.64739565390825
-17.989699923140385
-17.499839376534357
-17.07519623191611
-16.73631591384091
-16.409504056773958
-16.108502325055127
-15.851577005875702
-15.628282885490615
-15.418156644352543
-15.179921025954556
-14.970738015452385
-14.80646431356972
-14.672449904078727
-14.554746012897903
-14.462640548335296
-14.357104024061002
-14.281148815863395
-14.196310722651821
-14.115318207671882
-14.052141335789353
-14.000407372248452
-13.996894378575739
-13.993672269285995
-14.03825409122048
-14.112935503898855
-14.185414523523002
-14.130016891368102
-14.131328037724595
-14.122175659874301
-14.1315715340303
-14.12343401864498
-14.10409789226289
-14.173871056380833
-14.222911577644998
-14.28548291245331
-14.383804224747308
-14.226318842945568
-14.1795028745861
-14.14097878805147
-14.125088372344342
-14.10760061283485
-14.162626230618406
-14.133341447874718
-14.161191914460185
-14.300601060519966
-14.234858854014718
-14.194835958108087
-14.104276304846493
-14.02231035431202
-13.982763894779774
-14.00141543517774
-13.913938346449982
-13.810095406399933
-13.733178139791406
-13.535377374720445
-13.341308856442936
-13.183254560466429
-13.04408856351336
-12.87980885309288
-12.740759621033776
-12.621385689095144
-12.573095481331372
-12.366681537159693
-12.2995115249115
-12.167292183724427
-11.980260919893901
-11.907433501590907
-11.81939834331053
-11.729446176689615
-11.64579876916857
-11.549022212652991
-11.386578204425506
-11.307712679148828
-11.17042942690346
-11.011652220846264
-10.915774246377302
-10.892063141066965
-10.843442745070666
-10.807785881914795
-10.752989740643239
-10.706635649011401
-10.717140000377114
-10.61169718248348
-10.562867508221657
-10.52688582078354
-10.457121146622454
-10.428143359763457
-10.396082078103644
-10.392400755786023
-10.337131001899108
-10.301469534068664
-10.278082561624663
-10.237994189599744
-10.212976899101514
-10.224214830318113
-10.147712130614856
-10.096599908299364
-10.142647382083345
-10.068342489873789
-9.964820549008694
-9.852241319693318
-9.789076790271947
-9.750853444165214
-9.759426863542101
-9.787968248258693
-9.87541388786537
-9.88112242824427
-9.716052446342973
-9.678265023862158
-9.660450552308872
-9.590176934240901
-9.570646892896752
-9.503379310383856
-9.397127125842363
-9.257406973644194
-9.116647503892061
-8.969441281927304
-8.817485530982053
-8.635773864435714
-8.518436820295593
-8.394939276661207
-8.314225804367995
-8.257002157382892
-8.187087888885111
-8.105225441192404
-8.047844946174417
-7.953888058885408
-7.7675359499868675
-7.599658839208584
-7.45619591592826
-7.331218835553096
-7.2138844250406295
-7.123793000000087
-7.022545105552784
-7.010484553500395
-6.86852231578163
-6.727683826097311
-6.6030295685077975
-6.487901945206031
-6.384048995336907
-6.362731489800257
-6.271271195465828
-6.211939097680831
-6.040268087685767
-5.920435381539208
-5.867678520982565
-5.860470195187197
-5.84208316528789
-5.842431679510681
-5.799436280107627
-5.702863897588067
-5.649684470203002
-5.556709727914323
-5.49231419509993
-5.44134539842783
-5.337372583010448
-5.285067148448365
-5.2041364957677105
-5.159347437529925
-5.127578670615651
-5.108736386340916
-5.021653286653748
-4.9790275072808905
-4.972714644648836
-4.955254130552217
-4.985535299889178
-5.0111945623429515
-5.035901050417783
-5.017609828517904
-5.003864804889296
-4.806819525513999
-4.764443383683438
-4.719657641505749
-4.669315409358931
-4.63478306787773
-4.602374231836619
-4.593572782676716
-4.559610350320503
-4.505611422168575
-4.412405052631758
-4.4143649584130324
-4.410593228249229
-4.377329592988185
-4.348285597441731
-4.312269736399833
-4.284096553349706
-4.2434299406157905
-4.2293556593378545
-4.113821605757606
-4.076555622203133
-4.061393547292233
-4.0342656210422385
-4.01079050350291
-3.990546711767655
-3.940427281021075
-3.900682334826653
-3.8948185493642717
-3.884103438492135
-3.861901505574245
-3.8454935453000707
-3.82119097685653
-3.7836426144112116
-3.753595417965769
-3.7392494476991947
-3.730911101912753
-3.698743828777308
-3.626611847279401
-3.6504572839420812
-3.6346941840433007
-3.6315685006969214
-3.6206797968629143
-3.6402415930402454
-3.6392442115939807
-3.624217058666084
-3.610954080864648
-3.596198139911177
-3.5650811752753984
-3.538031789834255
-3.515571383990776
-3.5072134562965913
-3.5035172241961092
-3.518621354812358
-3.534529972595223
-3.539347725032084
-3.543971486021666
-3.54001416067789
-3.51688756124528
-3.5118249394068948
-3.5238481774035293
-3.528817625496496
-3.533868916392983
-3.5255607984995176
-3.5194859376673038
-3.5252020172336755
-3.513250487131361
-3.4879520329047473
-3.4774899989571697
-3.4567099287505223
-3.4382934253234487
-3.4216123475835736
-3.413610822199484
-3.399917477501377
-3.3812451940003854
-3.3734149601131596
-3.358991362749107
-3.3464509684183117
-3.3386124278361726
-3.3272097269680514
-3.3311057960683024
-3.3288923947994484
-3.323772054789368
-3.32084133324241
-3.310143330294279
-3.3024047580662277
-3.2840163034274226
-3.2645115326557708
-3.2447240215417814
-3.2217316186011047
-3.194336103145799
-3.182536032655452
-3.1314451710771727
-3.1058930194089966
-3.0958283098809107
-3.085489025708734
-3.0684663568850534
-3.0479169939259383
-3.0329223422028946
-3.0237457865562263
-3.018609126883559
-3.0288165357375973
-3.031909520079227
-3.0339026151473703
-3.0274120124423263
-3.031871309169524
-3.0319823572691025
-3.036172698888073
-3.024901770051123
-3.014869293650083
-3.0056052545582936
-3.0067153366410113
-3.0060118803939617
-3.009193675180274
-3.0126673362505243
-3.0009677741758813
-2.9941732716835805
-2.9837967609616727
-2.9793784483401904
-2.9820315174732497
-2.978123847229924
-2.9723928374454203
-2.9680668021026384
-2.96936363214871
-2.9611122762664785
-2.9556625743235245
-2.946988411452676
-2.944165843870273
-2.932739326715874
-2.9358682865901056
-2.9225388368622127
-2.9214526406948806
-2.9093296627535725
-2.8997263846160273
-2.8951585174380763
-2.8886830371810555
-2.880039377818695
-2.8634270162411704
-2.8548058858693017
-2.840861819431963
-2.8313756942830524
-2.819078951718538
-2.8139989777970045
-2.810314638642113
-2.8129117142934668
-2.8136720941095867
-2.809052192107084
-2.8047309518318664
-2.7945259461698484
-2.782079094127941
-2.7696919133255897
-2.7642792520606783
-2.7628713520193586
-2.763835556697733
-2.7609437827035337
-2.773377087204976
-2.775202833837509
-2.772889685104596
-2.769987787489247
-2.7672582308966605
-2.7626221527645467
-2.7583475003441706
-2.757734983171774
-2.7578039208868135
-2.7533473073103703
-2.7539343597855246
-2.751516329593104
-2.7464006436823936
-2.7423497567853707
-2.7405778893981907
-2.7396799576518958
-2.740222562306956
-2.73795770635194
-2.730209808980694
-2.7288321639272257
-2.727370266065194
-2.7282801492824973
-2.728034172189147
-2.730366693803164
-2.7295573608856625
-2.729591827464121
-2.7278169212314034
-2.7240446041187263
-2.7239413642930423
-2.7225203040617014
-2.719624756288189
-2.7186541289344404
-2.7150123352977586
-2.7112575462509816
-2.707797346135154
-2.703293860033348
-2.698189186599271
-2.6937819577463906
-2.6899148442317684
-2.684367357748233
-2.681078156037581
-2.678588252055784
-2.6759246347752104
-2.673457920143122
-2.6718659601609684
-2.669596804734738
-2.6681644583297874
-2.6683546236827564
-2.6674970524309267
-2.6678263036081766
-2.669314582848854
-2.6703680440605275
-2.672268943093247
-2.6743281821718274
-2.6758610443480344
-2.6777722293384136
-2.679275528161823
-2.6804304229479974
-2.680129679423352
-2.680334370194577
-2.679126493981574
-2.679206915656163
-2.6783743794534867
-2.677218686374855
-2.6767350397194627
-2.676401538389627
-2.675830671300537
-2.6750238374251545
-2.6748255989779945
-2.674612279785528
-2.6742729181817233
-2.674007262770355
-2.6734746350944985
-2.672685619837513
-2.6720825270454207
-2.6715166447162737
-2.670895764864365
-2.6702296131947043
-2.669687645002913
-2.6696663802010874
-2.6693020338484366
-2.6690583029476778
-2.6692064458512994
-2.66918264141608
-2.6694237053991032
-2.670191462631997
-2.6703655982383228
-2.6706594854118464
-2.670805692404476
-2.671217677525886
-2.671062164470939
-2.6707684400915404
-2.6710155587315367
-2.671720379456295
-2.672693253434762
-2.673276841463076
-2.6735352953420892
-2.673935486482917
-2.674642606752451
-2.6742279716043833
-2.673736831947465
-2.672894399385653
-2.6725513039571958
-2.6717347228890653
-2.670801370464003
-2.670084869516923
-2.6695873736929947
-2.669394286872142
-2.6692268391247644
-2.66847206685075
-2.6686796518482114
-2.668707538519803
-2.667909626035049
-2.667397367167789
-2.6669977041098796
-2.666653336920157
-2.6661075555990212
-2.6666536615029437
-2.6672225799922367
-2.6671650632509625
-2.6672218386542714
-2.66721476681565
-2.6671941772202223
-2.6672767213922577
-2.667316257793319
-2.6673740167595454
-2.6659073930642463
-2.665357056747887
-2.6650039406278783
-2.6646517271166283
-2.6641233141457956
-2.6642914462354956
-2.664325289231712
-2.664336437490352
-2.665329820264173
-2.664702124079397
-2.664890129524545
-2.665007556088859
-2.665094184127879
-2.6647666895982827
-2.6642488973937097
-2.6655935994787403
-2.665262938800501
-2.6655339029619074
-2.6656750678727303
-2.665901293127882
-2.6661249789534396
-2.6666878640657927
-2.666930630437589
-2.666999659916639
-2.66768865286711
-2.667562101222289
-2.6670852896576434
-2.6665234482913354
-2.6666502288075784
-2.6663105970254724
-2.666245511507467
-2.6661997425976898
-2.6660286395020605
-2.6658309784219427
-2.6656730614149353
-2.665170680507669
-2.66459627901231
-2.663900561859846
-2.6634311543503797
-2.6631484120079327
-2.6632002229300977
-2.6636982466369137
-2.664282477515019
-2.6648285532653877
-2.6655172535742175
-2.665641412601445
-2.6657972241374086
-2.6657819449754783
-2.6660144694521244
-2.6665601077444987
-2.6658611829400196
-2.6653809397157864
-2.665051916352698
-2.6646988889835703
-2.664003857532204
-2.6630976619946836
-2.662200751527409
-2.661180695856533
-2.660063636609248
-2.660009948583337
-2.6594203393263265
-2.659676516809449
-2.6588823527754797
-2.6585299813349024
-2.6584107008187865
-2.657803482245088
-2.6575987339533644
-2.6574921866306127
-2.6572262017379673
-2.6568996872248447
-2.6560946150080293
-2.6553013383039175
-2.6542462604580157
-2.6534558129066066
-2.6527185892907803
-2.652556596358174
-2.6520850435331695
-2.652230916415989
-2.6518499476558524
-2.651496186871759
-2.6511600454851822
-2.650581237665665
-2.6499855024367323
-2.650003834621615
-2.649513276069206
-2.6486849568429918
-2.6481531529026814
-2.648477718758017
-2.6483243822579454
-2.648768270425045
-2.6483911028704523
-2.6480114172660043
-2.647293375755177
-2.646807767984283
-2.646165729963163
-2.6454335324861247
-2.6446684857330935
-2.644476173495749
-2.643722555806312
-2.6416240153896164
-2.640764360791895
-2.6399238249487476
-2.6390844385329424
-2.638816053987284
-2.6385708639005307
-2.639119913790117
-2.6397876577363206
-2.6398960383030157
-2.6383247941256442
-2.6374443977346216
-2.6364755802186357
-2.6357766672061893
-2.6353351464194534
-2.635160219017766
-2.6352837035668677
-2.635265004720274
-2.6357498840917972
-2.6356638961386185
-2.6356520362059364
-2.635810224678492
-2.635338777536091
-2.6349626366763594
-2.634583729985058
-2.634887683624617
-2.634945704519691
-2.635194584356023
-2.6367315121701207
-2.637119462805957
-2.6380788550919974
-2.6385741607710975
-2.638492584366062
-2.638359814449762
-2.637803214696511
-2.637664045746647
-2.6373994903532245
-2.6372036578279436
-2.6371536010994867
-2.637067342126727
-2.637197694956403
-2.637196856320666
-2.6372962728775615
-2.63772315813635
-2.637813183995356
-2.638123253432534
-2.6384376657194135
-2.6386123831747725
-2.638929148172228
-2.639408409577198
-2.639432237344748
-2.6394598156288853
-2.63946806145678
-2.63959121947445
-2.6396140098165497
-2.6390603350158037
-2.639316470394624
-2.6394269238608814
-2.639406091727059
-2.639369509189418
-2.639827316714521
-2.640167722455933
-2.6405646186794143
-2.641034829047103
-2.640722960270972
-2.6409610708202576
-2.6409360025316038
-2.6411519397748684
-2.641869892062318
-2.642574868815581
-2.642443236465016
-2.6432451835786526
-2.643992946801862
-2.644915737520794
-2.6451813080217694
-2.645219475840675
-2.6446903277673655
-2.6450756412849477
-2.6442582867197846
-2.6434244370709377
-2.642428836759358
-2.6416655806659786
-2.6408931171338974
-2.6394765099671726
-2.6387505392763635
-2.637688987662335
-2.6360311053147503
-2.6350632696510625
-2.6342579211204282
-2.6333349287678858
-2.632898999268237
-2.632849853712248
-2.633098290455441
-2.632629138805838
-2.6322872297546405
-2.632105194257893
-2.6321383258426834
-2.6319427536745534
-2.631142634439437
-2.630790037317991
-2.6304462581173147
-2.6307768049143987
-2.6304794975920394
-2.63025957495627
-2.6305834660660405
-2.630737356940099
-2.6309120547604032
-2.6311765406525898
-2.6309507954296305
-2.629335636939269
-2.628767296366578
-2.6283643917089488
-2.62826679954382
-2.627895817986214
-2.627714959248891
-2.6277851997167354
-2.6277698518545187
-2.6280028266789865
-2.6269697866986887
-2.6258581151879206
-2.626045581662949
-2.625865214759668
-2.6256579583048247
-2.624737875207725
-2.6246021502584584
-2.62479875738865
-2.625001115219531
-2.624230254587344
-2.62377544363809
-2.62336441590255
-2.6237886609264565
-2.6241040098708184
-2.6240014308223536
-2.6239551510430394
-2.6234206207927553
-2.6241803160595016
-2.62328780219864
-2.6231712793932123
-2.6239284506935276
-2.6242343089293936
-2.6246558388664556
-2.625151198780725
-2.625629579483928
-2.6261563563167933
-2.62630784167045
-2.6254674935167053
-2.6256648592295786
-2.625852663683547
-2.6261052258340247
-2.6266325847094896
-2.626672839030157
-2.626770527246791
-2.626521535174026
-2.6263457805598898
-2.6252021427406684
-2.6249724173436455
-2.6250803459986995
-2.6245771654179486
-2.6241891084028635
-2.6237592408464194
-2.624207238192072
-2.624794008088195
-2.624912340573333
-2.625220452440543
-2.6255434592389606
-2.6258280635309847
-2.6253945713257205
-2.6253117043644303
-2.6252041046167514
-2.624877875056376
-2.6242242537598233
-2.6235448109735455
-2.621961923040027
-2.621016133478399
-2.6211704645822222
-2.6207099942636067
-2.6196840652081437
-2.6186584614045594
-2.6176555644641244
-2.617073995372878
-2.6167988411691563
-2.6157835060081855
-2.615302846676512
-2.6141416987424053
-2.61360523520349
-2.6128068293933846
-2.6126889629817085
-2.612263483154202
-2.612350585953168
-2.6119787787224014
-2.612209425146603
-2.6124047416420018
-2.6121932112148243
-2.612181627669346
-2.6123725513126157
-2.612660078726091
-2.612919927319774
-2.6128235270803875
-2.613549550248774
-2.6133094744668077
-2.613109846059398
-2.6133740483997894
-2.6138696960433774
-2.6141800268124986
-2.6136941909691944
-2.6130249166483326
-2.613217933543636
-2.613652148926177
-2.6141328605270076
-2.6147538831822956
-2.6147659249814534
-2.615148930302565
-2.6154858063644792
-2.615584158890373
-2.615395344211344
-2.6150651326640824
-2.6143933299892854
-2.6152219713152043
-2.615114360565718
-2.6148891548971736
-2.6148192957037066
-2.61472167079773
-2.6144699783750425
-2.614687881289988
-2.6145060622755096
-2.6147315384242655
-2.6163836913500114
-2.6176649728096586
-2.619060898801716
-2.619930611257324
-2.620591454755603
-2.6217996301321587
-2.6222533746781957
-2.6230378203941576
-2.6229574393237374
-2.6221236880748298
-2.621701700195432
-2.6212217236587048
-2.620116132661277
-2.619492181295548
-2.6189108181590823
-2.618280101275523
-2.6176674503523234
-2.616873867282758
-2.6165483797928175
-2.616267725123787
-2.616005458238277
-2.6160439413107803
-2.615678486908138
-2.6154134892113565
-2.614858390833358
-2.6143196649625735
-2.6140361136920127
-2.614214973727468
-2.6140192247759635
-2.61335425422741
-2.6128992766429633
-2.6126772317417335
-2.6123478538953253
-2.6118798031786628
-2.6114675064451878
-2.6107063177238583
-2.610290115197141
-2.6099151326045837
-2.6091048376873593
-2.6082427680876688
-2.6073784428799773
-2.606436592276913
-2.6058957483885967
-2.6057674651192704
-2.605581545188754
-2.605564573135291
-2.605794699581446
-2.6062749879155738
-2.607040194134173
-2.6073530387854187
-2.607248704538272
-2.6073721434693446
-2.607465524902373
-2.6076924517586266
-2.607752759417905
-2.607516492706783
-2.6080261163423963
-2.608082405392616
-2.6082484456618302
-2.6080136130171994
-2.6080864342840337
-2.608056316138614
-2.6080907106780327
-2.6077503722812914
-2.607839191832911
-2.6074844547920732
-2.606839574555817
-2.6065898860396053
-2.6066299408419114
-2.6064454911408346
-2.6063193472580273
-2.606364990960681
-2.606928102889236
-2.606677092739761
-2.606269159094891
-2.6060576249825043
-2.6050332318661447
-2.603875664093115
-2.602523257694349
-2.601344924949662
-2.6012179405952
-2.6004990606803715
-2.6003687733721574
-2.599994958843556
-2.5990980252699023
-2.597886782410118
-2.5968062108804397
-2.5952518200395898
-2.594209292533636
-2.5933838667086246
-2.5931864234080586
-2.5929861277076154
-2.5932338500220253
-2.5929876035388526
-2.592566817245537
-2.5926014950408973
-2.591755185135948
-2.5907866518319516
-2.5900818579710347
-2.5905865432957538
-2.589964282886896
-2.589379535205767
-2.588510324232365
-2.5878385740220726
-2.5873642456401313
-2.58679861151882
-2.5854904080181
-2.5854367998431433
-2.58424707589416
-2.5831752126386855
-2.582327842951846
-2.5810683269830923
-2.5797439099191632
-2.5789226908388123
-2.5788103327814906
-2.579005012578021
-2.5792348367150493
-2.5789294139868435
-2.5787828298670816
-2.578100567691594
-2.577277087416578
-2.5762952663909258
-2.5755790504490492
-2.574394915365164
-2.5735520521267747
-2.5732393345558173
-2.5739824275271954
-2.574291399376157
-2.5738872047300396
-2.5739177036583007
-2.5740551640897444
-2.5741233374586794
-2.5750132189149753
-2.5754177957693454
-2.57572416868315
-2.577458837786114
-2.5788685937019586
-2.579920727530334
-2.580917171982018
-2.5806880935803025
-2.581196537695052
-2.581546941574118
-2.582106722581573
-2.5823234454312662
-2.5855325790337784
-2.586580699520687
-2.587744058935417
-2.588120975181326
-2.588428588844068
-2.588586144343753
-2.58930091872015
-2.5898710137334677
-2.5902779474840156
-2.5910370491098327
-2.5910575592044167
-2.591089710405437
-2.5911690745592937
-2.591244713252141
-2.591139130792284
-2.5905714190872806
-2.589575713637001
-2.588326189041729
-2.586367291333452
-2.5855078686187865
-2.5844488554696743
-2.5836994952650785
-2.5827394973542823
-2.5820950768954147
-2.581682033183626
-2.581121295322512
-2.580631093492478
-2.5789812028000596
-2.5777790044230726
-2.5769073832894267
-2.5765438339428957
-2.575716328425308
-2.575164944041128
-2.5748798490681395
-2.5745292317727664
-2.5742656028705135
-2.5742403808677237
-2.574248699201185
-2.5736957461806047
-2.5738697514842195
-2.5733336356183556
-2.573373563159807
-2.5730054858921005
-2.572927435537674
-2.5728036056335406
-2.5716396910965815
-2.5703410886073255
-2.5698665330637236
-2.5689742085059097
-2.567918754327282
-2.567041490779787
-2.5664009990244003
-2.566468293649739
-2.566454525528562
-2.5692048543070634
-2.5703190185098097
-2.5709941139878545
-2.5721818891084065
-2.5728922233348657
-2.572788807777705
-2.572716597601104
-2.572923633128548
-2.573705055979015
-2.5737869097209796
-2.573283508088021
-2.5735372370514025
-2.5731932884950734
-2.5735321534980997
-2.573303848607241
-2.573406603866493
-2.5736232464863336
-2.5739083501445386
-2.5722737695569364
-2.571738687420533
-2.5710907547040143
-2.570470345856533
-2.569829469617175
-2.5690713011736896
-2.568675993112936
-2.568182057650195
-2.5680366947043383
-2.568287857912422
-2.5683760696349895
-2.5682595908653325
-2.5679629990915185
-2.5677466182742514
-2.5676493842783206
-2.5677179499608886
-2.567150404866539
-2.566302681520187
-2.5655519230417885
-2.5651466577912068
-2.564991934499781
-2.564725940395483
-2.5650001446510298
-2.5642255532942806
-2.564434423027317
-2.5643928774647637
-2.563993096727487
-2.5645251961146185
-2.5645356780903144
-2.5649893450923984
-2.5651038097650036
-2.5648021395299962
-2.564362069131155
-2.564228788863615
-2.5641158404409268
-2.5631458478587064
-2.5642615283560293
-2.5641782505482724
-2.564090815144409
-2.5635131259342843
-2.563216823417576
-2.5626436176051435
-2.561488058632565
-2.561368833679802
-2.5607220692913653
-2.561399960259048
-2.5612508470212583
-2.5612513678342967
-2.5603261297526076
-2.560045901210882
-2.5592761040434846
-2.5589306580563753
-2.5586965313636845
-2.5583326164413336
-2.557826107570137
-2.557449897689761
-2.556614567439276
-2.556224083631697
-2.5556581044035904
-2.554974022372836
-2.5549749765779994
-2.5548712123184347
-2.555410084206756
-2.5559533944709076
-2.5564279163419408
-2.5566530771608584
-2.5566459598070828
-2.5569784584920416
-2.557185169772014
-2.557284629301719
-2.557627496589396
-2.557607114763879
-2.5578891501959817
-2.5574629479152513
-2.5567464918803595
-2.556850445760373
-2.5569290402938254
-2.5572267123785477
-2.5574557341933235
-2.558010090180403
-2.558375096311828
-2.5588221975638223
-2.55877825616562
-2.558973335671143
-2.5590711651835756
-2.558558198825141
-2.55777967382357
-2.5572308053184414
-2.556432037782862
-2.555907319258609
-2.5553343594692772
-2.554870884367516
-2.554177500464626
-2.5542037610470962
-2.5537043905250028
-2.553222956021471
-2.553295352460989
-2.5528969101220795
-2.5520384975896335
-2.5501310060510503
-2.5492093580174875
-2.5484562727485294
-2.548189518958267
-2.54806444856756
-2.547749257220776
-2.547301391914204
-2.5468838276360137
-2.546655017890991
-2.546300654329709
-2.546066275413734
-2.546221316949115
-2.546025137920826
-2.545976746915468
-2.5468246245599686
-2.5470200652552535
-2.546974973589611
-2.5469692404673916
-2.5450199274094887
-2.5450435875277404
-2.5446392583924946
-2.5440141109858616
-2.54387822527784
-2.5437602587651753
-2.543321355706633
-2.542828960071288
-2.541997590218651
-2.539562329628357
-2.537826618138989
-2.536661001034871
-2.5353018508393443
-2.5341873140507336
-2.5331514393535515
-2.5324553005696284
-2.5318601390792446
-2.5311450776315287
-2.531161164053628
-2.5305703926390515
-2.530471092203021
-2.530577668358667
-2.530434619446941
-2.5303377087521177
-2.5301975854957397
-2.5301673208149187
-2.5300391686126473
-2.529846097225852
-2.530031233531128
-2.530148681281708
-2.530062060142398
-2.530392786539283
-2.530469705353873
-2.5310513976803235
-2.5309999318875565
-2.5311362103068986
-2.5305408018062554
-2.530620893247679
-2.530621975395867
-2.53044603234549
-2.529796502391251
-2.529121794935785
-2.5287754287923137
-2.5285531553085456
-2.528069182242092
-2.5259756423720776
-2.5250170274435395
-2.5244173778942547
-2.52395573911271
-2.52332705731857
-2.5228241803751668
-2.522306180806781
-2.521324588993792
-2.52129434645092
-2.5204885315370706
-2.5205367794782934
-2.5200368135578657
-2.52044238342293
-2.5203698171774036
-2.5204475362524446
-2.520632336322743
-2.520461145382294
-2.5204970069489647
-2.519931240850683
-2.519733587995534
-2.5197811433033497
-2.519605311472237
-2.520094845591693
-2.5195512701276583
-2.519224146154581
-2.519277289605222
-2.519275523689999
-2.5188666585205994
-2.5182039122563418
-2.5175026626541155
-2.516943447440335
-2.51640084775091
-2.516099585665529
-2.5161589198125025
-2.5158831050978923
-2.5157915076444497
-2.5158004417186475
-2.515803004860642
-2.515948299866134
-2.5157708950934663
-2.5158115166563717
-2.515967436860691
-2.515434048905437
-2.51521968675049
-2.5149158443969477
-2.5149188252444907
-2.5150891043173735
-2.5154271176363134
-2.516035579165018
-2.5162784092821675
-2.516549997421647
-2.5171981488046042
-2.517100652799119
-2.5172166684403128
-2.5172642769674947
-2.5168198151494896
-2.5166473293362417
-2.516048266331936
-2.5160330237541673
-2.5163222141852337
-2.516468412336617
-2.516176111561534
-2.516210658889999
-2.5146303049880077
-2.513679961910671
-2.513061370173053
-2.5123517048094404
-2.5120642468827983
-2.5114844671606513
-2.5114417161328446
-2.5109496790251606
-2.5112854465926824
-2.5114781833447064
-2.510722355147886
-2.5105932427291897
-2.5105979851742197
-2.5107082060268033
-2.510140154447976
-2.509498802175822
-2.509846161128516
-2.509844725221942
-2.5100492563590375
-2.5102356888337876
-2.5104265183642007
-2.510377458409492
-2.5099375911026782
-2.5098250193044085
-2.509342508250198
-2.5089651704587923
-2.508708518090707
-2.5093909096758296
-2.508983410723709
-2.508814118319881
-2.5086906039438754
-2.508270891650972
-2.507946750431744
-2.507651312960785
-2.5067601461989137
-2.505850993559062
-2.5058223625010916
-2.5059378561862062
-2.5052823449092383
-2.5051316758541855
-2.5052539858082663
-2.5050933661310393
-2.5049882076052996
-2.5049858665445304
-2.5056588512874227
-2.506627239489475
-2.5070744423964855
-2.507509652870215
-2.507396514257024
-2.507362291675196
-2.5076516212483853
-2.5077048266974575
-2.507890685483194
-2.5081583226589528
-2.5080511989862786
-2.508072612698527
-2.50840248341181
-2.508543673544719
-2.507721446339634
-2.507373466733792
-2.5074221630237883
-2.507668568742775
-2.5079192754157957
-2.5069077318389215
-2.506853042447436
-2.5065599409739217
-2.506534910007579
-2.506228614954433
-2.506208356201769
-2.505835311422262
-2.505632452308703
-2.505622134180404
-2.5062484622245123
-2.5062886502383996
-2.506260261467285
-2.5058127048737635
-2.5054558398633424
-2.505142498693148
-2.505187245352779
-2.5052384062840187
-2.5047925767825014
-2.505423316706594
-2.5056982456246897
-2.50603913684396
-2.506073132045449
-2.505857003736029
-2.506540285480291
-2.506771189530839
-2.5066912237488927
-2.506644246331241
-2.5065913411944756
-2.5065993017213093
-2.5062866566363824
-2.5061175312516077
-2.506070260634326
-2.5065825102902646
-2.506825406424129
-2.5071843055915775
-2.507382497834381
-2.5071305223633673
-2.506806222997612
-2.5061309194214454
-2.5058767730421727
-2.505505329462377
-2.5050303459128744
-2.504920965007107
-2.504637148644759
-2.5043711899682752
-2.504748240759675
-2.5048574297253965
-2.5046956589033753
-2.5044001826616875
-2.5045038569320006
-2.5047007780146044
-2.504985950311119
-2.5054580179900436
-2.505426128649796
-2.504160833508183
-2.503442309907774
-2.50291093618628
-2.5023338899708407
-2.5016013572049025
-2.5015725851207162
-2.5011951050779957
-2.5007097209225218
-2.5003069438137495
-2.4993443891156955
-2.498939638860574
-2.49883583570831
-2.4984094660557283
-2.498234048236912
-2.498172487677319
-2.4983394242628907
-2.498417041768891
-2.4986839567729793
-2.4988252313987123
-2.4989432072359237
-2.499255076499678
-2.499208805791078
-2.4991589669901253
-2.499141105352217
-2.498848239835753
-2.498582129945954
-2.498396327049589
-2.497743570279581
-2.4977089695835146
-2.4977164429048164
-2.497123772598623
-2.4965382650032364
-2.495766829463626
-2.495318552934478
-2.4950730505645775
-2.495255228691512
-2.4949930362789683
-2.495521353796684
-2.495289945252637
-2.4952582498164118
-2.49517776887679
-2.4948351437489555
-2.494291733550213
-2.4937213582454185
-2.493979908598495
-2.4938500280485276
-2.4942792810528847
-2.4944386507915044
-2.495030060258705
-2.4950030807259136
-2.4947281800163568
-2.4949852268551798
-2.495107637069154
-2.4953630030641683
-2.4951139135140683
-2.495027733657363
-2.49499085580102
-2.4944036274519377
-2.4941978802532043
-2.4941696572188445
-2.4937773051832295
-2.4935087651532144
-2.493403446273983
-2.492754657387732
-2.4926905594185196
-2.492083628898364
-2.491643124771228
-2.4913512198717975
-2.4912510079253156
-2.491311898717584
-2.4913889887572043
-2.4912528035144628
-2.49107028781873
-2.4904838712473834
-2.490589428574206
-2.490592117502105
-2.4908051720807722
-2.4914565846296095
-2.492217254147043
-2.492413100659537
-2.492680049376212
-2.492582898797026
-2.4926615933123126
-2.492853241489272
-2.4930706874144892
-2.4931296831643683
-2.4929283998058227
-2.4928394651016625
-2.4924947399733157
-2.4923092813315235
-2.492070210142215
-2.491669755344953
-2.49102958412713
-2.4902769289410984
-2.4896272586633263
-2.489097948770826
-2.4887299019829787
-2.488186686722905
-2.487693049140979
-2.4871515158167665
-2.486343258121472
-2.485595564720319
-2.485280544187523
-2.4848525951298748
-2.4844189667806065
-2.484204503654496
-2.4838335824959707
-2.48349270191243
-2.483336879174796
-2.4833480860098724
-2.483292859971733
-2.483171063814332
-2.4830827455479727
-2.4830230258864514
-2.4827459406808536
-2.482623630416293
-2.4827637515272962
-2.482375880254688
-2.482698290064723
-2.4825924955019434
-2.482094922942851
-2.4817310372356967
-2.481525585558068
-2.481251001069868
-2.4810661768185924
-2.4810460329366646
-2.4808329779198854
-2.481014250764822
-2.4813268844039045
-2.48150198229755
-2.482218720232852
-2.482716992987458
-2.483199539762483
-2.4841463779149566
-2.484536057260625
-2.4848851643228103
-2.485357783907895
-2.4859138200803144
-2.4863400017643946
-2.486953745791505
-2.4866938680108563
-2.4867233776682736
-2.486506108585567
-2.4861934857762797
-2.4855403637616824
-2.4852333126119426
-2.4854202493482926
-2.4853651313227054
-2.48535759048017
-2.485693078869717
-2.4856458889740676
-2.485593313673347
-2.4852165732882874
-2.4847741020062055
-2.4843210264334545
-2.484252591358264
-2.4843288249081024
-2.484400266253209
-2.4846203520303223
-2.4853231838218846
-2.485463793124501
-2.485309970870721
-2.48469812768611
-2.4842675457609
-2.4840527230236913
-2.4839172452802427
-2.4838745687626638
-2.4835289040897464
-2.4835526368458236
-2.4827910686087526
-2.482689116741015
-2.481608541394499
-2.4811638424837548
-2.480502380538959
-2.4801860159116678
-2.479606825738427
-2.4790532185093577
-2.478597379801251
-2.4781731224752566
-2.4778463345010344
-2.478173668886489
-2.4779214742354543
-2.477453200373285
-2.4772318174129038
-2.476771610761711
-2.4766950226117284
-2.476466848391891
-2.4764804608812954
-2.476536799183469
-2.4762841234850685
-2.476442795147296
-2.476663231907066
-2.476783314064365
-2.4769911366407187
-2.4772098361631874
-2.477243369643793
-2.477385499110196
-2.477576236898394
-2.4764455289555234
-2.47591759355576
-2.4757085840591846
-2.4756420822435268
-2.475731198182407
-2.475724960654784
-2.47554407291422
-2.475452867200021
-2.4752196356349003
-2.475832681687851
-2.476017438688067
-2.476326239381765
-2.4759179875334776
-2.4760568613815743
-2.475855749772048
-2.475976422099666
-2.475576035739073
-2.4747876674200047
-2.4750776727147135
-2.474840204079586
-2.474846251085865
-2.4744934801699867
-2.4744390641643554
-2.474415308081167
-2.4740167389766783
-2.474103869363116
-2.4741638979230527
-2.473473572245712
-2.4734035451374754
-2.473683110734138
-2.4736016427119547
-2.4732023470636633
-2.4726623445321394
-2.472470222093119
-2.471958407006054
-2.471517622585893
-2.4709078349226683
-2.4703801735072797
-2.4699405533836156
-2.469978690136475
-2.46955636242174
-2.4695049445947634
-2.4694753425628346
-2.469185320669497
-2.46910875232398
-2.468141941953119
-2.46783826708543
-2.4669148250411603
-2.466297607891336
-2.4662221310096455
-2.466258277585313
-2.4661617203459425
-2.4663527388000483
-2.4662915257018567
-2.466644711771396
-2.466582803694934
-2.4666572664743036
-2.467017878924743
-2.467047874202964
-2.466772169067436
-2.4668349175518425
-2.466649091293049
-2.466474496852667
-2.4653611056812514
-2.4649658099461256
-2.4649347177462193
-2.4647215342044637
-2.4642141737816936
-2.463924560124483
-2.463767989414952
-2.463672383857545
-2.4637215756866104
-2.463933973718755
-2.4640872725652847
-2.464437911704518
-2.4647093323365734
-2.4648722775018896
-2.464727257940546
-2.463913656726129
-2.463758453559316
-2.463265641910113
-2.4619708930584197
-2.4613090986534893
-2.4612414942477385
-2.4610999426908178
-2.461106872466425
-2.461100930647794
-2.460954183358662
-2.4609006576580037
-2.461288833654819
-2.462911484045581
-2.4636418716737825
-2.4640671561493446
-2.464586174077805
-2.4647639425076293
-2.4648534090766714
-2.465080093179725
-2.465444703053146
-2.4654001484294468
-2.4654140127256188
-2.4655763781629534
-2.465598931138796
-2.46549479159772
-2.465630246945526
-2.46541367991521
-2.4657112207344234
-2.465768240035652
-2.465943324687775
-2.4660539081036967
-2.466024814268725
-2.46624004814588
-2.4666394092878243
-2.466812371660638
-2.466654709980865
-2.466672438518769
-2.466803646544255
-2.4665296919331543
-2.466502856920021
-2.4665010348536236
-2.4664562681704876
-2.466260062389892
-2.4665200888243444
-2.4664223728735486
-2.4664380224633984
-2.466546505336104
-2.466173627692765
-2.4667234062690713
-2.4668629820236068
-2.4666636188430577
-2.466403368636795
-2.46650213662928
-2.465869743356539
-2.4655283286559917
-2.4652641162560145
-2.4646982426070414
-2.4649954414130097
-2.464754766355354
-2.464578267933214
-2.464150531298259
-2.463709897810151
-2.4634119356632938
-2.4632212073717894
-2.4631244051862065
-2.4632225624356896
-2.462587349062512
-2.4619728369663805
-2.461752874079686
-2.4612066572243636
-2.460781475899945
-2.460382096078951
-2.4599144224191263
-2.459740064033891
-2.459602284127581
-2.459247771269513
-2.45889986272346
-2.458555099852418
-2.45816636577101
-2.4583465702254315
-2.458388280633735
-2.458039497836378
-2.4579078002823778
-2.4581556350873837
-2.4594476412753377
-2.460060403866493
-2.4605836131100127
-2.4609499356532454
-2.461379556887623
-2.4616580871288503
-2.4617667674158663
-2.462234278511791
-2.462433991891441
-2.461928373190287
-2.462024316105532
-2.4620997864690675
-2.462285141839448
-2.462360432540175
-2.4623165508825995
-2.4624185298894394
-2.462663810520399
-2.4628466888041194
-2.4635067397708013
-2.4640215465854785
-2.4647632484008635
-2.4649068785831507
-2.465111500718718
-2.465307933184962
-2.465515663039772
-2.4656608186328755
-2.465899079665064
-2.466781400959705
-2.4671652108470785
-2.4674488826565106
-2.4677526333949857
-2.4676818178302184
-2.4679552672978873
-2.4678359803102023
-2.468151895613738
-2.4681532277711318
-2.4689732821886525
-2.4689063032288545
-2.468984873602354
-2.4691522277053606
-2.4691319890394414
-2.469106946014655
-2.4692943384013337
-2.4691410499948305
-2.468988997730224
-2.4686281537652346
-2.468217313405734
-2.4680722924774976
-2.468288792388526
-2.4680750615608287
-2.468018143014969
-2.4682358716963777
-2.4680650852733685
-2.4681080585468336
-2.4683932059527116
-2.468553818504416
-2.4688147973429118
-2.4690391392180224
-2.469178460911941
-2.469319906850101
-2.4694069095515943
-2.469439913601717
-2.469501700068804
-2.469939934188924
-2.4700573788846465
-2.470002339864551
-2.470007955804384
-2.4697198274597647
-2.469638031986218
-2.469617108172141
-2.4697388367349844
-2.4699374690886207
-2.4698137670084224
-2.469784063799214
-2.4699740295611545
-2.4702455469862477
-2.470647609538663
-2.470888761189526
-2.471089797407522
-2.4714226491764677
-2.4717700645497147
-2.4712560816413176
-2.4711075136797667
-2.4705867101009495
-2.4701997338095123
-2.4697839065364433
-2.4694765255579703
-2.469505341716531
-2.4691231444318373
-2.468858146085775
-2.469081388690233
-2.4689349211432026
-2.468591175340288
-2.468208247579733
-2.4679791735225254
-2.467813424805247
-2.467694190491971
-2.467694812656271
-2.4673311214912057
-2.466711230159912
-2.4662218169831696
-2.4656865144909874
-2.4654116912538
-2.465105589551503
-2.465080376270222
-2.464947997899557
-2.465142370316826
-2.4650069333885765
-2.464068108891506
-2.4638403364445693
-2.4634506939749325
-2.463155112124691
-2.4630162347519717
-2.462800938000274
-2.4629054598900626
-2.463253440122625
-2.463219542487687
-2.462847684560558
-2.4626268790022414
-2.462586765530722
-2.4625510750812167
-2.46285339475649
-2.4632572413632974
-2.4632797792870895
-2.4636115719918252
-2.463839410737016
-2.4634289858606646
-2.463273366247641
-2.463025324537817
-2.463065005949561
-2.4630301382938224
-2.4629373354702815
-2.4626369747960655
-2.4626410409503694
-2.462276122192755
-2.463162028968775
-2.4635044575390643
-2.463458402184301
-2.463457810786068
-2.4636589241368796
-2.463646251381095
-2.4636714345646182
-2.4636862048049273
-2.463696039092248
-2.463173643665851
-2.4630622332466117
-2.463049949969679
-2.462640346022681
-2.462491074157192
-2.4622628688261305
-2.4622264289004145
-2.4618129604702634
-2.461307396896028
-2.460277382679026
-2.459797847821495
-2.4593701885754293
-2.4589288183332076
-2.458696899214913
-2.458576230303325
-2.458516234627874
-2.458711022646686
-2.458637263872944
-2.458791158070635
-2.4590818810453703
-2.4595538463670565
-2.45975016393755
-2.46010848163159
-2.4602405377088834
-2.460301568912891
-2.460392311273725
-2.460563076791597
-2.4600353856470516
-2.459669211968704
-2.4594751605378176
-2.4592394368278674
-2.4587976067562294
-2.4585213102646954
-2.458397666730915
-2.4580301092974786
-2.457891253378524
-2.457951713136918
-2.457714092357022
-2.457779590659392
-2.4578487809979106
-2.457916219286663
-2.458118441123992
-2.458259942664207
-2.4584374657806634
-2.458415474724062
-2.458846921736002
-2.459038969137969
-2.4593238232906702
-2.4596364647285776
-2.4600428091949555
-2.4606172002793154
-2.4608993613246555
-2.461303919253696
-2.461548253300694
-2.461855022636858
-2.46241054800854
-2.4625165579422674
-2.4625858250733406
-2.4627034390968094
-2.46276608003204
-2.4627961686487203
-2.4627891181675454
-2.4627547896483684
-2.463487211806937
-2.4639348548633198
-2.4637671638776792
-2.463469019804885
-2.463373356680302
-2.4630435857655364
-2.4624910459839904
-2.4621143495272144
-2.461706856499562
-2.461645827728024
-2.461320570354227
-2.4609175232113185
-2.460790327557332
-2.460580429730309
-2.4606497494688786
-2.4603771634967138
-2.459983854900138
-2.460004640338751
-2.4597086488646194
-2.45933292303476
-2.459342648738452
-2.459158928526927
-2.458777792061278
-2.458514228154145
-2.4581062027355327
-2.4575393655481035
-2.4573165715847307
-2.4568321638048594
-2.4559751677770603
-2.455558196700331
-2.4551445704590913
-2.454796551415045
-2.4546303767320055
-2.454109459142242
-2.453746176654347
-2.453746050474661
-2.4524119002243085
-2.452299985259386
-2.4521080064146
-2.4517894732143883
-2.451339931566349
-2.451179050476204
-2.4511601239318037
-2.450972367932857
-2.450763911760409
-2.45010234115976
-2.449760239614781
-2.4494702315104457
-2.449206160995999
-2.448659375182531
-2.4483201688623923
-2.4480556297449976
-2.4477162586797303
-2.447615894739456
-2.448101235800983
-2.4482958125245893
-2.448421319046376
-2.4484104599916585
-2.4485762158882642
-2.4486486088969888
-2.4485406292148326
-2.4483830492828713
-2.448200117289543
-2.44752907965027
-2.4471304920257833
-2.446852884855305
-2.4462891598105063
-2.4456323440644785
-2.445463576325139
-2.4452429797487434
-2.445478369672601
-2.4456692934404707
-2.445920823296793
-2.4459795237754878
-2.4461021863903833
-2.4462953014799353
-2.44653843527948
-2.4468204470771546
-2.4468758698767235
-2.4471022756990917
-2.447357798954266
-2.44868593627322
-2.449183453353698
-2.449608680851229
-2.449844323761259
-2.4500426866803386
-2.450198385760958
-2.450561345500327
-2.4505607842252175
-2.4507458462732403
-2.450760069202676
-2.450951368911539
-2.450948744549067
-2.4510380336317272
-2.4511250597389793
-2.4511330647740905
-2.4510594455928447
-2.451181510930645
-2.4511309330941113
-2.4504466480289344
-2.450040043788104
-2.449335539145388
-2.4487516453595215
-2.4482648472628665
-2.447813202457547
-2.447291516831006
-2.4469848176373135
-2.4465948841422507
-2.4460820569316226
-2.4458359969748487
-2.4454519181045664
-2.444954649195339
-2.4446773692220076
-2.444326688478843
-2.444033370545739
-2.4438561356105706
-2.443671274424389
-2.443500369935886
-2.4433209540445664
-2.4431065582211144
-2.442964331906083
-2.442892809835508
-2.4428105765050105
-2.4429020964667427
-2.4428421911679368
-2.4426700897914775
-2.4424015863151673
-2.442228819148678
-2.442231257704982
-2.4421386804174623
-2.4420781883157696
-2.4420866216051436
-2.4419831788958732
-2.442064590453056
-2.442324014018524
-2.4418660418651195
-2.4421779692922008
-2.4422271943029727
-2.4424089247330247
-2.4424709628282844
-2.442581551875568
-2.4426735221378055
-2.4425664058860415
-2.44248497529473
-2.4420952403736083
-2.4419671114065995
-2.4421232991027577
-2.4421781326832757
-2.4420882046604953
-2.442151664900407
-2.442035235670281
-2.441891962533729
-2.441748540851977
-2.4403259334920278
-2.4396410454352577
-2.438951670790741
-2.438243207374533
-2.4377640129075004
-2.4373408385559965
-2.4370170413798613
-2.4369571463475617
-2.4368178253126107
-2.436234199776829
-2.435958469307988
-2.4357655006201253
-2.43581348502771
-2.4356494556400374
-2.4355531213807353
-2.4354173119642013
-2.435332105439191
-2.4354289574209513
-2.435209084980188
-2.4352984476935995
-2.4352611953768832
-2.43527783347136
-2.435325662143196
-2.4354270007714782
-2.435542453659876
-2.4357286831641916
-2.4359179333344705
-2.4360162619139065
-2.436056330553028
-2.4360577624584807
-2.435953163685999
-2.4360126235371444
-2.436078555024463
-2.4359592719742493
-2.436011869610452
-2.4360538672672667
-2.436480597410634
-2.4366905992776875
-2.4367467112343486
-2.436841277596917
-2.4368920100627327
-2.436872849845526
-2.4368588870949375
-2.43684278037682
-2.4369631228022235
-2.436894298086029
-2.437073744528297
-2.437086051487837
-2.437076773104291
-2.437226215373062
-2.4372060139907332
-2.437503974685159
-2.4376106483366535
-2.437648957169405
-2.4378412897502617
-2.4380508239855523
-2.4382799865492992
-2.438292394794455
-2.4383674259298704
-2.4385876637179322
-2.4387941586150994
-2.438988964558996
-2.4389989892346082
-2.4387504833973295
-2.438709391026309
-2.4387735437063345
-2.438820046952299
-2.4388806161386247
-2.4386795149721756
-2.4384416201242445
-2.4380179078012416
-2.43776106200082
-2.438194840328527
-2.438245662537659
-2.438414633251641
-2.4385460012364875
-2.4385824372933853
-2.4384218375425513
-2.4385670976220135
-2.438456237698458
-2.4385271367311216
-2.4385219482315414
-2.4386265236871694
-2.438738259691565
-2.4386662904910223
-2.438542914084731
-2.438573432693674
-2.438417874223872
-2.438365061363998
-2.438451139916841
-2.4377467712378054
-2.437505878307722
-2.4373290814888584
-2.4370282661744107
-2.4367294933759123
-2.4364918466911774
-2.4364553153142094
-2.436255197564705
-2.436005074067362
-2.4364049393613807
-2.4364232289152166
-2.4363423701917637
-2.436228845572762
-2.436131101778854
-2.436015986764938
-2.4359915301446144
-2.435961001021432
-2.435781342173899
-2.435504089678673
-2.435325027572299
-2.4351572394534586
-2.434763826497419
-2.434569500120124
-2.4342601242078152
-2.434037289202873
-2.433840101936319
-2.4336197437927933
-2.433132761074744
-2.4328374395894445
-2.4327059062291387
-2.432541018793559
-2.4323383413348543
-2.432437508124808
-2.432423582839032
-2.4323331606630023
-2.4323202266195114
-2.4322702387927824
-2.4320550860555747
-2.431931834087044
-2.431730748382625
-2.431388261170051
-2.4310364809672698
-2.4309521521866273
-2.4308768372202816
-2.4307653791079713
-2.430434249169006
-2.4301765967367897
-2.4301113813399793
-2.4301141675483766
-2.430251177167871
-2.430174777759829
-2.430126323279357
-2.429958053763057
-2.4300506747034976
-2.430186433195835
-2.430029714117921
-2.430123158465392
-2.430193028310851
-2.43007867671117
-2.4301719479882498
-2.4300813163594834
-2.4301911713342204
-2.430001358365017
-2.429971795948609
-2.4298576036299617
-2.429804416124616
-2.4299170537489805
-2.4298823405995322
-2.429977849669005
-2.430019564768583
-2.4300053044000194
-2.429937070331784
-2.430341541098697
-2.4305070397362996
-2.430558517042619
-2.430539081148043
-2.4306045689164963
-2.430604882128739
-2.43054912092959
-2.4304470451752986
-2.4303712583417574
-2.4303927066280946
-2.4300938089186097
-2.4300242170685995
-2.429833437270956
-2.429595360630065
-2.4293904562139077
-2.429227622615635
-2.4289726482363454
-2.428956616695045
-2.428834711148733
-2.428670961628706
-2.428398875006096
-2.4282572181349273
-2.428068561032956
-2.4279180330288326
-2.4279134034989074
-2.4278801843074547
-2.427895175186539
-2.4275663110524595
-2.427559834399569
-2.427536295680031
-2.4274427640638176
-2.427320667667866
-2.4272487604969597
-2.42716140201059
-2.4271148686035686
-2.4270247602363213
-2.426531118491565
-2.4262202041244865
-2.42607242057572
-2.425859008053497
-2.4255826669924088
-2.425390282958439
-2.425288245410587
-2.4251912830786146
-2.4251224580273933
-2.425002498488818
-2.425002478387593
-2.4249879269657906
-2.4248823945747255
-2.4248427721080783
-2.4246253408745884
-2.424427248270279
-2.42442686140614
-2.4243480797568044
-2.424293110340417
-2.42425915473424
-2.4241560219840195
-2.4240097118134876
-2.423975224982012
-2.42394167953169
-2.423902292560751
-2.423888681757109
-2.4238699377483415
-2.4243510927677048
-2.424492666168256
-2.424724127556583
-2.4248427200798086
-2.424875708844905
-2.4249513945433967
-2.4249391759346746
-2.424865982518597
-2.424824596477476
-2.4244179978594897
-2.424208245995524
-2.4240634660824902
-2.4239173190510095
-2.4237484600914114
-2.423640530412434
-2.423519834850283
-2.4235083890896054
-2.4234553464313553
-2.423229521677221
-2.4231887504324487
-2.4230601423501414
-2.42289309487987
-2.422713675563435
-2.4225696079489647
-2.422508375876387
-2.4224468862515716
-2.422451930428675
-2.422711246015743
-2.422858234480532
-2.4229583445297127
-2.4229806886302616
-2.4229801760427545
-2.422983552746729
-2.4229448716068256
-2.4229236361731528
-2.422841716547644
-2.4229843089731085
-2.4230881713762655
-2.4231220838176566
-2.423172298022251
-2.423218635711963
-2.4231736292998596
-2.4231239935188946
-2.423261228291015
-2.4232308061029957
-2.4227545350617334
-2.4225173295526052
-2.4223808904148565
-2.422384921402093
-2.4221740268180514
-2.4220453767457184
-2.4220449213367146
-2.421988108464968
-2.42192534148088
-2.4218558808331014
-2.4218170108459773
-2.4217523377353825
-2.4217227744968133
-2.4218406345769172
-2.4217730729621834
-2.421677347448411
-2.4216317527915927
-2.4216505701826327
-2.421490826792559
-2.4214754109555288
-2.4214678592056638
-2.421509822563593
-2.421580063550588
-2.421555023057371
-2.4216492441949513
-2.4216848347230053
-2.4218473803113816
-2.4217264930697238
-2.4217749069756374
-2.421802761076372
-2.421803328001488
-2.4217319976463254
-2.421734495340188
-2.42187177654505
-2.422049569360823
-2.422129428955961
-2.4223086651737433
-2.4224392345267227
-2.422501909699515
-2.422490875855804
-2.422553988471776
-2.4226606108322977
-2.4227584205005908
-2.4227511317263493
-2.4228040279568788
-2.4229293066791144
-2.423089374924377
-2.4231476415908393
-2.42312996312481
-2.423215374563414
-2.423275757845597
-2.42336422400574
-2.4234200374596324
-2.4234798194895
-2.423424416625448
-2.423450103709626
-2.423459028892958
-2.423519609336354
-2.4234224737400436
-2.4233641905131917
-2.4233093570877133
-2.423163632404995
-2.422883870734054
-2.422445953149144
-2.422198586529005
-2.421892468409586
-2.421756975992626
-2.421637129820424
-2.4214342724530256
-2.4213087137428277
-2.4212496354701796
-2.421198165945445
-2.42133116409811
-2.4214187196428862
-2.4215151088750715
-2.4215106595322533
-2.421599798123465
-2.421703283649887
-2.421799795817138
-2.421929392873381
-2.4220182863432362
-2.421958061048375
-2.421995105344418
-2.4220895414268147
-2.422122139219157
-2.4221659307439705
-2.422293845242972
-2.4223325726303795
-2.4223766649269747
-2.4224013312930834
-2.422508137181533
-2.4225538135961404
-2.422672112086887
-2.422754658058582
-2.4228084985101384
-2.4230274819012863
-2.4231284583026897
-2.423275396761499
-2.4233365170733836
-2.4234353768468075
-2.4235340476974834
-2.4235639526054435
-2.4235782125632555
-2.42375747071865
-2.423779023655053
-2.4237110999453475
-2.423632555092377
-2.4236201132901805
-2.423189153049671
-2.423037478644448
-2.422851539752674
-2.4226963736500173
-2.4226174266415157
-2.4224331326384263
-2.422290877289474
-2.422276057635862
-2.422245252538081
-2.4222377844239724
-2.4222774206810254
-2.422354975717619
-2.422292561058375
-2.422282031762488
-2.4222113758053077
-2.4222100545013507
-2.422173171252368
-2.4220861933552054
-2.422179466517291
-2.4222471819994884
-2.422239057286593
-2.422265816218099
-2.422347986088569
-2.4224238261766957
-2.422517412989553
-2.422541278800673
-2.4225491555264522
-2.422489444313018
-2.4224464047673733
-2.4224388993505523
-2.4224222763026284
-2.422495505731874
-2.4224273829093756
-2.422423012580961
-2.4223692517859328
-2.4222846781406076
-2.4222545532338273
-2.4222413822340214
-2.422223340666038
-2.4222595491243237
-2.422243606472213
-2.4222210474602885
-2.4221564485849085
-2.4221925348121545
-2.4222411382020557
-2.4223991821563646
-2.422474705351173
-2.4225912670202305
-2.422685477994122
-2.4227425999980494
-2.4228450603098666
-2.4229504589312745
-2.423089828046786
-2.423185968970131
-2.4232996138849057
-2.4233890560614237
-2.42337517998863
-2.423368843734328
-2.4234211050817076
-2.42351352655379
-2.423500330269438
-2.423425899768607
-2.4234230576504223
-2.4235383647406143
-2.4236271870404718
-2.4237174838158673
-2.423734333846285
-2.423790988513668
-2.4238156660595953
-2.4239013872121196
-2.4238848725051523
-2.423867016077097
-2.4239889736599536
-2.4240100544866903
-2.4240330240687067
-2.4241108345325997
-2.4241983215534435
-2.424214710622009
-2.424230707093897
-2.424269206343608
-2.4242636999700133
-2.4242026689890372
-2.424121676480196
-2.4240637768651703
-2.4240704651453653
-2.4240325903380775
-2.423962643757928
-2.423897689272817
-2.4238316285899817
-2.4237754218831533
-2.423551829259169
-2.4234707561065423
-2.4234027586744635
-2.4232905455965468
-2.4232735423467138
-2.4232533649629358
-2.4232388633941007
-2.4232684850378288
-2.4232388527611204
-2.4231592556255794
-2.423137311447821
-2.423133305901715
-2.4231674853643983
-2.423185071205318
-2.4231899365203335
-2.4232488688254956
-2.423335765851466
-2.423357270117529
-2.4232766048746197
-2.423303982547392
-2.423327817255215
-2.423321044699503
-2.4232600572662455
-2.4232519045457974
-2.423262662964302
-2.423276117363601
-2.423235758558094
-2.42338675553705
-2.423476505712104
-2.4235489267594326
-2.4235903400972547
-2.423629250540156
-2.423683464614635
-2.4237411828489632
-2.4237568531023386
-2.4237630462175392
-2.423688883297594
-2.4236790201677816
-2.423645132819631
-2.4235834444605784
-2.4235333060147384
-2.423516737897246
-2.423506900505425
-2.4235310441395446
-2.42353268948958
-2.423583495634319
-2.423575511665143
-2.4235868932878493
-2.423616543011144
-2.4236418319625828
-2.4236764025724087
-2.4236752763947087
-2.4236961216703246
-2.4237130866426697
-2.423679773086375
-2.423678160006255
-2.423700796773781
-2.423718932206541
-2.4237405492642394
-2.4237677287931727
-2.423817144886217
-2.423842175866027
-2.4238269779930053
-2.423765266655442
-2.423768588062968
-2.4237521663497703
-2.4236998695611605
-2.4237044379387576
-2.4237004462890814
-2.423680863383405
-2.423692102064957
-2.4236686357263646
-2.4236305979643245
-2.423617977829997
-2.423580647601695
-2.423533409338481
-2.4234793825445498
-2.423440673282899
-2.4233665399484754
-2.4233459618219455
-2.4233255527010718
-2.423244226527341
-2.4232166675400943
-2.4231806397919313
-2.4231202857940977
-2.4230848519365806
-2.4230426248240327
-2.4230091508251217
-2.422980709716813
-2.4229668098780497
-2.422877456488798
-2.422828915653849
-2.4227840457702463
-2.4227383296320304
-2.4226845109891735
-2.422627712770816
-2.4226015303360957
-2.4225581451869154
-2.4225451704738084
-2.4224788467682745
-2.4224490184196408
-2.422409865288382
-2.422355015456853
-2.422319977245703
-2.4222987774718896
-2.4222836801546896
-2.422264174448163
-2.4222296403010404
-2.422146355821849
-2.4220862485991685
-2.4220359290881857
-2.421993436390704
-2.421961670420648
-2.421902081225468
-2.4218673443922727
-2.421863763580019
-2.4218514955850394
-2.4218937973387047
-2.421909229337573
-2.4219249503839024
-2.4219569912010086
-2.421984836689963
-2.4220241759720977
-2.4220538376224887
-2.422060609753999
-2.422060033948409
-2.4220951005915023
-2.422101805483516
-2.4221007642752217
-2.42211730849338
-2.4221377110098192
-2.4221426308618628
-2.422145444307262
-2.4221452134997135
-2.4221363251973043
-2.422135230961474
-2.4221304310544816
-2.4221194192905675
-2.422104069199305
-2.4220915880041267
-2.4220722169267326
-2.4220600929978757
-2.4220578114757507
-2.4220539563498824
-2.42203533621314
-2.4220279413627215
-2.4220149261424235
-2.4220022374745453
-2.4219898783528158
-2.4219808701141035
-2.42196727833721
-2.4219616801793826
-2.421958988250846
