0.18511899703978268
0.17187746688257177
0.15147831960328045
0.16973758146002693
0.22925983238777015
0.18782488835237998
0.17164748487669235
0.15174068062071996
0.1176072537795234
0.3538262612979135
0.15264302172385233
0.12734139544041012
0.10562720115439109
0.09512792538559448
0.14352631545722824
0.07611561114986726
0.06986108801075683
0.06435470043467455
0.05941704131906304
0.12707742549238027
0.06024885498361423
0.05402744868345785
0.04405337880763881
0.046559635889313375
0.09379069190373063
0.05240457044180778
0.0471061144556781
0.04505580816385833
0.044428445282751916
0.09964506093962466
0.06626136442620187
0.05255302704063579
0.054155214166586634
0.05730989490712519
0.12555824720057937
0.09197749388516609
0.06465657170374002
0.06084649154893618
0.05311083841474681
0.07035926336533142
0.050636167513189445
0.044634204415589726
0.04010192241574808
0.03529018369247281
0.08554984584141585
0.0462092410792677
0.04123422435299825
0.044423862897553026
0.03894914569689006
0.12749760197322446
0.07255609354295506
0.06866920920710581
0.05824538977117877
0.05447261521042407
0.07516213601345201
0.049035174704049105
0.051406890092035785
0.042545307312848536
0.05614658306199785
0.1448006550583613
0.07102118084909112
0.05997874358238112
0.053821145239839954
0.049150058702332765
0.07528518039064498
0.046123219676685784
0.0414604193160892
0.04090827440168378
0.03839689417251078
0.10002967381126697
0.05225830666662736
0.04791080970768926
0.04423074879146983
0.04524475885961385
0.07362259272796592
0.04493446915598715
0.046011824663517366
0.03934800335530455
0.03387846166572099
0.07782709180697718
0.04409080528776736
0.03832642900836779
0.03460977926280797
0.03459241663942631
0.07472286736779278
0.040508019839351
0.03969293363331452
0.03905066627442911
0.03286282887435414
0.09112991190091292
0.04651220437715355
0.04202496623215934
0.03716941296363426
0.032908329968264254
0.05927413225255289
0.03441502320676223
0.0339520977672833
0.03381415604396783
0.03136618121380926
0.10376731781995134
0.04876401216995481
0.044331585063750074
0.03850015484434299
0.037289928516770245
0.07770579537523253
0.05293780786365467
0.044355345994401815
0.038246291583910845
0.03740113616853572
0.05756662061400131
0.0346395719127532
0.03131738436922774
0.033040583835394426
0.030139909144284504
0.07513275384212516
0.03534384262471878
0.03496225192844911
0.030834961554289046
0.02852019207754267
0.05689578440341259
0.03225888586804964
0.03105492564788766
0.030530450709776297
0.03044299840354023
0.07775249481352826
0.04024806243321773
0.034403343064339856
0.03368871249128652
0.02858904261123494
0.07404578210802573
0.040571299463886275
0.0369846372123148
0.03568597311726208
0.03670830139880099
0.077950910315979
0.046303157464176174
0.04065328494770301
0.03653224414169523
0.03419043729171562
0.054285308083194914
0.03286864712495122
0.031210935906123866
0.03100655710532698
0.029310164656416983
0.07448650181880653
0.04228189054153678
0.042067586304883754
0.03575678685925395
0.036616931230101644
0.06801681991497585
0.04044825329527146
0.034936572260904054
0.031937648065735576
0.027772261288409424
0.06336051352559667
0.03858080778572868
0.03523551389010227
0.032509619669755976
0.03123471772573135
0.0638560176876119
0.037347043746284676
0.03513758792636428
0.03329161001076329
0.03262749276820473
0.0626075305943714
0.03951190672106466
0.03736930550716327
0.03267207564284607
0.03174484860440891
0.06600386035096631
0.03310025152085977
0.03012588989449234
0.027575358389907174
0.026534935555205075
0.048288068958386214
0.02713241910681476
0.025816347317405768
0.022600213310830706
0.02287241478580685
0.04381370120655676
0.025891281232468737
0.02371923978948283
0.022557593508671252
0.02036520426733519
0.05021206106877989
0.02539264848539742
0.0232928649054312
0.022091271732645044
0.019981412129930418
0.05147902796582471
0.028445524690702172
0.024188229313189816
0.023871061702631455
0.02213162794468983
0.03858517362789383
0.021523005035909596
0.018836690574117534
0.01820113771796688
0.017455178148871795
0.03819029598721191
0.0199065382070463
0.01799924479630835
0.017778961790655662
0.014783940883999279
0.03915840442403433
0.02081693952203191
0.0179462819030226
0.01625807051314334
0.015289931324524848
0.027743275274235944
0.016179343484430456
0.01549939459819561
0.013382619253204293
0.012447372423503791
0.02711041616154139
0.014278916470396441
0.012794052377614915
0.011658673563606305
0.009313079355667327
0.0201053160847849
0.01045947301223116
0.008704094179980016
0.007622824965272313
0.006384597764953153
0.013724407909647544
0.00720759183476152
0.005908062189437278
0.004800284944214178
0.003909818954530669
0.007173494698739501
0.004026528602204419
0.0038920235675495695
0.003407880936548429
0.003493645934936969
0.0073438602157942
0.0037814819550434937
0.0037768717775312948
0.003551752698889805
0.00326337789097826
0.006713736919296001
0.004123810385840668
0.0035867504728624364
0.0035510409241019283
0.0033483772089659136
0.007105263798453825
0.0037156360261878987
0.003651711376324966
0.0033663919117271706
0.003446530501601541
0.006882239985919443
0.0037842934735199687
0.0037018374057875515
0.0032932625037103446
0.0032591135357919626
0.006730925384475073
0.0038024060181540463
0.0035552843099203608
0.00343395956356348
0.002980647039000303
0.006828954941677171
0.0037310907761117272
0.003793267818465649
0.0033923146279958333
0.0033550510105015484
0.007399361380229131
0.004306137036786337
0.003917191053645696
0.0037773699879202834
0.003404092200025519
0.009109484562161872
0.004807774902934743
0.0042674724072832146
0.003988635336520925
0.0038703320804256993
0.0061619216874976845
0.0039823568621585315
0.0037785652328431603
0.003452182617909544
0.0031821577965766112
0.00697727260983569
0.004054626126207013
0.0036699788990833208
0.003532314503041367
0.003658715036489701
0.007854285513035896
0.004386525143485553
0.003941079216852031
0.003644450714065392
0.003434013845603728
0.00844570041292884
0.004625902217879887
0.004354405187587967
0.003979339330527032
0.0035487810940800133
0.00759238036263167
0.004588648867018294
0.004202456452592747
0.0038217518233695444
0.0033876879022260893
0.007791244623660416
0.004082956789605706
0.003870818038397756
0.0032410014581434636
0.0031583845409812253
0.006754521217838783
0.003928308238515356
0.003505487686256122
0.003334919651831842
0.003124267130438797
0.007715998727639725
0.004321650006009225
0.004211272652878939
0.003934785262887711
0.003581709158330138
0.006563627367441698
0.0042360031834153085
0.003831562751960274
0.003344262796664559
0.003086022984030958
0.00831639543689621
0.004508649604915222
0.004063675876121579
0.0035756343342304093
0.0034025130128739977
0.009323088347385806
0.005023294600081967
0.0046641287524641535
0.003999686092962494
0.003805398250563091
0.00758693367985602
0.004229079591677137
0.004280002923349718
0.00395718276749016
0.003532783730256405
0.007908768718572037
0.004723592762567105
0.004486228120478818
0.0041631991791602155
0.0041335644097737516
0.008624509789782981
0.0050499150196405326
0.004776514674937301
0.004307984445411824
0.0038821212733234425
0.0076169779267685435
0.004571778738206641
0.004159320937047029
0.0038576491849206342
0.0037147780576452876
0.007909546170699338
0.0046186209569853455
0.004163492080226015
0.004057196828242102
0.0034769592422000703
0.007449251367007712
0.0045960526227627856
0.0042744443559607275
0.0037993816464137065
0.003845910974246223
0.008188841044819067
0.004469191521279386
0.004380314488822963
0.0038492960478338756
0.0035905213915329495
0.007891348779578759
0.004277909688239681
0.003978335679398252
0.0034206660482707842
0.003216372825404679
0.007263994940057803
0.00387882132653923
0.0036502831136998363
0.0033979397747555128
0.0032725650164222675
0.008073353209673013
0.003993105535541074
0.0035529013564406177
0.003450994406171351
0.0030686279848492334
0.007940472231431907
0.004079995206270638
0.003910906286062983
0.0038164142669306796
0.003428760597770471
0.007194368746670259
0.003965435215709455
0.0035222018092222838
0.00333193617923994
0.003077285082459704
0.008675733241138326
0.004403265370360742
0.004242604511858044
0.003992164001901521
0.003646031540344673
0.00805215223429453
0.00451131214989083
0.0042261029546530006
0.003752021978224986
0.003511217849178137
0.008984511639118396
0.004780678812996051
0.004480739197413486
0.004127431826999943
0.003723015212367202
0.007668817460048551
0.0044365695434546056
0.004214460038765013
0.003701374872812864
0.003233450187091282
0.006733806691412226
0.003626098192978592
0.0032516252682348984
0.0032930394513690816
0.002908593157934805
0.006743735852545419
0.0037194431563069303
0.0035738415075043883
0.003236764563617014
0.0031610888028416775
0.00763698604800399
0.004295682425190062
0.0038830365633422763
0.0038681842109368086
0.003515635540698296
0.006871797070341982
0.003827334829963598
0.00380462411144703
0.0034080832273476144
0.003093131607564889
0.007445073253456872
0.0041143188901348205
0.004116679336163224
0.003794734662185954
0.0035293559988498736
0.008437711590807574
0.004709857008122117
0.004388120257070824
0.003941027284174067
0.0037024830289331652
0.007705329049220353
0.004628921672598081
0.004001383213502252
0.003919393284371828
0.003789888070222591
0.007912459060885283
0.0042195307893903656
0.003800830403740934
0.003628587390082593
0.003410567451369456
0.007104016631924474
0.004062409562715407
0.003754097097168434
0.00354548984545564
0.0033691877649759177
0.0077563962378202934
0.0041646614507280565
0.004109879761204796
0.0037382292713754235
0.0036117315907887057
0.006235991550854911
0.00375867975515883
0.003601798445182628
0.0031405107999272824
0.0029374880515490296
0.0066004580372978775
0.0037251456490113243
0.003293162911701123
0.0032363485256478694
0.002825139931908709
0.006963051112206603
0.0038950245801012786
0.003679655253440868
0.0035997122407176152
0.0033369472242736078
0.007165665936090242
0.0041169404871492215
0.0037278332651661896
0.003428470490803446
0.0032006556157219055
0.006342368381578443
0.0039030432258188065
0.003679592654119662
0.003356723068886796
0.003538315756601686
0.006922070354930175
0.004099665642927512
0.003751003731990489
0.0034287359551591116
0.003231180724041415
0.006774673277591024
0.0036819478996596546
0.003411272468685465
0.0032016842321906454
0.002959757981752119
0.006429391802450467
0.0038393425285422386
0.0035385691716701296
0.003322716610516809
0.002979981542617014
0.007224895570689844
0.004134591338703456
0.0036729901882015035
0.0034498109554919813
0.003249714250339722
0.006060418505827121
0.0037225534950009378
0.003369126343364191
0.003369157627141439
0.0030230341866578497
0.006642380658138301
0.0036940890333521425
0.0035012450319925822
0.0030091173940561614
0.0028618490580281145
0.0067473101565106875
0.0038262628207772842
0.0033248587373184545
0.0030710117296582733
0.0028903287955094926
0.006832487173309997
0.003855556582684923
0.003300992385407984
0.0030223041041033665
0.0029034067754121055
0.005571282091081777
0.0031570114744950183
0.003079865568491184
0.0032078975196667948
0.00272415742289369
0.005913295098222736
0.003312666591237026
0.003270005683813451
0.0030791969987966727
0.0029421078131357664
0.006723635355461529
0.003317069874493953
0.0032279791310267547
0.0029043267425719024
0.002851132931897894
0.006107895862306383
0.003550206071434398
0.0032397278282051993
0.003134728405905876
0.0028797413199240516
0.005573628007765382
0.003347549439032226
0.003272724734909827
0.0028610803835943687
0.0027438089665916504
0.006567175949361783
0.0037001681921983247
0.003295649422767589
0.0033420361376932336
0.002867851581854026
0.005891236129575004
0.003065923591331094
0.0029425031171295547
0.002626444622231039
0.0023942658523466963
0.006405979451688296
0.0034935743193499303
0.003205677030901265
0.003031667606750107
0.0027411714257719725
0.006402474749955315
0.0036232731318748827
0.0032252177788062277
0.0032547932956177314
0.00286563500217848
0.006527974192004065
0.003500022912293517
0.0032834067976426967
0.0029810367741016372
0.002783741663254221
0.006754222672440642
0.0034589664867159917
0.003304992063146697
0.0030663723412762485
0.0028321566349580386
0.006260664266512283
0.003588916593726875
0.003322704293458789
0.0032109376606681292
0.0029291900986363425
0.005914024974790407
0.0035146834818326157
0.003166732637044459
0.0030591288661393954
0.0026775302940412423
0.006288996819650839
0.0037737482732577493
0.003278938716789178
0.0032538329058828274
0.0030093181175228183
0.005917918496051988
0.003506860619197311
0.003289941572293816
0.003037656489414439
0.0025780214881668748
0.006295731573828845
0.0035776979011562958
0.00306560286580487
0.002867013178784218
0.0028101129838201747
0.00587802395563372
0.003452841488588508
0.0032447932830871615
0.003203383193961133
0.002986078794596278
0.005905915374181814
0.003527440003603467
0.00319962206379721
0.003063070032731732
0.002630048633817965
0.006571975975384612
0.003657082815681024
0.0033421879379208555
0.0030499562966663247
0.0030338674657448155
0.004622614481809898
0.002933247653721106
0.0026261139205264127
0.002587328546241372
0.002416341160861508
0.005278903983635977
0.002924523158762431
0.002931790302810083
0.0026577635953900607
0.002720471458844467
0.005093538755739581
0.002740201618253694
0.0027927666329919743
0.0026692615753042266
0.0024112166780957765
0.005946040266883587
0.0033561202979259133
0.0032955446932197404
0.0029419288800083825
0.003145861151072691
0.006487594131149987
0.0036087117289313473
0.003298189941169505
0.003082457096690445
0.0026448254324670504
0.005317490353164635
0.00306338478368188
0.003003964868315529
0.0027491430857884435
0.002553764385716323
0.006010729503693884
0.0032087713855082846
0.003010109927357913
0.0026343650838025834
0.002527296959938019
0.005485672066593268
0.002929033457669741
0.0027640393534703873
0.0024952952825266885
0.002514320673574836
0.004866207571039731
0.0029734522203957088
0.002646482017047499
0.002448047603138722
0.0023248858568455603
0.006419820853190461
0.003474652679061954
0.0031361592156211463
0.002907286517725301
0.0025950745888429654
0.005511076408462451
0.0031274936740736197
0.0028886640160717585
0.0028093615045983325
0.002495007571419529
0.005577847514082849
0.003092316642362224
0.002887163948727083
0.002692920412802621
0.0025165379920083905
0.005746428892818612
0.0031564630607292033
0.002881317473213477
0.002755015684407502
0.0027556834495017397
0.0057171158483532766
0.0031825025771228138
0.002905929372110374
0.0025435186731642603
0.00257993923640313
0.004940820378294949
0.0028445638082968657
0.0025801169653509592
0.0026443426168115507
0.002435463801246748
0.004779859920300341
0.0030067147865268
0.0027383602107191995
0.0023378012056940764
0.002267003607075447
0.005367958925752795
0.0031161293111875606
0.0027962311902097873
0.0028196839905410887
0.0024385531067471493
0.005442414572083476
0.0029669359661061816
0.002799965807097782
0.00258356913282135
0.002375048237503044
0.005230054689109825
0.0028467811759005286
0.002747529309458739
0.002449369258317545
0.0022339508720407323
0.005759521161450551
0.0029384842468285137
0.002802494215414117
0.002501621067124893
0.002361231976073764
0.0045179995864195665
0.002586950887810643
0.0022982418250636944
0.0022660763523700343
0.002258937925389321
0.005271915512722705
0.002816800661927699
0.002739887120541841
0.002436512416243097
0.0024356454971581768
0.005039186918971733
0.0028201654890742
0.002516360890855845
0.002454431106518316
0.002226024750240693
0.005276752801864309
0.002911212352177958
0.002578452636536319
0.0025056164787682672
0.0024196699355457955
0.005314855167644335
0.0030693283617783842
0.0027612981224581644
0.002442811413887721
0.002412257143185783
0.006373456812438714
0.003572100406563354
0.003198612238322991
0.002909131932520538
0.002657840443804436
0.004946818721536291
0.0032073626037589557
0.002943422160933239
0.0026661369091002174
0.002568606906329865
0.006178158313973911
0.003182463533401169
0.0030835204938137973
0.0028010882994059616
0.0025654519513411624
0.005309822775917897
0.0030493780696402373
0.0028898590694431178
0.0025646294836717855
0.0022779906636192252
0.0050018476671794465
0.002759971104198461
0.0025141536713378277
0.002472840931326019
0.0022500648447503564
0.004520368065405113
0.002686087960056887
0.0024074619284366362
0.002462219771694308
0.002190167552474193
0.005635162329194864
0.0029540436475575336
0.0025271629788129486
0.002480141452019246
0.002295174978492098
0.005778498651357181
0.003003774437664001
0.0028440560930926774
0.002698481868581918
0.0025379960927095564
0.005419837128512495
0.0030326613352211116
0.0028649712708027422
0.002520250775408514
0.0022725634177410766
0.004811841829321772
0.002953559648872798
0.0027498192770110384
0.0026935674952520677
0.0024571185625615016
0.004698327471749685
0.0028345963280558334
0.002672586821947573
0.0023694879950507163
0.0020195212183309287
0.004992894776830249
0.002752799945251771
0.0025041925576016508
0.0023150898437336357
0.0022112148484203925
0.005201184804910535
0.0027840926629512106
0.0026742270289711926
0.00244124275179708
0.0023089306114670535
0.005430750811218729
0.002995165923801478
0.002800517797006224
0.0026646523610760722
0.0023767163676729807
0.004881119618589068
0.0027393918962396483
0.002510182858780443
0.0023521322632098283
0.00226047390018662
0.003852519568662028
0.0024061232467071183
0.002142647471168068
0.0021993995767253718
0.001960155767094207
0.004722923143160226
0.0023773086657550126
0.0023484382148221453
0.0020668723893652713
0.002041957648358398
0.004777129225395919
0.002386969638699099
0.0024057133908994208
0.0021987270464217546
0.002033475122072867
0.004669321736906378
0.002579112777319649
0.0024431157022113204
0.002144258194842352
0.002083209572257105
0.004630676212935863
0.0025688763030783353
0.0023224836471903536
0.0022061828459176533
0.002013914353239853
0.005249590647983827
0.0028204969448974554
0.0026302746284184633
0.002292635909376749
0.0021422356972192547
0.004890002956465294
0.002551229967825137
0.0023412087561693073
0.0022606660564570974
0.0020967836284222687
0.004263418158905987
0.002293129291105179
0.0021154441802825317
0.0018793994709130418
0.0017425711389446124
0.004565189320073266
0.0026512492702093636
0.0023552131856710602
0.0022338445400072737
0.002224192330998065
0.005067891887428776
0.0027600665400183775
0.002456326667689108
0.002172267156447196
0.002161663124878751
0.004567391362116448
0.00277257401119921
0.0026624858541795
0.0023982829002965125
0.002038806416761178
0.004164080713900422
0.0023354045989366734
0.002263835137517752
0.0021273922817571216
0.001951914686625026
0.003869627564135332
0.0024380044927459327
0.0021804113692671027
0.0019180645346411457
0.0017187345241970991
0.004505287760129301
0.0024136764201051473
0.0023898075467646694
0.0020671203753530243
0.002022784413552782
0.004094703442713038
0.0022403345698103786
0.0021190939194731004
0.0020194956504971605
0.0018437978001827294
0.004348588176381851
0.0024040049439581234
0.0023718728516920863
0.0021746516672436155
0.002124372302227243
0.003609977969163623
0.0021444043598041664
0.0021842692505860957
0.0019328301357321937
0.0018135110655690813
0.0047761319145745215
0.002463780925967912
0.002234210493026157
0.0020835827664427244
0.0018648973316005954
0.00418932786470646
0.002184202220909417
0.002108046904949449
0.0019357340949827278
0.0018062612203019915
0.003249238295058447
0.002123740038910965
0.0018797293433605359
0.001672923179475852
0.0016053795498896712
0.0033152612891608883
0.0019118486677273119
0.0017212048434591112
0.0017220173528198534
0.0016432022705167321
0.003921969718428224
0.002139851760394267
0.0021019259478210536
0.0018834895138596733
0.0018450055441086091
0.00460789901810548
0.0022671694889299814
0.0023736187369922234
0.002088430538172633
0.001819802209783263
0.0038440269617479976
0.0022111953385997645
0.0019165059492195873
0.0017659864416934839
0.0015659998408796634
0.0038813948162434225
0.002090645750517425
0.002062728810813803
0.0018090658293019963
0.0016644511660493452
0.0030374164008189963
0.0017974284798285608
0.0015344726573802282
0.001508267266112789
0.0013874636844859204
0.003302536759172006
0.00185569131597325
0.0017401808428569436
0.0016096935963870655
0.001495178718482689
0.0037279600891803022
0.0019205859070823234
0.0017933294270640568
0.0017787180103548733
0.0017533889917139335
0.003529525134621113
0.0019098833557699404
0.0017921398988088523
0.0017108056769906664
0.0016922930267433036
0.003419597708033351
0.0018794751159498966
0.001713190435193309
0.0016377377264464872
0.001559478352473344
0.0037419006213742605
0.0022182463850460798
0.0019632715910432442
0.0018633871799224818
0.001815248284429166
0.0037853690728038075
0.002143615527947278
0.0019210141708971115
0.0017660601045303888
0.0017190350282476397
0.004008762117404918
0.002143534473439227
0.0020811610989039317
0.001815505092941616
0.0016933246092843553
0.004028947119370236
0.002098072254330061
0.0020455992551833505
0.0018321292707862168
0.0017243799309250253
0.0034794829967214405
0.001961889962102999
0.0018466090196457138
0.0017021191336641587
0.001614374413919328
0.0031431450384202912
0.0019267795027424627
0.0016609661177520356
0.00150266585157138
0.0014494943019612424
0.002715849079306681
0.0014572803863592823
0.0015401950791961295
0.0014580463726035157
0.0012765554515199093
0.0036976719660985146
0.001966389716257175
0.0018298958700497276
0.0016359041622326176
0.0015443675653823536
0.003478506952612169
0.0020049699039938417
0.001848669675144102
0.0018015254530675982
0.0016518635450201197
0.0030522829294008114
0.0017781581026917199
0.0017853404935610025
0.0015203021330400016
0.001438302672859394
0.0033997963933716908
0.0018814685645984826
0.0017689193351034262
0.001596045426821963
0.0016803401906233405
0.003554822878590246
0.002001557923523146
0.001783919945678888
0.0018382500458748636
0.0015841071865214979
0.003083462524793394
0.0018621878902342866
0.0015401207924955248
0.0015647149492504532
0.0015080755793858954
0.0036465105340777897
0.0019093082756209902
0.0017903375042586554
0.001785725902287891
0.0015333104228232497
0.003513080970989761
0.001950661525861027
0.0017785637208896027
0.001753813059757399
0.0015661508095232088
0.0038217536633870426
0.0020609404624451584
0.0018699644624387817
0.001746214354623435
0.0016035446586731533
0.003878706247924846
0.002164143375870116
0.0019141515833672098
0.0018552728275627725
0.0016426477053777062
0.0035416935871415505
0.002050795992311435
0.0018877835726853198
0.0018340818999579502
0.0016463598365126003
0.0034277300552625943
0.0018987498086581595
0.001659930629452353
0.0016491537920596024
0.0014921670597470554
0.0030502978323288846
0.0016440099812341403
0.0014627499523553386
0.0014896654485739766
0.0013160435382946773
0.00338252431050898
0.0019324860821246048
0.0016184610468529255
0.001558016072832951
0.001464405049007994
0.0028024735351316376
0.0015755322359105068
0.0014903624385665592
0.0014082078613159533
0.001376796312949901
0.002894819763303178
0.0016390405946478497
0.0013810039961006076
0.001406331486277786
0.0013025956999363902
0.0033969864248492598
0.00195376187776684
0.0017491160461363682
0.0015861281614930577
0.0014434328695964538
0.0032001010765592614
0.0017011547754731242
0.0016369166008224367
0.0014997180293852047
0.0012931025336802183
0.002786981467143534
0.001580818401563856
0.0014594402885187419
0.0014602271070324312
0.0012492358935499467
0.003185449844001593
0.0016819809965521195
0.0014978363883610783
0.0012908980499730903
0.0011824839048651375
0.0027260141636709944
0.0016538793523707452
0.0015329149473425666
0.0014014325593877958
0.001271018576449499
0.002675767438315104
0.0016219120311475935
0.001499357069389843
0.001297356949640336
0.0012719529344595547
0.0026059399551745764
0.0014777033187025957
0.0014191130387234492
0.0012779184838545613
0.0012670996861760444
0.002940021619717163
0.0015448755777729606
0.0014137417247673798
0.001335260821073648
0.0012533494304695614
0.002813246889367781
0.001530261793329118
0.0013845921465686852
0.0012853799322799272
0.0012434547948954133
0.0029383401588585784
0.0015467956646657323
0.0015280836065576602
0.0013963767792258362
0.0013227752371327713
0.002404354018991208
0.0014368105809993814
0.0013005210608798958
0.0012311015885392734
0.0011545183568624398
0.002257995772666181
0.0013014271154944744
0.0012314097579018035
0.0011655702890312088
0.0011243642027467583
0.002879505211112545
0.0014503753559178497
0.0013940119159843586
0.0012572010965436488
0.0013077314737412488
0.0023727882954159155
0.0013400756440188708
0.0012163163055201411
0.0011951572349183815
0.0009730328067929906
0.00297795923091318
0.0016684743452930113
0.0014779011227600075
0.0013870015701977218
0.0012649716239619803
0.002692242034105633
0.0015225654263201814
0.0014192969980354139
0.0013012973581782966
0.001327221754518169
0.0023313948015077886
0.0013491816017299283
0.0012670637644442784
0.0012362194923859447
0.0010923014411098435
0.0021823860999669134
0.00120515541518656
0.0011483921371185377
0.0010703747194347395
0.0009620955805119144
0.0022957844133226187
0.0012416043416253666
0.001080675221251187
0.0010500735528215243
0.0010052117413604468
0.0022156980950513087
0.001306160313004321
0.001112592501674225
0.0010048573930537608
0.000964375220537673
0.002481238934520422
0.001287718495490872
0.0011910988798349786
0.001102941535669722
0.0010913925834146335
0.0022506651287951844
0.0013345351488942782
0.0012279807854633136
0.0011316238742346502
0.0010346298156493168
0.0020492578787292106
0.001230015583255148
0.0011607178807519893
0.0010468830567722522
0.000962642178881052
0.0019840144970351974
0.0011400901912043645
0.0010630104687642983
0.001035402283814822
0.0010014239156580275
0.002665038000269595
0.0013128726615251895
0.0012697042328423034
0.0012014847819210158
0.0011662502662153846
0.0022788932688283994
0.0012019445228171476
0.0011300822918670456
0.001091696571807159
0.0009825752733495436
0.002036704848915125
0.0011065483464229857
0.0010690884300525944
0.0010005676355328862
0.0008494531740843114
0.0020844655810541343
0.0011360600495789065
0.001002577476552658
0.0009868356816575114
0.0009317676560783464
0.0018448036929727407
0.00107499630819329
0.0009650726947538346
0.0009042338303533459
0.0008398886262071366
0.0020526604637202397
0.0011530959431379994
0.001041080891762886
0.0008900356845428735
0.000818244812565873
0.001995215378069887
0.0010687260489033656
0.0010059290105320245
0.0009659377296727656
0.0008474426213596936
0.0019379516707193143
0.0010646129822189194
0.0010484489487325671
0.0010106546612694226
0.000905297150884804
0.0019822758797177985
0.0011537354856709058
0.0009847062603406623
0.0009244609281271626
0.0008732264652094104
0.001672484651150857
0.0010067010505525273
0.0009119570842458181
0.0007930158519719086
0.0008246865970750813
0.001878342464035716
0.0009533342554780785
0.0008872875305363002
0.0008496580544142348
0.0007787871187913089
0.00164163415737637
0.0009283371515485564
0.0007832479841867592
0.0007707053093799003
0.0007834659755988704
0.0017240668565731815
0.0009945598028257888
0.000929336267294687
0.000846877492531469
0.0007329541721820692
0.0019069403130426998
0.0009773058914484276
0.0008720241438532761
0.0008468492850221628
0.0007002096261025685
0.0014939772776625924
0.0009426551390091305
0.0008480457633694393
0.0007345922333789051
0.000701025326459697
0.0016389909418649824
0.0008992499890531163
0.0008091305494947721
0.0007268418092560727
0.0007015068014199023
0.0017714348806993534
0.0009641200522938179
0.0009051249614981786
0.000797798929455802
0.0007809330794671215
0.0013828125531892604
0.0008645423797209447
0.0007647092581101712
0.0006890504749795052
0.0006844701811242912
0.0014736214020120582
0.0007579126798558048
0.0007708309143558768
0.0006736094773987957
0.0006222545095381665
0.0014320062639257764
0.0008690525292483128
0.0007776453650214526
0.0007412462752429185
0.000627082737517166
0.0015183975466621436
0.0008006351668676902
0.0007187114814302914
0.0006603987291784464
0.0006505778892811397
0.0013946469890214754
0.0008386766363624825
0.0007581278114700408
0.0006987018446654664
0.0006884688213313107
0.0014708564748404603
0.0008563515603553812
0.0007684558492853655
0.0006393142926220831
0.0006154717386782323
0.0012038897162795616
0.000691746318594069
0.0006687192294925501
0.0006261291098733721
0.0006027429309629664
0.0012719163343695424
0.0007326128100811563
0.0007212831546918972
0.00062645837959423
0.0006557918394926686
0.0013779554834635755
0.0007869642613738387
0.0007047370567428113
0.0006828336569683552
0.0005870337355270857
0.0011741385928879752
0.0006842498983422018
0.0006738435903047072
0.0005907065818022976
0.0005666918970372459
0.001084361884026672
0.0006463634570473366
0.0005904212051682243
0.0005762743117087405
0.0005447129438251879
0.0011138936880917343
0.0006543559554645351
0.0006144444547570059
0.0005114720393943355
0.0004809503196251918
0.0011156356335262115
0.0006237709245947938
0.0005949435932785134
0.0005346375354023354
0.0005420865519949696
0.0010383002834040674
0.0006268546000081297
0.0005692212156528265
0.0005182126231759471
0.0004811291837587928
0.001213768060022903
0.000671234893181523
0.0006015923321587044
0.0005895909788396292
0.0005397485671629288
0.0011120363080587934
0.0006569516218639911
0.0006062799120538539
0.0005525010733072308
0.00048719281430899486
0.0009360799165034637
0.0005070079737886702
0.00044746194550331493
0.0004572667145776971
0.00042095611573400734
0.000961896668975794
0.0005309156304427109
0.00047178145279324317
0.00044199181728514367
0.00045072723546536096
0.0010327314557442386
0.0005655519954026296
0.0005314305913023596
0.0004922524151569724
0.00045748059132057363
0.000991747324971194
0.0005079143764800003
0.0004889056712257299
0.00043654854842868163
0.0003827818295248457
0.0008787245128938831
0.0005023638194200951
0.00047181278816377605
0.00043159043453634796
0.0003732148021822869
0.0008561854987211818
0.00044684872354757175
0.0004361444397362174
0.00040885410522869403
0.0003572163912106598
0.0008005245028848004
0.0004455952917466136
0.00038129548165832225
0.00037963469823269264
0.00033599766352690707
0.0007973090153158289
0.000401738104925423
0.00037756861732867055
0.0003527431240087943
0.000355063358392807
0.0007616305955289909
0.00042360619647155857
0.0003648785162726889
0.00035835850423524164
0.0003167241332180842
0.0006119029142349899
0.0003586922618253519
0.0003260106855508559
0.000325594323893364
0.0003041353425039005
0.0006893525389192951
0.0003633787381636488
0.00031436455543456935
0.0003075739345429099
0.0002778410051119929
0.0006486992523754233
0.0003606268967691249
0.00033647243724956917
0.0003013194042838045
0.00027447402594739037
0.0006345464021825082
0.00036726873982788214
0.0003303908930984315
0.00031550756570484514
0.0002907613509885956
0.0005445790452069061
0.00031996462038483145
0.0002872537323481472
0.00028434243690845184
0.00026433180906745775
0.0005535556663073591
0.0002974643224951119
0.00026507374829832993
0.0002490076708157137
0.00022717067025213389
0.0005073208918776115
0.00029466922033259153
0.00024026381665604072
0.00023404569781636944
0.00021883576458914996
0.0004513824037649221
0.0002467175792108039
0.0002096802730030663
0.00019863813306937044
0.00020164235909644288
0.00043392110776721674
0.0002484034277408153
0.0002239280265042224
0.00019442140480103572
0.00018338052901313123
0.00038988358344341033
0.00020199182021883892
0.00018208656157290036
0.0001560979696311527
0.0001593507983226255
0.0003469562501309998
0.00017524199219265494
0.00016543101626428555
0.00013994063551481102
0.00014169104124801964
0.00032575894738264086
0.00017546526897753401
0.00015040122272855355
0.00013022396493556876
0.00013410780694187813
0.0002843258715005171
0.00014864097701914334
0.0001357895115980906
0.00012263088638797816
0.00010946137079549485
0.00023468418014871358
0.0001207060224691392
0.0001091976991609428
0.00010844474302172225
9.883601357112894e-05
0.00022487121540889598
0.00011738093213351768
0.00010661750799343929
9.45301715362777e-05
8.346535743209461e-05
0.00020193178080274839
0.00010378507977988231
9.04197687784396e-05
7.36155807091029e-05
6.984874702110827e-05
0.00012532058736938257
6.589785975479804e-05
5.7095081755264926e-05
4.909236281898227e-05
4.120737408867856e-05
