1.2485549132951517
1.1017892046311706
1.1607373271888664
1.1632320333897883
1.1154341822645255
1.1547464863049177
1.0935500253936268
1.011605522248467
1.1932630632839336
1.0379375685649217
1.1473528530776795
1.1268086669115316
1.2640150380943163
1.2369267518084872
1.1701794999212138
1.1746123820227572
1.2432936002777506
1.1178756753293584
1.1506049748143303
1.1696258240831952
1.133351843080878
1.1254575457545757
1.0869743860653156
1.0818068956504596
1.0692947155068502
1.0715691316123455
1.0226805742778948
1.0659391868277046
1.0609909178173218
1.0519340866629578
1.0112018891321575
1.032762155910765
1.0322392437721333
1.0171888887753668
1.0192018265027183
1.0396309632881062
1.0380326053457651
1.0400379289486175
1.0111621937235156
1.037821490139816
1.0087766994028504
1.0233933937056146
1.0387529893105267
1.0337789808855085
1.0213500454096147
1.1065773682784237
1.0374194729665223
1.0813553694222462
1.1171776797036321
1.063075078055534
1.0027639317456583
1.049359619275856
1.0953996944749196
1.1162425204415134
1.0552182339236724
1.0543160204827986
1.0707244712412787
1.0821674492137976
1.0221241048854295
1.1170692323218674
1.0557224940042518
1.03665407340699
1.0472691696542353
1.1165315599566257
1.0470186288700452
1.0140003070663675
1.0370315937191943
1.1744436623531336
1.0486846980362983
1.2692710680486774
1.1117984308992142
1.1354775777068855
1.129940078107154
1.092479220550928
1.0733397003691996
1.0595021250759054
1.1079649978983386
1.0726402073181223
1.0894219848970794
1.0135051088405127
1.121961980905405
1.154358708638622
1.0942665301669172
1.1992337527645047
1.2086720990992614
1.0536454406178086
1.0420592936091668
1.1344570061066155
1.0891456043775394
1.0715082484964547
1.1312147780077604
1.1195837764039334
1.049601673774842
1.0927665095689623
1.1258967071545045
1.1201605799361727
1.1485709383895901
1.0701765912349952
1.0510760964631427
1.1206051374173251
1.0565108428646437
1.0663051353546884
1.1339726183468457
1.1153534219227648
1.0115572641306283
1.0795927455396437
1.148993864392681
1.0761133603238884
1.063977919060831
1.0517521641240624
0.9964956145474213
1.0025345333897215
1.0941918335029979
0.9973222766374523
1.1447223613221151
1.142034231345987
1.0398880877871899
1.1030293430103348
1.0449796419256157
1.0374237350137412
1.0632181042404205
1.0459702076405986
1.211071316216152
1.1453192915120678
1.1885492043323957
1.081139451932427
1.1076966458889905
0.9908424229588043
1.081984413971335
0.9970538867277998
1.0176947895436599
1.0400905894272616
1.1304870572692673
1.0664694476424599
1.1183344079088753
1.0316939337304478
1.2929082541962607
1.1932929236628798
1.181355469611975
1.1660365040165737
1.1303025429831972
1.2726702814830413
1.1058577581882691
1.0957165008398992
1.083660745487266
1.1353606594545522
1.0777687506192366
1.0143416567207206
1.0771635988880974
1.1311830983882287
1.1363382218737557
1.1546703585113653
1.093815293372554
1.2159451591698731
1.0849338920867522
1.1630753796981088
1.1403276646219835
1.093444695931229
1.0416917714127953
1.123866524760531
1.0342976206479368
1.0537823753782978
1.138181713694618
1.1826979643843976
1.3160126095008218
1.1209571047296734
1.173067159613106
1.1866462280522208
1.1835176518030623
1.1430284974429799
1.1323957583506157
1.2986789833645553
1.536495154562524
1.3877887908603508
1.2753956497181178
1.1746255801713013
1.232866271795765
1.2968720939137657
1.1706635968239874
1.1861264098819313
1.1645572125518286
1.2373869373509676
1.2850315317330023
1.4857388262485502
1.4239536319032353
1.2409242651271464
1.158251024374421
1.1450215761739666
1.0855862662258526
1.1602356466110622
1.308555717289342
1.203491710117758
1.1878220711417513
1.2568267274198601
1.2295614483529536
1.3700973403038161
1.3226335487307488
1.3376929875068673
1.6777960742722489
1.6206179455233478
1.5526966053246984
1.2892342283840368
1.4471665194507475
1.2352429084553591
1.3978298105653337
1.2593131819929537
1.0827839895108717
0.9897172236503886
1.133394983545224
1.0564387490930454
1.2052298918797126
1.0839788624899815
1.2208864402978703
1.358600136279933
1.2326767406071506
1.179370236899628
1.3108692275140237
1.3887111769433182
1.3425026566953693
1.2427941002035843
1.340124207349126
1.234262884361938
1.1477536995129878
1.0632527690374933
1.0196667994658002
1.1338812153413131
1.1150708284287842
1.0329721156167422
1.097480056209093
1.0437461773350032
0.9987429769448516
1.2756479817495265
0.9876157596806009
1.0972022514071282
1.0747882884914628
1.161306460834763
1.141097957336655
0.9925283267094636
0.9950942402467927
1.0391944895660599
1.0621506843907038
1.109208924402037
1.19227500804354
1.164023027202592
1.1876730741625212
1.2690559284940366
1.2224459293653465
1.321779480076603
1.1795933674853567
1.325345632240708
1.0384422188734932
1.0387515718251072
1.1749083687804178
1.2214945499494314
1.2299026278442775
1.1241641048236066
1.3086438244274978
1.3383958749043512
1.1920750138884357
1.472268887873567
1.3259991314760944
1.2591651415969909
1.2854109426566476
1.3516458529321254
1.490978644267701
1.261761846082755
1.3098796695887571
1.2650935698506736
1.2708138968334277
1.2904433704559768
1.2269643198721796
1.1339843676973214
1.0785024263892675
1.1009891044797477
0.9961622904878327
1.2044257757966153
1.164381883470035
1.0653897432244
1.2256587267035715
1.3893073586294415
1.3069562415792857
1.253195088732034
1.3872925727567897
1.1535254123632048
1.1691371814641744
1.1429586340698945
1.132812479441707
1.2593392565221977
0.9775006720847029
1.123202192760076
1.0787890715245243
1.1343918825412458
1.1593878071702353
1.099228764427425
1.0658834322846091
1.0694274580484187
0.9622025113523694
1.0331320342583186
1.1211858873398675
1.0568403989687156
1.087691077429407
1.1018705331190393
1.2827078184104832
1.30621387404468
1.1727715802014531
1.3165834410028958
1.207040510782154
1.060077211309185
1.1945402327162369
1.059683228755172
1.1382589364214124
1.1318539460835673
1.0770883684092663
1.1007015048970945
1.1461801590640455
1.0695874782574097
1.1186643561531344
1.1791016215568753
1.2453683352127567
1.2025984464910853
1.1476213606704257
1.280399290072492
1.3474704856720765
1.9235059372337309
1.8213641463360979
1.712943716021743
1.4078509362994573
1.51345265177218
1.30344554372322
1.6715839049118926
1.2819558241689724
1.670732297877976
1.2967680130217651
1.325865281121805
1.3943085853542942
1.1985930174019466
1.1648997934708436
1.2220321816755435
1.2194442127364356
1.2567398873554503
1.3275239745639242
1.5081786849249084
1.6211646343069364
1.3645449181295157
1.3315860173363652
1.3041647180037466
1.2186520815440938
1.3111052241793066
1.2206530939546492
1.3316156469100788
1.2091990338496068
1.2187046771124144
1.2941447742273893
1.2380626407337354
1.3382025275528575
1.3267542801792938
1.188651207628838
1.0859095681028974
1.169622963542194
1.264519969301239
1.250774389522268
1.1770311017593977
1.3487960593959962
1.2133621010064943
1.2723366609742015
1.4078721189335224
1.1427771798874173
1.0767168825608164
1.1767106663894056
1.1308535660689172
1.1971442397278576
1.1934266402726328
1.0381918184943273
1.190408735805272
1.600410700951265
1.2601162186604105
1.1812977932084543
1.2703180930686628
1.3269415975029795
1.01287783386119
1.082818338928149
1.0571567516871245
1.2229422117800515
1.098027153696561
1.171970938877822
1.1449044805175626
1.0544794017809505
1.0817267770150563
1.3435902309909085
1.1631130928252924
1.4388318117918968
1.2585940578731063
1.098607199872168
1.1753989944154475
1.15416456581494
1.1811961892652756
1.1195890809615285
1.004184421994689
1.1107288991231954
1.0974503017145003
1.2424246027122328
1.1872060218001566
1.177724112832808
1.1781051946727998
1.119124060303783
1.1680844385265114
1.1866666666666665
1.3103534407393533
1.1015887088141163
1.4315715785789276
1.3529152740824972
1.297447752345227
1.173446388461534
1.2445460600310403
1.175840844932819
1.1636580288171778
1.1961819572515182
1.1276412336229262
1.1364783404771024
1.1363761770076934
1.1239815961235695
1.219486238695517
1.2437319928891066
1.223307177241866
1.2538740365355903
1.175038477844135
1.176445398160959
1.2024294342579953
1.305494230033591
1.1707814542521542
1.1926975071689756
1.311171567913814
1.290408080569217
1.1196058910364244
1.2000107563551115
1.217849946161042
1.2911900851669895
1.2790136212847572
1.3036883368272412
1.2413123875133325
1.3206382027495243
1.2835615171545212
1.1897956382566772
1.3031342844142269
1.0369912952577134
1.141162653506088
1.2547006380990922
1.2168424098119026
1.1829760457052603
1.1806592361297805
1.3311728565893666
1.2122250426142323
1.0080760753972535
1.1774756299557847
0.9859199538718604
1.0570668404191788
1.1818472932069013
1.294406555555816
1.1938850179026734
1.1863080486333897
1.080750150093213
1.1422089129864679
1.1641270954618792
1.4532588904547818
1.4736440442578338
1.1749524178287263
1.3654005329256194
1.1410038286478617
1.3103001002299388
1.4038558265325747
1.4429590160011498
1.1984104852203035
1.2820721912372306
1.28388208963587
1.443997060416183
1.0408178639640875
1.082555863171429
1.1691465651565063
1.117694017716405
1.2804030973827853
1.3287391919267484
1.466013442175467
1.2640153768706224
1.2711729652373416
1.4591457487563613
1.5953478590885608
1.4140023965640256
1.5398766370933625
1.496089955809647
1.2864497794836782
1.2798320483179355
1.173377610647489
1.5201761238164522
1.7021493659203741
1.4876396468470554
1.7028251867800441
1.6253757372680389
1.5866143162237898
1.0618365553877551
1.143014722692146
1.3163865007057651
1.1975852860420517
1.2251157309990743
1.1593764331475755
1.1840092015951469
1.1431337280471672
1.0551496460317633
1.1655651163413032
1.1688507070565703
1.1221644149491612
1.188646007423724
1.2152444723656577
1.1898648825921547
1.2580231539922484
1.2153270121754154
1.3929989674590544
1.1367873980458103
1.2905953601423081
1.1287458503634533
1.1951376019384532
1.054222849378071
0.9820879707689131
1.2292667869693192
1.106983246625261
1.1988240001911226
1.2491246287218396
1.148519340774185
1.0046949910899974
1.0753930455267064
1.0189742170271079
1.053407043740065
1.173175275870258
1.1132298689959441
1.2494532767792679
1.018490128290501
1.113778788196493
1.0171549111329166
1.0515909526716456
1.0366063549588753
1.0499743688118435
1.0663492252514766
1.0352685396483523
1.0150735782497662
1.1748289840385115
1.041089515653395
1.0362595903472471
0.9979877438381005
1.0527317579072104
1.0163337639367094
1.064164646338016
1.1605588428058449
1.102227271002906
1.086899250884867
1.1076851499386724
1.0686201728131728
1.1279325997855154
1.242383046388817
1.1760085900509893
1.1387910420898377
1.150362151366156
1.1051554450447914
1.063561639599628
1.106407719108789
1.078648431783867
1.193414021630089
1.097334900743803
1.1627683073075863
1.1010377908517535
1.1680104751056544
1.081662131608561
1.0592848688718624
1.1487857403048918
1.0439916502013329
1.1109393531994887
1.0636889867044528
1.1099625738345396
1.0646743537165733
1.0582140890867142
1.0710743366096604
1.0269836110893178
1.0333876915954718
1.0748045022369273
1.1006551484117633
1.0297832169936192
1.0353837090299367
1.2072708470953635
1.0962520441878312
1.2065991875293243
1.1879831996655137
1.131179184649828
1.1582869510741618
1.097544706298613
1.21849243071724
1.180844903270085
1.269294900607519
1.1741108152573911
1.2464331284073775
1.155931388051261
1.0417290141232223
1.106129748121288
1.1099902708792064
1.0520036191485094
1.0704658917044096
1.083675930384808
1.0557549449755999
1.1129041178930241
1.0852944965219289
1.0215938214736762
1.038512660809312
1.0473532781899735
1.0220511400903274
1.0717228033571675
1.149297850726053
1.0496815235560355
1.0283572953030136
1.0577343314581704
1.0396164877610734
1.0527830492860437
1.0032760998335195
1.0853340001284042
1.1018045117987305
1.1962258821867997
1.1544653624547738
1.1721829420058483
1.1267617168861264
1.092352756058007
1.0661180357157929
1.217768393280852
1.0910014084751913
1.0702266709521402
1.0770177165354382
1.1284271531108663
1.038687663146399
1.0413636142180023
1.0978718400940626
1.0410500158645937
1.046453303387607
1.0320812931305983
1.0625699835929685
1.0398630247176055
0.9845540560011541
1.0788549128797646
1.0798131532076418
1.2463409252494464
1.1659538476269529
1.1274792710919557
1.0345090239722423
1.0416277820197362
1.0547996356265357
1.0920463862228202
1.103501626093276
1.0840226108634108
1.0321719198078287
1.072315432837634
1.0467461404560081
1.0448684404179813
1.0975487088679168
1.1053219834413086
1.3225343999162038
1.3090768261303378
1.3088294237131592
1.1555503863654333
1.1643337509540514
1.0420052001766131
1.0682581590970552
1.0464887605923636
1.0745950614992497
1.0171386080427913
1.0136518505841892
1.0613311180362524
1.0605979722825833
1.1247622981323322
1.136782575936784
1.105726159937415
1.1024853719415773
1.1136509901598095
1.069151550057863
1.2231630701993996
1.353765916597391
1.096520553074274
1.0835094793665256
1.0865997025091505
1.1660730214389037
1.2122225290226547
1.0813756040014515
1.1184480325852002
1.3275051248040508
1.0332276451074998
1.0549438802779236
1.1353094551941854
1.2413764639116776
1.2752881674900156
0.9863043166499468
1.1831737387337624
1.133872425916623
1.0627758429761454
1.20099793460256
1.0819957855637692
1.1412615164560833
1.1966037097260658
1.0699309215645194
1.0392350422607617
1.102827162507474
1.0879993281639289
1.065362131995824
1.0671281776399102
1.1134032888342298
1.0754176831888753
1.077101057902817
1.173211730527413
1.0974162863937245
1.024327620947359
1.1472262077203594
1.18700016912706
1.1200711181351193
1.11773531554536
1.0157244638573677
1.0554845456658182
1.186348373732478
1.229910278182723
1.1860290489369467
1.074497808498517
1.096321569463703
1.1070168588679832
1.0998232341087537
1.0568133395737507
1.1429791825907136
1.1053025556739953
1.1497236434420015
1.1878409366611031
1.0566436266456787
1.082490297913536
1.1037347605154892
1.1535055115434498
1.1245604578938002
1.1714070918431188
1.190135719484535
1.1098943009698266
1.2307657391857065
1.1632941800657266
1.1149646455165578
1.1515583000363034
1.128131442493899
1.2887619635689938
1.3131960850489286
1.1955970910526874
1.135778646301775
1.1404683191813312
1.1045720984759562
1.079886347780858
1.2207973074914376
1.171129617766375
1.145143787303305
1.1802884925810764
1.0924451596510565
1.0271134005574487
1.0917269007598733
1.2056581271418059
1.1610891594764032
1.2077989911068878
1.1792239298710707
1.0948208823681855
1.0650263409961684
1.1435299061839541
1.096687729838926
1.1497461216932676
1.1431674127919724
1.0442983186282746
1.060372696037781
1.0946407363420436
1.118976749994813
1.1487412025884776
1.1994515728476685
1.1283811296608373
1.1238552854720496
1.1461699243023669
1.062234931242775
1.0761287487641455
1.029786634744073
1.1452820143434173
1.1682913128242283
1.050564555719227
1.1158178607226072
1.1069546454209411
1.1541918066351387
1.1060978070765357
1.0927171977043404
1.0445198219207117
1.0528824135562247
1.0349181806468197
1.0147692400719517
1.0546635455474522
1.0586228181475403
1.065689274784697
1.120441051738759
1.117705685952045
1.1165346928444957
1.0748696091077408
1.127670672675714
1.0337624483847279
1.0439440531693256
1.0750410865453215
1.1536225402504499
1.233113464831642
1.2212595459060018
1.1623858866351868
1.1333871488537453
1.0199003333223484
1.1075480198222274
1.0356787104953216
1.162511497313275
1.0848834603316708
1.2050943296517012
1.1048443464702469
1.0747575852361309
1.1141739100322041
1.1169812494170035
1.1465808297568152
1.2138973315116193
1.1676211296723416
1.1588495047141572
1.1898754104259253
1.141268968046582
1.0754003958970675
1.06717297368078
1.1833547557840758
1.0809302522969868
1.115675009355258
1.0908137483911156
1.114241241724026
1.077371947266053
1.2208158611760491
1.1842969559371275
1.202679548807787
1.105817835002394
1.1114870460191628
1.1213058257010764
1.0286029411764475
1.0321242171189986
1.1093150396888232
1.1578888296529242
1.1194544599467262
1.0220627420329234
1.113900541163658
1.1201513718070173
1.1680342262379881
1.11722111760692
1.0675832992480103
1.125507743082015
1.3000263123273144
1.2135473713034077
1.2103683216405767
1.2259377816452468
1.040515143112427
1.0903109480276736
1.0586038760647105
1.052913453299074
1.0300371027584736
1.1262175451783485
1.0781097503384334
1.1542689868271372
1.1529707555908097
1.1091898471342205
1.0734177215190355
1.091153282634452
1.124128726086286
1.0745145101462155
1.1335737494197744
1.0746887966805116
1.0511787153607657
1.0361619363204453
1.1796271032286911
1.1578611445996703
1.1634539591544246
1.049737855519003
1.0448823207444005
1.031807293052956
1.0647864777061695
1.2635403879204883
1.0994998450848046
1.0830728386074584
1.1150424336845575
1.0911082423816176
1.250200584100908
1.098573111663804
1.1509402507334938
1.157930128068005
1.1065525383707355
1.0797869083338543
1.0196776778559549
1.063883440739711
1.1583467193871382
1.1489048141940628
1.102994847574061
1.047139240506356
1.0346355746656377
1.0647326978864213
1.0042812828466845
1.0213437954943396
1.0364143601791407
1.0366829268292619
1.0569655732317964
1.081671396793757
1.0582103195441126
1.0757079671434226
1.0820193259089206
1.1155804698532235
1.1082369908581418
1.209905828213579
1.2064480901442103
1.168733290897486
1.1763777081769502
1.0560196183615846
1.069794279979937
1.051442440013
1.111877695021562
1.1502687122827226
1.397491698101054
1.2774218087129856
1.3165437302423986
1.2570287156073583
1.1068105694082415
1.1899749805883504
1.1200902705580955
1.0890697217032066
1.0220517307131303
1.0322595018491056
1.0853070127123297
1.1226177962615862
1.0577115586078305
1.0862975428408197
1.1034369885433983
1.0384157861591423
1.059056007226768
1.205280198066939
1.1150227693539418
1.0928910200979773
1.0858320642755686
1.1163017159700819
1.1169679808320352
1.09461716687322
1.0634365234113812
1.167902827045031
1.1111988048594932
1.141851580489838
1.1007178162489832
1.094870574084775
1.1543739668017832
1.0736827498711483
1.1108317290692498
1.0175892296868358
1.1097696077511243
1.1263167902643203
1.0991726061949376
1.0790338972918072
1.080041404368602
1.1028576499822444
1.1240888694319524
1.0206187792819115
1.0419180615025143
1.1176174397250962
1.0693524257320102
1.0427752685315008
1.0153385406127058
1.0633897613705896
1.0691971898233408
1.0438263229307887
1.0100731287639777
1.0995207428485465
1.1661437088170616
1.0648718687013958
1.0957936507936321
1.0822121495551262
1.0815364843638349
1.0850020521461095
1.1643031678156943
1.091147512790775
1.1091426380677705
1.1120792303766824
1.0770203746752183
1.1414827289666196
1.174504879311318
1.1263485824203328
1.1781764786857931
1.2098439793963425
1.1770191844699582
1.1680667190427274
1.1948489261012056
1.0682913006517811
1.2036500137333814
1.2051155013314894
1.2318922514133384
1.2539145154464642
1.248977073455868
1.2130511106609796
1.237629639976281
1.0977829310284155
1.1330201428663385
1.14127093657864
1.03459238275104
1.0834072456846282
1.1684390807344487
1.1315670358188286
1.0962148502607465
1.036717344251207
1.0769739483691347
1.0948280009622011
1.093569597681924
1.0931580735581294
1.1450535973837108
1.0901944169844262
1.0893112393456783
1.0125567576658034
1.0594249578913102
1.1294759377107824
1.0537033222493966
1.1045267489711563
1.1682452996558619
1.0991361818076482
1.1794591714399856
1.1392822335607378
1.0577566607913624
1.0909134731260552
1.1735669147907724
1.0703579076170322
1.0598979591836697
1.0861785047754866
1.0644561710855454
1.0670117917745228
1.0591680362971467
1.094459792901269
1.075110170223774
1.097931920859917
1.0679309780533397
1.0160664819944734
1.041369591840173
1.0431738235879664
1.0344510794671438
1.0041881100266221
1.0652911508482579
1.063348001466806
1.0520195724571557
1.051605046334171
1.1004716054234673
1.1102011045118065
1.1004328043502047
1.1551654319811515
1.0684543331671197
1.065498007968152
1.1518086998062553
1.1648205068723345
1.1387336280970755
1.1037975360111334
1.0654718361375328
1.017986063944885
1.1191900975489908
1.1008668242711035
1.066059648796825
1.07742876374244
1.0761727610924507
1.0137375323235795
1.0329611089718833
1.011696617464669
1.0304402685773628
1.0136345253914238
1.0330144474814458
1.0462464044079016
1.034634167237834
1.0754751131221747
1.0317721368132595
1.0844505494505912
1.0809628008752972
1.1151832460733224
1.0328943984362833
1.0766545155824587
1.0286635788248706
1.0813657571045034
1.0976987802808043
1.057176728068597
1.0758766242021662
1.0321214346921364
1.164625541780029
1.1102442418068728
1.0980721102280142
1.0578169270906317
1.1573821151670607
1.1051706225525433
1.2009059603873544
1.0309135271864394
1.0734052201955242
1.041650340882378
1.040832165978883
1.011996320867351
1.0292995393527353
1.1249262117667738
1.0854531750518137
1.0161017326622264
1.0651091535810133
1.0965139156000503
1.123919716646977
1.0514660174057207
1.0301303995609679
1.1309981892259051
1.082689644560721
1.2936017744412345
1.1451273515278764
1.0751838472455129
1.1531301186528542
1.0696355298093534
1.1072107520226477
1.1063626215914264
1.086914378029094
1.1494067672477364
1.0406116737740203
1.121952815680067
1.1453934455480639
1.1593979379087669
1.1419384829937356
1.1261698767061967
1.1435926008468702
1.0618605047749148
1.0408794459759343
1.0166435780724197
1.0669867030892042
1.073647825916159
1.0618773522249358
1.0281857155888035
1.0470821342642662
1.1005563717815703
1.1580870997632104
1.0198957602485932
1.09930613522536
1.119727821809947
1.0650704814100744
1.0039666710986945
1.0572201858323775
1.0364982692897262
1.0973651760324126
1.134858061778294
1.1524000812439104
1.1842485897497836
1.1990631012464192
1.2060479236051573
1.0903385190625707
1.115463786933526
1.1664963270520616
1.087672559941915
1.04173810227609
1.0503924342013924
1.1185392306388813
1.0903091251928845
1.2184126612643527
1.1347636815920403
1.0257120253164325
1.1385588986343758
1.1760326609029306
1.1799079377350123
1.0660528728606558
1.0316328540476711
1.138301243958488
1.044144903117154
1.1140061162080073
1.1266844119115345
1.0546362520631543
1.1282698322433937
1.096711614298461
1.0815551244746118
1.1090640453503842
1.1333038348082844
1.1618256034074623
1.0333206276602704
1.0865038178031954
1.145320843911392
1.1603131896369165
1.0996731497362358
1.1613955205512885
1.2241616452711193
1.2867130320795495
1.184332149268583
1.1493605726695157
1.2655331818537932
1.169985918326253
1.0772431532758413
1.086239786920073
1.1093426322330895
1.1227080908032596
1.1460618760014911
1.0980114056082664
1.127993061363563
1.1573264039266675
1.2522290947063708
1.1202356557376938
1.0817993658622407
1.0782319734155503
1.1792500682820115
1.1160096974050782
1.0995497492921988
1.1166838119972098
1.0712493144310125
1.073301085816757
1.0553719931682983
1.0757097791798176
1.0813187185525375
1.1657399956104997
1.1222245123573589
1.1324543456846008
1.0758199329628075
1.1189976571253861
1.1139221715618879
1.0659479077711063
1.1266882587524858
1.0499360077673279
1.0557318806252787
1.0876493060592871
1.043853469531567
1.0208682642453557
1.0551482629178968
1.0376855530001945
1.0268731686898342
1.0564233552739637
1.0485347619237677
1.1011509517485247
1.1375366032210634
1.2923929471032682
1.204871214570585
1.0827586206896782
1.3080241587575328
1.1932136996453888
1.1185356131333328
1.2240078392943923
1.106004872689025
1.108855935713684
1.2172672398024138
1.2326918524030146
1.211817205744197
1.1178787083223698
1.1018467430462893
1.049882697947213
1.0543562526089558
1.085971455009393
1.0572936298529707
1.0219827488623794
1.0956715329905236
1.020340711309583
1.024874486535846
1.0577414330218278
1.0641336103863683
1.0258778115952787
1.060827141034285
1.0314298575608565
1.0215050296621044
1.0518199424423762
1.0508061114066052
1.1367927328860938
1.0476453049054522
1.0472983585957834
1.1178950312668563
1.134586896837788
1.0761344506024755
1.0315286566130035
1.0548468427786717
1.0619422674012775
1.0465381426202227
1.0897970020013832
1.0235878826128237
1.0887596733506928
1.0531256405000875
1.0639150893629619
1.0193645928257735
1.0306105712059779
1.026348543745118
1.0172611548802963
1.054864349500631
1.0509039195823116
1.2227830200180525
1.2450150763544143
1.2467822667143225
1.144948074666164
1.1323865418215846
1.102517120542354
1.121590661138975
1.1938968915845367
1.1657848805497528
1.1966215006267693
1.2549194671619324
1.3101473318323416
1.2558576371725245
1.274940163976182
1.3055062166962308
1.4103293413174098
1.2162626628075563
1.0262244761777424
1.0598245843696594
1.0769230769231182
1.1367168528411387
1.0552720600882737
1.0907443238874117
1.0171049569467068
1.0497718513268055
1.0615371787121526
1.0651220123683964
1.1298603246508145
1.0743600250167316
1.0826459614802804
1.1086175088913601
1.0487107054903733
1.039433809550695
1.0304228384749785
1.0367265889960757
1.0456497175141417
1.110557230079609
1.1769363327278846
1.0590997861062255
1.1324200913241835
1.1778722980871954
1.1557726864330857
1.2113362740870612
1.2009462241322806
1.0620054539765331
1.1594619177557568
1.1239972608100324
1.1379062410123717
1.097147329970422
1.1360300862227215
1.0565863066538188
1.1708407618077434
1.0918890748004386
1.052869713028667
1.0597769135831236
1.1168058803875809
1.1912360378053433
1.1286027485161458
1.1579640075208428
1.110446970143103
1.0855091575091236
1.0935059200176291
1.107962885300939
1.059058260175581
1.06606532053402
1.0609037328094302
1.0309790653415183
1.0160402511395819
1.2442115768463364
1.1504190127012917
1.0877956548107703
1.0899816143336194
1.2986142942773395
1.2452252611965355
1.1446680889218963
1.093034171986502
1.141589273828026
1.1236226738491872
1.1510550940513713
1.1821183713446035
1.1402873008838015
1.035427466358703
1.119354223952514
1.039715058514726
1.1092625179971094
1.0691237664962772
1.1256137188397013
1.1252056254489147
1.1377157185702274
1.1817562624555509
1.1485873570821024
1.1246242336734036
1.0834901671985333
1.1575213647012381
1.0901483317171161
1.106669587120785
1.1337246826689857
1.0728581065886909
1.0127907651255876
1.1450712483111947
1.1275071633237823
1.122321785033048
1.113794452656278
1.0383729334176441
1.0968500478048588
1.0897386339984074
1.195401120677889
1.1728512254055725
1.19293263187301
1.0698211829436541
1.097877538555591
1.3899239827097571
1.26472355769238
1.23311192764277
1.2306740513788084
1.140491606027605
1.3291417615878471
1.2035251728503757
1.12048576547881
1.132722238136183
1.0819294568227034
1.152087332053743
1.0659916511235377
1.079160085478053
1.162739271646721
1.097688064781107
1.1951459645105957
1.1308745528555584
1.1111446616844176
1.0903741589492884
1.1341735591439888
1.1745973230489686
1.125576184378976
1.2071456335838173
1.125241980088486
1.1022861922353053
1.2504621682292039
1.1306816379611395
1.2743633611896625
1.2269356375016758
1.127347883597881
1.103064482439659
1.1455169572978343
1.1423650975889756
1.1083398679584266
1.0639553083387576
1.0659264894679124
1.1413546173355338
1.0444077349139864
1.1287627268702995
1.0572774351367749
1.0987393835799186
1.0356489387655345
1.0741253400792585
1.379015544041459
1.1976011994002742
1.0752720808220717
1.340913498836263
1.2102803738317724
1.128315483935553
1.1640346408558297
1.1062827016016477
1.11369429998975
1.1451866685738774
1.0272643477417078
1.0793204863702681
1.0953757225433505
1.1698666083533278
1.2106229990028075
1.1801231100220841
1.700776085081916
1.3243259329802104
1.3544543731384238
1.4343599953156159
1.238890162806661
1.0851587883869598
1.3713140264810153
1.097186235738024
1.1128565363387306
1.257372167344577
1.2210091373287169
1.0620685460572565
1.1368174164060454
1.010104031641583
1.0808523876186482
1.0585530241865047
1.083079488248305
1.2907712549339492
1.0917322034881953
1.12736436742555
1.1518329771494713
1.1365938166311327
1.229438893159133
1.1225213660777182
1.1076574503486805
1.1416642392465006
1.1567254440129942
1.0958690362847776
1.0893540599422835
1.1192340314477498
1.198020550015108
1.1991640029506163
1.2823431182984049
1.2064220183485972
1.1542589373441108
1.1652313939648506
1.1438425791460733
1.260130627150774
1.1906488483718225
1.247974989342047
1.0527923058022421
1.1842374267411875
1.0848524434416094
1.0920861604100598
1.038596696731868
1.0730701594809227
1.0277232114567973
1.1481344934374964
1.1575525040387595
1.1903865643550129
1.2015052284979895
1.2650932673664503
1.1206020515770458
1.0698378116678642
1.140045726854425
1.1218735454790323
1.217294479981035
1.1369276476756423
1.2589721761727646
1.1268813281036332
1.2422789317507383
1.0383498926202974
1.1455994834607863
1.1511886522018597
1.162681523897968
1.0621243078380718
1.1313619738391627
1.2323568575233024
1.2478340623677382
1.137108225986412
1.1526854151643369
1.2462098080343835
1.1762454202439059
1.1741162648140604
1.1073553337704163
1.0638730853391674
1.040554447128019
1.0650530750485305
1.0619219416202081
1.073865321862948
1.0230107574191183
1.057771000127084
1.0464953960967571
1.0502608648146659
1.0736865354352538
1.0807232805941178
1.0662510514076817
1.0485626283367655
1.0352518846475953
1.0415193283779738
1.1221162579473256
1.082465238968109
1.114219064332484
1.1528479031921552
1.0943012502140745
1.0199754071620266
1.0597830656688518
1.1446359289001122
1.081939850080393
1.013900928792567
1.0455119341069072
1.0041883304448183
1.1483083693831326
1.1179154603358625
1.1301059331269894
1.0660493948251275
1.053441263728732
1.0709545382292356
1.089745173109382
1.0760731936445673
1.0681031967657235
1.0842073510302765
1.0542769617469285
1.0942983142026266
1.1064529712090105
1.0534993434171442
1.0392853078411082
1.0478738911332373
1.119740976320023
1.0249132195545279
1.0680077803284007
1.0219054573160862
1.0621756038609977
1.0548284118116351
1.0458271014059408
1.0197148364419772
1.0376914180612378
1.0105716638240332
1.018536544077203
1.0045326473110436
1.029301179826273
1.0769669721597577
1.0256262221808299
1.0610351562499905
1.0296460872102056
1.0420706577411536
1.1039476641114663
1.0561487577477846
1.0715561122511603
1.074238227146818
1.0518159945004486
1.0123284189120583
1.0460039324543566
1.0412710216222059
1.012259966388428
1.039708994709003
1.052804127589838
1.0729067176058638
1.0217309193463193
1.0688486416558525
1.031267913909003
1.0807348192069486
1.0885625847381803
1.1828841344817767
1.1752999137139049
1.1429973574934065
1.1267175173710862
1.1086361672507212
1.0631856389799215
1.167221317472676
1.0581612620923015
1.0814868658512362
1.0614594279042726
1.026116870655958
1.044055177453985
1.0374010751944065
1.0575331034937037
1.0130451594521377
1.0059057255140504
1.0525601825933442
1.0533568983646329
1.0566385167312407
1.0767915628154099
1.0782670889956019
1.0527569151859497
1.032122905027929
1.0306371457579944
1.0198437088418508
1.0170766415938193
1.0374152050894505
1.0814823660536694
1.0867986049487042
1.0726474993144468
1.0200242574139395
1.0372250854722727
1.0511241970021128
1.0211540022181984
1.1575996280189251
1.0874580037565407
1.0730725474752623
1.1023788350377712
1.1200443762847572
1.0947407683699883
1.0594182610048142
1.1002624266749128
1.071316713928985
1.1749290602570452
1.2322992054253137
1.1205306584694548
1.1711638179373773
1.0560542292078332
1.0867032921640263
1.1059366922326959
1.1770064883122011
1.130463473332856
1.185267502778271
1.1185778040054712
1.1873708296427379
1.148686416992732
1.1207543087906606
1.1221275417602148
1.0198650791183284
1.2471765085511015
1.0489394954230817
1.12727590018034
1.0498422475961524
1.075466500146917
1.0678907810864713
1.0548435992834397
1.034097577332557
1.1141919682055668
1.104199881023191
1.0720235178833892
1.1345455972066927
1.0601477247420472
1.076727402913101
1.0772666095680734
1.0364697146494164
1.109105495387103
1.0763543003851082
1.107155101933176
1.1378018995929682
1.1152247408967468
1.073156242043663
1.0660462410934903
1.1461862452731304
1.1178762315667676
1.0689546001392642
1.163062268477633
1.0994868035190697
1.2658876933422996
1.25966421153764
1.2016704143912724
1.1528473503823418
1.3430198426676199
1.4684274104985768
1.2026270343816943
1.284403177329353
1.1763232070152618
1.040988907128213
1.3350304371886788
1.2650616628311566
1.0850463067540352
1.1895551257253134
1.121273257117292
1.1421093148576171
1.1309190146039
1.197268588770852
1.2183098591549606
1.0697437982919646
1.0176159283520638
1.1028567274841812
1.0232978443743366
1.0639583560845751
1.1274334910416646
1.0266099939279327
1.078483245149929
1.0516647096700482
1.0566991157019057
1.105593944234148
1.085193738773428
1.025080406744414
1.1320853196005314
1.1030179177462678
1.1208578602890031
1.1656013718918234
1.1137909467594398
1.0972317918372323
1.084669741463258
1.241172711295714
1.1795436968290882
1.352728616597503
1.219793103448317
1.159140897916917
1.126837018403296
1.1136067604918263
1.1053247353957656
1.1336456179833825
1.0682499423564729
1.057821311962
1.0885468154215843
1.2428150902470936
1.1430148458317915
1.2792300288739815
1.1871206122987847
1.133899302345143
1.071720627503346
1.0878041971057764
1.0887208435402511
1.039119951778255
1.177910242448505
1.1407992908325206
1.225942804306271
1.1622876949740295
1.138034390282417
1.394381513366564
1.755811088295627
1.5653841395521835
1.2380528106268174
1.1666456891126797
1.1592761342489175
1.3374057525830518
1.3615984405457746
1.3206119847003848
1.3369280093266318
1.5535813879372589
1.3458163060227193
1.2454887852043695
1.124757176775238
1.1163718515669776
1.1593524392912207
1.064364925117217
1.1777618462379005
1.083342302586732
1.0497886167499448
1.1785586800460044
1.0842902516491881
1.2881120594600683
1.1122883316369336
1.322256690677737
1.1436610573021495
1.1699321573948658
1.2233274288050313
1.3766328541196526
1.6128179201991666
1.6421702759752572
1.1346947194719084
1.1203361544880015
1.257319952774548
1.3200365234263012
1.2882690361039497
1.1740107678636604
1.1335317997293821
1.1098167698094354
1.1402974468301157
1.1633951200119603
1.2835568033303
1.2993081270707232
1.1837437437437346
1.2274626865671463
1.1280892001224063
1.0606802055297082
1.1719544532834238
1.1812163714406194
1.047962559990463
1.1992083049336804
1.1717191962720264
1.1277345775013252
1.1438384833189923
1.1084613677279134
1.0575311815671795
1.05404800787453
1.0711803348167095
1.0251833894125246
1.0594017353315976
1.0869627654118406
1.085616207848161
1.0518526736188039
1.0563871648208976
1.0227869911695004
1.0578467783727905
1.0607897617243331
1.0689145587547144
1.0366283827638019
1.0453813358597595
1.0106485298158776
1.1233422235212398
1.080035321506006
1.037986388518996
1.038535645472111
1.0759679132632418
1.15750261268247
1.2049971820401615
1.065900265292783
1.113096037609109
1.335088315217285
1.2073820395737431
1.150656971552507
1.024265360641131
1.095191735626639
1.1652479543083847
1.346905016008459
1.3340042695943695
1.4903813472911318
1.3913683506188865
1.412600124978575
1.3368383802638553
1.1734670823731788
1.1751483390358617
1.1073839486624089
1.2656900479145268
1.2137219908784445
1.1122679635591615
1.0321594383422292
1.0991770015549596
1.0338358924477131
1.0907990314770062
1.0418383635891553
1.1211151022958168
1.0284926470588485
1.0617089667180037
1.1203515889114442
1.08749003530351
1.0666031873308348
1.0738383989619524
1.069111519333292
1.1134350287368748
1.1020998365396715
1.1941288071971974
1.1173104434906922
1.0949931796328072
1.2268849817544336
1.0880901365048055
1.0815515610217772
1.0817730998886645
1.2934009437284695
1.1032536131737247
1.082446990229345
1.0330414273547428
1.0245767809572977
1.0566696281254098
1.0539738898872124
1.099675624583767
1.0711616284469614
1.068566688938562
1.0293014029301377
1.1018483495978124
1.0568534037423603
1.0803796301984137
1.0887747177250617
1.035689812699853
1.0137117521484547
1.0388534526109965
1.0825455383906155
1.093062361871822
1.1301783171740352
1.0897689334036182
1.065075460093673
1.111208576998021
1.1261855193153143
1.1430546160406985
1.2281366025805731
1.128814237152564
1.124660280686124
1.1697496263078857
1.1227028290858339
1.0808642698208122
1.0811236086019662
1.0538507462686937
1.3457669000411991
1.3039069304466713
1.2044269324371204
1.453500660502004
1.2967741935484887
1.336466566972858
1.2640580879387004
1.2029366121524059
1.1018457979178704
1.328404471544684
1.276362573669131
1.2964071856287656
1.3401976935749198
1.1606573993629465
1.3546230969179522
1.4039531896675097
1.479092601997575
1.2410789827303679
1.1577890288296122
1.1134254946529252
1.207780757503417
1.0936231884057723
1.0373112659698251
1.039151115989747
1.043094869526761
1.0511546086616637
1.1040478205093078
1.0620341955282535
1.044538959642538
1.039507320474094
1.101710621884935
1.0936903398243734
1.0601131693883463
1.1248812915479436
1.0189234428684655
1.0300585101737658
1.0037598023418195
1.109016766425144
1.0818148010412603
1.018800706038592
1.0433977895683162
1.0278758432660868
1.0701872281644782
1.0775136601124446
1.108943356012783
1.0283605693199653
1.0128143555710927
1.0984554553317363
1.0877164210575503
1.0704791497127142
1.1369376181474615
1.3296578648869697
1.118427599933651
1.1333862643906307
1.0972312401446833
1.0897600212135776
1.03309293408799
1.0221307256819199
1.0723367344609442
1.036206765680779
1.0611415016701238
1.0622320881812537
1.041088739746469
1.1119576780425888
1.1164639850327491
1.0792009328587613
1.0562811903148281
1.064271207623775
1.169223312043796
1.0503295225285914
1.1384799551729723
1.0300236112837
1.1091496175528635
1.0472669101445478
1.0108199164209921
1.0703569098872499
1.0718392748427732
1.1223271834395918
1.0168466241706595
1.076396457765696
1.023397627096178
1.1129599174486204
1.2620108176901021
1.0538974664119167
1.0708767115114914
1.0792226148410238
1.0405007812024643
1.0658189827793285
1.0283011642156838
1.1314116308988869
1.0614457184766293
1.0361015322265357
1.0444428424675922
1.058972510306315
1.035395290470224
1.0315641263277764
1.0625021540582533
1.0272019650473727
1.0381907867235427
1.047795740229173
1.016871728185135
1.0430766529107176
1.0312512004917265
1.0630853181918538
1.0543652122158813
1.1264932837953627
1.1023623558310467
1.041961566733166
1.0579356835477864
1.051961728920677
1.0754534338700066
1.1373321215792995
1.0502598288803513
1.098829349670665
1.042071910731518
1.02546278010373
1.079657081621745
1.0940041420417252
1.0844792201128566
1.1807048681541545
1.1477453097759625
1.055922960900331
1.0630432506021334
1.052113851108818
1.0220588235294341
1.0248318580827178
1.046868956787746
1.0426995798319274
1.0416860535249743
1.099604607185856
1.07851667702506
1.0728191076029403
1.0678504630777175
1.11488402530358
1.0171333162085752
1.0868320610686852
1.1843446388672532
1.0775540428925239
1.1174944619330456
1.0693162096494377
1.0659143683546275
1.0638138138138222
1.1012556053812272
1.2096107165333654
1.0932246094644547
1.2143522471473984
1.2242681775259254
1.1794071035704072
1.1152414511886777
1.1357579944729528
1.0443531169939704
1.132307213930298
1.303447248162094
1.1092744855792367
1.1424168214828558
1.137048518491857
1.1132740335271745
1.1991685563114483
1.1635360857232477
1.1709935335902866
1.091508967762602
1.0245802319543214
1.15768444234705
1.110244213701488
1.0624866879659596
1.0279960844636948
1.1041927053744205
1.062428037855603
1.0910598522539092
1.1047150610583474
1.4609589690136198
1.299046394514132
1.0948884006013437
1.1742866303302932
1.1814469822635583
1.1188324025563432
1.3238904627006531
1.076189388314564
1.0896045465308417
1.0543507482749284
1.0409976617303354
1.158824203967748
1.1456750891334593
1.0978871808762545
1.154230270851106
1.0745031425174445
1.1249862228590333
1.06241295902662
1.057938640885112
1.0190048739436586
1.0348894348894513
1.0831246354934934
1.0604556299546217
1.0583262890955198
1.0236662292411238
1.0409152722758013
1.066015730946602
1.0462543733278018
1.0144777196463792
1.1422166874222053
1.1463042495478986
1.019045975027322
1.1030260150212094
1.110820668692958
1.2645210181428708
1.317586795674438
1.2812028741240675
1.2085976039464013
1.257670600307833
1.1912258606213173
1.2334065463115862
1.2903763366198804
1.2921942758023521
1.1084379116687637
1.2545082588271363
1.3108820428722057
1.2440806781642382
1.3101716877226575
1.234730599624898
1.37941650784335
1.190346579568097
1.1744106935606373
1.1282592367395061
1.100951805408682
1.12178342457333
1.0872045372586132
1.0811726620881552
1.1274951134277098
1.0446338421334158
1.0935847125063631
1.058966713320741
1.1370428438869464
1.0215552976289375
1.072374489392545
1.0968563400070448
1.0407063197026243
1.0156762449224972
1.0179021230658292
1.0891967279907648
1.095412729985104
1.0624778818002956
1.0705297552836481
1.0257989088074706
1.0936724782502127
1.1036381785013498
1.1759138490351584
1.0526571929141895
1.0393114393847063
1.0373366333645095
1.1436671874096023
1.1697334045003906
1.1373667530970712
1.0163519684067672
1.0106494109453983
0.999271933017795
1.0643702906350736
1.0478433387571258
1.016008183803829
1.0292674003841484
1.0433720816645817
1.0656616415410396
1.095666854248743
1.0593267247018434
1.1387491013659743
1.126755218216321
1.201170022135549
1.1425734070535325
1.2011003160482303
1.090652385589146
1.2418729918729934
1.072125932426504
1.1211302085989931
1.035580524344583
1.0778066378065883
1.234047647551829
1.1875250587089539
1.09937769875538
1.1402692644484014
1.2778675282713154
1.2986425339366339
1.130478559583014
1.2407440004693864
1.179139449020155
1.1888785912882678
1.0741898443480415
1.0366873746514924
1.1118038047215066
1.0938874040865816
1.0930124611703957
1.167211167211176
1.1030684500393755
1.0979694597996452
1.0716631052274703
1.0334526570535223
1.0146162302618489
1.1196633067708242
1.0632555723460277
1.0469734890619131
1.088779901911734
1.0466850466063033
1.086153671868369
1.063706455062209
1.096585096087393
1.111496000901242
1.04693889141296
1.1459770114942462
1.193718438231315
1.167500490484594
1.1113642384105682
1.2013049219377054
1.1455571381614804
1.1440790935347482
1.200701754385969
1.155782805915659
1.1752316764953488
1.0742396463821928
1.0539150064309755
1.066462640027718
1.0509336552538788
1.0711265181688505
1.0751058823529396
1.0264738241496278
1.046109966724765
1.062841530054631
1.054350150906658
1.100410157563269
1.1107664643740394
1.0694993412384448
1.0285035101750726
1.0344982078853273
1.0866800931958929
1.0814308726323256
1.0898769219258377
1.0502561929344711
1.059936433904421
1.0290323793765055
1.0458651592937829
1.0506044814093547
1.1053990214273688
1.1070793737608617
1.1498610102870266
1.082488994479773
1.1301616124932006
1.155956865351925
1.111871102251343
1.0556833784836814
1.0778152182430782
1.0602325136554067
1.0586115060373629
1.0732134757329674
1.1194459711993052
1.0303361704150973
1.1334319761143137
1.0438555020996236
1.0725162586580677
1.0835484870391052
1.0873452002208805
1.048165971553847
1.0598688717095475
1.044187564090616
1.0040192926044773
1.0422479362676185
1.0569895317637288
1.0506651463322045
1.0433470038733286
1.070049305596497
1.0978044730530465
1.0605937739334232
1.0418531451335513
1.1304161628375538
1.0790835743644625
1.1369394731550329
1.0769793380873858
1.0702910295257524
1.2281610728027978
1.3007525414778474
1.2381990569385308
1.302873317667218
1.2011632943505401
1.3603531300159888
1.2058296927594583
1.169807234134711
1.2973551008768727
1.2415425309759196
1.2886297376093383
1.2408972871429373
1.0651788707437777
1.1288229842446624
1.1130507451599743
1.1994742845806543
1.0743214638506098
1.0889974696797682
1.1752974878801725
1.1994061043452124
1.2411048856215101
1.176601564985051
1.1023447049671933
1.0372800166614362
1.063494345409259
1.0700955421488543
1.0860315761305948
1.0256823509711837
1.0311594655995149
1.0547808366963822
1.055538871579255
1.0335617475580987
1.0355068493150505
1.0594160992444939
1.0681380536216805
1.1107099514563292
1.0963757610901792
1.0567526248990409
1.0470738454990418
1.0645713307854652
1.0317961938819367
1.0169237935269013
1.032018337908066
1.0301920486704899
1.0557044932817496
1.0475362615261223
1.1113080672819475
1.061402405800738
1.1001114827201564
1.050361524702065
1.0882537524188165
1.1142468843073619
1.1748282814475626
1.1568235158323488
1.1179531038414916
1.1037299011922634
1.0941508572377419
1.0898306619577394
1.06023843285542
1.0498672734167782
1.1523570137143209
1.0617972917521727
1.032737662840772
1.1437579544140102
1.24082369942201
1.3331017446348798
1.2780201342282582
1.1498384172775062
1.1331856388870003
1.4682745825603372
1.1186074250782663
1.2461867216859739
1.218971631205766
1.0112304687500124
1.2030980004937333
1.0542346987491806
1.0653515427415141
1.1686249757234255
1.1732957356287275
1.0568471499949215
1.0438343783539865
1.1811770146836877
1.164396342601239
1.2008306709264807
1.1334860013296422
1.1828296496768145
1.1939152267020625
1.1796483299203164
1.2579063321724793
1.1123758509094794
1.1051603451083223
1.1510715914272533
1.2690729008655783
1.2623130689206639
1.2967376911039392
1.2909358469554233
1.209004407463849
1.2749204299091614
1.2653353033697292
1.1429639918794325
1.0711111111111578
1.0416553226245162
1.5268147728881443
1.4165462702456215
1.1965474577269901
1.1386659979940155
1.1836433611289647
1.2286209424782182
1.153305025667076
1.1208682170542135
1.3047901921131855
1.0917644107132392
1.287897735167483
1.1326778344258628
1.248203609237034
1.1471710821733276
1.195682590445742
1.2099099542391103
1.206146090834157
1.1743333782993874
1.0849865100777627
1.0195907857192865
1.0344666396584319
1.0895107808756577
1.0988513998564773
1.0600563232693856
1.1836128413991498
1.125428418702654
1.0710041139722877
1.0683889512058184
1.0395600432744372
1.036316320981888
1.119438740588597
1.0325011948968243
1.0302278820375554
1.1091563753514027
1.2498970656858477
1.1405130914641441
1.0899552491533453
1.0744938740745398
1.0841267301384019
1.0449118817509873
1.2427168576104843
1.1860142768036002
1.1911147675852138
1.1074837571187215
1.0818734043490803
1.1746125027546546
1.050862688713059
1.21810654755425
1.1944499114347715
1.2437494773811173
1.221434078642981
1.509872922776179
1.2656801436442822
1.2448571999200906
1.3457257105804086
1.1908680522900086
1.122244051517166
1.1034842297332912
1.1007003439558571
1.0668466239267993
1.0914741409640343
1.1422068068502398
1.1194144838212572
1.1337562159833692
1.123085007478066
1.0853376988624077
1.0807078696876231
1.1133112838795614
1.1393696483877078
1.1423091267515013
1.0870658252527259
1.2920783971174208
1.044782450612092
1.0947164948453665
1.1086084541807528
1.0380265435660656
1.1139594035209777
1.0868280594738768
1.1698749940586881
1.0488535819617335
1.0843359142346503
1.1165788588722847
1.0966983442735385
1.092345948155477
1.0898124259117
1.072766806660129
1.0435673865342479
1.068645640074227
1.084179185275421
1.1144553246969486
1.109975758691616
1.0921322314049733
1.1085881771311852
1.0842930654251888
1.2170188463734597
1.3324284819376926
1.0702036441585863
1.1855386467199553
1.1291744917123097
1.114203202940386
1.369380218368696
1.1070166932188712
1.3583567311955456
1.1494887193637795
1.432183908045847
1.1900057273769542
1.2468906195512608
1.1766266954983928
1.3947870839212984
1.3559406292166025
1.385971328262245
1.4840950402493212
1.3890776393607789
1.5417256011314509
1.6791913558732292
1.4005636377484183
1.2696375173218204
1.2021328843051067
1.0836566725455523
1.2900268227261893
1.1272636025260085
1.0192146666078996
1.1061657284984994
1.221876804192369
1.0788907576172155
1.0422347855005099
1.0479217603912163
1.0213574863021802
1.0466145297386436
1.0776112967554263
1.0764651506748122
1.0316272611563626
1.0497233201580876
1.1912820015515981
1.1416966716430759
1.1293698701524324
1.2508510477342862
1.2187273074717964
1.1525462962962714
1.1709876043101375
1.1368546940402684
1.2235871205769089
1.1015322927108435
1.2054029716344052
1.082740815981051
1.1030575876945825
1.074714592517272
1.2280740172999232
1.0992063492063324
1.14518917481217
1.0370860112549374
1.0462597521798978
1.0923318174690009
1.052745158487712
1.0317106925808046
1.0514407684097835
1.0873575538756697
1.0837046385247313
1.1488288288288429
1.0809322673103328
1.1336727306695082
1.1071571072319186
1.0460302749459411
1.00836487686339
1.0616441804269037
1.0149834598170981
1.0063812682142594
1.0320297951583013
1.1109611791571508
1.0825551084452927
1.1026951151038986
1.1379747930666273
1.1094239925676526
1.1269452492607277
1.0655543398978986
1.0427347715735957
1.0585951716608024
1.0391169525760378
1.0500618936580841
1.0623425157837705
1.0647486049185075
1.0585982484801633
1.019386800798718
1.0129848974937914
1.0213556386179248
1.027387701700811
1.0079756040347356
1.0805573062032763
1.037152622975164
1.0287193325439727
1.0738763458498797
1.1027643613195033
1.1208256292215477
1.1895250261294255
1.083093525179853
1.2271354355442992
1.1428255191039083
1.0837503742675134
1.1597886159183586
1.0893997445721297
1.0236600469784993
1.0762148130120999
1.0704316656498107
1.1636277832596955
1.2534519073250427
1.1697048329549664
1.4131740523223886
1.1950549450548444
1.1848842557105783
1.306213017751494
1.157674228489711
1.0423290744171898
1.2281272228433322
1.2790831605620434
1.4003801431126839
1.2872488561766195
1.2504620173134813
1.2121668836062363
1.2782175515217364
1.442409923213251
1.261219022103126
1.3036707452725464
1.225350670625655
1.526346490375391
1.337729581867948
1.362842639593784
1.2040839607575775
1.2313725490196692
1.2280810844423127
1.5705643058308638
1.3413566739605043
1.1588541666667176
1.0946990397376677
1.0792678426451918
1.063273195876281
1.2251655629139135
1.0691341705221968
1.0621473014035279
1.1191853458665242
1.0851364063970284
1.129464536024709
1.0560707585098272
1.1072842204761744
1.2327082692899547
1.1502353614007275
1.1674528301886256
1.1496549510511973
1.1801991653237973
1.1031229668184548
1.1717912410235434
1.2442978840341448
1.072185903422548
1.1122338113863453
1.077024625539484
1.1255049968106015
1.1120345385860897
1.1730726005844692
1.066168985408917
1.1441231929604507
1.148082973390832
1.097335913082268
1.184458199084312
1.081234408948244
1.1000347342827723
1.1023048445523629
1.0445128779395276
1.1121763736960035
1.3064005505849932
1.131007330980183
1.2549921691464483
1.1240444399143623
1.1591340481198606
1.2502424830261163
1.195346368220803
1.1829612063179757
1.1536715837250326
1.137931034482792
1.1551238128279089
1.1861966849011119
1.1254807262320028
1.167907492475891
1.2203067987192533
1.1469338190649623
1.1479431324917875
1.1511174175238994
1.1393873262205068
1.1381986295714959
1.2332695984703252
1.1669871911172276
1.1250817313979564
1.0940357120942181
1.0798744429808704
1.0862401819479948
1.0187631422871553
1.0679755355098048
1.0364927344781958
1.076821989815475
1.0713362765155792
1.0980566062345107
1.0302359468699183
1.0957428717192959
1.145753946652145
1.1538214045453445
1.2250428153140351
1.14294060370013
1.1515317436416577
1.053707099816608
1.0194285987063474
1.017023904031045
1.062717992343702
1.038257453013588
1.0272666136822248
1.0023728340411846
1.0463617078244205
1.024906044971022
1.0513944223107714
1.029432607360527
1.0730236139630467
1.0666230865609942
1.0618339916455937
1.0283730158730235
1.0920581419844158
1.168555547534824
1.1654715585709885
1.1856171039844585
1.1261105380494547
1.2527776893444977
1.0783845772377627
1.1144011195216375
1.0402356197894773
1.1394336926873707
1.0953748301839767
1.0817287801151942
1.1341638257877884
1.0516398641841542
1.1060721290477133
1.074366567949998
1.1098342642615198
1.07627475769072
1.0604661637202857
1.406588611737314
1.1428849523069133
1.3373810969439546
1.3803692539562595
1.2348783694937997
1.136104200204821
1.2467513069455212
1.1798709677419208
1.278941129988182
1.1891769280622184
1.2740937859608894
1.1698356429261054
1.1278475769708016
1.1786043985880996
1.2657591504744186
1.1087240236923825
1.1495247196097458
1.3021186106954596
1.1612129822847606
1.1734689096105855
1.160961431998507
1.1361756737487174
1.0792296030097535
1.1581498324557262
1.277972465581947
1.1652060634770314
1.238166524094551
1.1472783825815827
1.140475393371242
1.341909814323578
1.1772673095677078
1.1555543889122473
1.2025445565815558
1.1112649534780326
1.4797646289638091
1.349992870383572
1.2002986492906995
1.283411889919394
1.1967175746523395
1.0792420327304593
1.0169652551574104
1.094112002193425
1.1198573540923755
1.187000576653642
1.0494071146244939
1.1278394083465166
1.2886110172355374
1.0572640509014557
1.1931280764404237
1.1116316156683508
1.0940995645120284
1.2526229300973786
1.1255033099023324
1.064367433077909
1.0505552456771285
1.0527498163908826
1.1147281921618644
1.0299424184261121
1.0754683820169468
1.105128625266256
1.0635141700404829
1.0790049628556242
1.0719848517240356
1.0683653926222312
1.0942395885798977
1.0891057345274802
1.0939826647405366
1.0894771931774443
1.2023381750088484
1.0472314742931357
1.06843778495207
1.0926642867917256
1.079783156280842
1.0315953038673895
1.1357729557434932
1.1015431031773517
1.1023796536206139
1.2284736675014694
1.09671125975471
1.1331264358551099
1.145226130653248
1.052652697280434
1.0468720908582636
1.0846248139392056
1.0601939987308546
1.155754218081103
1.1438076941099171
1.1622957572429105
1.162221712187264
1.1415606242496887
1.0913144629701648
1.233724065819156
1.2680910133382417
1.13352803738319
1.053987455197204
1.101450109333678
1.1890872383381363
1.0420184282888059
1.0609053906483126
1.0576010472917434
1.1169815633094664
1.1332489095258147
1.0445290137912786
1.0345099068363859
1.0780249521420209
1.0834975526031507
1.1208551332247783
1.189861043223263
1.136512636142573
1.0288471270960717
1.077523464515078
1.0618303290054512
1.0815407864698792
1.050883269830236
1.0345613648062304
1.0609622545082744
1.0432514304947387
1.0416844258801763
1.021929073154015
1.35088786856221
1.1628748707342242
1.0996965987119165
1.115281793878552
1.1942169907881477
1.1046132222278073
1.1056551994511126
1.1058783751147128
1.1227202035911252
1.0427400224728258
1.0729448869839995
1.2297954426716733
1.1630443730962394
1.1726779444621946
1.1387424974381393
1.0968834195004262
1.1290391081224576
1.3127505534613497
1.1733090741061574
1.1653398139612883
1.1142865070336492
1.2524499176134
1.218656901688171
1.1923918640576545
1.1951451689671808
1.1502535715469595
1.0119000821927677
1.0866072115014762
1.0437288135593106
1.0702557898375074
1.0238793637678036
1.0640742377374888
1.1539209189308293
1.200252712300117
1.2517084804843603
1.1991911538856017
1.2474389712293077
1.1648170280575683
1.1211722282639314
1.2245670301475617
1.117059135307029
1.2128832818113806
1.1364159430901395
1.0633414656184985
1.1424242424242381
1.2797707283327555
1.2490502694584464
1.2829726818760783
1.2738878523029527
1.104389420371408
1.1960297766750068
1.689212072915703
1.3898436157414564
1.3733949666153606
1.2336630315326897
1.3574210657164079
1.2767027274111462
1.2474329720479138
1.5051890941073036
1.4743867732756224
1.3711201941499833
1.3890342679127783
1.2445718467919409
1.1780850044486781
1.1349627384110044
1.0831563845050223
1.1310855077374742
1.0411254078680567
1.3715336728918919
1.1409569772232924
1.1337501831859718
1.1520879120879692
1.081700653072135
1.1287875217944299
1.037718336005431
1.1138495786293514
1.0107424114993464
1.0316575444286793
1.0044840176798233
1.0122066012813824
1.0880950238459515
1.0687011859994313
1.0420327505181326
1.0443579976767636
1.0262782753704958
1.1594828787161304
1.0539782684893078
1.1137612026597268
1.0977139389035016
1.1096361265853043
1.076183978623002
1.0289958577346252
1.0847986804512488
1.034427921769936
1.031601066839091
1.0229058286442398
1.0261642698374347
1.0174800095635457
1.0107282738264174
1.050495137835673
1.050508142524766
1.0673014897864812
1.0741476838404012
1.030002411215607
1.015412098497342
1.0504293407073209
1.0715332857196562
1.0915470237135185
1.0241685925809823
1.01095879801736
1.0112843660238156
1.0100618520777072
1.0630595256792923
1.09181073346667
1.0523235533506237
1.0588736436193924
1.0326142426351326
1.0632759843915798
1.1696579163602971
1.1554537885095373
1.2418445254208137
1.2471341572631665
1.2583708393095625
1.1191566494944039
1.1316391089371824
1.1551673803036355
1.0657461868208147
1.1432253979739115
1.0433988704403354
1.1933671313898906
1.0536129585050669
1.0557949349279359
1.030673709572777
1.1937248592115823
1.1456712194591203
1.1087138918855126
1.1617571721311166
1.0734092337780978
1.087476635514036
1.1176648823351552
1.0160609014529225
1.0591387179995928
1.0890461812601773
1.1295842322024032
1.045594236485483
1.0871479830379709
1.118883397599525
1.084286367795105
1.0687664342059826
1.0546405081791843
1.1140190813826065
1.0994948721873625
1.1387460030584813
1.0210677519751319
1.058942755409487
1.2025950882664185
1.1024250640156568
1.1238542569200003
1.0929613769592283
1.0403042453804834
1.0812184741487878
1.160064635272327
1.1667880553532932
1.1065137238837217
1.2312415220959618
1.2522935779815954
1.2284373533551973
1.1626921038684508
1.332604835404969
1.2121781619995762
1.063292936943731
1.0318218696475285
1.1093108472031885
1.0601178309486279
1.0115274949083626
1.0600977013670876
1.0813752922687228
1.0975684122265232
1.0547277056609634
1.1000974366661307
1.1200186436727868
1.080946683616256
1.0611708388919465
1.1431518329107366
1.0194670932002294
1.0565294247624781
1.0989911276473863
1.0863382594416748
1.141545574636731
1.0844086886564641
1.1039585645579242
1.1058390393283641
1.0977996807107344
1.0905011219147385
1.0501572453834445
1.0988842013957716
1.0483121709507308
1.0528247075911938
1.1642719035523517
1.1643095149944012
1.0351302015423478
1.0991184448462752
1.0581092801387673
1.045890459615023
1.1551330570072906
1.1296242963738639
1.1244016621955728
1.1412619285002026
1.0717509642476009
1.1058462213447622
1.0275420781749822
1.111716059919354
1.0640464104423912
1.0472495883452895
1.0128172837432965
1.0452250567650614
1.0340108673777395
1.0207560437428733
1.0193059569197944
1.0013684236248832
1.0119924411279932
1.0522983170273064
1.0129700197420057
1.0238312374003915
1.0237746618687196
1.0811384985538581
1.0242196739857106
1.0484504933286845
1.0281321184510073
1.0720154381450697
1.0470685873495775
1.0446748629832874
1.0485456254807484
1.0374492786293814
1.0483066421632552
1.0393334625072652
1.0417580259842205
1.0411690967869944
1.0413695171978308
1.0438146675971653
1.0828280580742289
1.055422944950017
1.025254272469377
1.0324690443433024
1.04435941043085
1.0493683810134118
1.0517606429995943
1.0088343714249446
1.0082232467417567
1.0303371545686222
1.0200826538590604
1.0273104556204986
1.0291746725855158
1.0727256463011046
1.049765646539834
1.0727832567272189
1.0635810620656845
1.0433642553379119
1.0300818207882276
1.0241581586960398
1.040849748581458
1.055142814115759
1.0514648414371388
1.0027639838845703
1.053053508184183
1.0436474164133809
1.0230236598077085
1.0221958944848875
1.0355796239593247
1.0450735121301316
1.0335389559898402
1.0614576661969632
1.0802863310987418
1.0461507591465242
1.065510892911949
1.0587782176099463
1.022146618415053
1.0838628541170219
1.0867825889305425
1.0845613454124012
1.045821902572834
1.0756471540892723
1.0513343116473428
1.0551227940968002
1.0924763935425115
1.0664622656574492
1.0552095130237633
1.0732010407362755
1.016553544494706
1.1753119107794918
1.055015259409966
1.0857734860627948
1.1632074401724164
1.0789266265405382
1.122741782720035
1.1406986783555693
1.1219332679096763
1.133654465890969
1.0528837428768425
1.172667272655383
1.1007441091359755
1.0361114925168533
1.12531651192745
1.098552792498999
1.068076253144956
1.0742002121600938
1.1519419547588547
1.084135862983699
1.0920049968770402
1.095937260451692
1.0389942887153663
1.2616046494074307
1.1545417180435606
1.2139908512773316
1.2249538319484152
1.1434209159829565
1.1660765469567376
1.4276221498370552
1.2353762390059249
1.3660115606935708
1.1204118173679716
1.2550342646282406
1.3856675239654173
1.5250542411405459
1.5981258840170711
1.7458958724201827
1.3172115384615712
1.6324731867897935
1.4671673406507844
1.8087106017191688
1.697249749470925
1.3591108328115635
1.2617982656320197
1.451463206743026
1.505720152537274
1.0702222222222186
1.1322731095649534
1.0190624625344524
1.0451965741409783
1.0518318723309181
1.0162513542795226
1.0159489633173713
1.0605146189291466
1.0679591583647323
1.0799494046321447
1.0493046776232233
1.0436878577885387
1.0718678145553726
1.0241199877563414
1.014373847230162
1.1424009290172188
1.1154095526258578
1.1515553869500152
1.1181524102455593
1.175486479656335
1.14809281944029
1.0738961104647737
1.22706141424026
1.1295541145798156
1.3074903362263481
1.1643361683725524
1.2146100691017685
1.256877049728918
1.1390652048470218
1.1268369351670227
1.0566037735848364
1.0134429198299872
1.080649600880874
1.087977124617633
1.1385357548240773
1.173928299900582
1.1711986202931375
1.0932741116751197
1.1260202415931855
1.2193412754029098
1.1523233814775824
1.1118799010357403
1.056113316211356
1.1449180803248418
1.027642337408998
1.0409678412062924
1.0799652953510424
1.058543701636421
1.058600222952008
1.0284186918184692
1.0630573614866776
1.0780522735410125
1.080806455937145
1.0647031348737455
1.0798101560680065
1.0421778690930232
1.1079772982628087
1.0504577881755122
1.0818249089253045
1.039358088321424
1.0927969587789688
1.0340366845952698
1.120635340833882
1.0657847510639573
1.0482552923203707
1.02754675255995
1.0557907071286874
1.0598339399995194
1.088375174502526
1.0681014008046348
1.0574947151074163
1.076526331375576
1.0627699634510723
1.2020600768607606
1.0852433939453654
1.1343048632146304
1.0693374774321878
1.0822300609281363
1.0501184251687194
1.0107360664069065
1.118809404702369
1.0953055877679092
1.1200464119957323
1.0602635228848767
1.061170212765968
1.0404723084205405
1.0601863037233854
1.0623843583441228
1.075242151943074
1.0532711988303936
1.055887683609703
1.053343905506631
1.0494680116070232
1.0528527326778252
1.0418393704571054
1.0455107975991902
1.050165185874212
1.1209556646814955
1.1022316684378028
1.1025249559600916
1.142280730355403
1.2141134934987023
1.085864959884558
1.12861935483867
1.266376508181368
1.1134144795233174
1.2564634146342337
1.2066007178499336
1.4093584755062798
1.394479156952277
1.2478995563106903
1.1851851851851736
1.2993738196999125
1.159482758620719
1.199826086956602
1.3030044383747863
1.2329924410849062
1.1771892277510325
1.2834112847049624
1.2848088923557344
1.3306722689075716
1.3197610835366094
1.300462962962914
1.30594348814557
1.1432540247898417
1.0249999999999277
1.1061382223420626
1.1178965974369939
1.1994371118012757
1.1290999737601164
1.3050484787696575
1.126258389261747
1.2097774780850699
1.1929025729980012
1.1177179590196733
1.0792157997540153
1.1018926995873606
1.079920505358789
1.1756030223772533
1.0514333354710959
1.0905636024666379
1.4877243655870167
1.3671035386631352
1.1686843730698695
1.1228427612655767
1.116577221228319
1.130141502256884
1.0884650045058468
1.0741503087504678
1.070398153491036
1.022788995158809
1.0329024676850764
1.1638775634394334
1.16941480763013
1.13018433179725
1.1232008451076334
1.06115949564545
1.0886141164348677
1.2003494167823507
1.108658907615774
1.1538193991565642
1.0797712593080397
1.07860208461063
1.0959051261117827
1.0885041734752146
1.078877887788747
1.0557293477002003
1.2096636085626917
1.0634976942178171
1.200210273355403
1.1862937520444958
1.132339923281155
1.1419562985775686
1.264843228819177
1.2092206701778214
1.1044285056260412
1.164426129838506
1.200113058225008
1.179224636548441
1.0845927379784548
1.1296647230321144
1.1541803216218591
1.187523948195241
1.1913719224344845
1.2296799061504773
1.3683839096681876
1.294122600202142
1.1139306834344143
1.1203347280333515
1.1827437446074465
1.092788971367884
1.0970843672456607
1.3788264550890754
1.2576602506445833
1.2887070001717476
1.2103678929766202
1.2985272884781616
1.270172476179021
1.2806669074274095
1.07341269841275
1.0962686948087947
1.081662378016238
1.1079859128116933
1.038234734639583
1.0810926712122861
1.0946837725949918
1.0746520794787155
1.0568434306028889
1.0917332568889344
1.2645364064955347
1.225904365904384
1.1446628068172064
1.1185653365824413
1.0713845037198138
1.039398026549309
1.0490896288099922
1.0753114969109008
1.0258591587333283
1.0572816862852015
1.0205177820777847
1.0327787352511832
1.0060574480557625
1.0150577426146978
1.0256130790190532
1.0384761663285753
1.0265477758638475
1.0292298231017
1.1113380557124861
1.0919969749544187
1.1109415971394099
1.0542797494780793
1.1231119977201593
1.0593299850985611
1.0380674337397358
1.1228202305775394
1.0658407079645889
1.0384854830494044
1.0862178134234293
1.1902572675768794
1.1547785969514157
1.1431426884114384
1.1418346479696402
1.0684120007644178
1.123021153581401
1.0595624761176865
1.0697593821169764
1.0480945161796684
1.0612743766636137
1.1219512195122454
1.1015665796344922
1.0550591995351524
1.0718202990008017
1.035997661404802
1.2499282365323556
1.0637640449439039
1.2371064322966359
1.0525933327276824
1.129165845001153
1.1485199221550173
1.190521598169111
1.2202805515930055
1.3408667577300835
1.3543750718640413
1.33421162113436
1.4054746494068064
1.5442117510178346
1.4891499654456168
1.3254931714720546
1.2554057196000998
1.1256569517439632
1.4329959208340661
1.1456521739131753
1.3060324460544213
1.1869374313941314
1.071064337637063
1.134085073127072
1.3223942433494231
1.3702599062632632
1.170694419944639
1.0845863662929285
1.1175708017550565
1.0924187361194757
1.157534961385918
1.0263650462590859
1.0244243932793646
1.0171081409477447
1.0280838087743855
1.02960601229791
1.078581031267594
1.064118424981899
1.0414499283227843
1.0219627588003117
1.0307864164432174
1.0365030379014044
1.0643823544658857
1.0573339940534547
1.0824276282377432
1.0529904877731122
1.0136591820057002
1.1012326354920374
1.0562457129791756
1.0439018709727599
1.0519080442065838
1.058756970823574
1.0151310563939535
1.0614413237534988
1.036087456846898
1.0239236814789687
1.1083351281499498
1.0224824098505014
1.0143462856478969
1.068717538953234
1.113440100486665
1.124057573680466
1.1913711390749893
1.2595921189075947
1.4845374931581936
1.240289733361325
1.2705639872587007
1.1683087861858268
1.1430290686910494
1.1228285498488477
1.1621375159585294
1.2326175869121492
1.3656006914435461
1.1297457331940608
1.1879731964146198
1.1467049739629405
1.2836091410559172
1.3030401825740459
1.3617438158217137
1.1609029345372683
1.1565284178188184
1.304815061646129
1.3082851637764874
1.3028991778450374
1.3209724301946324
1.1607862903225579
1.1561987595352323
1.2172364132493472
1.1441258741259828
1.155327259804892
1.1368845233597487
1.1686376251961121
1.2056888780607273
1.2765486725664406
1.1430111053840273
1.2058837285440402
1.1702086081391143
1.1575355450236633
1.0986459378134064
1.0863179979019646
1.1598444336411693
1.150267888438298
1.1626603427832554
1.042373815296454
1.0025566472829002
1.0511474426278937
1.0340472007217718
1.0379721268430206
1.008644244622163
1.0359602518693014
1.1110115982267263
1.0313430222378026
1.0579136545373575
1.088921877899438
1.1191855300096138
1.1408034443755766
1.0565594241222458
1.1206342913775824
1.0760741193239935
1.1172159564664386
1.104765617386295
1.08900137605662
1.0792647293205637
1.1560179181892867
1.044107764677128
1.0785755757693063
1.0904678703164876
1.1837403987226762
1.0389337074710387
1.11689520907396
1.106845064960105
1.0741721854303563
1.0679275439532028
1.0506591493242985
1.0659484165850766
1.0935500605221946
1.10649525088732
1.133539614037985
1.0372470273249603
1.100272327351432
1.079870515954326
1.1150926207106007
1.0818226359627696
1.0686887695799228
1.0763367594410753
1.0291446903376484
1.060820296831118
1.0215521552155065
1.0727576218763326
1.1123815902784506
1.1112027869454209
1.067995365005805
1.0554041780200019
1.071925645696166
1.0414517317612495
1.0416550958067308
1.0763470925547967
1.026176210588347
1.0871734663927284
1.0149226569608774
1.0750157501574955
1.092528686049506
1.0886838868388709
1.0893321416964072
1.106262922122689
1.096357382254414
1.0921934101991788
1.0977079675414505
1.0477810792677231
1.0979312397678214
1.040929323634852
1.0821142552055554
1.0538703516458503
1.1030589543937845
1.0538869257950694
1.0233684329072503
1.101877649909175
1.0505876341339093
1.1304510155317145
1.12582729891774
1.113444696723975
1.1947202166065898
1.2392017305142924
1.1710361264424414
1.0801453710787157
1.0410863948579645
1.0667071286691125
1.0082173770132445
1.1064238273142923
1.0425116633343496
1.0803902944477766
1.0601514172282982
1.0777609682300038
1.0160322661961063
1.1510723661399855
1.2251492414699476
1.192351016467283
1.1707503828484498
1.166783707865109
1.1088455332257579
1.0717794629655832
1.0799014984805648
1.0598528638991125
1.1326923076923372
1.1034538325186927
1.0372362432767623
1.0839419760600952
1.0544220937455278
1.0633437683427591
1.0785928143712593
1.0721887107057226
1.0299851558634456
1.07249359485912
1.028420256991656
1.0485153459071068
1.04351603520569
1.058136448101939
1.086089116596804
1.0672817708926539
1.0462816157040375
1.0733839346738967
1.1023041474654918
1.029889368085529
1.0810677773570851
1.0261266874350554
1.0349811134833606
1.110130071496238
1.047156481808558
1.094602219296637
1.1123691780402218
1.118363437328936
1.1603873239436393
1.2331548415885356
1.4457022508882262
1.061687005498134
1.1292517006801963
1.2157420578472442
1.2442982456140905
1.063698768423288
1.252224199288216
1.1422151483943952
1.1790419161677665
1.2231345947876726
1.1921218877741075
1.172278225806445
1.2986666666665256
1.382536163023935
1.278906092901706
1.2234722089808379
1.1297330850402991
1.2172764994341723
1.0229082963276448
1.05390614311121
1.0439964498542555
1.019754938734644
1.020223777897468
1.0876264128494788
1.1011949868842608
1.059114460668916
1.158640574197886
1.050094629760991
1.0475522021407544
1.0856056850107454
1.1323722764838517
1.10962196136422
1.0723940980485918
1.011952003023401
1.0386300278772878
1.0446367329710096
1.106118762700356
1.0628509841737945
1.0734267751052677
1.076635964120166
1.011009732360102
1.1002310410437737
1.0981078186361424
1.1710684273710081
1.0680393153702894
1.1749525929591211
1.0947198710196646
1.046944074099959
1.1159738875565937
1.10422104794034
1.078154598227896
1.073627923375218
1.1386853208972108
1.0710011321364357
1.1200977669147298
1.0874055270293528
1.1546762589928286
1.0964019008826547
1.1524145180238643
1.1070404587448126
1.0426837313629227
1.0354476204841938
1.0419585863303311
1.0740985775720435
1.1734939759035272
1.1815315689040626
1.0933615015845068
1.0779702970297067
1.066413181242163
1.121127819548779
1.077636955467821
1.1630120481927821
1.0822842236588686
1.0795264998654717
1.045528620900337
1.0716143011917958
1.042529932326893
1.0610178248514694
1.0599198179651672
1.0605901501627946
1.0911176830512073
1.215441787687683
1.075667948338775
1.0258500120568936
1.0346676701632425
1.0806356680399827
1.004971460136244
1.0190647174489251
1.0851971454770069
1.0421926133707622
1.0287538684530342
1.0448131749906495
1.0552305074899362
1.0713842076932085
1.0274955402156152
1.0224654377880273
1.061896545394453
1.0358827075134127
1.105264910586481
1.045464054110547
1.0918746858769974
1.0806970509383726
1.0879834760302445
1.059077613767786
1.0975760936939023
1.04314553371161
1.0482876712328681
1.1143665665873221
1.0604312072420525
1.147326589595402
1.043546473807092
1.1173812190049555
1.085182781743448
1.0992809385644424
1.0753389171919672
1.11428961873094
1.1166172656539235
1.0758670520231217
1.105310608337302
1.046654595982983
1.068913919946825
1.070089848355503
1.1139765046668653
1.076360846389895
1.0582256604394664
1.0909129602042456
1.0572871697461932
1.0672649572649853
1.08026519337018
1.0405554331055418
1.0535576966571627
1.0743633590608697
1.044760165679428
1.0421530479896493
1.0779162287944608
1.0549562603982063
1.0487985996924025
1.0668341092869755
1.041221672310482
1.1088605674404868
1.0174067209283189
1.0656160722515275
1.1411905474126103
1.0818323789692144
1.120603015075459
1.0825617283950015
1.1732033552482177
1.0880766926303156
1.180502746092087
1.3612377850161828
1.2038424997361497
1.1407258491163648
1.1509712318662992
1.1570401916421356
1.0505637982197287
1.2160815664464395
1.0176171654433592
1.0968393416135904
1.1064872757613686
1.0548228007798832
1.1245383194828986
1.206256921373287
1.132856953817762
1.0447545083584504
1.14125717485642
1.1754800590843009
1.2048994404959068
1.3061584612669854
1.224103585657284
1.1884949832776284
1.0807852019628774
1.179282475852374
1.1385571414699345
1.090983188996403
1.1047323506594322
1.101955307262652
1.1485062466051394
1.2807471587711263
1.1453050713153978
1.0734612237476429
1.1783372460130803
1.0634908359755935
1.1273324376772769
1.174349415728668
1.202082014489756
1.1470542874769358
1.216556636553188
1.0611032058257193
1.0554018809768386
1.086074872376691
1.1812583105886119
1.0646457765668134
1.036934013290048
1.1767572919046136
1.0608579980045314
1.0558006175562227
1.0833333333333532
1.0845032936323347
1.0919826716515888
1.0851532178647925
1.231484794275451
1.124615617280862
1.2272384874202922
1.1303051809794011
1.0805564694270815
1.0556663909298967
1.0858536104817196
1.0010509721492709
1.0181468386023327
1.043891452428093
1.0459593007810835
1.081808016008519
1.0894943954209613
1.0538886927873883
1.0755558308044006
1.0975029000550067
1.0281828287451569
1.1539677975848155
1.137361756691775
1.1806140350876608
1.263206200285694
1.2711741561400471
1.3230084634849684
1.2632433356117845
1.1856811283698627
1.4049214659685685
1.326812059012287
1.3094812164580703
1.199183498066302
1.0802396385778423
1.0895787514802269
1.0275143789833865
1.0291991698275917
1.035339834298627
1.0830265579805267
1.0604647826710507
1.0729110146500862
1.1013486711622293
1.0333755541482172
1.060088665228842
1.0590377268386082
1.1030599610872027
1.0738590642603034
1.100230346701367
1.0292919495634683
1.0328921504390811
1.0371085747732371
1.069879518072289
1.0448443140794377
1.0457226310172358
1.0201599466844113
1.0797884980987926
1.088760284479164
1.15734441022702
1.1252834467120736
1.1488296488946532
1.1402211372774251
1.1048813129534059
1.1005374862183166
1.1576387849768635
1.1862123613312567
1.1257485029940006
1.1538584310909574
1.0664608259359256
1.056485535239121
1.1485812553741435
1.2606190166371916
1.1647615293653975
1.0819444444444302
1.115805293479111
1.0696565727907397
1.0842134519176887
1.0397046907355736
1.0495272399819089
1.034260897538967
1.118765231519089
1.0657939767282711
1.1801968619042356
1.269277351635166
1.1370324069622417
1.1278431372549345
1.1553606038967208
1.106062192440607
1.1384434884629602
1.1120425270906633
1.1816329856583914
1.0922497395207886
1.05277002789953
1.0731132075471304
1.0393882082064965
1.103335780115857
1.0290486564996186
1.1038056808292023
1.0466950623125981
1.026966292134756
1.1084865143445797
1.0670177524845577
1.0279947916666572
1.0428429915798925
1.1066644056299475
1.1045867137922654
1.129504222055009
1.3842264150942685
1.1765881513205496
1.1026228519746393
1.126822633297061
1.1521984795561226
1.1252719925396544
1.0558936127342058
1.0329329144335346
1.043944379577531
1.0219358575255282
1.0324844167409064
1.0330944817906276
1.0294896030245644
1.0596788972551123
1.0560058321540726
1.0547750229568058
1.1111801242235593
1.0478468899521494
1.023329856727241
1.0318310746927832
1.1032761529809292
1.0374312192296642
1.0839228535260308
1.0947863866763605
1.1149324324324337
1.0782353352443195
1.0344178542618896
1.0238431056485493
1.11551438562058
1.0962074554295704
1.1144644575827998
1.0932317648645167
1.1157231852655434
1.0589992036103375
1.1145291363163465
1.0723858853998145
1.045810417340695
1.0390170577087074
1.1000775293965461
1.0915926179084527
1.0867306399364838
1.091517323775427
1.0567198838896765
1.0284604609703007
1.067742806970132
1.056592039800996
1.061645370993018
1.0328971686256485
1.029454077383183
1.062152641878734
1.0314814814814897
1.0929868280527486
1.0690095366824255
1.1105322218659355
1.0700203465936753
1.0594032852832136
1.0722386102917236
1.057347670250861
1.0939568256324936
1.0447959506485585
1.0093476664219203
1.1072202418397334
1.053704277743334
1.0661695447410866
1.0924554909219697
1.0918011738812434
1.1014420686226372
1.085320723684177
1.2027154764974302
1.1358225571636356
1.095966939618922
1.0597004279600735
1.056189209992315
1.072248105138742
1.089383070301325
1.1479185743466824
1.0562789351851352
1.0825688073394668
1.0508885298869133
1.0792186201163676
1.0506068057428328
1.0579710144927208
1.034175782723428
1.0309970987937496
1.0497985250512516
1.1465275833100825
1.0375297692370729
1.069748711340218
1.0752334832238826
1.0269149518816931
1.0772323799408412
1.0540946656648749
1.0520685269693795
1.014794599253031
1.035435811751612
1.0644729425027486
1.0352019035622262
1.0407703488371236
1.0947875166004044
1.052291575731093
1.0353237201199927
1.0693330626332007
1.3789783667457867
1.2509372656835571
1.282452567263401
1.2435517970400372
1.2950313464957313
1.1980641548675608
1.2581113449951835
1.1368521090722843
1.086678507992922
1.0471564317118924
1.0415149817978244
1.1070473388606628
1.1172094237420582
1.0743823666510697
1.0248938255471927
1.0278807947019466
1.0680430357662654
1.1154402313623977
1.064286312966335
1.0720419416072098
1.19157875916334
1.083648088438525
1.1350822239624536
1.1251419721218763
1.1016282987084387
1.0802434351402572
1.0657773689052588
1.1281155369205558
1.0532395781014756
1.0224020526990218
1.0458384837248458
1.0344726275584994
1.0457575757576425
1.0511496492595487
1.1202929852568457
1.1682910354143898
1.086333982885673
1.1754990284402154
1.0729606188466643
1.1730457761486182
1.0318091451291942
1.0762108262108108
1.0385876182448293
1.005941591137887
1.0732238058971881
1.0100031588922487
1.0362651956277065
1.0453355669563438
1.153442298167387
1.1431413612565877
1.0589347934296511
1.3248365393727146
1.1424247382198587
1.116146458583336
1.1126566688400523
1.0982015609093656
1.1194886868548872
1.127334578441813
1.0602268820899845
1.1100904365164286
1.1402169259312562
1.2352113666737115
1.1463977374218195
1.103141671606359
1.042324512638115
1.037998967018345
1.0494967703169475
1.066454714640136
1.0498967653131461
1.078380927879232
1.1462147887324208
1.084727565536403
1.0297775145926578
1.1057492303851926
1.0392925669476072
1.0976121035362714
1.0667831846195373
1.0480902617219814
1.10384027512417
1.0578585461688983
1.0775451423507842
1.112755369303299
1.0754510661565306
1.0894751935762021
1.120669056152999
1.1705748358569064
1.084831242725998
1.1157882462687945
1.011773136773169
1.0457003314146716
1.1111701723744236
1.07819046942683
1.0568798834592281
1.068318467129179
1.0243270567420009
1.0832380952380507
1.0349263563482591
1.0751728472658064
1.0842055185538149
1.0418065123947005
1.0750756093222542
1.0408306934177958
1.042949426758992
1.015104319717905
1.019844124700229
1.0413955505980597
1.0289368707655202
1.032615220436171
1.0242787774922004
1.0455315870569915
1.051882292507483
1.0775537836618354
1.073738583620271
1.0391893905527732
1.011220697541475
0.999762018086644
1.0334686438571934
1.1156782149149813
1.0735849056603965
1.082995077295232
1.0766221617484106
1.0635714285713906
1.1236243580336684
1.123316796598171
1.1853521813308514
1.0636274987811025
1.1203314370517712
1.2388596070916027
1.1451630735212404
1.1098454027664932
1.0983102918586989
1.0435790036538195
1.10600484696169
1.0102568676416928
1.0375469336670238
1.078547640321745
1.2750159111801969
1.101373363142704
1.1097331144750853
1.1232781571940802
1.094243729974597
1.09587107399129
1.078655789601828
1.0548555921689795
1.0210956770089776
1.0507944777285594
1.0445477827199516
1.050896384077882
1.0233574322713912
1.1262285760701796
1.0726281673540778
1.091122379474807
1.0698834153244772
1.0864009945438688
1.059622153581018
1.0732381735295864
1.0447119518486767
1.0497610809029365
1.0249294449670798
1.0288226673181258
1.087821043910521
1.141688515993774
1.125289217954731
1.1544908681510262
1.184613224764837
1.0990169539821022
1.0874386187231941
1.202613141450652
1.1973507712943285
1.3692444444443597
1.409037037037126
1.0937998935602642
1.177235043692657
1.1584628268354347
1.0511827956988276
1.1607072068500495
1.1177741761211
1.059324306207251
1.1230633921926831
1.0715673181983576
1.1126581512198117
1.0767771387916876
1.0816715213981216
1.0563262314818853
1.0864477550389322
1.0421003085612075
1.0761977021461449
1.0523838529264822
1.0216591744993537
1.0326669046768882
1.0199154359948712
1.0291922073192696
1.0166987398349279
1.039076597598135
1.0196253345227522
1.0468524400809447
1.0215710215710279
1.0546427912129226
1.1007005253939908
1.022425084342113
1.0300642753473868
1.0856684491978346
1.132163870124202
1.1084337349395876
1.0903475838681866
1.1148014440434275
1.145522388059755
1.1470477149691622
1.0679523686254242
1.187796704830939
1.056034482758714
1.1310699310158052
1.1034361026123936
1.140020195220371
1.1236708991432924
1.1344512195121854
1.0378873771731283
1.0657180303314897
1.051182197496636
1.02181978798585
1.0597207859358806
1.0599721059972107
1.0247835569359964
1.06866231331226
1.0767823302619715
1.0486820377958244
1.0249855072463574
1.0467695557771828
1.0428147782034873
1.07099143206856
1.0263068220541098
1.0643536256562403
1.0208873523479682
1.0394716025945139
1.0871830496700996
1.1008494487619467
1.1019476567255162
1.0215526485096176
1.2972013190158262
1.2096095590710334
1.15226467113045
1.1720727848100354
1.1361225692398318
1.1265632816408693
1.1459009453929887
1.1680084745762436
1.1468968798857764
1.1311604022536852
1.1302840280338406
1.057190660886701
1.0602902268901564
1.0770429362880793
1.0744956026901018
1.0756045585101743
1.0503864872602124
1.0796153846153158
1.082033267899485
1.1589439083872188
1.1430787986257775
1.0307333851102982
1.0680527015591896
1.093702177751576
1.2218554354011495
1.1028069374716296
1.1466187911430894
1.1888875108519867
1.0699201648208259
1.0978523319353675
1.0646039603958537
1.0794358727097362
1.0895351499885724
1.0354503464203326
1.3340464983596647
1.1779777337195416
1.138352733166159
1.1753664885601849
1.220747103995808
1.1025254428948654
1.0894256713351405
1.1289324394017544
1.1430941518044064
1.1358389261743542
1.075562905482698
1.2262708625301437
1.1687937422808705
1.0468029953915066
1.0314114197960096
1.0434413471062816
1.1452548438848995
1.2040348464007322
1.1687038872371702
1.129049560180174
1.231818670104195
1.1508379888268743
1.1607945140694733
1.1294670458761202
1.115191427614662
1.1331862517417841
1.071632555925887
1.1360505166474533
1.062426509887675
1.0792185487333221
1.139584217225219
1.11563264398485
1.1476911334435123
1.1132619439867524
1.1030873888016337
1.1111111111111698
1.175452578845485
1.1399773732386085
1.0600231973710357
1.117064813933473
1.0110874578677154
1.0497970230041642
1.0525946088330547
1.051463082681114
1.0420402639146868
1.0116686114351607
1.028474638344553
1.046579049091507
1.0446249498596842
1.048300117233299
1.117300482056837
1.2241261137763186
1.0596532471349578
1.0955256656601298
1.0541782729804607
1.027356902356833
1.0506666666665379
1.035012809564538
1.1444444444442967
1.0881505082687655
1.069112762929121
1.07261191399368
1.100655679602929
1.1631355932202285
1.1085226169676041
1.1410462776659491
1.0648431522570247
1.079580959382475
1.3873210633944888
1.0984862642497604
1.0299489879874042
1.124768167256793
1.0532544378697029
1.0580985915494863
1.0372799447703738
1.1295699943172406
1.149720670390961
1.2911259207297625
1.0841924398623586
1.1446753665216658
1.2203665385752571
1.0656865389801826
1.069574114336817
1.0576898033598674
1.0981490501704803
1.0310690423162059
1.02931159046338
1.0282202556538316
1.1082573874620318
1.1262204239597957
1.09081536214456
1.0310515786726964
1.0388051857043086
1.0697113236213875
1.0268870923789977
1.0216636968958048
1.0852182539682151
1.029243865798658
1.0178606285380125
1.0495606673906193
1.0386595336630828
1.0499663040337754
1.0747279819338413
1.1341368150876123
1.0901392111368877
1.0753382908693077
1.075965447154509
1.073277578653856
1.034253450439148
1.1087425453621484
1.0279542566709423
1.0781445883828458
1.1178607760500134
1.0995998221431817
1.029393939393965
1.062412013139362
1.0331950207468261
1.0586074469862279
1.0981300394578979
1.1034596375619958
1.0260334212839688
1.0545032856589296
1.0480516858470696
1.1911231884055518
1.1673718852843187
1.089547856723317
1.133765136581252
1.035595105672621
1.262064343163557
1.2626559060897269
1.1205242966748432
1.2665110073385781
1.3265778807181143
1.454903147700121
1.32802164762497
1.2398293963252216
1.4338331160364253
1.300170551450047
1.0958705626659102
1.2679907144700262
1.2090667952740413
1.29919678714852
1.2633275477309187
1.0879318079858984
1.0447402477351926
1.1440451906478555
1.0839958963838001
1.1351577188217996
1.0870069605568613
1.1511451826612875
1.0669818754925944
1.0718796742563426
1.0429174103521681
1.1186817920735532
1.0804377564979528
1.117745835572289
1.0834605935861035
1.0689340630701007
1.0642309192562316
1.090288110374724
1.0436833470056923
1.0342038522174122
1.03309530348798
1.0352570685287645
1.0406532314107177
1.0542855169556544
1.0681041099714081
1.0687598792929272
1.0580850098320267
1.0805780256027897
1.0846097738876832
1.1033381914081104
1.0887754425512053
1.0568515155747866
1.042643621165931
1.0304090227710414
1.0230128579777893
1.0859327217125128
1.0833265916996495
1.1051618226826887
1.1050831353920365
1.0666531192847177
1.087715629900742
1.0769894328229452
1.0467166599108881
1.1117815807696971
1.0515314968214522
1.0854266715920973
1.0657417482770761
1.0567537927251878
1.0384402654867448
1.0806132116097438
1.0485929033386034
1.0245012250612993
1.049802371541496
1.0417341248426353
1.01217616580315
1.027065172270624
1.0674175644793171
1.090822483328071
1.094717668488188
1.054065596173538
1.1040636042403078
1.051231349990987
1.1280145215662138
1.065087094961638
1.099008948330611
1.0856626735120356
1.0280721323666007
1.03933084178674
1.0495955915030406
1.0194752502028253
1.010436178753073
1.0138801826811072
1.0616865751469902
1.0237022350396259
1.0370542780000906
1.0991957104558112
1.042926829268192
1.0554919908465652
1.0238897700238219
1.0476097940148201
1.0437591776798327
1.1547021171837273
1.083307996351449
1.1222246647613723
1.1335187760777194
1.121785540999633
1.1122007131939435
1.0748747693120388
1.0610648498613497
1.1154235145386062
1.0152985074627152
1.0275128393250725
1.0484996938150977
1.0292836398837968
1.0854459031236576
1.0250569476082396
1.0277904328018352
1.0170697012802543
1.0086125530911174
1.0430639324487343
1.0766623816758512
1.08183522664596
1.0818652849741137
1.0880628664088745
1.054515866558234
1.087715076404823
1.0748514350740643
1.1082684953185449
1.0911558794113394
1.0544629349470023
1.062592702462241
1.0667139815471824
1.1019705112305478
1.0577707593103824
1.0425722321657147
1.006791171477106
1.0018223234623966
1.006110823407479
1.0526904689247665
1.0786709948443927
1.0880431695540596
1.0537193845033588
1.030794587092266
1.0181558376060802
1.0446200707993065
1.0339653751030564
1.0415730337079565
1.037785444389784
1.0567689161553615
1.0720749838397117
1.0939936149676694
1.095368452204788
1.0448521153125916
1.0512801484229786
1.0242881072027379
1.0272433430813108
1.0627123880135472
1.0293801779687144
1.0197731211595225
1.017258064516194
1.0555603634790736
1.0195720250522313
1.0489900779589443
1.0207122093023484
1.02844762622456
1.0531377964002484
1.0214600498179216
1.050421760970416
1.0376447876448536
1.0656616754349997
1.0617914411193146
1.0744373322321428
1.0457762052187947
1.059276278001032
1.0657494216486598
1.0651168934091049
1.0702609693146716
1.0721772985924864
1.0495524296674974
1.0927929580045201
1.1595671195026165
1.0542792224186195
1.1894005212858092
1.1527210884353476
1.2800608828007276
1.1134751773051754
1.1302228412256474
1.063930544593443
1.0203238598807962
1.0819907481257518
1.054378311000323
1.0574800735745205
1.0334038694074446
1.0306006262454006
1.0136083052749842
1.0505036175344946
1.0364306784660524
1.018727705112961
1.0280202759784076
1.0603934516441413
1.0741916859122895
1.0840682788050895
1.0212470490209005
1.0507563975680343
1.1047413793104228
1.0491630221685562
1.084826946847914
1.0295877659574972
1.0381100524986508
1.0154669839382258
1.0184459303668123
1.052160953800292
1.0332480818416392
1.0377639012784372
1.2445400397085495
1.0908554572269522
1.195061728395176
1.4327997583805627
1.1812406576982504
1.0394253257601371
1.0384226491405864
1.1363220494053154
1.0929925077127267
1.0750591016547932
1.159365558912201
1.1267629281397944
1.0687616677036944
1.0949967298887244
1.0874213836475868
1.0483941287603924
1.0477059071136725
1.1011235955055902
1.0441966129697813
1.0357839042049786
1.0706755753525494
1.0619699934769065
1.0839656044512775
1.0643224699826053
1.146333333333465
1.0624608641202178
1.1051013277429504
1.0852176186120728
1.0673809216468968
1.0424141465914711
1.047471759010344
1.035805991440892
1.0070723441873473
1.0172199813837295
1.023330515638329
1.0629962029685611
1.094307561597438
1.0319609967495995
1.1062197765550228
1.0341116380882216
1.0227769679301408
1.0326911850554552
1.0340459224067928
1.0130361648445376
1.08080059303204
1.0332011892963207
1.1579876434247325
1.1210855949897445
1.083333333333569
1.0900378310214554
1.0254079254081103
1.042120911793961
1.0867214532872977
1.0395051009332443
1.1257522307533088
1.1021515797635741
1.0227620504972148
1.0488077496274792
1.0580564487314454
1.0936867292472137
1.1147918511957724
1.0618288881191658
1.0963431786217244
1.1370434782607948
1.140990745781141
1.1058387395738318
1.0441021312514558
1.0079896350679867
1.0455614973261522
1.056295003272861
1.0587428571429076
1.063555114200802
1.2679340937897297
1.2914599112039917
1.197530864197592
1.2936752136751273
1.2133891213390955
1.328771586836459
1.2317708333332416
1.216649949849559
1.2604240282687036
1.228045325778818
1.2629643251198723
1.1579483695650958
1.345531587057181
1.3265222721697905
1.2390381895331286
1.4530612244901147
1.1974210760345276
1.332640332640387
1.1539909638555212
1.080215706100635
1.0652931854202374
1.0361380798273883
1.0828756864701028
1.0949041608229682
1.1451036454610355
1.0775500123488972
1.0971383565240445
1.0917862444333064
1.099419631592218
1.0640560165974686
1.1153939985365764
1.1336302895319732
1.149151683970491
1.1246840775062854
1.163896179644188
1.220440881763336
1.3102372034952212
1.1417347580139399
1.0581795433219348
1.0320726172464079
1.066881783513804
1.0170454545455938
1.1115997800991009
1.1198966408269888
1.0855764347382584
1.0328320802001159
1.0812564901349082
1.048134126554974
1.0682077625570507
1.0824583075969005
1.0624207858048007
1.133100842778026
1.0487461256687844
1.0294832826748006
1.0957575757573932
1.1026007430695577
1.0693866222591064
1.1470419299258119
1.0571505958828078
1.0778393351800422
1.056220428611204
1.123868778280612
1.0656716417909544
1.0714285714287477
1.0896433805570112
1.1314510529972313
1.0251916757941544
1.0492407809108968
1.0171999260216926
1.0076838638858403
1.0260262008734302
1.073179033356067
1.0155228758169441
1.0265056198623856
1.0478163300536458
1.0640138408304616
1.0512173128944338
1.0437942245170415
1.031671434409469
1.0434588812126577
1.0422333571942202
1.082559065569213
1.1328402366864074
1.1290805630432248
1.1615051615052916
1.1934574168075036
1.2022572022575464
1.2010294538176651
1.2317073170730857
1.153976790263115
1.1514634839443205
1.1421460176992353
1.125941313944534
1.1393246477002923
1.1097012952682235
1.0879546809782272
1.092116917625771
1.1779793556460314
1.1109713926435663
1.211205432937197
1.0549961270332338
1.1011045029739477
1.0969529085870202
1.0898391526087157
1.0903545558519125
1.0365126676599932
1.1153846153841351
1.1304347826086956
1.1046114432107113
1.1522462562399707
1.1560016729401117
1.113190730837221
1.1673114119923889
1.06063389986195
1.211222869242916
1.2498624105669545
1.2134502923974981
1.0597365945442634
1.1292775665402737
1.2104975396385043
1.1886886886890236
1.1087751371117285
1.1256586947708977
1.0398481973434488
1.0447247706424585
1.0717893217894345
1.091307277627884
1.034307065217117
1.1045081967215766
1.0742150333015488
1.0937129300116575
1.0586375395229952
1.1013721646598207
1.0415504740654458
1.05218579234984
1.0653159157556513
1.109881422924517
1.034972390218389
1.0290394638869933
1.056043695083933
1.0658079625292474
1.0877352074361804
1.0554083885211236
1.0400094139798468
1.0933604680743423
1.0956521739128247
1.0620334620335425
1.0368130423348512
1.0476452767833035
1.0686248331104082
1.0855989232839298
1.1107011070110862
1.0638625288535943
1.2189849624060247
1.1507607192258063
1.1478482184172074
1.1102635228849904
1.0939110070258407
1.0872120357309674
1.1333655472335056
1.0750645085620822
1.082488479262508
1.1023513139699175
1.066666666666761
1.0782817269952893
1.0804841792314723
1.0301831806826738
1.0287754218950445
1.0379691907139503
1.0423338451416462
1.1891891891890418
1.112040911204273
1.1339975093399686
1.1283106196965682
1.0378162450066075
1.0382736156353136
1.1546897546896646
1.069521853915956
1.1085874299938225
1.0845471817607584
1.0474430067777545
1.0577507598782103
1.0759338640536567
1.0445121951221534
1.0646153846153876
1.0564417177913605
1.0511172329356206
1.1099806201550826
1.0726150925484061
1.056720370779114
1.0504986208361091
1.060375765252277
1.0610884061087744
1.0452649144765473
1.0616200775351818
1.0409752099978793
1.0804132064005627
1.0350841198197476
1.1016433353622141
1.0744724025971166
1.0457502623294574
1.072169403630349
1.0696091348266084
1.044271412680451
1.131629804595053
1.0194174757280523
1.0895129442736302
1.0662237462495536
1.0944540727902767
1.0161073825505444
1.02769646476024
1.0145316342500315
1.0249360613808693
1.0371142618849698
1.013307984790872
1.0136296917593595
1.0468948035489514
1.0422119037567927
1.016611295680899
1.0142497904442904
1.0422332097242468
1.021581322346507
1.012278308321967
1.0304279544562134
1.0222868217054848
1.057838364167436
1.069235282612989
1.0344427244582621
1.0446271285966442
1.0371097584920501
1.0168708576019323
1.023434343434278
1.0227136879855145
1.03586288884487
1.0193472737933318
1.0198852772467757
1.0366043613708331
1.062767475035538
1.0279445249429247
1.0355509355508794
1.0443339548375328
1.0491596638658471
1.0633758627900498
1.0467124197478408
1.0709498497804766
1.0614871306004476
1.0773372491432502
1.0477380654837305
1.04149048625802
1.0599447513813678
1.0295408014036833
1.051653543306828
1.0187994722951286
1.0184397163121706
1.0344569288389251
1.0410852713175835
1.0349622566550547
1.099784017278611
1.1088314005352788
1.1145926589074082
1.1562193927525743
1.060020876826932
1.0763656633220409
1.0557377049172219
1.017553793884674
1.0851190476185828
1.0893407270484605
1.0436628259547063
1.06006389776379
1.0808823529410636
1.0709855272223168
1.0427536231890138
1.0863309352514436
1.0640522875813323
1.0585399449031605
1.0482290881695981
1.1033411033401597
1.1405492730205522
1.1022258862321728
1.0653813914504715
1.0980091883603935
1.2438016528927627
1.0826963168875048
1.1248339973444694
1.140591204038399
1.1653543307086984
1.070916905444529
1.1062215478005386
1.0404191616771705
1.1254480286738
1.08231173380059
1.092316513762128
1.1226725082143356
1.0872124130559035
1.088504577822749
1.0431910569102414
1.0201177625125797
1.0097323600968284
1.0315315315315352
1.0537634408602667
1.0564971751413095
1.140608604407065
1.1083640189369148
1.1036998436687444
1.103430619559692
1.0362614913176282
1.0220667384278674
1.1270285394511301
1.0494659921308362
1.0633608815428963
1.0816777041939367
1.1115492957751956
1.076576576576793
1.0532809871011488
1.048044692736728
1.0614277808519474
1.0844686648500972
1.067826086955923
1.041262135922458
1.0356460852967035
1.03729903536965
1.0136629798308323
1.0094915254233572
1.2284512964257497
1.1167883211679268
1.1069364161845499
1.0898021308980328
1.0374123148878853
1.0505050505053724
1.010946051603673
1.0323325635103868
1.0203086921195283
1.0837438423647243
1.050718512255762
1.0742397137752548
1.0617977528087559
1.1135496183199536
1.126968503936787
1.112676056338829
1.146311970981252
1.1232558139548146
1.1253196930960023
1.1470967741924043
1.130612244896684
1.0888554216855604
1.1096979332293846
1.049295774648904
1.0267175572540468
1.0059760956170483
1.0275229357814386
1.0567375886517398
1.1488372093007644
1.1643192488277552
1.1033653846180194
1.1742243436759034
1.2054054054055732
1.152439024395732
