0.16532898198567733
0.18780836284201907
0.16315739192049722
0.1469786879491202
0.15202093963010718
0.14906389151547206
0.1792675475568782
0.17244651756081075
0.21153578369171402
0.1715914267012653
0.1704319668934497
0.17981249927073467
0.19518951460931486
0.204730124087042
0.20743652877624644
0.21099694804046726
0.21234496442023454
0.2042687944133957
0.1953243437641167
0.18733748492002186
0.185720266149732
0.1763495288839136
0.1700597827165268
0.16453469904444526
0.1609317424930538
0.15816366574676222
0.16562527332862126
0.15353396673738223
0.15315868762716614
0.14593337654877914
0.13475525643446398
0.1308486485362611
0.12992543428356068
0.12814236285846847
0.12875307031555946
0.13237427428024023
0.11912527013072723
0.11072583434474668
0.1070879414765432
0.11022953007208608
0.11314859679843312
0.1170058450455678
0.11834222935767297
0.1300427502765927
0.14025386493562716
0.144156060126863
0.14019771544373505
0.1442924371501822
0.14893479792557984
0.14677202977562268
0.15393787657102312
0.15181423026766955
0.15382641016232104
0.16749814110765227
0.16373477613121523
0.1681859557843688
0.17035546705166835
0.17115620941214235
0.16478489902548768
0.1546875409789888
0.15065525530341436
0.1501580503526655
0.15801300501873933
0.15089979325269548
0.14493233521270596
0.14461720528174887
0.14020332492987894
0.1370752448059216
0.13602324491600998
0.131598549263376
0.1310495401956346
0.1304529764598966
0.12642090013963223
0.12378348043381397
0.11660334242687206
0.10903224912494482
0.10425824363658226
0.10675847950779085
0.10548905060204189
0.11291310110041766
0.11959306062976297
0.12770657341075095
0.1341954887309206
0.14097035826236762
0.14591192279779772
0.14923242000550546
0.15113653053652384
0.1552056520994878
0.15454869275222916
0.15111689426249295
0.14875540726050812
0.14494643304257881
0.14204461898160528
0.13737904402504536
0.13310128550980188
0.13049825218199945
0.12936022608158512
0.12591613122989026
0.1235207406672172
0.11948802950363258
0.11263187999300601
0.10597598762587775
0.09672266131471463
0.0905524983832313
0.08420711139761473
0.07535136064026163
0.07214807404904648
0.0792859057419232
0.07298037628249815
0.06837101996313999
0.06430616599144995
0.06359914170389765
0.06390743603838668
0.06205824219910567
0.06320968719575004
0.06353359096187196
0.06466377496654986
0.06014925113046712
0.06198236465818048
0.060532663434071016
0.05775755292707015
0.05759917436289522
0.05300338060777541
0.053848392747399644
0.05387364447824657
0.07382306256991103
0.07200585484585385
0.07307533013976676
0.07326822176339336
0.07270567449262315
0.07249663163556334
0.07262239806527558
0.0748178742744354
0.07737540860072377
0.0868922905683113
0.09612911461883665
0.09853446028893012
0.10347423984378824
0.10759346556022036
0.10901072717879451
0.11064568545426681
0.11043745337882774
0.11453836675705475
0.11947172914045716
0.10623849574018501
0.10103229527819016
0.10018497274689235
0.09851730783460433
0.09639052569942236
0.09747092222133003
0.09577669208014629
0.09545172815208942
0.10655224808610599
0.10784170957504283
0.11098101086909884
0.11451252047302374
0.11745400660856294
0.12007424915822833
0.119886034204658
0.11814044710037966
0.11487771308405942
0.09791629090862548
0.09907301689738596
0.09606986311333532
0.09438040901382894
0.0905009757881673
0.08656198066317408
0.08832264072855917
0.08342948387905982
0.08185566211932066
0.08535564941091787
0.08140552866454513
0.07962723957097692
0.08078003231781525
0.08356396597287827
0.08224121312119484
0.07615824648796372
0.07399672678948875
0.0736466942414028
0.07906110107498368
0.08111554948373141
0.08034864504445853
0.0787129412609369
0.07831165741629875
0.07849218570750102
0.07954242677038785
0.0761950624184532
0.0747191591014742
0.0788379883642257
0.07458344146544806
0.07225466940490093
0.07350120688314293
0.0748047575806596
0.07559260723257694
0.07529638332802398
0.07295997210303286
0.06582008480058202
0.07197297029287673
0.06318706431839212
0.0637297142305904
0.062400485567561136
0.06376087288987531
0.06382701199828326
0.06537499291466044
0.06398397584767836
0.06451343675491607
0.07236238337566235
0.06557217037524944
0.06572817489818684
0.06608550582558671
0.06662392366639022
0.06999319044184836
0.07704806777931285
0.08454392914147206
0.09140196319084148
0.09868454292648193
0.09367540197168216
0.09391263599347545
0.09882156417092446
0.1011185259594989
0.10056163147986776
0.1016861823549934
0.09986814135894374
0.09784702346806873
0.10417186261008576
0.10022794743641004
0.10046496837184059
0.09947094162637493
0.10020924833905798
0.1024483358200583
0.10370195705597535
0.10653968626897882
0.11111365130043283
0.11738213009459993
0.11430596524470883
0.11426164431919347
0.11542846414642889
0.11870754102273766
0.11875374988482086
0.11892912590417386
0.11696565998111023
0.11883515142611184
0.12503906451917757
0.12452796481250544
0.12495511784239655
0.12543488755665463
0.12487128794716713
0.12393763342916268
0.12323142024004974
0.12369828727865671
0.12360977879317385
0.12221968391484231
0.1175623196508118
0.1165077112352598
0.11509301607319569
0.11401399120947252
0.11142651779637582
0.10662613846224145
0.10527357942893807
0.10343605303061928
0.10259287111929392
0.10012663470969328
0.09812633554547007
0.09594172221943227
0.09429330788144101
0.090957354676651
0.08645482496189773
0.0835998453089872
0.08267480633649026
0.08134841213339615
0.07721047181121345
0.07260352373761515
0.07227778426674775
0.07181226840226547
0.06958560206678695
0.06946582842622567
0.07001898640687386
0.07277732725996264
0.07589281966059301
0.07506425385593027
0.07495614830523345
0.07563163147022965
0.07380341734922982
0.07332749963875229
0.07200125712067834
0.07059750246342401
0.06891117816634129
0.06939157463995733
0.0687330774666166
0.06847854981757064
0.06728472154680597
0.0659333243545873
0.06443866108241782
0.06317129847958945
0.060379544227581815
0.059283358119139005
0.06052313635191156
0.0579796415733189
0.0579931871613017
0.061114814550436124
0.06347744357513035
0.06336758779470866
0.06365069260179386
0.06412573134524127
0.0658662782656168
0.06889456626258424
0.06861241419628884
0.06908961524040586
0.06910628588982987
0.06762884656105879
0.06662297893861144
0.06605573038610124
0.0646867782741844
0.0640372392053267
0.0622126679785737
0.05715485939588619
0.05445458063962834
0.05298865100436208
0.05233858990500079
0.05108871851921688
0.05054007006214586
0.05131821827635298
0.0520647316522789
0.05124320363500231
0.049827492413227474
0.04837456297552065
0.04790038988632207
0.04752471474380728
0.04715717952934283
0.04742527717320872
0.04932858355259943
0.050981445517129506
0.05144917625722719
0.051779740705506734
0.052398256827980556
0.052207085695571406
0.0534438781804109
0.05387466674740434
0.054676859586832105
0.05555467464945532
0.055540100894392146
0.056293430635233475
0.05592513352338444
0.0563656595294318
0.055961755423332316
0.05479597996948738
0.05427887984767644
0.055055746202517825
0.05483589792088011
0.05442022677752509
0.055849165690108636
0.05522352597839385
0.055093745793694845
0.055253854269553496
0.054835759069907404
0.05329475150549214
0.05241773423573777
0.05154936868450429
0.05077994034201893
0.05127229923908385
0.05097351466064511
0.05066733685636178
0.04999514917328051
0.048326763346164765
0.04746291448242415
0.04606374706334966
0.04550750233399941
0.04497763607915454
0.04474834695189492
0.04377450025539679
0.043123772681515675
0.04248791894982617
0.04190881266368207
0.040778070739837226
0.04019121866396707
0.03965304015658433
0.039163812772050256
0.03866782336371456
0.03794466975614152
0.03705506189453206
0.03677938789364119
0.03610492547390073
0.03541042407629581
0.0349043991159454
0.03472237249093781
0.03499336956554443
0.036150404919845947
0.03670911236745977
0.03738315582725237
0.037988878959002624
0.03848485414421973
0.039093145435545276
0.03938040014849108
0.039930067331506426
0.039946000252702285
0.040003150759122426
0.0402117278796778
0.04044459376671824
0.04051259385643318
0.04037591720104127
0.04039584026173753
0.04024343540498246
0.03980082612567801
0.03932794832921652
0.03908390186412744
0.038490712882751306
0.03814783967595383
0.03785517066754031
0.03744274545865983
0.03705877253428745
0.03673932651152356
0.03618653735394938
0.035689759823552936
0.03548293721614771
0.03515603521975523
0.034875899443005245
0.034602864054180574
0.03455927288045744
0.034423051676251405
0.0344640005842877
0.03451665604956235
0.03461647793497339
0.03484996770939961
0.03499153434695015
0.035042190077332946
0.03512813532942727
0.03517332704839384
0.035148477629299006
0.03513969462406163
0.035106841112712006
0.03499137439243832
0.03529846152956587
0.03532319575205756
0.035354199907879275
0.03546325168852476
0.03541416360387495
0.03548628722371222
0.03534980766493309
0.03523679599981687
0.03508944348734649
0.034666905076996504
0.034216134906559
0.033873251616423426
0.033542807479036305
0.03300201814836792
0.03251672387612401
0.03196243230260691
0.031571709338817214
0.031067921618258453
0.031469316172604685
0.0315147296104703
0.03142289131850666
0.03120530123370144
0.031100864464605023
0.030984141719934633
0.03068725628823103
0.03056624246169822
0.030378335512330358
0.030325565488284374
0.030252035778326483
0.03025496690892316
0.03025118665849551
0.030199442901622502
0.03028333942034983
0.03038321204961134
0.03024877836525634
0.030190441466272446
0.03000671501951533
0.030012566423680567
0.030115728586653758
0.030173208818895465
0.030200441276364717
0.03030267255489919
0.030191059339215544
0.0302285408455493
0.03029741133257516
0.030863965567002768
0.03084784762685347
0.030792221951246722
0.030756085256642533
0.030705223160544762
0.03045479337728342
0.03035239187465212
0.03010298060799704
0.029873101534844574
0.03036512676446865
0.030266439627745622
0.030153256962000975
0.0300190602319549
0.02992014136803713
0.02967639546307971
0.02959010917936176
0.02936302874768847
0.02911383559388134
0.02879151375439556
0.028619132236364253
0.02843162396011552
0.028023331360725396
0.02787635933627766
0.027576179117016396
0.027254674382844797
0.02689638385725531
0.026608764127581296
0.02646887413856836
0.026355063020329497
0.026119484784761584
0.02574936519079745
0.025572592561789398
0.0255442764464767
0.025449173722508163
0.025436838405628895
0.02538957022943776
0.024875496806431835
0.02460354229804703
0.024407233606423457
0.024443467482052627
0.02428696653234482
0.024261495143296608
0.024173210487017746
0.024147549050561753
0.024147833180364134
0.024287229454036986
0.024211810758959507
0.024197002958455237
0.024222059561751455
0.02413357952531187
0.02401014768633792
0.02393679866808377
0.0238016759683537
0.023846326940504134
0.023407506455889408
0.023047972586213075
0.022598611817689945
0.022345449585016622
0.02206553018620561
0.021749055449557943
0.02158561295360667
0.021536130339571944
0.021353098635223087
0.021302908335945732
0.021087463946401173
0.02081236135616568
0.02064766220506403
0.020438003152728673
0.020345801371307582
0.020164105493296947
0.020130348654404773
0.020050292359116196
0.02044640769542477
0.020709171618823317
0.020915828667189097
0.020927463529911032
0.0212188794012279
0.02135089584140452
0.021411262046778894
0.021354927191539485
0.02130926629504135
0.021308883997428373
0.021327212826827764
0.021356266973381523
0.021317454159310415
0.021218973853347773
0.021366378511625813
0.021279678730018233
0.021202360246827236
0.021066479864873686
0.02144789590955152
0.021609765869584612
0.02157943667789753
0.021746688886840584
0.021833278832072638
0.021906312188415652
0.021638128892818295
0.021468473074908186
0.021204916389285507
0.020882061805927617
0.020413557048545146
0.020011037716971675
0.019919285877503495
0.019627239037863394
0.019386118935372423
0.01898967040890328
0.01868417903447242
0.018375349755339502
0.017932644509054334
0.017679559099767768
0.017393889442738137
0.01730960124999543
0.017257942516465157
0.01736138534868436
0.017418271896738245
0.01737407013215543
0.01736683573038454
0.017245742283918005
0.017145989006031943
0.01718215042911046
0.017012000902594197
0.016920188747909643
0.016809477911355942
0.016860107601723778
0.01677028882582922
0.016766948407238785
0.016832040681959117
0.016782281201835517
0.01686475652256494
0.016958164994409178
0.01692219478962271
0.01693547471486474
0.016868632762060697
0.016933657600280823
0.016898987666781058
0.016838148870075776
0.016653216268637267
0.016437783630773164
0.016216983285186583
0.016104631026985554
0.01611188090005346
0.0160518216014127
0.0159825559858578
0.015878919928284985
0.015594787802190105
0.015338066060044014
0.015232933433591066
0.014938014923907244
0.014834516508407683
0.014673959182861842
0.014417940362323835
0.014247920012095516
0.01427831690162059
0.014922454520871471
0.015199407974540769
0.015368994507587367
0.015519495811968135
0.015656455432840576
0.01595323845019179
0.016198081945457025
0.016343849363633884
0.01661999895292694
0.016390431757106607
0.01619019083172214
0.01597088102135684
0.015889622358959184
0.015978264184233933
0.01607294537301346
0.016127735805865
0.01620281844020043
0.016345209536730795
0.016673209427016295
0.01651121392480777
0.01663102050924425
0.016577653376806098
0.016603214853074606
0.01654279065528996
0.016598406235861132
0.016456674801048093
0.016380810325523597
0.016186315732934303
0.01607350103118395
0.0158995028548774
0.016039872356749283
0.016015152297122803
0.01581793877175804
0.015780167592985377
0.015933432162990056
0.0158406750885389
0.01601739686817252
0.015759818228260163
0.015593662748144544
0.015422099140620184
0.015222914056643168
0.0148813547222087
0.01465733968527866
0.014335604771035548
0.014001018892311359
0.013201169334571081
0.012569402428515996
0.0122625716463602
0.011967917050860827
0.011741352383190061
0.011593599634121023
0.011555155131554244
0.011425919534391503
0.011329624915134846
0.011768451226460818
0.011782746689708818
0.011837602820584285
0.011977236589516823
0.011963165226345595
0.01215855440561742
0.012250323953830465
0.012425527900361909
0.01232449086476272
0.012758355768378568
0.012816534233013753
0.01288280393190205
0.012893221139942566
0.012854180036380189
0.01282741603779033
0.012768062881939017
0.012703505984103204
0.012916247349865911
0.013091352833476008
0.013286221140639686
0.013467608794167526
0.01350728569648596
0.013376553505685939
0.013286841969409347
0.013310155964584477
0.01318691034782412
0.013131185077657708
0.012987544669236984
0.012993823708040213
0.01284943160769027
0.012691772203991553
0.012732153829164154
0.012560337326102098
0.012620963075199488
0.012570714448630392
0.012336069198374818
0.012139008340576584
0.011778410238968907
0.011482371310663191
0.011312991648722572
0.011016983682184577
0.01078410344401327
0.010499280119155232
0.010439516891050422
0.010303602390101847
0.010665527178552577
0.010504368475541714
0.010319485831945693
0.010333889524612852
0.010261512171056197
0.010111803246078053
0.01001618861033421
0.010004302424948125
0.009841772321375826
0.009433520317416568
0.009435496610388186
0.00953174901955501
0.00933580695710938
0.00935111649557623
0.009254347910603372
0.009265290769629737
0.009205531525284463
0.009096314569242975
0.00975652541805238
0.009714090648937558
0.00981363236508533
0.01006533624840715
0.010181837510093106
0.010281587297709303
0.010220156796955728
0.010170099246458047
0.010357251385464467
0.010597453286987746
0.010832170240744126
0.01107903731261879
0.011258349141131175
0.011212149067103543
0.011242494321535219
0.011245232175438168
0.011318443703381571
0.01123937781028581
0.011375357585970736
0.011483898124093487
0.011429844413607906
0.011370188582162499
0.011127083729351712
0.010954318025359424
0.010843902535869832
0.010639143253450169
0.01050072276934839
0.01027234623129055
0.010113121345506472
0.01009428157600631
0.00994391020455023
0.009778238537682202
0.00961645328159981
0.009532973533097516
0.009539173783375838
0.00949846883912265
0.009158186180147139
0.008969319774112824
0.00875522985700047
0.008679141505974507
0.008692457785015723
0.008473320603754648
0.008371387453761252
0.00811613569812128
0.008058120247021983
0.008773856841462051
0.008695382646015447
0.008716515435386813
0.008622233171491515
0.008603788261927212
0.008623816693506533
0.008623842954812123
0.008609764755221544
0.008607390308105495
0.008153285127393852
0.007963008856430866
0.007688790026746244
0.007632916973826448
0.007697303868528315
0.007657662197635498
0.007690386083221907
0.007638287026267124
0.007462736718834095
0.007514639574953417
0.007600359524349665
0.007733731773177724
0.007963610135922056
0.008098537458604385
0.008302947606722183
0.008431575247778543
0.008568236605188167
0.008623036071342419
0.00893732970288371
0.008951828454179684
0.008904595114428955
0.008875523607777233
0.008844265890790277
0.00860594278459696
0.008577576165033036
0.008541543990497252
0.008435693948530781
0.008980148046589614
0.009177832886565249
0.009267948312409381
0.009277532924399522
0.009188913323345886
0.00938043181292517
0.009515197353921468
0.009724845907893739
0.009758504802344362
0.010091537322307133
0.010281773099382642
0.010433462540477133
0.010384278393996397
0.010297544911500228
0.010119460775825392
0.009771091917516154
0.009434610413471066
0.009160616656015605
0.008973184583198856
0.008732576216889963
0.008624710364242743
0.008448547814221004
0.008461270479992929
0.00849530420692874
0.008462282266835916
0.008443003493167183
0.008063463433255468
0.007573587057599012
0.007231723939180749
0.0069977826317700245
0.006686748569670666
0.0066308399741852545
0.0063974586522398715
0.006272967445692484
0.006154222094822647
0.006224930574480334
0.007050032460777618
0.0068620113660221955
0.006953379536636332
0.006831719147682207
0.006635462053952032
0.006441778191270708
0.006333018587776467
0.006338721012292368
0.006249415940249292
0.006488751997325308
0.006478938168611917
0.006572243913045163
0.006580239635809533
0.006657739970695816
0.0068082381330376715
0.0069272578703520465
0.0068946016348887034
0.006905522432768783
0.006931402299605635
0.006631887591185827
0.0066332582432450495
0.006734916046716628
0.006678398101049046
0.006636736762411253
0.006641124803553425
0.0066185046103758305
0.0065550851824220085
0.00689731713986254
0.006888778695974349
0.006800372046773691
0.0067589032615786365
0.006740047923500424
0.006591446143848697
0.006402978953548412
0.006352585652134633
0.006500497354573817
0.0064853955326125
0.006227267806054585
0.0063772531790789394
0.006317903777614307
0.006357909660461586
0.00622653357261393
0.0061565108510545025
0.006022046659939461
0.00585712356171347
0.0059322617331957735
0.0055708462626636365
0.005593670977443341
0.005479855305508651
0.005573053529985496
0.005612519083759181
0.005776945166828508
0.005828023331294769
0.005698496754724836
0.006203383575906357
0.006114108850369232
0.006270207172765403
0.006403236370178474
0.006550944632625865
0.006721412722107203
0.006830246674298183
0.006712199332571058
0.00665036826514788
0.00707992840915232
0.007158669866052436
0.007105452539942661
0.006914964700537216
0.006838507384657758
0.006661617911489789
0.006423365399368807
0.006141083392460644
0.005960243582626857
0.005720173469943139
0.005481860743085538
0.005397188821761559
0.005249524273068176
0.0051028455799314535
0.005109455036405285
0.005019992947537789
0.004847458674283137
0.004743275994970979
0.0051040838333708816
0.004804724323050722
0.004840408839455059
0.004762207719384371
0.004872522662930096
0.005194939344987294
0.005508011138254504
0.005780009472383033
0.0059990313141783805
0.006688459714179446
0.007055150253515217
0.007435868526584876
0.007773690205082486
0.008004563246730243
0.008233206157384458
0.008162318031384301
0.008148090535103408
0.0081610312897042
0.008559730547470529
0.008480319075954437
0.00856552248015214
0.00846666799831728
0.008431927671100025
0.008135018616220837
0.007816383560202127
0.0075252306346678495
0.007192481281079044
0.0068223340022121595
0.006516440002013733
0.006422090948532575
0.006305730141674447
0.006337391294071917
0.006184685601366184
0.006330146190698755
0.0061766882812409225
0.006105190459233721
0.006680922251027984
0.006705204942091754
0.0067673277969050915
0.006880447325004146
0.007031632109655237
0.0071376313323817785
0.007141059750755993
0.007175642334847275
0.007216968255900361
0.00776604324400533
0.008072728273503813
0.008347609400369603
0.00849226410482743
0.008644991780183577
0.008646058440308243
0.008712014851834161
0.008669706392492238
0.008576848865609672
0.00883257087409181
0.008742372929529405
0.008743504432421324
0.008618879875379971
0.00840734046270395
0.00807917313167472
0.007665060512328905
0.007335320638878329
0.00700750215038282
0.006824450591569418
0.006296418693392973
0.006023639201629387
0.005562908216781384
0.00529615242101652
0.005066875888856312
0.004704121863452996
0.004375222124210494
0.004235321361651569
0.004367225158501731
0.003943844444310873
0.003999994727777102
0.003915414092087643
0.003826691598635785
0.0037941048377677753
0.003687813750697825
0.003643394598129154
0.0038571835761990834
0.0045089067806914655
0.004711353074668517
0.0050222153868731065
0.0051472666840542206
0.005201939962229722
0.005411289292194857
0.005511057489218611
0.005578293524329741
0.005610819849435841
0.005702596916975411
0.005455032581216713
0.0052635706246798334
0.005222305252753505
0.005194427265144377
0.0051618654408455075
0.0053159443125575705
0.005440985395624046
0.005303661259616588
0.005509121270121762
0.005456271416228489
0.005659669639142444
0.0057802432221076
0.005930148587014985
0.005962763557977318
0.005971282062890048
0.005899364590592285
0.00580432401396097
0.005949667147246333
0.00590327862463186
0.006045027401582465
0.006064148170596031
0.005986670093745517
0.006057351052263968
0.006057726901913056
0.00603356047091688
0.006043136967979829
0.006234017587626899
0.006159072970929792
0.0060292976398016755
0.0059879547367955345
0.005869638018941593
0.005639989846946568
0.005322301775174299
0.005126240965944628
0.004918250916050707
0.004503366663293207
0.0040499187212552756
0.0038063475749546276
0.0036444600451313253
0.00350559241930497
0.0035102219002273198
0.003506244066844553
0.003553864738535815
0.003537363256038372
0.004029531399272648
0.003717474590976735
0.003649943339192752
0.0035245272712152434
0.0034148133861275818
0.0033878407196272125
0.0034355056830567654
0.003541714306006701
0.003638884114969663
0.004203002113669726
0.004078763048182593
0.00420299968495265
0.004342590039514177
0.004643724042488462
0.004816473884858974
0.00498237071692273
0.005241590789700694
0.005493535960074807
0.006268601903067818
0.006415921230243921
0.006743027267523806
0.006892582867831565
0.006936437345996803
0.007104447506246742
0.007208876455831275
0.007422884100600928
0.007550686156227178
0.008022786469794532
0.008158905232357499
0.008332950575239915
0.00834999211808268
0.008221230168148325
0.008122959761817839
0.007978672887193497
0.007879724228200167
0.00781963422122452
0.008405933692047713
0.008386223057136296
0.00831410635533357
0.008382325436731562
0.008330066337440259
0.008374222343329317
0.008504746332387167
0.008616377415576675
0.00871362807397555
0.008597456016828224
0.008320760865490743
0.007988869636924066
0.007639487846269109
0.007332474729859391
0.00709375354177008
0.006780371099663033
0.006457665093005448
0.006209197382893158
0.006142605017228622
0.005945380882968182
0.00573383312754314
0.0055281863557199214
0.005351141320309244
0.005192270033626007
0.004954750681197249
0.004749724781740406
0.004575443527454287
0.004428047999149795
0.003863779119442882
0.0034930886148081732
0.0032064171696478557
0.002931009003015238
0.0027708263019798804
0.0024988148156118387
0.0024294194915771635
0.002426347811872697
0.0028745481738986934
0.002735137452553546
0.0029208472172346026
0.0032181408244989435
0.003417938395011634
0.0034681334186885053
0.003562460437217684
0.0036084048388610288
0.0035627412768519987
0.00407692010398277
0.0037485928155960202
0.003954220625280666
0.004111754963485985
0.004290150666388776
0.004389739576500921
0.004362658803313897
0.00441167786510423
0.004309896704498739
0.004139531919934845
0.003691228977682276
0.003493821973604983
0.0034195871948930192
0.0032503739203931558
0.0031043653737182287
0.0031446503734911227
0.0031371180026582403
0.0032569658410204205
0.003956087962533721
0.004061740319466303
0.004338773596239919
0.004659116515073558
0.004821717002273022
0.0051065247139744285
0.005135873469153716
0.005341557337970254
0.0053442335515947684
0.005217196770433912
0.004757043497292295
0.004538862642279784
0.0042727255523112495
0.004142713650000552
0.003970010162486813
0.003950783009386739
0.0038951345631170753
0.0038019930758318326
0.004511944848289034
0.004368503585508981
0.004206660290625799
0.004079301005769665
0.0038136948741393445
0.0037169210580148705
0.0037217337123511005
0.0037324598319394067
0.0037031022528418475
0.004421183695670543
0.004392040318439962
0.004512692868980787
0.004751965119848401
0.004809272216069365
0.004874657096448031
0.004896807144130311
0.004914592753148536
0.004887091716457274
0.0054209672395059165
0.005349001130830529
0.005445472039734797
0.005556774967723413
0.005401419111112655
0.005283472596612872
0.005294676681984003
0.0052164323932327875
0.005150441803077115
0.005764623923069701
0.005651458727246228
0.005739164304089032
0.0056760114734573765
0.005670204432197126
0.005639691882490139
0.0055210398810057555
0.005504923067977916
0.005327816697391584
0.005154587093690685
0.004906098632743009
0.0047268773762905135
0.004549004655655835
0.004433240806654307
0.004278540469762102
0.004129612287722859
0.004060961634404112
0.004041840435407487
0.004408170309485002
0.004255090077098636
0.004219832043994611
0.004163561650533012
0.004107658250190871
0.00421770694351288
0.0042523855962951435
0.004261791694166031
0.004230054739853754
0.004702841446534758
0.004558431301756525
0.004511037843593475
0.004567218616981575
0.004442085482252203
0.004390592586256064
0.004317900268540933
0.004228061994278849
0.0042415735833673885
0.003986455822116972
0.003498506229978545
0.0032423895669923004
0.0030499050789826528
0.0029547004534327776
0.002974995621795831
0.002944977286347307
0.002977055843900016
0.0030388552223198635
0.0037527800219774757
0.0035267677370054915
0.003570559029402533
0.00366063059556188
0.003654779511590035
0.0037403390794463077
0.0036620788868410056
0.003669155238392216
0.0035918537195365357
0.0039666822728680684
0.0038722085586437418
0.0038481011795355184
0.0038138490397275826
0.0037976122200863546
0.0037376399180125528
0.0036519392094059677
0.0037631030227404825
0.0038247355706677367
0.0035423146285683935
0.0031611941857660904
0.002976712967190648
0.002908459156614981
0.0029132339943358093
0.0029694720583911035
0.003031626077638902
0.0028750458912221123
0.002878591771068389
0.0033707763647699944
0.0031427863933634103
0.0034382683161708243
0.0036280744325479313
0.0037479532089839886
0.003832636791370329
0.0038839616562801505
0.003984075204830616
0.004064036722352745
0.004244503599039262
0.004246505228622103
0.004217332086579503
0.004301861367696404
0.004396144579147359
0.004574688654989242
0.004780349155460093
0.004727217282946516
0.004572208706632728
0.004637889294052078
0.00469805348250627
0.00467927371610658
0.004655673595288383
0.004510468209861212
0.004379338484326979
0.004222045965129499
0.0039354962039244296
0.003893600939156855
0.0038980537483082034
0.003777579369407587
0.00387073962944862
0.003895857363405105
0.003893802877074698
0.004042165381643381
0.004115054916778994
0.004237623614641882
0.004327649416542436
0.004534420653544969
0.004392894969048351
0.004359077062196139
0.00446308616969391
0.00438966084040818
0.004326382736156658
0.004252008152406246
0.004210548702646113
0.004134671871220907
0.004103708100811444
0.003930885080493718
0.0037964481311558705
0.00364302393693088
0.003572890415736019
0.0034241660999194926
0.0031544524565856867
0.0029535108741650423
0.00284150021366474
0.003425798169026075
0.003192242893588212
0.0033195344397101566
0.003411049573064059
0.003498985010291837
0.0034706096038110224
0.0035618347752609802
0.0036119438916167833
0.0036130651629836838
0.0038226329082183
0.0034541898017374875
0.0033371576561934658
0.003233340981418207
0.003160145110368642
0.0030345815410889234
0.0029614397062445695
0.0027968551822215894
0.002698816075266179
0.0033401054641980506
0.0034080692151091984
0.003430348499546919
0.003420724995122487
0.0034235238008970092
0.0035589364577913005
0.003795200656188835
0.004059698273206985
0.004324429283197828
0.004853566286567877
0.005001427111714729
0.005209075276886275
0.005450169139146638
0.005652043714143726
0.005769416249157904
0.0059457220786319825
0.006082195721126948
0.006260486017590882
0.006214136569731041
0.005968571366687038
0.005819946679694962
0.0057170675209538184
0.0055600040491725015
0.005397337394824145
0.0051600176985262414
0.004985726623474254
0.004780584601747843
0.004981581946366128
0.004601799680942475
0.004546325678484601
0.004387552763988616
0.004230754758255507
0.0041505473828611665
0.004079951254180965
0.003971396515963899
0.0038368449987116813
0.003707523097277047
0.0034203891135053096
0.0034148708186456235
0.003407307193097822
0.0033678128200030594
0.003386010006057684
0.003479219666402177
0.003541569047884919
0.0036872994107575393
0.004186373345050069
0.004323968663351864
0.004444578368522464
0.004506665024301338
0.004525668678634014
0.0043742968487378645
0.004324619923756844
0.004309798644464425
0.004163859135660076
0.004457927485519219
0.004302475936309518
0.0042475770121605935
0.004070948196784194
0.003995450801375103
0.003828018533685335
0.0037090838887444215
0.003730218844160403
0.003782811711015826
0.004480205649333199
0.0045898277938900825
0.004714407398476616
0.004839724167338288
0.0048543755696628344
0.004842246475607254
0.004973315542409098
0.004894262175617109
0.004792007674565493
0.004937086434993396
0.00489762703823512
0.0050324548910212165
0.005077623510874571
0.005148934379470316
0.005205696257239417
0.005208954100190827
0.0052152491455831835
0.005232419423292203
0.0052266090526864335
0.005081049899636949
0.005250535255554201
0.005225196771403732
0.00532017849978547
0.005294610077537863
0.005078283506626433
0.0049478036079661685
0.004733110081921497
0.00554398427370824
0.005816211624036969
0.006002016100493183
0.006205933109929258
0.006329068197771754
0.006425392197441921
0.006530507872850559
0.006609118968893514
0.006525796336771678
0.006401807198087054
0.006216294678196479
0.00609935003232544
0.005959921430063408
0.0059120746606752045
0.005885440102777729
0.005767818891938653
0.005647936877270877
0.005688453498249959
0.0056551908513858724
0.005448332088690324
0.005392700036719728
0.005365803222586711
0.005264632547811106
0.005062546787921299
0.004817320947451901
0.004684438560217734
0.004562822759162744
0.004997042743881077
0.004800276269583218
0.0047961001628480555
0.004622072174475959
0.004481311413604993
0.004468306753915586
0.004332421113357392
0.0041963986186563966
0.004089534041870263
0.0044967518872102595
0.004804702935757399
0.005026733990383143
0.005139739730880319
0.005296989073964126
0.005393376614990691
0.005554243172897666
0.005691200061442696
0.0058623068774984995
0.006507975374292426
0.006484411243419668
0.006584228854583951
0.0066908913344955285
0.006610757190934583
0.006618143734696492
0.006662578165580729
0.0066921986486777035
0.006641217240730991
0.006659105058541605
0.006620683874432507
0.0066642914216774405
0.00657848515164519
0.006614218015461695
0.006513889164052472
0.006367728059993979
0.006338691095809634
0.0062335805657879224
0.006620572978089098
0.006556111805524289
0.006577091882955921
0.0063543785342175495
0.006212673495226938
0.005994951994146963
0.005830685312430372
0.005705724811233637
0.005674910184105341
0.005636109896296931
0.005499797614343345
0.00536711093208599
0.005413748917406402
0.005450859049665043
0.005547424143209431
0.005626789313359445
0.005734368530587957
0.006012391079565498
0.0064160333182886175
0.0065252778399686965
0.0066040782604150985
0.006575593253998689
0.006456020586676631
0.0065328832625670364
0.006501088193712053
0.006433261877468579
0.006441360972405557
0.0068039893708504405
0.006857316083880607
0.006989286795121754
0.006998404611951522
0.006850531909125053
0.006658694407391944
0.006567862061284759
0.006515715267875382
0.0063676077971787605
0.006540890466011949
0.006463874264905563
0.006396035272544208
0.006339668757274608
0.006458713983391579
0.006516304529196664
0.006440700474734739
0.006356891147677531
0.006068558845456514
0.005505592273185493
0.0050132336384672745
0.004582142618052454
0.0041497694207526465
0.003869525242733263
0.0035997861188247137
0.003403522300195036
0.0031651861431471165
0.0030074094112575267
0.0031934069279084903
0.0030484675233957716
0.0030413814502680703
0.0030888975273822127
0.003021518901454904
0.0030642531714992097
0.0029341926743013586
0.002962961403749546
0.003041752342090461
0.003394488527748602
0.0033499369939095475
0.003386884957776137
0.0034095598187266858
0.0034182721484864644
0.003371276608021453
0.003420378721915151
0.0035430950193755537
0.0035708157267436906
0.003957613956652749
0.004020230361400001
0.004132407785570123
0.00420356202398097
0.004181155928392174
0.0041808911626841135
0.004140195643470138
0.004157817103381021
0.004115829421090942
0.0042560383173343855
0.004131669702419643
0.004173903792949572
0.004131619996946247
0.004174644463570166
0.0041185127215062275
0.0041078543500153485
0.0043665326220695445
0.004451797142873979
0.0047060714135709015
0.004684041609365199
0.004722465348010791
0.004746011443465491
0.004872251373809817
0.004972982126489321
0.005100262875905374
0.005128052924023269
0.005194717157959571
0.005845350401230048
0.005882446439890257
0.0061428119457774865
0.006278186122636464
0.006385972587807498
0.006461967727962214
0.006398079967082156
0.006494638326882433
0.00656014247454322
0.006942750125986479
0.006784470669089133
0.006847026842998456
0.006836391506879018
0.006827754976990064
0.006694276385200837
0.006434606427514479
0.00626468834489763
0.006030225743943274
0.0057351282149144785
0.005460311727086267
0.005312386409759927
0.005317365732882016
0.005253333540136084
0.005136514859888305
0.0051696530774022545
0.005137784968761558
0.005025094335687843
0.004994420673555713
0.004811302394325728
0.0047156321652338865
0.004625193741754988
0.004508469761044998
0.00435019045218221
0.004291992296705117
0.004313609120989462
0.004280581734427219
0.004574400331210945
0.004577153678355473
0.004678900208510828
0.004665904507947745
0.004734011891982828
0.004740082919207462
0.00473429589868077
0.0046912027580614905
0.004751832063216286
0.0050069049326752725
0.00511442610321424
0.005143234080607449
0.005205491020062699
0.005285735855163711
0.005318379361967016
0.005290060656748375
0.005262345452105581
0.005136788564844558
0.005017989405811148
0.0047068003817682565
0.004558581794767904
0.004414028954613488
0.004348005958557041
0.004225621338095003
0.00416414340842677
0.004039663856480973
0.0038629991617834844
0.003997726199027654
0.0037984436878605453
0.0037760334701753173
0.0038259691072659004
0.0037401370062542416
0.003633950320288211
0.0036776365321358347
0.0036347492534722506
0.003604242361050683
0.003961908605177781
0.0039904701723442815
0.004138996472907157
0.004155065146018929
0.004019964142685862
0.004062005337328966
0.003864220381129839
0.003665774386634949
0.003520864310811666
0.003501294749473812
0.0032678008651606987
0.0031392743082433103
0.00302792084848593
0.002996614638647915
0.0030525339649712653
0.002967745248587749
0.0028459994205561525
0.002762832399541769
0.002682757182769183
0.002358485831134691
0.0021543420946824343
0.002071761540453311
0.0020895853514786658
0.00208435255903947
0.002109875656609015
0.0021037109419472164
0.002213117546612759
0.002670389344063914
0.00247204695278373
0.002439864815709613
0.0024697138068155984
0.0024583016722086863
0.002472260573843661
0.0025132892074249975
0.0026272868052003816
0.0026813816653151364
0.002993112092398428
0.002842022901955555
0.002801202177124244
0.0028311216855053892
0.002948694163605118
0.002924916589685303
0.003038340671804353
0.003036573283542261
0.003128121655914512
0.003354654497491063
0.003211095586713436
0.003235355757418344
0.0032319485093806532
0.003167816345719456
0.0030439675650041904
0.0029286459682626395
0.0028347501001121755
0.0028694623762255734
0.002942484019279397
0.0029284043411618413
0.0029919902751864174
0.0030020283883492936
0.0031128060580204895
0.0031999067962010766
0.003238461321436097
0.003367873050644712
0.003447473538872258
0.0035803952759101776
0.0035514966088776036
0.0035248830747823885
0.0034773539263774026
0.003444145719833741
0.0033274986564156388
0.0032835312729513158
0.0033058856441748655
0.0032453587173236595
0.003218147361975175
0.003078904248280394
0.002964033396975523
0.0028260136593399156
0.0027562588363659684
0.002681436494521179
0.002506452118198502
0.0023942946847386837
0.002361940655536858
0.0025137821718744812
0.0025027481021296597
0.0024981877760330536
0.0024038508942766327
0.0023825612904197642
0.0024009804084488716
0.0024322806951968343
0.002383044930776407
0.002401497239708156
0.0029625072629217487
0.002894490740895719
0.0029278569520058847
0.0029196459652468423
0.003034148437857988
0.0031113300651698823
0.0032549933529505497
0.003303864961741605
0.003428476438279808
0.0034052214109998877
0.003221019852759622
0.003180462337529492
0.0030932541004753135
0.0029837658732429126
0.0028842573213234157
0.0028061065306984032
0.002688989672871068
0.002525697355209988
0.0027969758480708836
0.0027075207858819673
0.002694885412812865
0.002584058539462704
0.0024957523534618127
0.002523479111765323
0.0026018062694659113
0.00265703271482581
0.0026051423303315893
0.0031321824174998973
0.0031163153596209
0.0032723303249501557
0.003293714369900336
0.0034077954707506203
0.003381179720370376
0.0034315112836304507
0.003428068120767013
0.0033901373375196686
0.003397158850748563
0.003219927088557069
0.002969053697719264
0.0027933120492656133
0.0027361376137916417
0.0025838100314601853
0.002501236262849772
0.002383679566712036
0.002314045579766949
0.002805679779439201
0.0028045066957928283
0.002843741420382801
0.0028964695470171465
0.0029883485082913266
0.0030436161670015427
0.003103183383530668
0.0031707129858297104
0.0031555385872281765
0.0036565602463218953
0.0033931973061000183
0.003334152928309363
0.0033663376580030926
0.0033629879435475934
0.0032685268016824534
0.003085845360503483
0.0029813133766842326
0.002900504256978063
0.0032476894972449685
0.003213344407247614
0.003256129137880664
0.003226111522718882
0.003193075171610514
0.003000771277179314
0.0029217757604474122
0.0028245899749660595
0.002646402652470351
0.0029587171744386576
0.0029712243600133613
0.0031078172239387466
0.0032270458390880065
0.003350471458427837
0.003416766409007727
0.0034416106941914915
0.0035427501257053505
0.003612814067413228
0.0037371235018700795
0.0037380042820929654
0.0037479579154892748
0.0038241852475691712
0.0037948415965650857
0.0037825292601878827
0.0036496433086407303
0.0036607448824439457
0.003608227546735103
0.0037095474207714174
0.0034924886043931603
0.003446768779214818
0.0033825140572435026
0.003276080719225322
0.003131293408972313
0.003055535394211033
0.0029394443574413966
0.002748237959668006
0.003031507857926979
0.0028700826801103937
0.002774385808148078
0.0027415336740811997
0.0027562888262178497
0.002789758680415993
0.002823884612016539
0.0028397824696763862
0.0029012579305436915
0.0031577261700503787
0.0030599418389140607
0.003045782111073031
0.0030369788406781175
0.002921114437095433
0.00278203792695086
0.0027377180727405476
0.002687355035286721
0.0026625218775348457
0.0030552137138377417
0.0027984055435142756
0.0027538124028556633
0.002767424022302492
0.0027249199778115745
0.002660570018090837
0.00262237396842675
0.0025020323422157245
0.0023886855841545435
0.00278103072306111
0.002743814765620122
0.0028215760193967643
0.002839656867350578
0.002797400562666372
0.0027864678319978256
0.002602374331325638
0.0025090037415362847
0.002434373696785881
0.0029321020698808878
0.002794887434516824
0.0028240473299868747
0.0029542389301953644
0.003049137396350701
0.0030233107416105806
0.003024582154171224
0.0029085235395880905
0.002845946020811591
0.0030906231093111992
0.002920575104487167
0.002955792944068259
0.002999159083226049
0.003019637637181257
0.0030262491369026315
0.0030113914218405096
0.0031143352083180475
0.003117820673364161
0.0030874274325606767
0.0029355692345140105
0.002885108042207502
0.0027898283230939776
0.0027696525928759632
0.0027125244835801768
0.0026646784903237163
0.0026404927672377984
0.0025709061088755184
0.002374213193895667
0.002061634262795199
0.0020412529467324966
0.00197718466252221
0.0019859794108886323
0.0020557051039180566
0.0021539338965042023
0.0022623999827820714
0.0023547882727551254
0.0027711923462149764
0.0027989710051320588
0.0029079432569623547
0.0029451279386587988
0.002928698450703109
0.002892235933957045
0.002880197235806452
0.002873405979006398
0.0028356194165279464
0.0029718229584755986
0.002956036006150573
0.0030467286724677753
0.003134523194966003
0.003327314385617156
0.0034725877544578877
0.0035370328040606313
0.003538902678754697
0.0035956035026962294
0.0037987924222000276
0.0037880004607708786
0.0038890086024187132
0.003986123512678599
0.004077356363506388
0.004172936219671216
0.004153150660831799
0.004137618841449937
0.004077599258293823
0.004257207999888546
0.004126059137565763
0.004186141324869119
0.004207721901114069
0.00413520848410593
0.004088181456768637
0.004057631821094848
0.004059797358935207
0.0040087393026337305
0.004149241463415476
0.004101055312978132
0.0040663140051229165
0.0040488319064186
0.0039804837130808035
0.0038973570572481196
0.0037526354872783785
0.003660124203037031
0.003595646815375268
0.003522189510814988
0.0033784546877985108
0.003233260862218408
0.0031527163889410615
0.00305604100066604
0.002921185152106683
0.00282755259272595
0.002667565683294991
0.002571386218794443
0.002623460718263318
0.0026135532028186575
0.00255563502921025
0.002642041513893106
0.0026814149498475665
0.002691185314862691
0.002782064838892347
0.0028407427200859347
0.0028496194607201463
0.002924266024936255
0.0028894858566154815
0.0029544267803027894
0.002934174174523001
0.0029812963568201373
0.003053614448767836
0.0030545767038476523
0.0030667101016197884
0.002996516551002631
0.0033546018706754957
0.0034152655470724882
0.00345092821729892
0.0033601054816182964
0.0033415037139065927
0.00330957464323348
0.003253943374347841
0.0032076247649127482
0.0032042256447965575
0.003190251682883224
0.003080345999132159
0.0030384420808142174
0.0030296170813113115
0.002940019810167276
0.002967264665493221
0.0029833644499205367
0.002988409856090148
0.0029778970374604954
0.0035918551026113935
0.003712952470083758
0.0038807499664176466
0.003985739470202177
0.004053886875813225
0.0039874726164237945
0.003859172187878206
0.0037405608111290138
0.003666357371186513
0.003659570292409781
0.0035206298589694736
0.0034205381925824655
0.0035050212275481375
0.0035230164670121953
0.0035455768844954733
0.0035741904282036653
0.003601407896775734
0.003577706785785191
0.0036628693703734698
0.0035163092164293233
0.0034828281825231284
0.0033428736956154547
0.00325442734086871
0.003159502276354938
0.0030714080191871864
0.0030499609286725603
0.0029179421746641384
0.0030758397989159
0.0030087912873087816
0.0029658152202140433
0.0029514059279758947
0.0029076015592151517
0.00283669463438764
0.0027695702303531166
0.00274762775190962
0.002710445674076147
0.002790269064047722
0.0028035690406606724
0.0028320056422720384
0.0028195093913602966
0.0028707972607717853
0.002872832901951493
0.0028375085049571038
0.002838012179086323
0.0029001266660663013
0.003154938188874849
0.003086919956337647
0.003105769352393057
0.0031303825772576936
0.003089564109828448
0.0029754334482946223
0.002929200120713885
0.002819958276796435
0.0027272934286268788
0.002742271093131212
0.002532817097638824
0.002414902614258921
0.002279587234942811
0.0021952171467728805
0.0021200421895723703
0.002062646294818624
0.0019824153335550585
0.0019553719581342733
0.0020301206105018095
0.002038893076310575
0.002027789571456152
0.001965886369541513
0.0019575872535564287
0.002025220560259437
0.0020520321814801136
0.002168517631435778
0.002218515054318317
0.0024984762764817723
0.002497050436030598
0.002539958545854212
0.00260663883138795
0.002643684466589764
0.0026406187449943327
0.0026711568556348157
0.002646771322787237
0.002646416162851108
0.002707786028747174
0.0026068219683157835
0.002587862181657545
0.00252325525151104
0.0024550046246827606
0.002352822364927271
0.002303519528299731
0.0022525402446840767
0.002153277964561707
0.002211839684941954
0.002125960311693897
0.002089288820535326
0.002098070698282382
0.0021323042277350355
0.0021869766327982996
0.002209037430868355
0.0022526745634808996
0.00230035412706224
0.0022630217224809423
0.002165212184607658
0.002072177039205859
0.0020517672754669755
0.002039275983022517
0.0020504163685157273
0.002048963595724464
0.002006155537762965
0.0019661216839285175
0.002149021818446312
0.002007670052495683
0.00201955137993372
0.0019415639478784562
0.0019337201540390635
0.0019637723328814966
0.002051941439307654
0.0020767771863171034
0.0021743979182844656
0.0024549680340764744
0.002543285506713502
0.0026535067397473137
0.0027052959037894555
0.0027244323445282997
0.0027997199586654144
0.0028245391643065593
0.002825379769321264
0.002837606867786171
0.0028080876572551075
0.002740294343908137
0.0027796275860208428
0.002806219547135962
0.0027652434313244654
0.0027439682380639833
0.0027630774017948305
0.0027121782096447165
0.0026823340018080045
0.0027212480428137186
0.0025907757983706075
0.0024608526125436733
0.002406311184027335
0.0023134618801142833
0.00221873281161838
0.0022400273207200338
0.0022128558393518434
0.0022404422829617804
0.0022003069836589954
0.002141469939696925
0.0020477842261865794
0.0019746875948020615
0.0019805433372130027
0.001959028643166603
0.0019454359289243577
0.0019105610528477
0.0018571495389700606
0.0021040878973234986
0.0020710807103280896
0.002155588804220526
0.002182507459038865
0.002229598667042809
0.0022749421032795055
0.002330074476956743
0.0023544518789299406
0.0024048360431236726
0.0026195837784374373
0.002541917095564915
0.002531229050634037
0.002540769127118452
0.002558090527913374
0.0025746166062593384
0.0025489816398282885
0.002532362191123913
0.0025223033751915194
0.002524927996608683
0.002489928394985619
0.0024847878649124256
0.0024223318637721066
0.002421427159272031
0.0024178187405099775
0.002369160398193375
0.0023452905514003684
0.0023085049618507595
0.0023672360980876613
0.002341667801660236
0.002355894074657829
0.0023582183514151956
0.0023764116009358464
0.0024050433706818224
0.002340617541507938
0.0023099346433970683
0.002324382636984006
0.0024575553494104205
0.0024353765419522317
0.0023914161615268487
0.0024093408031871503
0.0024344485830860166
0.0024510422177089083
0.002469890571375805
0.002487890918940114
0.002479656001030956
0.0026245843466646593
0.0026822997670859386
0.0027381058495907933
0.0027845538086254517
0.002779282547222387
0.0027661853402883123
0.002708232600037647
0.0026801854653997316
0.0026476565215682465
0.002965222870933764
0.003024895706677416
0.0030899552456665116
0.003094715156623571
0.00314801158398612
0.0031745093897802197
0.0032336821766335666
0.0032636065766490498
0.0032488838015143242
0.003296735569111877
0.0033186747668934374
0.003402593283894071
0.00342252460396184
0.0034208717028405776
0.003419267511276601
0.003417399773745143
0.0034071291024910387
0.0033690332327012793
0.0033973831202610914
0.0033342803655950757
0.0033919134875043254
0.0033919098127461766
0.0033509609592961755
0.00329806964264255
0.003265775689447927
0.0032412150584075657
0.0032330860457146565
0.003282757813806146
0.0032358921273513454
0.0033077730703539206
0.003350263788846372
0.00337762147949704
0.0033746260854750952
0.0034262724792157697
0.0033873233306160777
0.0033843275516753425
0.003250520397054033
0.00307249241188431
0.0030097453851546875
0.0029848956282601162
0.0029121641199450128
0.0028869880168882677
0.0028286847743022683
0.002748741125754692
0.002712863842638009
0.0027903568398239455
0.0027073251998707966
0.0026426854920437435
0.002611216518362702
0.002524083801802422
0.002459103825166544
0.0024188431484674037
0.0024121652641962144
0.002418681748419955
0.002500617162741901
0.002475461159306557
0.0025016599004514654
0.002553127374606321
0.002605743872176381
0.002665196626023932
0.002735649020231416
0.0027747617351496913
0.0028508435961346833
0.0028758924037961165
0.0028457142025264267
0.0028773119025108937
0.002914520725993719
0.0029160006898001013
0.0029314284151812668
0.0029248505676481573
0.0029122267151378924
0.0029240389033910125
0.002925285299769398
0.0029178849139818064
0.002928370737563621
0.002935509043643323
0.0029141128644627422
0.00284030235625738
0.0027909712853038523
0.0027634557166660626
0.0027480198566988074
0.0028418463160520355
0.0028087985831144447
0.0027963033312085163
0.002764982023135486
0.002751455152109861
0.002737498479613799
0.002726366242955661
0.0026639228332405542
0.0025956818285334062
0.0026655956017417404
0.0026262109583361413
0.0026472675057905596
0.0026571868879348352
0.0026611070884261213
0.0026664689350557997
0.0026703807185847
0.0026710415894555186
0.002617535863110593
0.0026899782539228055
0.0026866539526421277
0.002735822356438589
0.002779704084601338
0.0028399642378499706
0.0028800814897899235
0.0028945183749079064
0.0029065796421940742
0.0029209629357223456
0.003009611571227359
0.0030606382103846746
0.0030781569929942626
0.0031115998267313596
0.0031160539714686275
0.0031248111472206084
0.0031022705395012174
0.0030617847260831933
0.0030224401634158966
0.0030844015810862734
0.0030532995395049912
0.003084493448775443
0.003053285485422112
0.0030445904327065197
0.0030279588434348045
0.0029787548077331413
0.0029508423230701934
0.0028822201318352576
0.0028333913108053387
0.0027188630360940806
0.0026292086967831993
0.002509290675405105
0.002444115405459094
0.002328039770050635
0.0022293365685166246
0.0021269157829539
0.0020268815185479896
0.001979758410151516
0.001874290462877113
0.001799718732129795
0.0017426276431078776
0.0017256459077132906
0.0016857586183301597
0.001647493483142134
0.0016155002716297308
0.0015912599465831875
0.001659110479458682
0.0016465316324659432
0.0016385643605890952
0.0016100280788773737
0.0015970394244628117
0.001538903781725862
0.001501864002771044
0.0014791869040959556
0.0014787677132482198
0.0014521187803304897
0.0013631217834970454
0.0012874139422656904
0.0011985553443227984
0.0011376372813963584
0.001073650380990789
0.000993775903024253
0.0009466001449799421
0.0008863590094302358
0.000843755958953896
0.0007278733523064598
0.0006712073346589212
0.0006705904332920679
0.0006500775797499749
0.0007006095896010427
0.000712099631186361
0.0007096316638496233
0.0007539777673742613
0.0009113441608347573
0.00082179159507559
0.0008203996483023994
0.0008189580860684097
0.0008421843311774039
0.0008758295244243301
0.0009096318234228512
0.0009213069177057922
0.0009641161191379983
0.0012263143109598783
0.001317758161487129
0.0014091649267537433
0.001457365238586586
0.0014948884521855034
0.0015735434438966247
0.0016071021097599969
0.0016651873317451971
0.001688828507703492
0.0018006203879455526
0.0017884744746817995
0.0018338961260631924
0.001890812193549281
0.001884294025202624
0.001846431000661921
0.0018121495969234919
0.0017689104941268172
0.001726459952262512
0.001816791920435465
0.0017777818885641855
0.001784830957628278
0.0017830944434692041
0.001744414673507214
0.0017277622649469312
0.0016600985611858283
0.0016297951058640043
0.0016362453299437222
0.0016924021016603656
0.0016524590977062916
0.0016124526697536912
0.0015777447837714478
0.001529220153442307
0.0015187757720233205
0.0014885870205140453
0.0014148675436364802
0.0013557220477388595
0.0014376622039212362
0.0013510321876714561
0.0013175697122868415
0.0012855549283043504
0.0012098689525808697
0.0011484916323673945
0.0011002356345666624
0.001081494577114996
0.0010528189215924173
0.0010516726991102161
0.0010020156910711116
0.000982185316975623
0.0009715868334464711
0.0009688888864262322
0.0009658889868300741
0.0009906939007014752
0.0010169431249177103
0.001034169306989187
0.001152399260940557
0.0011008952407131638
0.001103305990033625
0.0011133565199514298
0.0011070933940461204
0.0011036941129925642
0.001118351127218011
0.0011406600535308065
0.0011336631056547426
0.0011744532704172906
0.0011544629038231667
0.0011528007355037814
0.001135869941829915
0.0011078733181149598
0.0010761180917183476
0.001030943332596981
0.001007006215651688
0.0009729925449195416
0.0010859713584624074
0.0010898612082872782
0.0010945751556203146
0.001108736550330688
0.001140707665819728
0.0011414660409148345
0.0011413736513083026
0.0011487996742896916
0.0011437340413369853
0.0011928150155839983
0.0011876501174516824
0.0011918500548948677
0.0011783117435149157
0.001160533955468665
0.0011745419664905316
0.0012014278404267453
0.0012177688593991776
0.0012163021435004455
0.0012159239360821693
0.0011607803715373126
0.0011285096760123155
0.001117415045225446
0.0011089123070844157
0.001092733912668411
0.0010925007991585498
0.0010783585134885277
0.0010791217658986541
0.0011855565279713098
0.001186979829058725
0.0011856680119642356
0.0011838110112713
0.0011989440454626204
0.0012031281609070634
0.0011847858901373838
0.0011600960882264422
0.001125706606525853
0.001130493628827926
0.0010937818104820064
0.0010808712512714335
0.0010674359085514457
0.0010608945862217423
0.0010631264320074881
0.0010513734432912839
0.0010277107773862312
0.0010086301501888303
0.0009811599451411078
0.0009492802372474263
0.0009367150980197576
0.0009271218431523143
0.0009068980733849133
0.0008884417768285037
0.0008740817181758108
0.0008463269227510561
0.0008272893472503059
0.0007856067538920728
0.0007537450090405393
0.0007265645677921584
0.0007112185694625444
0.0006879778476656945
0.0006634988072830036
0.0006588130601428544
0.0006497848428936497
0.0006534215092492447
0.00063529446850082
0.0006330393565805807
0.0006567368458226997
0.0006448188963822567
0.000656648996489545
0.0006659965662846896
0.0006598955966488418
0.0006684148416363541
0.000680961411723865
0.0006742214786775284
0.0006511440436174846
0.0006359379806550308
0.0006317853968219636
0.0006143131611938013
0.000602643417578591
0.0006075223073218347
0.0006009238861608001
0.0006047720755435196
0.0006392698304864984
0.0006207517156601036
0.0006067887978838772
0.0005873684867448398
0.0005567287029234263
0.0005308238785764176
0.0005089723847273832
0.0004861322486252305
0.00048211900888370376
0.0005401192513782222
0.0005523257136496591
0.0005688515815776625
0.0005768953144368766
0.0005874541116664615
0.0005920561820672014
0.000597634841928871
0.0006027108746426629
0.0006097192746695079
0.0006082784945398363
0.0006055837660610277
0.000605857115555232
0.000592720365701692
0.0005745959849420013
0.0005712271830497379
0.0005542789909241936
0.000554669713384373
0.000532831171192854
0.0005404549002023121
0.0005320780866681568
0.0005308680985493971
0.0005380811299788376
0.0005320983434684918
0.0005206785693483082
0.0005216463923225492
0.0005147344188978487
0.0005093851141108576
0.0005183594872329794
0.0004970563338361912
0.0004813252925472578
0.00047202483556865916
0.00045560854197312955
0.00044982784906181497
0.0004403589437091576
0.0004259444749578317
0.00040764075662198676
0.0004147955224082242
0.00040106162601928613
0.00039773850344770753
0.00039497015755883666
0.0003864418454563354
0.00039155667517050776
0.00040481254325461653
0.0004054068686250258
0.0004040961765499286
0.0004342452649302307
0.00043656055997063936
0.00043242328280620654
0.00042446958656495434
0.0004160967598784049
0.0004215642189627247
0.0004289798262804126
0.00042100191992192916
0.0004222121369904222
0.00040923322252119565
0.00039675786182580616
0.00037928791639208246
0.0003665075985564853
0.00035758414381825774
0.0003533578238571785
0.0003498259774095605
0.0003434890111018327
0.00033440597302755075
0.00033889922640195733
0.00033436937059027
0.000339945199003055
0.0003396203660291904
0.0003434342003361831
0.00034413446981628777
0.00034733577161357793
0.00035316555896617414
0.0003563897599537632
0.0003756522894843546
0.00037789126878831397
0.00038139653891927405
0.0003825233968113524
0.0003877762006494773
0.00038597158646205815
0.0003912413971488483
0.0003893066380363115
0.0003902870827379468
0.0004036509146943313
0.0003983244240571085
0.0003964614748683393
0.0003932072717506626
0.00038941525112763886
0.00038670462810939775
0.0003795804308659291
0.0003745135480527296
0.000369615085671355
0.00036839358794227154
0.00036191111081542175
0.00035359999541331933
0.00034697677151221206
0.00033759582704451636
0.0003308215325384092
0.0003253917784938583
0.0003198430472611645
0.00031317770232687443
0.0003074841683134901
0.00029915311048480325
0.00029775569171660714
0.0002917874163372693
0.00028684457096242477
0.0002805634152466692
0.00027548819731875726
0.0002710434800831568
0.00026488845832669584
