4.540677253382043
4.537190693553688
4.53306498298757
4.5272430386588045
4.517671211437725
4.48512691765529
4.448852507133415
4.409412127536633
4.367933397270971
4.329871232990955
4.290687407227697
4.256095827392206
4.224211804346496
4.194995399630995
4.164170896533125
4.136574233276345
4.114453065134619
4.093336992328025
4.07182667954084
4.044645105494395
4.023735629600708
4.010216528727801
3.999353267724147
3.985448997639434
3.969756432258145
3.9534891592128414
3.947191608753644
3.9389324706987088
3.9346449755251705
3.9165538010311973
3.9058642384805298
3.9055704538796086
3.9089894567882113
3.9108508597734963
3.9004994879754102
3.8929729160382562
3.8981516480909955
3.909020459863608
3.9164886810344033
3.905668201567104
3.9006917341197918
3.912902478134032
3.9233518683888313
3.935934107769398
3.922508151507291
3.9157597703010576
3.9314096895306
3.946154968804678
3.959663780447322
3.9565175775252888
3.950783903961408
3.9589058974077096
3.971437638329224
3.9814253670682893
3.983347016204455
3.9666054908748065
3.976149293481881
3.991353255810301
3.9999736000013
3.9964453417134598
3.9823879516362855
3.982054634729618
4.003350498296591
4.01762206682476
4.007937599609226
3.9745899335586494
3.9776232257170103
3.9921302280797426
4.007751310387627
4.006103002776468
4.000448529208688
3.9990543385080946
4.0016235322277645
4.013152343967885
4.000946609184167
3.9838553854101963
3.9819502531962954
3.9969034832293673
4.013635937790231
4.012949131670196
3.9760673857936055
3.9897741297341964
4.01033729179878
4.028176786305142
4.000191433836729
3.971486782942189
3.9789328010371543
4.004903901297038
4.031846521509094
4.030141893900707
3.9903206773995974
4.010792996391729
4.028157832459922
4.046557683861776
4.072298359517619
4.0002717169097
4.007466867324708
4.032843764536922
4.064724402967414
4.064797916809949
4.018050829880574
4.026034731025982
4.0499167113887165
4.073305621006492
4.058468280198484
4.033339001435618
4.04244645944879
4.064841239884739
4.116392178885308
4.098292339776377
4.067278433610908
4.08990228480481
4.108328536205365
4.131777962743239
4.142521408368177
4.0888504817796685
4.110481557637831
4.151414146391919
4.187521763075852
4.191283289044515
4.17015895777679
4.179274674251094
4.200727448579572
4.225604235047176
4.233244259286437
4.201509159310318
4.236613711428248
4.257827261153119
4.285418779794767
4.222282438287634
4.208888432793184
4.254566252082892
4.317783824355258
4.340148549408071
4.363257754424234
4.329995786830977
4.3664597358050585
4.37387028313254
4.390964891521728
4.395150712854119
4.359884511513378
4.379010565956403
4.401727020222669
4.422164951524187
4.421245419261764
4.406737469206771
4.450935534723174
4.476794401142429
4.493891717223793
4.461473601896684
4.438830796857561
4.461059460378611
4.488529945180064
4.5078045165388545
4.526942755596664
4.503833550580502
4.523434398846307
4.541869856400253
4.5450646623968165
4.535219358266124
4.533764244491606
4.552356206653233
4.573554187148101
4.583739171262072
4.561872390800128
4.565735996763767
4.589817127885926
4.618573901854823
4.635322602568733
4.632781975001503
4.6279720306229155
4.642767131433002
4.6555360661889935
4.687485480000715
4.670744902363328
4.67358148068522
4.686267830829891
4.710614045015924
4.735150068423382
4.73432341000254
4.737051951406674
4.751483950696175
4.771584232783546
4.788311813498495
4.804114175797456
4.806105954160937
4.814362519908307
4.819814999639878
4.834215318930938
4.837197029553376
4.839444955596556
4.853778124121693
4.864029446693935
4.886829027109956
4.868801212612864
4.873064744710659
4.880352227428814
4.89371793754004
4.9089473521749
4.911823462802538
4.918902182454047
4.927246206658648
4.9357789570078054
4.941138021359359
4.947026439531006
4.949048273277624
4.958203522057673
4.962974204899732
4.968006992344272
4.960038525044257
4.964403324829375
4.968688518464566
4.972220161367623
4.980287459432002
4.9868750037230765
4.992325588070125
4.994732997182375
4.998073477017921
4.999287064650483
4.992836529583433
4.995999926350773
4.9972080985989855
5.000828553805364
5.0025517291051464
5.002707962943608
5.005034141290627
5.006030030472368
5.006873205815473
5.007831728845208
5.010059347197078
5.010780676392336
5.012228479397983
5.014066190076742
5.015521574620476
5.014688146969199
5.015009279261082
5.0167392237912996
5.017908946810636
5.020176639006689
5.021820749694978
5.023861808056034
5.025288491062721
5.02608049102373
5.027941217085971
5.03166510613341
5.031868453815706
5.033978287557992
5.034912712127374
5.0352828536476135
5.035529795173918
5.034334890617359
5.0342975244653525
5.035124182886194
5.036002016689132
5.035857155157801
5.036203198217688
5.037460108925041
5.039071727307238
5.040054078028107
5.0419814133178384
5.0439220162992235
5.045500600836894
5.047678939191191
5.049004625279772
5.049794729856259
5.0501456467620605
5.0514142005457625
5.052597191256753
5.053192612765902
5.053335849681927
5.054498803470828
5.054931763449513
5.055339541890977
5.05604760339458
5.056437781836909
5.057885314073339
5.0588148647968065
5.05889582479282
5.058651590958691
5.058231898671661
5.058328563282286
5.058684895572435
5.060942027769007
5.062583972303559
5.06400794761807
5.0637493630154164
5.065758741378032
5.066423750576062
5.067496538215555
5.0681347412610585
5.06814096895306
5.069333707355879
5.070283836539873
5.071751947236827
5.070239430388213
5.070131664239672
5.070544316527049
5.071440291867555
5.071993744148001
5.070433030378682
5.07072816882569
5.071165461111854
5.0727529810337
5.074380304030508
5.075390002442338
5.075790470114931
5.076705399300657
5.078189214612223
5.079860943760692
5.0817771775125085
5.082108599034653
5.083487085120636
5.083853706641048
5.083713989724849
5.083509558965684
5.0847978789022585
5.085678149628153
5.085713078857202
5.0857813126999964
5.085600438862748
5.084829017362264
5.084882358898099
5.085031823506126
5.085065669658306
5.088526912564829
5.088635491021021
5.089580475589884
5.089895380189766
5.090541164773358
5.089873177113936
5.09048484477613
5.0903700386279365
5.090955712445258
5.091578752414584
5.093273496946535
5.094090136906331
5.095716106057053
5.096470739866056
5.09725272136602
5.096970579841448
5.0969413367659655
5.097847872105951
5.098755490522807
5.098355564388649
5.096840069078643
5.0969532506115325
5.098441668999795
5.099204967423756
5.101340524241698
5.103522924134255
5.105504954805911
5.105959847091208
5.107256290104306
5.108065348526013
5.108109754677674
5.108668622342467
5.10888821617781
5.1087132992633455
5.109240486929699
5.107136339340981
5.108616093114285
5.1090439084778385
5.1101115515022
5.110900302232601
5.110783600699884
5.11186667756964
5.112879354442862
5.113832462088248
5.114473102056708
5.114298455911461
5.115287846631983
5.116667686564052
5.11765112036179
5.1181062834163065
5.116724277330497
5.117080609620647
5.118176141874406
5.118790787997992
5.120261335617903
5.120300326385214
5.1212325848008575
5.121457323251332
5.123223550856686
5.123415255462634
5.122738873957471
5.124172055425376
5.1240962400444925
5.124241101575823
5.1249759692319525
5.124553027714312
5.125050159997531
5.126432436852557
5.127591058333978
5.127681495252604
5.128644350589816
5.1296145166959
5.130210479743484
5.1314010519925635
5.131950984273182
5.133219808826102
5.133729667262539
5.135196424113406
5.13593291638484
5.138052768588171
5.137275119395687
5.13806982704887
5.138276423961776
5.1385991808689635
5.139029433155474
5.136977002487286
5.137244522474116
5.137734073219246
5.139596153127574
5.1407907869149145
5.14450465750131
5.144972275939827
5.146669457394735
5.146390023562337
5.146848706616678
5.14681161123389
5.146835980463459
5.147001691224532
5.148300841929805
5.148771168060496
5.150162651068916
5.151104386407169
5.152448484802536
5.154012718571682
5.154802552378952
5.15215849097066
5.151448534082533
5.15166244176431
5.151733112530062
5.151422269468442
5.152374294036958
5.152186380200055
5.152541900182553
5.153036324773597
5.15406254010769
5.155711795411111
5.156483487680813
5.157551401474392
5.158183376827895
5.157416287634891
5.156661653825887
5.155777321561732
5.1558182077135655
5.156965727657072
5.15737404763697
5.158273001438868
5.157977862991859
5.1585600168093535
5.159075019860921
5.159929296741943
5.1589629214049015
5.1588949583313255
5.159312484464616
5.15996016443273
5.160682305935641
5.159905469050807
5.160260989033305
5.161485407434565
5.161627832042937
5.162541678151794
5.163465001183262
5.1636399180977275
5.164142194996076
5.164037678078145
5.164815868809065
5.161819536648885
5.161133407451894
5.161121764375544
5.161693628962775
5.161832804340539
5.163219955041479
5.163378355033681
5.16415871191834
5.164763881119317
5.165866724141946
5.1668772348614285
5.167102785619555
5.167439893295267
5.167498650215451
5.167588274826423
5.16677975794315
5.1663140348891545
5.165692890304349
5.166319991811939
5.166245259507925
5.165830441066809
5.166052742594326
5.165844521066116
5.165710490303484
5.166464041035616
5.166262859507059
5.166686071793917
5.166728311791838
5.166543376416326
5.166775154866453
5.165085284180417
5.164844841115331
5.1651789703296505
5.164999991876924
5.16520442263609
5.164718933429222
5.16479420727167
5.164665591893386
5.165418059548649
5.165578896463808
5.1650270687986675
5.165104779564072
5.165394231857515
5.165700471842438
5.1670128902393655
5.166190564126003
5.166899167168041
5.167513813291627
5.168719548616884
5.169240237822019
5.170018157783721
5.169320656279599
5.169724914721234
5.169268397820632
5.169168754748615
5.168866576301953
5.169071277830337
5.169036890139722
5.16943789935075
5.1695749085747735
5.170123216240087
5.169939363941447
5.1709555608144955
5.170835880820388
5.171288065413511
5.171825813079344
5.171522280786595
5.171770034620552
5.171844496155348
5.171780053081598
5.169590883958603
5.168825148611685
5.168990047065106
5.16981210240925
5.170269702386722
5.169530502423113
5.169184459363226
5.169596028573734
5.1701822439294896
5.170506896221198
5.171105566960957
5.170395610072831
5.170786330053597
5.171008090042678
5.171046810040773
5.169850822407344
5.169796127025421
5.169388348583958
5.169815893178294
5.170681542366447
5.1695781578053825
5.168972176296754
5.169901185481788
5.169921222403878
5.170980471582499
5.171848828462827
5.1716576653953155
5.171484102326937
5.171489246942068
5.171521197709726
5.172055966914169
5.171603240782609
5.171105837730174
5.170687228520014
5.170737591594458
5.171046539271555
5.1708737885108285
5.171416680791794
5.171244471569503
5.172220053059936
5.170388570073178
5.170793640822467
5.170590022370953
5.170303277769685
5.170392902380657
5.1702372100806295
5.170586773140343
5.170515290066939
5.170658526982965
5.172049197683732
5.172716373035502
5.173208089934371
5.173004200713639
5.172816286876737
5.17279056380108
5.171607302320871
5.170810699283166
5.170455179300668
5.170674231597577
5.170060939320077
5.169676988569748
5.1692786870508955
5.169423548582225
5.169639893186959
5.169779068564723
5.171238243877502
5.171954969996063
5.17202618230025
5.171823376156388
5.171000237735372
5.170647154675832
5.170449222377885
5.169838637792559
5.169284914742897
5.169852447022649
5.168376754787606
5.168666207081048
5.168753665538281
5.169030662447721
5.169038785524244
5.168729025539494
5.168292004022548
5.168595807084515
5.168648336312698
5.168635610159478
5.167961394808055
5.167718785589229
5.167332127146726
5.167445308679616
5.16801473634389
5.168565210162944
5.1684926440126695
5.168441197861357
5.168519450165196
5.168503745550584
5.167324545608638
5.167485653293014
5.167062711775374
5.166478933342575
5.166709357946616
5.167789997893416
5.167795142508547
5.1678292594299435
5.167280410226195
5.1674490994486595
5.1676838563601795
5.1680488532652875
5.167935942501615
5.168183425566355
5.168362404019081
5.167681960975657
5.167648656361912
5.167994157883364
5.167945690193443
5.16823460094845
5.168131708645824
5.168189382489138
5.168021234805108
5.16798305634545
5.167761567125584
5.165828004143852
5.165562108772327
5.164633370356511
5.16500351187675
5.165033296490669
5.165473025699789
5.165602994924161
5.165083388795894
5.164626330356858
5.164811807270803
5.163628816559813
5.163015524282313
5.162958391977433
5.1630842996635415
5.1635096781041385
5.163263548885487
5.162289862779575
5.162236250474523
5.162822195061061
5.1626480904542476
5.163288188884273
5.1627385273728725
5.162296361240795
5.16312572735381
5.162812447369234
5.1629064042876855
5.161687942809209
5.161177272065119
5.161350293595062
5.161377641286023
5.161615105889718
5.161821973571842
5.162114404326676
5.162216213552433
5.162740151988178
5.161375475132284
5.160749185932348
5.160854785927149
5.160705862857558
5.1603660474896715
5.158671844496155
5.158199081442508
5.158512361427084
5.15809293990927
5.157957284531333
5.156609936905356
5.15664242921145
5.15678620766591
5.157643192239105
5.158022810681954
5.158273542977303
5.158929887560375
5.158479869120992
5.157965407607857
5.157923167609937
5.157225666105814
5.157123315341622
5.15700715534734
5.156978183041074
5.156993887655686
5.157397333789669
5.157310958409306
5.157043438422477
5.157395438405148
5.1572267491826835
5.157989506068209
5.157936164532373
5.157987610683687
5.157821087614963
5.158278416823217
5.158441419892115
5.158833764488184
5.1583404229740095
5.158197456827202
5.158353419896447
5.15769653377494
5.157270072257473
5.157120607649447
5.15709380149692
5.157102195342661
5.155957924629764
5.155053826212734
5.154746503150941
5.154190343178321
5.154047647800731
5.153230195533283
5.152316349424426
5.1523924355745265
5.1528383924756485
5.153073149387168
5.15227790019555
5.1520187740544605
5.1519703063645395
5.152143869432917
5.152190712507534
5.151472903312103
5.151533826386027
5.151759106374936
5.151828423294601
5.152382687882699
5.15144474331349
5.151254934092065
5.151175327942138
5.150502737206019
5.150638392583956
5.150766737193022
5.150936780261574
5.150732349502407
5.150715020272491
5.150561494126203
5.150057321843332
5.14968311878483
5.14979846647146
5.149448903411747
5.149623008018559
5.148936337283134
5.1488031188281544
5.149037875739674
5.149193838808919
5.149289961881109
5.150050281843678
5.150258774141106
5.15078596180746
5.150846884881384
5.150685235658573
5.150361124905299
5.150254712602845
5.149402331106346
5.149540152638023
5.148849961902771
5.148403192693997
5.147491783508097
5.147447106587219
5.1474774327395725
5.147222638905962
5.146693826624304
5.1463800051012925
5.146015278965402
5.1457209528260455
5.145846589742937
5.14555659591106
5.145786478976666
5.146152288189426
5.145945420507303
5.146128731267509
5.145157482084555
5.145240337465092
5.145333482075889
5.145373826689289
5.145086269780368
5.144131537519678
5.144177297517425
5.144206540592909
5.144171611363859
5.1441518452109865
5.143900029838768
5.143689912926035
5.143564817547578
5.143544780625488
5.143124276030806
5.142635537593327
5.142223156075168
5.14244599914112
5.142145986848197
5.142099414542798
5.142007894547303
5.141920165320853
5.141617174566539
5.1416209653355835
5.141285482275176
5.141146848435847
5.141089986900186
5.1406803130742
5.141187193049246
5.141184485357072
5.141293334582482
5.140963537675641
5.140800263837525
5.1407268853796
5.140109802333056
5.139181876224892
5.138444030107371
5.138064411664521
5.137682627067932
5.137835340906568
5.138406934724582
5.138037334742777
5.1376246824554
5.137305987086474
5.137160854785927
5.136772300958902
5.136607402505482
5.136186085603146
5.135538405635032
5.135268990263681
5.135948620999453
5.135414122564228
5.134838196438735
5.1347158087524525
5.134650824140267
5.134848756438215
5.1348514641303895
5.134699021060971
5.134165876471833
5.133928953406574
5.134301802618988
5.134013704171633
5.133879673409001
5.1335073657350225
5.133112042677561
5.134056214938771
5.134305322618815
5.133914873407267
5.133608362653126
5.133092276524687
5.132382590405781
5.1322409781050595
5.132346848869078
5.132422122711526
5.132195218107312
5.131982122733188
5.1322807811800235
5.131806122741852
5.131757655051931
5.1315453719854585
5.131346356610641
5.130591722801638
5.1304059751184745
5.1298706643755985
5.129647550540428
5.129119550566422
5.128559329055541
5.1279322275479515
5.127825273707064
5.127607575256242
5.126266455322266
5.125984313797695
5.125454689208384
5.125193667682773
5.124929126157335
5.125142763069895
5.1248554769301915
5.1246012246350165
5.124398689260373
5.124397064645068
5.124910984619767
5.125213163066428
5.124882824621153
5.1245292000231775
5.124414664644201
5.12403829543196
5.1233952185405425
5.123092227786229
5.12259509550301
5.122748621649299
5.1229933970218635
5.122481372431686
5.122171612446936
5.121906800152281
5.121474110942813
5.120684277135544
5.120215034081721
5.120106726394745
5.1200371387058645
5.120068547935087
5.1195914525739585
5.1191324987504
5.119207772592848
5.119181237209538
5.119258135667291
5.119447674119499
5.119392166429924
5.119354258739483
5.119106504905526
5.118859021840787
5.118452868014629
5.117876671119918
5.117747514203199
5.1173879326824405
5.1167762650202455
5.116214689663277
5.1156078958469955
5.115633077384218
5.1159674773677555
5.11607172351647
5.116186258895445
5.116029754287766
5.116005655827414
5.115623871230825
5.115158960484482
5.1150866651034255
5.115379366627478
5.115578923540729
5.115238295865192
5.114877631267563
5.113747169784755
5.113751772861451
5.113729299016404
5.113617742098819
5.113493188258797
5.112204326783787
5.111808191418674
5.111649249888037
5.111520634509754
5.111250136061532
5.110604622247157
5.110398296103469
5.110413729948862
5.1100400684287965
5.110023009968097
5.109434357689386
5.109005730018179
5.108649668497247
5.108599576192021
5.1083956869712885
5.108111108523761
5.107847650075193
5.107606394702454
5.107411170096681
5.106987957809824
5.106570973214968
5.106563391676879
5.106530087063135
5.10660779782854
5.106631354750457
5.106635957827153
5.106604277828712
5.1064131147612
5.106077631700794
5.105813090175356
5.1050248809833905
5.104941754833637
5.104360684093013
5.104365557938927
5.104477927164163
5.105023527137304
5.105112880979059
5.10495718867903
5.1049742471397295
5.104978579447208
5.104370702554057
5.10394342872894
5.1041256564122754
5.104235588714555
5.103620671821751
5.1026480687927105
5.1024950841848575
5.1020234042080785
5.101883958061098
5.101826554987
5.0999406473875375
5.0996187027880024
5.099456512026756
5.099212278192626
5.099089348967909
5.099125361273828
5.098854321287172
5.099066604353644
5.099005139741285
5.09887462897848
5.098686985910795
5.098308179775597
5.097905004410831
5.097460401355796
5.097301189055941
5.097630715193565
5.097252450596802
5.09692184138231
5.096836549078816
5.09666379831809
5.096665152164177
5.096695207547313
5.096644302934434
5.097031232146154
5.097071305990336
5.096850629078123
5.096323712180986
5.096210801417314
5.095992832197275
5.095866112203515
5.096276327567935
5.096030198349283
5.095963047583357
5.095673324520698
5.0956373122147784
5.095560684526243
5.095566912218244
5.095352462998033
5.094895675328213
5.094791699948717
5.094514161500841
5.094258826128796
5.09425638920584
5.094238789206706
5.094411810736649
5.094138604596253
5.09438852458395
5.094123712289294
5.093956376912917
5.093765213845405
5.0939195522993455
5.09367369384991
5.093347416942897
5.092949927731697
5.09258790928798
5.091915860090296
5.09154544780084
5.090856881680892
5.0904098417029005
5.090068672488927
5.089612155588325
5.088910051007505
5.088817718704359
5.088667171019463
5.088644697174415
5.08810911566232
5.088344143343058
5.088258580270347
5.088206051042164
5.088081767971358
5.088340352574013
5.088163269505808
5.087891146442282
5.087671552606939
5.087484451077689
5.087274334164956
5.087023060331172
5.0866567095799775
5.086282235752259
5.085942149615155
5.085245460418685
5.0850873311957
5.084888857359317
5.084761595827121
5.084560685067782
5.083614346652832
5.083395294355924
5.083119651292571
5.0827722543865965
5.082576488242388
5.082225300567369
5.082186309800059
5.0822123036449325
5.082414297481142
5.082225029798153
5.082539934398034
5.082879478996702
5.082746802080157
5.082934986686277
5.082704562082236
5.0821530051863135
5.081951282119322
5.081619860597176
5.08145442060532
5.081164697542661
5.081238617539022
5.081182026772577
5.081140599082309
5.0808747037107835
5.080569817571948
5.079792168379463
5.079162629948916
5.079044033031678
5.079001251495323
5.078812525350768
5.078684722280137
5.078540131518024
5.078214125380228
5.077933879240178
5.077591626949335
5.077555073104981
5.0771667900471735
5.076889251599298
5.076737350068315
5.0765507900774995
5.0765283162324515
5.076364230086684
5.076327947011547
5.076206913171352
5.076291122397976
5.075640463968469
5.0755611285877595
5.075505620898185
5.075610408585334
5.075617719354204
5.075639922430034
5.0757097808881335
5.075562482433847
5.07527248860197
5.075144414762121
5.074421190182342
5.074150150195685
5.073770531752835
5.073527380995575
5.073550937917492
5.072982593330087
5.072768414879093
5.072483836431565
5.072426433357467
5.072327061054668
5.071829116463798
5.071769005697526
5.071758716467263
5.071605461090193
5.071444624175034
5.071246150338651
5.071177916495856
5.071130261113587
5.071004082658261
5.0707203165183845
5.07007263655027
5.0697360704129935
5.069476673502686
5.069335331971184
5.06904696275461
5.068905350453891
5.068558224317133
5.0683467535583135
5.068179418181936
5.067954138193027
5.067941682809025
5.067673079745325
5.06756152282774
5.067403122835539
5.0674949136002505
5.067825252045527
5.067853141274922
5.067759455125689
5.0676898674368065
5.067546088982347
5.06745267360233
5.067415848988758
5.0672569074581215
5.067200858230112
5.067018630546775
5.066876747476837
5.066849129016658
5.066750027483076
5.066593793644613
5.066500107495379
5.066242605969595
5.066036009056689
5.065718667533851
5.0653647721666575
5.065058261412517
5.064388919907007
5.064104882997913
5.0639722060813686
5.063669486096272
5.063623726098524
5.063259270731852
5.063193203042797
5.0631117015083476
5.062911603056659
5.06272856306567
5.062312120009249
5.06212285232626
5.061936021566227
5.06172103080758
5.061654150810872
5.061980156948669
5.0620359354074616
5.062019147715981
5.0618991969526554
5.061866704646562
5.0617248215766235
5.061582938506686
5.061466507743187
5.061431578514138
5.061260993907151
5.060570261633464
5.060501486252234
5.06021961549688
5.060167357037915
5.060034680121369
5.059844600130727
5.0598012770559375
5.059748206289319
5.05979044628724
5.059642877063736
5.059347738616727
5.059274630928018
5.05916659401026
5.059011714017885
5.058825424796287
5.058543283271716
5.058436058661609
5.058193178673567
5.058028280220146
5.057810581769325
5.057937572532304
5.057804354077325
5.057796501770018
5.0575387294750165
5.057412009481254
5.057429338711171
5.0573169694859335
5.0570778802669345
5.056963886426393
5.056795197203929
5.056567480292063
5.056300772612885
5.056296169536189
5.056120981852506
5.055990200320482
5.055745424947918
5.0554979418831785
5.0552780772786186
5.0552190495892155
5.055001621907612
5.0548410557616705
5.054699443460951
5.054677240385121
5.054650163463377
5.054623628080067
5.054498261932393
5.054142471180678
5.054164403487292
5.053946434267252
5.05378911735192
5.053866015809673
5.053762852737829
5.053564378901446
5.053450385060904
5.053418705062464
5.053669437357812
5.053633154282675
5.053727111201127
5.053604181976409
5.053502914289087
5.053395960448199
5.053269511223656
5.053185572766249
5.052924551240638
5.052766422017653
5.052761548171739
5.052590963564752
5.052523000491176
5.052415505111853
5.052313966655312
5.052182914354072
5.051957634365163
5.051856637447058
5.051680366686504
5.051515739002302
5.051387123624019
5.051203271325377
5.051049474409872
5.0508488344197495
5.050722655964423
5.050638988276235
5.050607308277794
5.050455135977593
5.050296194446957
5.05023554214225
5.049858902160793
5.049567825252046
5.049455726796026
5.049355812954791
5.049348231416703
5.0494402929506315
5.049440834489067
5.04947116064142
5.049489572948206
5.049440834489067
5.04958434217431
5.049537228330475
5.04941402833654
5.049304908341912
5.049287037573562
5.049171689886933
5.048921769899236
5.048750643753815
5.048513720688556
5.048316059159825
5.0480918622477855
5.04782813303
5.047638594577792
5.047538139198123
5.047529474583165
5.047638323808575
5.04762397304005
5.047652403807882
5.047590668426306
5.047527037660208
5.047427665357407
5.047396256128184
5.047268182288336
5.0471032838349155
5.046938114612278
5.046951111534714
5.046896957691226
5.046797856157644
5.046702274623888
5.046586114629607
5.046528440786291
5.0464269023297526
5.046422028483839
5.0463860161779195
5.046318594642777
5.046298557720686
5.0462546931074606
5.046268502337551
5.046272563875812
5.046215160801715
5.046146656189704
5.046112810037522
5.045978779274891
5.045932748507926
5.045875886972264
5.04569555467345
5.045569376218123
5.0454545700699285
5.045327308537733
5.045236871619108
5.045040563936465
5.044892182405308
5.044719973183017
5.044592170112385
5.0445864839588195
5.044481425502452
5.044499567040021
5.044532059346114
5.044491173194281
5.04448494550228
5.0445038993475
5.044482237810105
5.044469511656885
5.044381240892001
5.044398570121917
5.044234213206931
5.044268871666763
5.044214717823276
5.044147296288132
5.044050631677507
5.04385161630269
5.043767407076066
5.043650164004915
5.043621733237083
5.043563517855334
5.043508010165759
5.043461979398796
5.043424342477571
5.043412699401221
5.0433092655601595
5.043297622483809
5.043295997868505
5.043250508639975
5.043179025566571
5.043191480950573
5.042976760961144
5.042841105583207
5.042742545588059
5.042614200978993
5.042524847137239
5.042446324064181
5.042320145608855
5.042277093303282
5.042190176384484
5.042100551773512
5.0421159856189055
5.042123837926211
5.042144957925171
5.042069142544289
5.041984933317665
5.04196002254966
5.041927259474351
5.0418403425555525
5.041846299478336
5.041793499480935
5.041741782560405
5.041762902559364
5.041633204104212
5.041578779491506
5.041525437955671
5.041554139492719
5.041500797956884
5.041473179496705
5.041418484114782
5.041377868732166
5.041238422585185
5.041139050282386
5.041054570286544
5.040993105674186
5.04096927798305
5.040917290293303
5.040813856452241
5.040808441067892
5.040716108764745
5.040700133380916
5.040712317995702
5.040664933382649
5.040671702613086
5.040637856460906
5.040591013386289
5.040576121079329
5.040512761082448
5.040476748776529
5.04042069954852
5.040377376473729
5.040298311862237
5.0402701518636235
5.040214102635613
5.040167259560997
5.04013097648586
5.040099838025855
5.040036207259756
5.039979887262529
5.039922213419214
5.039893241112948
5.0398642688066815
5.03979684727154
5.0397898072718865
5.03977681034945
5.039747025735531
5.039663899585777
5.03963086574125
5.039593228820026
5.039591874973938
5.039568318052021
5.039578065743849
5.039594311896895
5.039620576510987
5.039585105743503
5.039569942667326
5.039523911900361
5.0395022503629665
5.039487628825224
5.039470570364526
5.039448638057913
5.039442951904347
5.03943320421252
5.0394313088279965
5.039416958059473
5.039413167290428
5.0393785088305965
5.0393785088305965
5.039372551907813
5.039353868831809
5.039343038063112
