1.8857827476031548
1.610722263588531
1.3389846928889928
1.246786486179049
1.3463480507280732
1.450178607086607
1.2733416667098791
1.278993180109097
1.155378061389446
1.3427906882809169
1.2048658282332465
1.1819746448852306
1.1288154587218495
1.1708161080761903
1.1450822907446783
1.207813477431259
1.2414457658456766
1.2312964442266452
1.22246633538848
1.4504118495790144
1.4506474772429523
1.4152163630496326
1.3162196134665094
1.3840694875705046
1.2518101671052424
1.1916940461967354
1.2118044552547529
1.2825554087430717
1.4239491417004773
1.266960374941292
1.4601836679750975
1.4492099167172252
1.695900712919494
1.5399403503574878
1.39554168600585
1.520082606613272
1.4891102463184915
1.5613779595962738
1.458284885216553
1.5519963182654959
1.4798405529907581
1.362366262624874
1.2798616508188643
1.289877564781462
1.488569271362751
1.3614305715899901
1.3803315112934658
1.3952426260704103
1.3336540503869216
1.6297747658218515
1.3709732501803198
1.4857104554176557
1.4429697062423494
1.264582455178112
1.5554219574550754
1.5475855546489106
1.5267960511776848
1.4183041628042876
1.382339600258198
1.6744878481791103
1.5480434283966702
1.5768936742180304
1.475912557366203
1.3107751207382206
1.9281754672005105
1.3855903986535083
1.4224959897661626
1.2609545334141268
1.26920394645637
1.2927315835765913
1.2498481971976045
1.226803969266089
1.1972951363210897
1.2173642444533854
1.262043310001031
1.2996780395876482
1.3246358657878061
1.3460114333665505
1.3334936213060236
1.3012978719114825
1.3082336273801818
1.350020100389232
1.3018593878133364
1.2327816617229357
1.1969518242148505
1.3087420433209689
1.1135740095861393
1.2052322684818357
1.217931331395975
1.42884981806879
1.1539132404430876
1.194611677301076
1.3142337554162202
1.3527710579865861
1.4965952664641808
1.430425711425879
1.2086978948756009
1.3520634468405894
1.3783957836717593
1.538763484829287
1.2764943069143502
1.3495646179061551
1.3420634194458325
1.3502128605749677
1.4994980631664783
1.3345702779222122
1.2690676835229961
1.316993908660832
1.435982073120839
1.7103238841880881
1.507174213261006
1.4711530987599084
1.4433942464124803
1.5624094257648777
1.5218529088470507
1.384533009644679
1.224465477162331
1.2626936762849754
1.2737131591223592
1.6992250346436526
1.3443873788775553
1.356744889781275
1.2638829755097252
1.369144422516607
1.5742000500935558
1.6126707326667644
1.563663430396712
1.167459229831509
1.1324346454477867
1.4198744035702282
1.2622010238868433
1.3770469814919284
1.4960824742268068
1.4002253418483777
1.372180606839049
1.3354317252052788
1.4094011899454824
1.3520779642435083
1.396337598270655
1.5130393102762887
1.703457154471605
1.6332531411092501
1.605513262136818
1.7815800336148244
1.5491367090769361
1.250879145614552
1.134182351236353
1.1633119114841293
1.2650376301392816
1.4180338591835029
1.2636816155879005
1.364774888450002
1.201124138998531
1.4225213101927086
1.5534366507665491
1.3486335218428944
1.675031496531322
1.4498489594987687
1.5696782758908614
1.6251094625596416
1.7616782519987682
1.671663934990048
1.68737878044457
1.5745721912666357
1.603673912144838
1.5293571793222565
1.7161441127392378
1.9077388299185425
1.7572099068723177
1.4977447302944589
1.2822150395264602
1.4035184752515808
1.3308582171748142
1.4925920818023284
1.6048865976848652
1.7047933598271932
1.877354596668988
1.8708922141192907
1.7559838046074083
1.4739810459225018
1.4521418590478834
1.3995764174908139
1.4777630245142135
1.5766238812474869
1.6738335584681103
1.212835662258901
1.3243218367722616
1.2422227079719301
1.2929697928751378
1.6093941422135576
1.4058079567194157
1.4396661911808777
1.5979024380752254
1.3846344148534802
1.6997633824598175
1.4466204843370016
1.331531793051579
1.421922810709911
1.3415043413443708
1.6309401567848063
1.386742712558345
1.5245030837155749
1.458773021061848
1.415747380659346
1.3991841850195752
1.4986410871303002
1.301154718405034
1.7053875536762215
1.700630451270373
1.9622823087818255
1.7485668200871127
1.5144332833502667
1.5238755637738552
1.7414991003296618
1.5783887039918145
1.2287116476325801
1.3473035668813553
1.4987354613779948
1.5387753702687808
1.7030839912767222
1.5396309477278773
1.4014912891986093
1.4442780243820452
1.2215302090739735
1.4648803585730135
1.4001032080502327
1.4438318092164137
1.3390017190443328
1.3324562278645142
1.4082339633312713
1.2456992355623977
1.3124305311290962
1.2513624291920586
1.2891157020724857
1.32829548521418
1.1853895503867709
1.2113470811531915
1.1761133603239002
1.2453769091804892
1.8044528018051909
1.4096031520777133
1.4708714411848032
1.3718335289338064
1.3172046060468534
1.5166916058635869
1.1792119312407883
1.2573336616882185
1.1808632726576982
1.178021860456805
1.698393261345501
1.2675665285549673
1.3631747053011678
1.4333158871389948
1.4763616665025603
1.6749517374517473
1.428605914302968
1.4677344723260135
1.3168574885972208
1.344989426037927
1.357901625372853
1.4879656572188311
1.2216424008319784
1.1919792379048593
1.3043290546487127
1.8716578314648766
1.4210817580753192
1.4902176688369726
1.460837622069866
1.4616265750286086
1.3012276509845986
1.2161092026758082
1.2079915837051158
1.1848463156010942
1.2208136423874048
1.4206078966475564
1.1822112243337748
1.1718302832987522
1.0915369395602486
1.2528273683616686
1.3177609055421422
1.3436109108088565
1.3408714421966872
1.2627763928029538
1.2954246214614853
1.6756534491975144
1.7287081069904786
1.8010994710091908
1.8357124905754982
1.7286197916666675
1.7546324891908625
1.4391647421093066
1.3282173294069233
1.4923201107011395
1.4999765764077726
1.9782063023642493
1.7396760412958445
1.5820946562100897
1.5902492259276082
1.5430947418183547
1.6263795910982564
1.4513527689147099
1.3892866732301086
1.239830401746361
1.2699037722220956
1.5723261951892415
1.3499309096107
1.454731570309467
1.4952916297648302
1.2952690387510564
1.2325842696629337
1.2167345769402298
1.226111686533368
1.3657161942136449
1.3109693558473738
2.109351889202678
1.6494221534239486
1.6125472724447145
1.5273819338122854
1.5453602903058568
1.4381871334541092
1.510162559428672
1.4722239671670947
1.3048333740370017
1.3137564220085758
1.2252876771812495
1.1098039952643168
1.093512967618557
1.1487147034434866
1.1018080363248455
1.5158243272770144
1.3156912331406507
1.3569651242123857
1.3867544649202084
1.397287767832913
1.4919087583386865
1.3415212380638875
1.3928196461038138
1.3628718046184543
1.281249304334275
1.5861332492402664
1.4011976976899376
1.2444965380196928
1.1330112314986849
1.2341018495059493
1.645859498169574
1.3426211888273687
1.449654576856641
1.3467126358502977
1.4101739466563517
1.3715356751747814
1.278017728093925
1.2483569537455146
1.2434410646387735
1.3240836657777189
1.2974798685639313
1.4737843259320478
1.2749326642806877
1.307457825288118
1.3612604218925433
1.4579639691164001
1.4180561015655693
1.426622813726965
1.691062995174049
1.344431957766012
1.3865615317974498
1.3426153023401297
1.1971648090033336
1.3172059431199867
1.1882426625376186
1.51718851799333
1.4290892232477856
1.2592627216353436
1.2561533080639757
1.2303697986105968
1.4205117420259343
1.2865054987029088
1.2175200628850367
1.2184842342812825
1.2767113112509227
1.3697993508409576
1.2949846062170758
1.1664328555454082
1.2597718597227396
1.2653240740740475
1.4955831030972533
1.412632113352097
1.3115729095653266
1.365482695810606
1.3325563134907028
1.2915215436186773
1.264628646974642
1.1242866094260746
1.1334163932124734
1.3192298651622887
1.4801888913874384
1.4454749338144735
1.3592935239696968
1.3256449291985266
1.351193090323544
1.4507012612179215
1.4001072542901898
1.4729654981677338
1.3897909718805068
1.4502202816458407
1.5870607146543838
1.6022142948965348
1.440296336852201
1.5715431567414895
1.4828443232305335
1.7027698812908143
1.4064225093661544
1.3339346332343751
1.2554133201060615
1.3752914759478492
1.4429388456937977
1.2089648630648642
1.2964250357496356
1.3162848127314857
1.5254566901520872
1.913821973164235
1.5236511935995292
1.4610325142715304
1.4660700165336857
1.4144446137437234
1.9690000643597103
1.389889064976204
1.4441895777468599
1.2617020571769537
1.158113912843888
1.6197479826688816
1.3575032798465918
1.4662607021105127
1.124546327924855
1.3241676434250729
1.7090762456951214
1.2776391759925607
1.489728944335856
1.4781165677279853
1.3972513476690038
1.991042901226182
1.645078386019053
1.8856354170306393
1.7294602211142007
1.6303902730966737
1.8980364432483945
1.5176990099950534
1.5179614001988888
1.5899638831126608
1.4504922025642453
1.4229987058605977
1.3591630203622451
1.3111328602887067
1.3222911269853628
1.371212577555546
1.8667027792824817
1.3864951628049034
1.5286940466091081
1.260401721664291
1.1682589814449034
2.0223371981881058
1.583911134569711
1.6405368605330104
1.530845891237671
1.7969525018848107
1.726485799438982
1.5838776568170108
1.4845351528449908
1.633353202198816
1.5341059602649068
1.9514312847645716
1.4713616540139034
1.6350302306486288
1.4472929936305345
1.6331195985503246
1.829813596189354
1.4163371167376797
1.3454822489715133
1.4513551308516792
1.6051141620101974
2.202806652806655
2.0927463761645355
1.905313778786733
1.6924280169167905
1.508443685034911
1.5459342368362377
1.3191888135450296
1.3914351284508009
1.3100318081722457
1.157236197321162
1.4568176574636358
1.354983640181649
1.4346335760217113
1.425477565526453
1.346851007331306
1.2357118075633013
1.371958732996703
1.295275371974223
1.3825997308055447
1.4727572922399594
1.4848889976839126
1.3145544496372905
1.445642724073704
1.3533275752341076
1.4445527926756956
1.6274473722950082
1.5650217646073774
1.4672802376983651
1.473096312019095
1.5834447912022298
1.3888346354166794
1.2102840684475555
1.4048395004758307
1.3834528516855937
1.4208339571792032
1.6501509655277509
1.6991976972072655
1.6784961870567536
1.8557751131775018
1.838072220642576
1.7983746726236503
1.569913498119038
1.5664544564152831
1.5846375846375624
1.5580944886656105
1.6148568412719757
1.5189066633077253
1.3623268837819487
1.4431098943153915
1.3060331173506494
2.1368586799632565
1.7282815396095697
1.657352941176472
1.5382558974231915
1.3539526217726856
1.5273776742215672
1.3201303108456457
1.3620556284263075
1.2447586229106822
1.320698822635781
1.5170802506283223
1.3606823720552248
1.2906693207265836
1.4734589516980632
1.282115222413676
1.5912295040098168
1.4351394331799667
1.2591738832471784
1.3065416985463179
1.3174915531133138
2.5390572878898494
1.7695588318364208
1.8293668479068665
1.764466360342185
2.006857444283234
2.179540709812095
1.7939796299259057
1.70848810015134
1.6356081141461483
1.6805269226737605
1.8516387681253792
1.787237264522438
1.7386740169486146
1.6138166047087616
1.6688354615357806
1.912681743102438
1.4707200597604504
1.426545976506419
1.4789346424385148
1.3917659453765157
1.6782729090815949
1.4920473953885578
1.3656452309020217
1.2706574955696384
1.4122259613814072
2.064866499848779
1.4737015211730646
1.5321231704998888
1.5540614924904121
1.4246743124373764
1.893130408168869
1.5513559266855506
1.4770320451106846
1.5773147788230006
1.4357756133980375
1.658728733095517
1.4465971618881663
1.377295253373072
1.432537120723082
1.3204994797086709
1.3788793191628947
1.271957620763888
1.2735544689217326
1.2558873371121602
1.29308562197088
1.8365757507772429
1.5351653981264273
1.4148819427236385
1.2710283379973735
1.2917200717764539
1.6902874386251956
1.4238967370921427
1.4983960539478174
1.390968055218319
1.3268166981618423
1.7178491062709453
1.4719536322344888
1.424772131352211
1.450709641333938
1.4730118173107976
1.6878134043955189
1.6049391709769034
1.738199684155096
1.648812841377806
1.611168562564665
1.833069460836492
1.5334383591264378
1.65314466526828
1.5285205311836518
1.4945095926738965
1.469866712627812
1.3305515351214727
1.3402449667459562
1.1843294485406153
1.2106007593240833
1.787023191720147
1.712720738155301
1.5115178038591413
1.4170555167725782
1.3858755902279363
1.619755354235317
1.5716997047659103
1.3783464406503043
1.3170440510498411
1.2270510999347315
1.9974211165048732
1.6203863142921517
1.5776639843940488
1.2565230698599452
1.350014403884928
2.2631714626365897
1.602567329473955
1.3589262355684852
1.3258669810393338
1.1380494756458326
1.556844394648436
1.583871224798725
1.4129078192402862
1.401614530777012
1.3320569517851675
1.7586876055629515
1.4620415007336283
1.5979363640287834
1.4237227421304772
1.404432261661375
1.9682254868976152
1.4992034230051188
1.942609967101341
1.47947936210125
1.359716084103302
1.4855778600662453
1.278660848787059
1.2324148455270942
1.345504237808624
1.3733195449845008
1.8813859631853114
1.8895658452929833
1.9005103304761413
1.7092238121785794
1.7819015846538528
1.6713887166770658
1.546471486423725
1.2863347293314622
1.3300324196875921
1.3704441913439498
1.5344959999999908
1.4895932483025809
1.3630438949587929
1.3338706911335794
1.5075578649031556
1.4757513258691584
1.4462913315460637
1.5333170089682149
1.6295044631378126
1.4780793319414813
2.039100396883744
1.4035150066229314
1.3656629620056386
1.274522435717897
1.1830349986641777
1.8205171417565145
1.4698567115541186
1.5233356624822516
1.4283506234936572
1.2945328609950733
1.2777457908051828
1.3161946493537768
1.3067942455070738
1.2513606654783103
1.1993148391417514
1.7273426444348527
1.6069151640786725
1.4407506299123884
1.458549752566331
1.3014120351367284
1.5104406422451337
1.8082881975059484
1.5806439535754366
1.7226461913010778
1.9239990551552466
1.8031373059523916
1.5998565658853063
1.5716954481250325
1.4668736625686927
1.3957789198753034
1.7894752102058233
1.505972011765751
1.4343461503989305
1.608419455769393
1.4716376718742494
1.9691316420888128
1.490571520826593
1.1957914572864348
1.2838145617515753
1.2749328214970936
1.4036652213040897
1.269987602123558
1.197801814375459
1.3769975885887118
1.39231317359937
1.619712598524955
1.4075610761777146
1.3385936875748996
1.2717301456094683
1.2944378402052352
1.9323591798256148
1.5626985272884948
1.5913339315089168
1.5588458618071062
1.7530050251256628
1.7339271627662796
1.4172240500379452
1.2840703052729256
1.262278200253512
1.3666366501575784
1.8420802061162462
1.6512410744644954
1.619180189750572
1.5997375883522922
1.5276901150362037
1.934987766515237
1.8095258732773007
1.7149178832116578
1.8961353958927694
1.5637604245640586
1.7175294852481866
1.4993227631264425
1.3904168090195077
1.4104816989712536
1.464630596497722
1.7045391545391313
1.3366625052018812
1.374275347207766
1.3400791060251405
1.2763950366446468
1.4541254920864515
1.4573737587153126
1.5218500336895233
1.326232562824197
1.307410203861571
1.772916739640604
1.2548593081187709
1.3623457464235043
1.3319340918006797
1.367972575906018
2.0591339810483764
1.4949876815903111
1.3445682048314427
1.2223304671946693
1.2777516764190453
1.4178467568592583
1.1784984138174006
1.224936843504853
1.1777354024197564
1.1209949409780537
1.4252015106251312
1.4976509361194594
1.4395348837209252
1.3473269163864143
1.3995539108834736
1.5495660744107453
1.2960846494395224
1.4372082517693399
1.3888841819876139
1.4195481086570305
1.9745608423953116
1.6381939545232431
1.6975082557791445
1.5524404874660165
1.538184226015337
1.4829481714158246
1.3504340962905266
1.298036720596319
1.2639809776396391
1.4535821603669112
1.685300057703415
1.4190565876209507
1.5067404910928563
1.560448714388787
1.3996211096076192
1.3675138206388076
1.7689757371778845
1.3982619858786685
1.54259130836803
1.6087209725559382
2.0726368564789657
1.5987195663348936
1.7797982037920863
1.6323072234075688
1.3297860547611475
1.7699039172209912
1.598630937473933
1.6410578174381283
1.523489932885877
1.5667580910586822
1.7639071552980605
1.377304121117903
1.3034505766847162
1.2342520710675895
1.3738577459519916
1.4711337815905376
1.34183223706512
1.2476001879572787
1.1652502360717842
1.2970517195108235
1.794458745052454
1.4810978933530037
1.4560677121500964
1.3645766486731152
1.2507893549842284
1.249256310734635
1.1439878596721176
1.0801892514860967
1.1568064138967642
1.2013858074205737
1.4119923782303476
1.3329574577139849
1.3193659545141514
1.217853532712891
1.1745631284087472
2.067602146099874
1.387616483744094
1.3177341974581864
1.3688595231255374
1.3608824150306231
1.6240436573752783
1.5560299388571783
1.5426073899287027
1.430474443747306
1.459383615596715
1.9405736894164334
1.5077998924152558
1.4982350771824682
1.4577533577533197
1.5908758881732012
1.84635298392223
1.4386909880958494
1.5917331055429906
1.302543254230863
1.5361607849343117
1.3243690391227976
1.284097554263734
1.2015416795785456
1.1694288572795786
1.319485708431512
1.4891879250170599
1.2998259139517234
1.5209389301707925
1.4022667369530681
1.5503871009021686
2.155455546512188
2.1177794448611387
1.5130370706270424
1.453759446650446
1.4465355521936518
1.961469316359679
1.6156847444400906
1.4686025612221483
1.3908632384486663
1.3276686482294175
2.5619549892955105
1.9864189147478046
1.849224378529336
1.705496141870906
1.6455122393471853
2.2681219970755255
1.5737159811745898
1.547097156398067
1.4238494934877604
1.4974699750046034
1.8144559287970465
1.4293369561115417
1.4408565856585522
1.424184505606558
1.4270114098232092
1.4537361013917944
1.653553468915413
1.5064889817959561
1.3854523842180164
1.384164075819837
1.8767552828901757
1.5734758416396613
1.6397810375059385
1.5466009007077053
1.486834100981971
1.6658439168872876
1.320219665767188
1.4022681127122734
1.3810615321923425
1.3378320610687628
2.076121526615406
1.8645991318446768
1.7002060439559903
1.8334013050570723
1.3154502246238906
1.906556066360136
1.4132784846455289
1.4256882688109604
1.3136539063314967
1.3127480552469104
1.5953444510621513
1.2241553202218038
1.2159231924759462
1.1989318253220105
1.1531702516518838
1.6163011915489274
1.440833128532748
1.330401552832814
1.3688837688716726
1.4024883734975255
1.4946673189823896
1.3083119736360016
1.282876807242816
1.368857689853166
1.2988666433671707
1.6365471498606745
1.336963338844805
1.4670833080517607
1.2487280296022325
1.2537656663217718
1.5898735866048204
1.2392128054438474
1.2884752193502742
1.2812134263376787
1.2008981572291648
1.441877892880675
1.2047543058383754
1.2108863423760394
1.227220229773267
1.2680999870482852
1.6495787676889646
1.3332597782313231
1.4282115869017329
1.421636425881549
1.3096046732780233
1.6192077099792688
1.2170647975970175
1.2216795451232558
1.2889328872807564
1.2783339166957552
1.5153352170561936
1.3269082072241234
1.2130943194634412
1.4080463936208434
1.2870732642885037
1.8499544504581462
1.605028810895765
1.5705601673312812
1.374489950128435
1.2905842825534803
1.833116623324609
1.4305654387212652
1.2904559799759894
1.2545729784280928
1.3943111111111086
1.7036709119389397
1.371642936311776
1.44335983625904
1.5317563935181575
1.4146969342381914
1.9185584266136744
1.2299667843055686
1.2137338560885276
1.1937102300538385
1.1762874737768905
1.7353653494003298
1.2378340116793323
1.1973292829568034
1.1796323389097576
1.4526468280316633
1.7540166204985834
1.3753796095444648
1.4368676285697388
1.4083287936565563
1.2647645153251896
1.7729636949963432
1.5741258306937775
1.4755142329490134
1.4326357543427473
1.4753715664150115
1.4246711213196697
1.1670396061758288
1.1864229765013004
1.1560468140442133
1.154254952032652
2.339400949713771
1.6924504540333267
1.5661915855831134
1.5098079280750973
1.3898903409943775
1.3934348239771226
1.3488785108201569
1.3260188087774298
1.1482769044740688
1.2628199918732088
1.9588320982963472
1.7226152197212137
1.8278980997427763
2.0246762516569476
1.7388588476597824
2.533654360620686
1.7718622690998627
1.6792559769167
1.5686355005900907
1.6240290861014903
2.0477748042423056
1.814402883062102
1.7086767473554487
1.8055018683159458
1.6682389937107123
1.7112846149525422
1.408121128699238
1.416754132773648
1.3032568419683976
1.3067668127130798
1.3799858390371331
1.4155026020269048
1.595577240890823
1.6923568623869198
1.6139987575066426
2.2170125138603103
1.8160410352062801
1.8193176668608064
1.7008667465295038
1.5816028078385311
1.704221509922769
1.502369306022584
1.522891381164539
1.4608055435253893
1.5844480883749377
1.6417429879794356
1.2688374034648124
1.6026728347468395
1.5092871041925369
1.7320268179475014
1.71650434324824
1.4498056560782577
1.5093761959432754
1.5473452410079875
1.4665526244710567
1.5500471116909416
1.4617586546203245
1.3036023711809632
1.1336326897171274
1.275192307692416
1.3090241051049698
1.2357516519824183
1.2400000000000135
1.2562393301357964
1.3253708825748312
1.5487581980432652
1.3048470796069565
1.3833204907829046
1.2860011077264395
1.2858209574379156
1.3917826302183158
1.3336354762237186
1.288079470198683
1.319770920591658
1.300646175340635
1.6996505024028472
1.5626444752658706
1.5114865989678608
1.4851350200188074
1.530816519546032
1.6442544371031982
1.4865864212099689
1.3423550348509958
1.2715716486903026
1.2856406859497476
1.8757788469122154
1.4228520017992554
1.4175290200666155
1.4019538724948464
1.3986582638749758
1.5768866435112023
1.2444893151606866
1.3186990489130874
1.1399281521073312
1.1170962275929381
1.9922024798671083
1.6062566744141245
1.4910183595297106
1.6831174631531696
1.6701831861302314
1.7472742311451448
1.395790200138053
1.50631925207766
1.5328189197313082
1.2871436662261795
1.8661009933775277
1.4375322093793437
1.4493066944982906
1.4417771681145612
1.1856022689356507
1.7452250831032539
1.4749541413856644
1.4202972091337842
1.5093896713614743
1.4597152357404712
1.7225781250000909
1.383952476573077
1.3406432748537942
1.4381644706951706
1.3496576645112632
1.5502773654191537
1.33474243020053
1.4623577826194112
1.281180151989355
1.2608496507498697
1.7341068575001615
1.3933985330071827
1.486085343228182
1.493911592994136
1.4143310657596089
1.485850582147434
1.2802588406853088
1.4355853965590264
1.3508600469117054
1.380058829495975
1.4081168442475507
1.2831568330811487
1.2537852953211666
1.3480420806545832
1.219400990488141
1.4746341463413692
1.2892089804459204
1.3782862270075968
1.4086010254262662
1.4023668639055107
1.914038128249421
1.3857839977902022
1.8071791613722599
1.6234776725304267
1.8053531037951243
1.6491948917268662
1.4666066143353165
1.336152219872952
1.3473030142781754
1.2714249492901373
1.8183319570603238
1.6520691920297428
1.666333666333806
1.5521107424778782
1.3649688149689436
2.00000000000015
1.3897686918129737
1.4555793991414967
1.4140947144819513
1.3084254143647231
1.308875837538343
1.2096390321300365
1.2759640889613613
1.2907566732847509
1.4456698834440742
1.4499999999999924
1.565737501410689
1.3686868686867244
1.3023806556152957
1.3378360655736814
1.8026355497433908
1.3357087075360754
1.339469808541877
1.24465946217626
1.453497511134448
1.3375855056387214
1.184753534581457
1.0351627257657086
1.0608432663226322
1.132117138742161
1.3557105492589374
1.21158359147664
1.33843449488164
1.0898174831892429
1.1322813938198082
1.657108194551434
1.4050425671251536
1.4244244244242277
1.3372107260928
1.3864526728168516
1.5972653300897326
1.6103072348858598
1.4850046377408943
1.5073196986005744
1.3965983329578189
1.9071991944957642
1.6220566318927032
1.6320571057756292
1.5445870725890765
1.5610295073442586
1.742994489389145
1.2373303449134132
1.3418880577764332
1.3964757709252105
1.2914171656687405
1.9004548820481073
1.4809720311782173
1.503573520796889
1.3418557196014786
1.3461359404096358
1.7630396064794385
1.478113766123978
1.3482880755607107
1.2981837606837041
1.2080508916466768
1.4391644908616064
1.2395502645502852
1.2804552479979099
1.3068528326113584
1.4634190841088532
1.523393409794373
1.2989785495403154
1.290429042904438
1.1869285472401163
1.296252230814874
1.3078343701398556
1.2796090256838202
1.2798240229179347
1.2269533744945258
1.2643383173397968
1.6273990734612773
1.3788612263715023
1.2003948667324829
1.2383495145630712
1.2543681944795333
1.7145392037262144
1.3614726228161922
1.3104980126257484
1.408576616845885
1.5766337217877666
1.6712141882673877
1.3531663742221771
1.5817813765182476
1.7401534526858042
1.7662055871980333
2.1593633952254163
1.7148893360160493
1.7331833761783753
1.687646840608254
1.66352438411259
1.4498836856477022
1.589758019133356
1.4728682170542653
1.5191379310343993
1.4340735600276944
1.7652866793694082
1.4022418228592284
1.4825842160510754
1.4033404807585137
1.4166333998669718
2.012427409988431
1.607250755287009
1.4581622539995045
1.4417626907502914
1.7740236148955115
1.5377828054298175
1.3595291879681504
1.3976358148894517
1.2905655210186802
1.2607325127589954
1.3691488155956564
1.2544195821485722
1.3169222491255235
1.2381233402183935
1.28482503364734
1.6738251642243025
1.3677403611516907
1.4212108787754736
1.4394913359418546
1.445308701993215
1.7194822888282504
1.4127221143796087
1.3847262247836913
1.4263995707386194
1.4190710767067498
2.0523901139559335
1.8523466338545516
1.8056838365896422
1.6376665320951849
1.3413562159897447
1.6137301488055897
1.4682364483687356
1.3746852220012775
1.4611357229156727
1.3893736366469258
1.5597810833567667
1.4018031555222694
1.4699935815144376
1.4857323033262393
1.2002722477456131
1.9647019647021728
1.466045914271973
1.479942693409611
1.4948635634030705
1.5140845070422535
1.5664085765335436
1.3728705620123456
1.2573959816482634
1.2334201255933177
1.175336884988969
1.8463302752292061
1.5506051569900263
1.601300748915941
1.5136771300449396
1.6624690802791264
1.7626552938996531
1.450122572128907
1.5405189620758972
1.6304258804258056
1.6540586485338817
1.4795354765615165
1.4560776302351441
1.347990628941959
1.4310471976402561
1.339437896645465
1.598794967215901
1.5578564940963282
1.5332348596750176
1.5070088419238776
1.4693094629152077
1.3821785042671664
1.2437946276775649
1.2170868347340713
1.1682539682539528
1.1178428761649908
1.534128289473772
1.2769129576846194
1.196406184705307
1.2285035629451657
1.1896932515335035
1.578664620107599
1.29241414659169
1.326613816534406
1.426438188494276
1.2243890977444631
1.422980251346333
1.3566193311955805
1.243855881650986
1.3520739630186709
1.447300103841889
1.8606470712621161
1.462549894341118
1.3592039800993798
1.262164318000785
1.2244186046510614
1.7967533911497142
1.4870875179340302
1.4671229528231724
1.3360695316271074
1.3097866077998133
1.3984605306256628
1.2508118433622628
1.1779794102252263
1.149193548387154
1.191749250979503
1.432002956393395
1.2600253271424806
1.2562836624775902
1.1783489096569733
1.1386740331490035
1.669902912621342
1.2134767836918015
1.2621434078645144
1.2978073827366587
1.334554334554573
1.705236907730427
1.463141993957693
1.548904659055393
1.5288425753625319
1.4131782945735454
1.6684441656204825
1.3998054474711512
1.4173282706243708
1.3582089552240677
1.4503574265287678
1.5601907032178803
1.3988217967600973
1.3606979405032216
1.2705696202532932
1.316628701594697
1.6609195402297063
1.4665573770491052
1.4215755855220245
1.4529272151897639
1.5137039937357537
1.804446825609463
1.4137286324786424
1.380108602457993
1.280477645098668
1.1769740474874744
1.2867978193885257
1.1797586801280122
1.1144607843137768
1.0871872630778912
1.1242357544634205
1.2412874583794724
1.1766174801364455
1.1298611111112549
1.1593075765174057
1.1803022407500565
1.5128136679125341
1.328552368245384
1.226293796206924
1.325879644853292
1.2273017902814787
1.3228163400867474
1.3249907986747886
1.4150653343586086
1.3204554697029534
1.3644933228596716
1.7270700636944891
1.3288258575199003
1.3058510638295118
1.2671729375215972
1.2233969986354445
1.396130952380929
1.2725821895943952
1.2053782505911461
1.241564175338466
1.294834777029056
1.4166211044283044
1.3278020378456616
1.297607952780434
1.345302013422674
1.2639783124366224
1.4787685774943244
1.494930529477814
1.2671549730145124
1.3689839572194678
1.3144260830733823
1.3089906992767553
1.2840466926069518
1.304729214340749
1.285945727015126
1.199673336055335
1.2459389213779226
1.0746220649730016
1.082618366698412
1.104948522085481
1.1575365770667836
1.2038252926062873
1.0909359315031402
1.2179169249845925
1.1315541601258075
1.1472081218275465
1.2012578616354113
1.1248191027493804
1.1597110754416984
1.2134782608695602
1.2217514124298443
1.107404021938242
1.1384540117417987
1.1299153807861464
1.1854199683035223
1.1663902708682066
1.3149683081423773
1.1930618401203825
1.1611199154787983
1.1919247787608478
1.1509546539374973
1.0884184308840699
1.2107168718321992
1.0836531082124583
1.1384111384104674
1.0879507475812351
1.2480376766100085
1.1098901098908716
1.1367292225195453
1.0866666666671874
1.1005405405416215
