-6.074941451981646
-7.114799446746854
-3.18792710706276
-3.1536077910598403
-3.1172510518936636
-3.8594650509830903
-2.193283401787974
-1.8248935985407126
-7.590163281561263
-3.1210646099379833
-7.562293132352321
-3.053374153204776
-3.270587660831534
-2.582648474391589
-2.1728388808978565
-1.8746156144866362
-1.6662259317411907
-1.7881641517205498
-1.4544352906067213
-1.2737688733504289
-1.1687248839385787
-1.089152113773999
-1.0199178187559355
-1.0167167325428357
-0.9923205778058212
-0.9975770872007478
-3.520192330467295
-1.3326083037913625
-1.5044330918402737
-1.3033821368597822
-1.0959738817806846
-1.0141392519152583
-0.9153459943243466
-0.9917370837951924
-0.9951563252264971
-4.650140824727504
-2.2801956226999667
-1.6136620265399735
-1.309709686307558
-1.0977101568088377
-0.985754525304767
-0.8803907386235365
-0.718099047588339
-0.629643876013728
-1.2347057172974947
-0.7881734066037095
-0.6331118182952679
-0.5126409631209938
-0.41359902646791463
-0.33602908083779703
-0.30445529631637086
-0.3192815134716262
-0.2566976636264613
-2.499756680354534
-0.8001471362137808
-0.8912216377065774
-0.7853586003647574
-0.7066659533490307
-0.6631099705672086
-0.6469012069073804
-0.5767202292855952
-0.514223315563121
-0.8502644105439315
-1.652741630660965
-0.8250091286306912
-0.7139747950632669
-0.6788351193256629
-0.648705249752373
-0.6748287094237814
-0.6623343068093638
-0.5747893030794263
-1.772746733181923
-0.8732036480573679
-0.8501411079248228
-0.697241323329889
-0.6226376704048884
-0.602156718189656
-0.6532747886824741
-0.45851080612083744
-0.5271343105843258
-2.3791895877048614
-2.035046840836914
-1.4274908244562217
-1.2516042780749075
-1.1358488377151932
-1.0833425536622903
-0.9038527012488003
-0.8107425002315612
-0.6509402608912193
-3.216335436133366
-1.1836281520512253
-1.1341733258429203
-0.8375954282688449
-0.8572839122668663
-0.7803954379320944
-1.0150314584417168
-0.8641392958044437
-0.8204972863814294
-4.629791290963582
-1.744293638616733
-1.5443784903937177
-1.3839963592771742
-1.1463173726625504
-0.9129849337871482
-0.8981197713907028
-1.103150589280794
-0.9530777485123146
-2.3876739180567332
-2.1642027505511487
-1.5174022943807077
-1.2780796731358313
-1.3887121556406827
-1.4100968905172007
-1.1650822819851123
-1.2876727906800753
-1.2894250573765431
-4.723501377290019
-1.9805685900410692
-1.5548144785174585
-1.4185565217391343
-1.0786978937014728
-1.052419554557593
-0.7579079452813956
-0.7254971390862941
-0.6616441850824314
-3.1560382231845616
-3.1144522242253774
-1.4395238456544943
-1.310891320107013
-1.3332922979520554
-1.3008488185363714
-0.9262600669622469
-1.2165396629593193
-1.3452874856432997
-3.180566692106253
-1.8393927102045997
-1.540679242292171
-1.194187009504272
-1.1991564757637976
-1.1672031280378408
-1.0440525836702832
-1.0833278236914576
-1.1316998136834575
-3.580751650583983
-1.6172170357225684
-1.7124614197530614
-1.34598542672686
-1.06792660000997
-0.8517007687182151
-0.8116682473154528
-0.6542757520240955
-0.6028097242359873
-3.6771147540983615
-1.3753603021568246
-1.2373606355135796
-0.7740000651954192
-0.6728545375963378
-0.6401477177404569
-0.6119472758869373
-0.5555555555555477
-0.5618398238466498
-2.0590443861543757
-1.205932976769439
-0.9241034298695187
-0.8400983684586315
-0.7583934479579233
-0.7878922213756235
-0.8119468392862165
-0.8623422625636441
-0.7789429002641207
-2.2760374875629603
-1.4412154069217542
-1.3331701771560234
-1.3464010380887033
-1.2484173435260362
-1.2082684810483164
-1.0950948565982845
-0.8994946408074078
-0.7961444914872634
-3.797379084627785
-1.3620189790158013
-1.3732200550436613
-0.8797910258288357
-0.930406262411441
-0.7515042039739577
-0.8764693401230583
-0.7509016697587908
-0.8436823904192218
-6.037576180336282
-2.24580035136897
-2.701888738988959
-2.096698450293003
-2.1484793529693937
-1.9038865754511005
-1.8517071886245708
-1.7353495468006657
-1.5697601163072115
-5.238682414129301
-3.4094907407406962
-2.98322984809848
-2.195151635577827
-1.9040328973444094
-1.3356455388884003
-1.6269414711910808
-1.6156497201276496
-1.6667582480481493
-8.941401700674923
-3.4187210495227838
-3.5890124828009413
-2.8422432309018477
-2.612124417751568
-2.5620208001214846
-2.066837199387654
-1.9947590197270515
-2.2625172203527852
-3.957473312414296
-2.027037325162368
-1.5927063890883097
-1.5941892570281289
-1.335934060929889
-1.4324496816674912
-1.5339584768866519
-1.1212450990622889
-1.0201820049904724
-2.5716954041244735
-1.4596629709448943
-1.1563409941763643
-0.9976268861453987
-1.012108412530818
-0.8500021814691497
-1.1519892217466878
-0.9092880858234388
-0.8222850043399147
-2.815173885973495
-2.110219974558649
-1.745627223603303
-1.4657985094700734
-1.423980887969196
-1.0771884874882545
-1.2367746446049674
-1.237754015440544
-1.5173266714487288
-4.7310536254634545
-2.541029736101605
-2.8003530103942498
-2.3298889318671905
-2.031180730013272
-1.7724341363255167
-1.769426456984338
-1.4793321586412957
-1.3596090855394083
-3.5896815612569997
-1.6364850790200238
-1.5715263079126607
-1.248604551309596
-1.213680634201602
-1.1364846408481402
-1.3004023668639517
-1.0257132219481324
-0.9388289016791334
-4.298118638411542
-1.9299840314457541
-1.6283396755457762
-1.2734962406015378
-1.261848292782628
-1.2257673754569367
-0.9853304508956255
-1.0107261659614122
-0.8882138810539562
-4.207685908273526
-1.8301353604431385
-1.5897743159576827
-1.406583769223576
-1.1310877109010438
-1.0447302562802694
-1.0672103962909067
-0.9761826723478583
-1.087465593032318
-4.370258689097018
-2.6172293364377697
-2.1062622988772164
-1.7517125894352723
-1.575729178868352
-1.4400610737423944
-1.3963849287169714
-1.3918899207467654
-1.3363256784968207
-4.8053088895253255
-2.679135346706256
-2.0332625892340666
-1.7492358202196452
-1.6695550007343802
-1.428038281047916
-1.2269014612214506
-1.1374372326576945
-1.0691000918273892
-4.1089818915906084
-1.4993280230766461
-1.3757643980650007
-1.2264829623919498
-1.0563384782539542
-1.0228841511101663
-0.800509597418021
-0.6856045363087708
-0.7232405259087645
-3.10680139417384
-1.3004900298949302
-1.4032675459108699
-1.1765041707634387
-1.0666921581748627
-0.9253012837306211
-0.944910844376616
-0.9023973225654431
-0.7267231406500505
-3.321046280798851
-1.3757322816556654
-1.2542740948395055
-1.1105997972077493
-0.9324447980903156
-0.8215572294088853
-0.8421494190192946
-0.9142149861944715
-0.7520030891012164
-2.8054914036440404
-1.0534882648591914
-0.9753219892827015
-0.9445525291829119
-0.8734788082248444
-0.8922919582301805
-0.7570726032468611
-0.9903515206229442
-0.793745122756491
-2.826679082761091
-1.6563020544142661
-1.5183821309991663
-1.228963571062029
-1.3067672238075498
-1.2132385606396918
-1.1477421844847495
-1.1388755406056457
-1.0084283589490037
-2.836509686564838
-1.405998928762791
-1.1901134650480214
-0.9992880310102181
-1.0565364877795191
-1.2313505823775153
-1.0481404568625168
-1.0208038780044248
-1.019249381653975
-2.975088050854653
-2.0703363914372406
-1.81719022687624
-1.7517184166864406
-1.6971787606261628
-1.387173396674414
-1.3414906832298132
-1.0947891451141876
-1.5550935550936689
-3.501220504475346
-2.1091857335124304
-2.4771470696645403
-2.0157862780816207
-2.251703577513085
-2.2317541613310063
-1.9905555555556047
-1.7125398512218084
-1.7380808690398686
-5.423529411764615
-2.4546146527113786
-2.131699576868533
-1.352375038808013
-1.2915868572270002
-0.941733215025146
-0.9298382078406582
-0.8944665341286345
-0.805074777348358
-3.0932780970201335
-1.3626342566420313
-1.3478139404947675
-1.1847246891651875
-1.0270648623424294
-0.790856960815773
-0.7901234567901114
-0.7154981549815393
-0.6803542673106248
-2.1448666806636285
-1.2817199248121651
-1.2001531784527553
-1.2100340136054106
-1.111650485437175
-1.058365758755107
-0.9965059399020723
-0.9281020487058396
-0.9076484947113762
-4.221880998080524
-2.3277451802185505
-2.181711606095939
-1.9210637399742374
-1.6907085277900236
-1.5360217489807837
-1.6020457866529734
-1.4261838440097743
-1.450096587249821
-4.473026315789376
-1.9187418086503754
-1.9138047138030052
-1.6374999999976638
-1.485062893082213
-1.4494773519163264
-1.4051896207580203
-1.2758229284880347
-1.1362499999978541
-1.6958128078787702
-1.1337837837811484
-1.131195335278687
-1.0859374999968638
-1.0802675585268995
-0.9928952042646279
-1.0376647834285324
-0.9445544554482989
-0.8012048192754389
-2.4583333333327686
-1.3471074380159689
-1.3067226890745447
-1.0224489795932996
-1.07192575406326
-1.040767386089233
-1.0326975476871199
-1.0684523809539788
-1.0957095709583757
-4.190607734810822
-2.2149532710328916
-2.1065088757416786
-1.705882352939932
-1.5415384615398071
-1.6342281879281115
-1.591397849460575
-1.690036900374214
-1.6127819548959481
-3.464831804274419
-1.8333333333317516
-1.621794871795658
-1.555205047325643
-1.4743202416929904
-1.4673202614304506
-1.35064935065252
-1.1111111111120753
-0.9143730886850536
-4.387533875341453
-1.5401459853973338
-1.9191919191878408
-1.4405594405573912
-1.3931034482747355
-1.225581395345356
-1.133802816898833
-1.1662531017384874
-1.1049868766433195
-2.659817351596222
-1.4319809069208673
-1.0671140939615578
-0.8843683083505073
-0.8765432098786261
-0.8041666666639263
-0.7545638945239395
-0.6804979253106268
-0.6738197424904409
-4.922897196263078
-2.0835734870288514
-2.248520710058526
-2.096666666667942
-1.8333333333333333
-1.6382978723377448
-1.5355805243421348
-1.3357664233603948
-1.1797752808951958
-4.337110481586764
-1.8523316062134985
-1.9203747072572999
-1.400881057269107
-1.3016528925576198
-1.2627118644058228
-1.1234309623427672
-1.1543624161076083
-1.0022935779795163
-4.034000000001202
-1.5936170212738119
-1.917960088698172
-1.7166666666667751
-1.6445497630332213
-1.5310880828991604
-1.3341584158419442
-1.2257217847788329
-1.186111111108844
-3.173469387750513
-1.9178082191723378
-2.2005813953490914
-1.8833819241914322
-1.6695402298823832
-1.5932721712550495
-1.7425742574258765
-1.5869565217374082
-1.764940239039443
-7.3618677042731
-3.6056910569208442
-2.9891304347778727
-1.981595092020708
-1.5564971751407959
-1.292105263160185
-1.0898058252386205
-1.1346153846150688
-1.0690476190451865
-4.093253968251294
-1.5837104072425612
-1.5041666666713407
-1.3063457330407575
-1.1866666666663022
-1.0272727272753532
-0.8041474654370843
-0.8005115089516301
-0.7918918918898356
-3.29323308271202
-1.5266457680238696
-1.7090301003269428
-1.5741444866932006
-1.7932489451493339
-1.9061032863825065
-1.6790697674302715
-2.5097087378683285
-2.230769230764379
-4.897887323947067
-2.286738351252128
-2.544802867381002
-2.4687500000023355
-2.2916666666759413
-1.8984962406034158
-1.7716535433044176
-1.6056910569152887
-1.412698412700737
-6.209964412815749
-2.576687116560122
-2.4384384384462887
-2.265060240960136
-2.0327380952320064
-1.8218750000070598
-1.7283950617200634
-1.6560283687945325
-1.612167300377225
-5.711026615962963
-2.2417582417534008
-2.0596491228090703
-1.9929078014153465
-1.8241758241743389
-1.4233333333362488
-1.3122807017515932
-1.296296296293672
-1.0943396226416067
-4.731428571428259
-2.1174863387968657
-2.113888888897282
-1.7983425414281944
-1.8454545454612465
-1.6496815286579296
-1.62199312714704
-1.5629370629408388
-1.3206896551762974
-4.5159420289766095
-2.10397553517203
-1.7716763005736285
-1.69252077561812
-1.494444444443917
-1.6578171091514042
-1.6851211072745516
-1.830769230763732
-1.651063829786244
-4.640866873080459
-2.220394736849292
-2.4539007092142904
-2.0530035335728805
-2.143382352938535
-1.8447653429661306
-1.6273764258539525
-1.7632653061296888
-1.7339055794052585
-8.46118721461364
-3.235849056604017
-3.570796460193125
-3.6606334841746757
-3.2422907488832964
-2.598214285720822
-2.665048543688612
-2.2789473684047747
-1.99456521739635
-8.159695817482255
-3.743396226396763
-3.591397849460575
-2.8609271523247135
-2.5409252669072377
-2.1701388888872413
-2.2771535580618276
-1.8550724637643845
-2.2457627118741232
-5.78888888891234
-2.351437699681139
-2.459459459467071
-2.121405750799336
-1.996598639454296
-1.968531468536748
-1.829629629635591
-1.8947368420930328
-2.1963470319618748
-5.300911854101664
-2.9961240310007717
-2.9405594405667586
-2.6048387096707093
-2.4508196721320656
-2.237500000001637
-2.571428571435544
-2.2822966507171403
-2.2146341463278056
-10.925170068027052
-3.5492063492127257
-3.4897959183708434
-2.5801104972289344
-1.9973118279558142
-1.590529247914331
-1.4716981132117173
-1.2815249266849595
-1.1107784431131722
-5.898089171990656
-2.475460122697072
-2.8181818181889713
-2.2180232558138844
-1.9772079772058253
-1.7549295774621212
-1.5177111716661837
-1.5475504322757831
-1.3121212121257047
-3.677804295945414
-1.8654353561995096
-1.937027707808573
-1.6037234042533086
-1.6136986301399918
-1.4813753581697682
-1.2507204610944311
-1.3981481481439693
-1.2714776632267064
-4.491124260351154
-2.3630363036313304
-2.2601880877723204
-1.8383838383822118
-1.7331081081030857
-1.5421245421203615
-1.5581395348907423
-1.582278481014118
-1.518367346935611
-4.378299120231537
-2.292063492065654
-2.553797468354143
-2.264406779655709
-2.1959459459487847
-1.8197278911567156
-1.7695035461005282
-1.643884892087834
-1.3942652329821785
-7.888579387161117
-3.3314447592085537
-3.1432432432391906
-2.624671916011252
-2.441416893740742
-2.1401617250698877
-1.945054945049788
-1.7884615384595168
-1.5527777777761433
-4.6556122448908175
-1.9262899262879711
-2.1772486772502937
-1.7832898172371738
-1.8559077809798499
-1.5958083832259868
-1.5048543689252976
-1.2857142857180044
-1.0899653979204558
-5.307692307686147
-2.1174496644399636
-2.3394833948366465
-1.96085409251461
-1.678082191788964
-2.02941176470869
-1.513888888890207
-1.589403973515238
-1.3539518900339769
-6.555555555577488
-2.7932489451332274
-2.421052631577866
-1.9860627177734527
-2.026315789474901
-1.7443609022570297
-1.6639344262283147
-1.704166666667924
-1.3911111111120829
-9.79916317989194
-3.284172661871936
-3.4456928839070544
-2.4357142857202123
-2.193771626292031
-2.1126279863410073
-1.7620578778188032
-1.3930817610109922
-1.4271844660143937
-3.817647058812701
-1.8086956521697797
-1.8067226890755015
-1.7191977077385439
-1.8386167146977468
-1.5701754385930913
-1.6265822784779198
-1.5723905723877063
-1.465986394556906
-4.376760563386466
-2.6666666666752943
-2.3333333333407404
-2.330232558144531
-2.569306930699868
-2.2604651162852485
-2.075757575749105
-2.2252747252677114
-2.005235602096526
-7.862573099403299
-2.670984455962805
-3.1154791154791566
-2.764102564107865
-2.308823529416641
-1.933985330074526
-1.8304668304666984
-1.6942355889661562
-1.6016260162601326
-4.747508305663769
-2.7410358565847246
-2.8749999999951785
-2.649606299210544
-2.499999999991734
-2.486725663711035
-2.3906976744246946
-2.3444976076560344
-2.310880829024569
-10.815709969749914
-3.8857142856998945
-5.2822299651362385
-4.214285714286378
-4.1151079136702675
-3.4879725085881605
-4.0347826087109455
-3.5906976744006003
-3.334862385302956
-3.306701030927944
-2.036923076926609
-1.6978609625695609
-1.3948863636387792
-1.4727793696312321
-1.5059523809488706
-1.291545189504652
-1.110119047618164
-1.2444444444474332
-3.047368421059029
-1.4743589743600076
-1.6876790830985502
-1.5090909090948996
-1.6468531468603644
-1.4788732394274702
-1.6280991735501253
-1.700440528641177
-1.6053811659130444
-8.284552845496208
-3.233576642343521
-2.661184210526922
-2.4651162790636434
-2.281553398057694
-1.8058252427218817
-1.564102564104361
-1.4950495049505843
-1.4020618556785271
-5.351744186045288
-2.4363636363688315
-2.6753246753166082
-2.0151515151581663
-1.9581993569167861
-2.006557377043069
-2.2234848484784955
-1.9367588932799706
-1.9529914529942234
-5.09363295882224
-2.214007782098767
-2.362934362922547
-2.000000000005216
-2.1646586345445886
-1.520661157033894
-1.7478632478696121
-1.7990654205565102
-1.7391304347811736
-7.986666666669946
-3.099656357389575
-3.481617647063349
-2.6192052980180547
-2.416129032258932
-2.3392226148338913
-2.3816793893132955
-2.226190476197642
-1.8971193415692709
-6.165760869574723
-2.3313782991207166
-2.58433734940798
-1.897506925204778
-1.9658119658087378
-1.7890173410427568
-1.7799352750862734
-1.7500000000040672
-1.7695852534680039
-6.215613382897305
-2.211656441713651
-2.3240740740672394
-1.6443298969068534
-1.6632124352375448
-1.412658227844624
-1.3012987012953638
-1.289398280798859
-1.1354466858790988
-3.693877551025693
-2.1355421686850016
-2.63139931739551
-2.205479452060949
-1.8704318936857167
-1.6962025316426135
-1.6666666666695866
-1.3442622950792495
-1.257142857148435
-5.17132867134187
-2.781132075478898
-2.574394463679257
-2.3246268656593694
-2.2412451361975294
-2.4077253218976753
-2.299065420550124
-2.3502538071070567
-2.1071428571333946
-5.519298245610468
-2.6446280991658533
-1.81957186544023
-1.6346749226048762
-1.4672364672338605
-1.241071428575641
-1.0985074626846918
-1.0838509316708766
-1.1423841059587665
-9.775100401574774
-4.405982905985526
-4.901785714267575
-3.566929133852464
-2.980694980697079
-2.5230769230738503
-2.18750000000157
-1.7370370370477786
-1.946280991745758
-6.679611650491105
-3.178294573652937
-3.8154506437671074
-3.258215962438483
-2.799126637550624
-2.3347107438135537
-2.6847290640428247
-2.180487804869594
-2.0860215053848763
-7.942583732064956
-3.441176470586068
-2.717842323647335
-2.2928870292844685
-1.9444444444525788
-1.7148760330621449
-1.429718875496233
-1.5570175438636187
-1.6484018264864402
-4.293650793660477
-2.8090909090824385
-2.1266375545866123
-2.0086956521777366
-1.84255319148466
-1.4830188679299772
-1.2648083623710635
-1.2955326460564696
-1.036423841062015
-4.364485981296395
-1.9815303430070688
-1.8181818181849554
-1.6559405940581082
-1.3420427553482346
-1.2135922330103528
-1.0700483091762563
-1.0131578947390187
-1.0316091954003692
-4.816901408444605
-1.97127937336278
-2.554252199411139
-1.9490445859824932
-1.871382636652727
-1.658862876255327
-1.41000000000164
-1.512544802865505
-1.6098484848528183
-7.046025104582486
-2.809885931553897
-2.9285714285621323
-2.6844262295047536
-2.2839506172904076
-2.357487922702635
-2.388601036277171
-1.9497487437239764
-1.6893203883527994
-4.715384615381341
-2.2086330935279737
-3.0796812749137605
-2.726235741444887
-2.445283018872303
-2.1157894736819896
-1.9801324503359805
-1.5231788079504063
-1.4093959731603332
-3.4873563218382717
-1.9240506329094216
-1.4373576309771021
-1.629722921914271
-1.1981351981356585
-1.316753926700297
-1.102631578945277
-1.0521978021942542
-1.2175141242921605
-4.250793650799421
-1.368421052628214
-1.4764890282114607
-1.3519736842066667
-1.331249999994822
-1.0466472303170524
-0.9796511627897507
-0.919999999996564
-0.8973607038115645
-6.905292479116662
-2.5896103896086933
-2.9316939890710687
-2.5893854748534255
-2.3362573099494655
-2.2532894736822735
-2.055374592831324
-1.749185667749862
-1.514657980457969
-6.1492537313390825
-1.905092592592285
-2.3392405063247694
-2.0419753086366264
-1.820895522391104
-1.5736434108531785
-1.498680738787507
-1.6195965417858582
-1.6241610738222718
-3.2354651162826498
-1.6118980169977264
-1.4780058651030505
-1.4599406528217227
-1.517350157732025
-1.7951388888896138
-1.3581081081128186
-1.472868217047776
-1.235294117648635
-5.8020833333323445
-2.729257641916837
-3.230046948354518
-2.0499999999968943
-2.1666666666635033
-1.8785046728891392
-1.6834862385311324
-1.6889952153120684
-1.6432432432550224
-6.959349593511426
-3.1415929203491126
-3.3454545454702442
-3.11602209945302
-2.6935483871086245
-2.758620689666818
-2.1111111110984577
-1.9944134078340243
-1.7967032966973557
-5.953736654779383
-2.9230769230749014
-3.106060606054959
-2.5766423357572856
-2.5816733067703703
-2.3280632411044135
-2.2731092436960796
-1.754863813229034
-2.0572687224556625
-4.662162162144818
-1.878289473685083
-1.6706231454023261
-1.470760233915383
-1.1151832460734856
-1.2514124293762519
-1.054794520549484
-1.2242990654209984
-1.2056074766405274
-3.740932642493687
-1.714285714289398
-1.7686170212838745
-1.6420454545475942
-1.7352941176516692
-1.6464968152850996
-1.5592105263123883
-1.5151515151512363
-1.7435897435882033
-4.306859205787572
-1.9051987767548184
-1.836601307189484
-1.6622073578545484
-1.6317567567614515
-1.6505576208175794
-1.5152671755739924
-1.5039370078730414
-1.547085201802241
-5.907975460145074
-2.723723723729627
-2.391184573000411
-2.428977272732997
-1.7096774193528241
-1.6556473829203175
-1.5603448275830585
-1.2955223880622344
-1.5872483221420957
-6.858757062143185
-2.459530026102748
-3.0198863636412057
-2.2439024390235773
-2.1742857142838403
-2.0599999999989067
-1.8658892128329598
-1.695266272189708
-1.676923076924759
-6.895081967194399
-1.9290123456734796
-2.1058823529433517
-1.6936416184903977
-1.4770114942526704
-1.4173913043474817
-1.3508771929888355
-1.3190184049045293
-1.2675585284312272
-4.087378640779576
-2.009463722392975
-1.6978193146454714
-1.4434523809560125
-1.49050632912271
-1.3829113924036536
-1.1944444444403437
-1.0725552050533567
-0.8563049853345873
-5.343949044574649
-2.9446254071642244
-2.857142857152586
-2.5581395348934346
-2.357142857148435
-2.014652014648384
-1.780303030295501
-1.8429752066214642
-1.4867256637170818
-5.364963503660193
-2.3821428571496552
-2.2698961937660957
-1.7842465753374812
-1.7183098591566917
-1.6901408450694737
-1.371841155228352
-1.809917355378528
-1.7614678899101548
-4.4453125000027525
-2.4509090908953213
-2.094076655055384
-2.070422535213233
-1.9539007092191365
-1.9283276450524203
-1.7262773722673244
-1.7928286852558406
-1.8808510638301583
-5.136882129274959
-2.464566929126487
-2.199999999995951
-1.9601449275337204
-1.4468749999982118
-1.710963455146108
-1.4155844155787685
-1.4871794871764066
-1.4173228346446103
-8.349246231146694
-3.2879746835403485
-3.180055401669191
-2.4046997389011584
-2.07537688442777
-1.6479217603907896
-1.327751196167642
-1.2157360406097708
-1.1740259740238628
-5.8744075829385345
-2.322164948453427
-3.0
-2.2697947214052507
-2.3636363636427635
-2.2619808306674254
-1.753086419747046
-1.8249158249175137
-1.279141104290415
-2.70153061225324
-1.5670103092794399
-1.5518987341809902
-1.4687499999935496
-1.393442622950942
-1.1907356948203416
-1.1970588235313386
-1.121874999997571
-1.0263157894716732
-3.2680412371107153
-1.5331564986755957
-1.4468664850109556
-1.2322404371591127
-1.3065015479857953
-1.1563421828903917
-1.159638554216545
-1.052631578950523
-1.1619047619062908
-5.765822784807307
-2.513245033120659
-2.2138728323728647
-1.7559523809478537
-1.5938461538493496
-1.4822006472524543
-1.5793103448317136
-1.633561643842893
-1.527210884351686
-4.225352112666297
-1.855524079318852
-1.7612732095467256
-2.1008902077187677
-1.7620481927701668
-1.5325077399332077
-1.300632911393979
-1.3139158576055214
-1.485815602835539
-4.735135135130503
-2.8451612903211303
-2.134670487110258
-1.8505747126486434
-1.9454545454595902
-1.6884272996978371
-1.3850931677004399
-1.2549019607842262
-1.2051282051304513
-4.482658959547743
-1.8818681318654915
-1.9518072289152164
-1.6656716417987651
-1.7375000000041105
-1.5411392405048374
-1.234920634923789
-1.1728395061769532
-1.0426829268312754
-3.4478021978111815
-1.4986945169760586
-1.5000000000017795
-1.3082706766888192
-1.1262626262627482
-1.0310880828973903
-0.9840000000002915
-0.9352112676043977
-1.0664556962012863
-4.090909090914424
-2.132791327915758
-2.102301790280588
-2.060846560847871
-1.867403314919463
-1.7492795389055689
-1.6261398176281188
-1.3652694610726013
-1.3058103975485198
-4.072625698333001
-1.6049723756950502
-1.5452196382450383
-1.374999999996078
-1.3426395939092282
-1.2078947368390673
-1.0433604336047677
-1.0326975476832743
-0.8397790055264261
-2.555555555550054
-1.4623955431761555
-1.696969696973336
-1.46846846847309
-1.517684887456515
-1.6621621621663423
-1.6183745583100297
-1.4821428571375408
-1.4137931034448454
-5.81690140842434
-2.4677966101647333
-2.2088607594940814
-2.0794701986787034
-2.1730769230735874
-1.8015564202415943
-1.9489361702079406
-1.725321888404239
-1.8355555555565273
-5.854037267084845
-2.6779141104385906
-2.584905660370061
-1.8501291989678774
-1.5964467005081424
-1.261728395065186
-1.0414634146390567
-0.9400000000010933
-0.9580052493433896
-4.285377358482592
-1.9270833333334445
-1.9872122762162372
-1.844086021503342
-1.6666666666666667
-1.745341614910101
-1.5742574257457447
-1.411347517737439
-1.4387351778685162
-10.12698412695245
-4.528517110263018
-5.317796610187747
-4.217391304351114
-3.391791044762363
-2.4407894736831164
-2.2783171521060073
-2.0129032258165482
-1.6488294314440122
-7.984076433105384
-2.9629629629678056
-2.7303664921469712
-1.9844155844158795
-1.9190600522230477
-1.6621253405974765
-1.5436619718347486
-1.6121794871733803
-1.5035211267524644
-3.8417910447723322
-1.3273942093576045
-1.2764044943867083
-1.1818181818144171
-1.0584269662899748
-0.9050772626938693
-0.8211009174284752
-0.7971014492787111
-0.7930107526895249
-3.9749103942835617
-1.6824817518300963
-2.1043478260787416
-1.9086956521813014
-2.0765765765731103
-1.625000000000791
-1.6820276497805553
-1.2238095238029854
-1.3600000000071062
-8.215547703157995
-2.8172413793150732
-2.7427652733219006
-2.227586206902044
-2.0369127516849312
-2.035714285705396
-1.751851851858994
-1.633587786252176
-1.24110671937045
-4.1201413427456215
-2.2965517241298388
-2.04968944099429
-1.701492537309597
-1.7331378299116709
-1.5086705202330404
-1.3333333333359974
-1.350609756096786
-1.2307692307692308
-5.685393258412934
-2.2762645914378474
-2.7366255143904707
-2.4612068965465954
-2.1833333333396916
-2.000000000005766
-2.106666666670797
-1.9234449760631336
-1.9761904761866027
-5.482071713169449
-3.019047619042909
-2.991031390130627
-2.685714285707406
-2.489999999978613
-2.2424242424192227
-1.5841121495410357
-1.2689075630219773
-1.1984435797626678
-6.360128617380977
-2.708196721317763
-3.0584415584314746
-2.43653250773555
-2.360389610382148
-2.054662379427665
-1.9831081081007773
-1.7263513513433966
-1.5597269624602033
-2.9347079037797297
-2.387387387390493
-1.9170124481305684
-2.104545454541219
-2.0333333333480836
-1.7803738317697329
-1.844559585494796
-1.6421052631472952
-1.625
-5.909482758616576
-3.4568527918766585
-3.2626262626162235
-3.230769230788869
-2.909090909090203
-2.7639751552622105
-2.712230215810999
-2.689922480641096
-2.384615384627514
-7.019417475732235
-3.9238095238023347
-3.346303501942318
-3.089361702120112
-2.664000000000656
-2.731914893616403
-2.2638297872328055
-2.1486486486520593
-2.1219512195191865
-7.153191489352917
-3.214285714281613
-3.0772200772222367
-2.17207792207288
-2.0335570469761417
-1.948051948060188
-1.8619528619523351
-1.6888111888048902
-1.5802919708082348
-5.874074074064813
-2.6823529411672022
-2.6540084388226286
-2.515837104082443
-2.5599999999989067
-2.422885572132944
-2.1776649746136902
-1.7487684728924093
-1.740932642493687
-6.6440677966330375
-2.68619246862975
-2.8897338403028194
-2.2334630350149034
-1.9656488549624294
-2.1295546558717446
-2.008474576280707
-2.0311111111125686
-1.7955555555572562
-5.210884353740674
-2.3333333333317516
-2.4115755626954543
-1.8189910979246777
-1.6233062330606645
-1.5123966942127602
-1.324786324787789
-1.4145569620247553
-1.2523076923087015
-4.927223719663335
-2.2745664739942724
-2.4828571428574553
-2.0381231671520403
-2.1012269938718586
-1.7443365695823365
-1.7605633802827068
-1.5604395604461616
-1.4513618676990248
-6.282685512385476
-3.016528925632762
-2.6719367588955865
-2.8302752293648146
-2.179039301304493
-1.7427385892127005
-1.7248908296938281
-1.7523364486039499
-1.5929648241093186
-8.977777777780208
-2.9191919191934064
-3.0804195804262635
-2.198717948721767
-2.1556291390635276
-1.9858657243754827
-2.1068702289965247
-1.8690476190551724
-1.829166666671483
-5.035019455246918
-2.370078740157353
-2.6602870813238826
-2.039647577097895
-1.8348214285608884
-1.7685185185186942
-1.6108374384216555
-1.6702127659517243
-1.804733727806249
-5.947136563895561
-1.9595588235268073
-2.0798611111080136
-1.694158075603989
-1.456666666670493
-1.4131944444445104
-1.383211678835721
-1.3243243243238965
-1.3333333333352555
-8.984126984147126
-4.220883534145716
-3.1640378548834156
-2.732937685449496
-2.4848484848542576
-2.0764872521271354
-1.836111111111691
-1.863247863246632
-1.562857142857299
-3.2604651162852485
-1.2640586797085784
-1.3071065989837152
-1.1999999999985802
-1.1852861035373135
-0.9333333333381417
-0.8927536231852484
-0.8268656716396479
-0.9050632911410196
-3.763231197774525
-1.8550724637643845
-1.5790884718495417
-1.595988538684888
-1.5207100591685114
-1.4437689969588072
-1.2444444444474332
-1.3475177304929482
-1.250883392219289
-6.405487804853761
-2.725947521869293
-2.610215053762029
-2.0072463768180766
-1.9856459330178737
-1.7136038186177835
-1.7106598984696393
-1.5769230769179556
-1.4960835509174715
-1.984374999999285
-1.211055276385395
-1.236363636360345
-1.3184357541923113
-1.199999999999159
-1.1638225255991321
-1.2643678160982732
-1.0750000000044129
-0.995708154510415
-4.5629139072965454
-2.1068702289965247
-2.2599277978283783
-1.8781362007176008
-1.9391634980982864
-1.5335820895567671
-1.5461538461555848
-1.5161290322568202
-1.4625550660751048
-5.077253218900507
-2.8461538461500724
-2.594059405944747
-2.2746113989709946
-1.672489082964012
-1.6473214285751328
-1.5129310344825047
-1.52702702702345
-1.625
-5.404844290674702
-2.8556701030907985
-2.4634920634955892
-2.085808580850137
-1.8143322475561332
-1.6187290969963561
-1.5051194539271593
-1.4309764309761677
-1.3598615916912802
-4.9482288828482766
-2.3003095975229315
-2.375706214687161
-2.0337078651601286
-1.7397260273993118
-1.498622589531079
-1.4578651685400807
-1.3665689149558355
-1.2169811320760393
-3.514880952373193
-1.7213114754075713
-1.6084656084642504
-1.3392405063247697
-1.1964735516371148
-1.0806045340058528
-0.9748743718586408
-0.8666666666647979
-0.9371584699440392
-3.1666666666660546
-1.4408866995084504
-1.6470588235290007
-1.49051490514861
-1.446280991734666
-1.3609467455620583
-1.440273037544461
-1.3969465648872879
-1.400881057276334
-5.481203007518295
-2.4429223744292523
-2.5299145299188726
-2.274418604657105
-2.1990521326971244
-1.949238578665308
-1.7461928934010857
-1.6705882352877812
-1.6896551724111932
-8.99000000000246
-3.574162679428903
-4.5449438202251935
-3.549738219891954
-3.279187817262968
-2.9030612244960214
-2.8210526315867455
-2.538888888898421
-2.416184971089499
-8.378378378366
-3.271676300595523
-3.5519125683176815
-2.6494252873670647
-2.2674418604628066
-2.0486486486403033
-1.971428571431695
-1.9540229884937406
-1.6407185628657253
-8.758793969873713
-3.60465116279528
-4.095477386949167
-3.1393034826010346
-3.3210526315592626
-2.815217391305074
-2.719101123603097
-2.5689655172279733
-2.3771428571437943
-6.303191489355825
-2.746987951812089
-2.8975903614504945
-2.511904761909991
-2.7517241379176447
-2.9393939393882924
-2.7049180327923943
-2.390625000000167
-2.2711864406814994
-7.366279069768597
-2.787878787869376
-2.9679144385105287
-2.392156862741683
-2.0186046511517635
-2.0410256410224425
-2.244047619057206
-2.3133333333336976
-2.1914893617081077
-4.793721973084085
-2.4764397905763658
-2.485436893210775
-2.370370370357516
-2.397660818720414
-2.2574850299290454
-2.253333333334791
-1.8807947020062938
-1.6688741721773392
-4.426229508179705
-2.340782122900635
-2.56647398843264
-1.9213483146030323
-2.1470588235209003
-1.7165775401069128
-1.5422885572119347
-1.361386138617177
-1.3266331658353574
-4.907590759080581
-2.3213213213269905
-2.257485029942374
-1.698060941825518
-1.6991404011406677
-1.5302593659936803
-1.4294117647091216
-1.2171253822663326
-1.3056478405390428
-3.997183098582625
-1.4176470588256336
-1.4235294117653678
-1.1784615384638932
-0.9525222551964161
-0.9589905362811247
-0.7839506172828832
-0.7615894039774657
-0.8345070422580451
-4.042207792217458
-1.6515679442553672
-1.8718861209987259
-1.5248226950439845
-1.440740740735192
-1.406130268192473
-1.258064516125655
-1.2467532467547833
-1.1520737327157016
-17.35467980284593
-4.144781144780014
-5.8932806324129885
-3.6744966442910703
-3.486577181204499
-2.8943894389297387
-2.6385964912286086
-2.385454545454148
-2.358024691344347
-3.433884297511677
-2.3802083333275874
-2.0777202072449708
-1.8385416666737102
-1.7311827957053239
-1.2243902439078371
-1.272251308904869
-1.1283422459871164
-1.1494252873501831
-7.248826291072884
-2.3420074349463342
-2.3040293040265536
-1.832752613243338
-1.722602739722293
-1.5830388692630524
-1.4854014598575824
-1.313492063494194
-1.2405063291083769
-2.8566037735890895
-1.661417322832358
-1.769585253450562
-1.4799999999883384
-1.5136363636454837
-1.1534883720830897
-1.2307692307641769
-1.1780104712187605
-1.0427807486523155
-7.962962962959448
-2.822222222223437
-3.0698689956278193
-2.2088353413572186
-2.3045267489624686
-1.8991596638617343
-1.7027027027020372
-1.7572815534045634
-1.6185567010263526
-4.942307692328287
-1.695833333336631
-1.9908256880756374
-1.7938596491225178
-1.6371681415921713
-1.4415584415624367
-1.520737327182207
-1.232456140350693
-1.1339712918658722
-3.6208053691394277
-2.628820960692149
-2.3765182186220706
-2.22844827585562
-2.018181818189837
-1.7318181818133818
-1.5125628140586187
-1.5081967213000902
-1.5341614906767977
-7.078313253005056
-3.25827814568086
-3.306250000024983
-2.723684210505968
-2.8881578947155484
-2.564285714264518
-2.5323741007039344
-2.4836065573754884
-2.528000000001312
-6.640243902471797
-2.3885714285695543
-2.1554404144970225
-1.9191919191912918
-1.6291079812192415
-1.4611872146073985
-1.3022222222268383
-1.183760683765251
-1.1026785714309681
-3.5976095617715345
-1.8697478991709788
-1.9026548672680887
-1.8374384236482384
-1.8186528497263308
-1.7258064516242797
-1.5107526881767832
-1.3277777777677815
-1.2316384180883873
-7.260273972597867
-2.7677725118382424
-2.893333333335277
-2.220264317187114
-2.242424242423884
-1.874439461877802
-1.8226600985186192
-1.6958762886608105
-1.7277777777869727
-7.148936170205033
-2.96391752577857
-3.555555555572427
-3.3464052287579364
-3.6014492753570084
-2.900000000014642
-2.532374100738663
-2.316546762579389
-2.194244604302259
-5.149484536084362
-2.412060301493527
-2.554404145080362
-2.5265957446779126
-2.1269841269741416
-2.240437158454602
-2.1485714285739275
-1.8453038674035236
-1.8383233533038013
-5.329545454533455
-2.9290322580773145
-2.554347826092204
-2.4770114942584707
-1.9105263157933727
-1.800000000005754
-1.6855670103057925
-1.5297297297316064
-1.2527472527446948
-7.004081632638103
-2.143396226421224
-2.5354330708627524
-1.9166666666614902
-1.604316546761529
-1.32881355932161
-1.2533333333347911
-0.9903225806453462
-0.9078947368379057
-3.6512455516044002
-1.5551470588250256
-1.487272727272131
-1.3163636363678106
-1.2118959107818024
-1.031007751941023
-1.0836820083645404
-1.1751152073737943
-1.038461538458506
-10.454901960812728
-3.6081632652974025
-3.6863468634772687
-2.6367041198591776
-2.735632183897875
-2.3347107438135537
-2.2100840336132523
-2.124401913877788
-1.9900000000024598
-6.37278106508981
-2.7913669064632205
-2.389221556902741
-2.1944444444541453
-1.8894736841987911
-1.88636363637546
-1.547872340424604
-1.465517241387706
-1.4117647058955933
-3.9217877094937093
-1.5642458100494683
-1.7590361445801979
-1.7333333333351555
-1.9109589041172181
-1.794117647068281
-2.0
-1.8130081300669385
-1.6692913385694594
-4.010928961768385
-1.862068965527262
-1.8776595744865285
-1.517412935324161
-1.4876847290520014
-1.2815533980621168
-1.1722488038247478
-1.0192307692326645
-1.1826923076861167
-5.2566371681323885
-2.1576763485428474
-2.6651376146657
-2.537688442220752
-2.2864583333224715
-2.236994219671124
-2.144654088053558
-2.1214285714331034
-2.047999999999125
-6.666666666663503
-2.832116788327284
-3.8347107438192007
-2.9448818897825046
-2.98275862068214
-2.1102362204887934
-2.0806451612698806
-1.816666666687735
-1.8205128205265972
-5.178571428581539
-2.9586776859660944
-2.8906249999948286
-2.5156250000015015
-2.4583333333266904
-2.6333333333227045
-1.991869918695664
-1.732283464577944
-1.8333333333229804
-6.089285714300531
-2.762499999999039
-3.198630136998803
-2.6394557823134313
-2.3150684931365806
-2.5037593985133144
-1.9545454545360428
-1.9516129032050091
-1.7627118644181645
-5.064102564104361
-2.393939393934688
-2.783999999993003
-2.27272727273446
-2.4649122807161605
-2.2547169811405894
-2.0545454545443254
-1.8673469387600001
-1.7708333333460857
-6.696335078530286
-2.6419753086536395
-2.862068965527262
-2.564102564104361
-2.2592592592633207
-1.8993710691812549
-1.8012820512826129
-1.675675675664196
-1.676258992793519
-7.865116279030536
-2.442804428046923
-2.5381818181836073
-2.0696864111517836
-1.8159722222178067
-1.5694444444415447
-1.3724137930952585
-1.247272727276504
-1.132575757571287
-2.3438596491354424
-1.3895582329381189
-1.434042553188891
-1.3196347031986835
-1.287878787872827
-1.2486772486694442
-1.3055555555610387
-1.162790697674049
-1.1886792452797754
-3.597883597901464
-1.4264705882334223
-1.628712871281971
-1.388059701491421
-1.2536585365752853
-1.2094240837680228
-1.2010582010673445
-1.2146892655385553
-1.4444444444331968
-3.73262032086261
-1.7663043478276612
-1.7336956521760525
-1.5142857142841524
-1.4583333333394342
-1.188235294128523
-1.278145695367415
-1.0318471337720994
-1.163120567379186
-5.330985915472693
-2.0143884892050257
-2.1503759398323186
-1.7723577235982824
-1.8319327731048045
-1.663636363639187
-1.4722222222289005
-1.6458333333478652
-1.7471264367803454
-6.541666666665876
-3.7851239669604433
-3.7073170731550147
-2.874015748040477
-2.7086614173341883
-2.0076335877896043
-1.9747899159668691
-1.5645161290386573
-1.4083333333438675
-4.292207792192868
-1.784946236567198
-1.5308056872009674
-1.2368421052588991
-1.2068965517200756
-1.058823529408725
-1.0086956521777364
-0.8658008658012756
-0.8026315789509174
-3.0729613733991923
-1.3719008264442276
-1.5021834061204689
-1.260869565211708
-1.1674418604686343
-1.0046948356827994
-1.0245098039188432
-0.8578680203048854
-0.9431818181804065
-3.3750000000262057
-1.4147727272667272
-1.3862433862374182
-1.3144329896942075
-1.175879396993552
-1.1589743589663446
-0.9569892473149091
-0.9116022099513421
-0.877777777777103
-2.9444444444340916
-1.178947368420447
-1.117948717943902
-1.0473684210590293
-1.2640449438109083
-0.9367816091916559
-0.9056603773601123
-0.8980891719736906
-0.8607594936786594
-2.6439024390100823
-1.4742857142822783
-1.2865168539274516
-1.1864406779709435
-1.0564971751347871
-1.0108108108081355
-0.8579545454548984
-0.940828402365285
-0.8765432098656081
-6.148148148204012
-2.500000000005099
-2.481481481478482
-2.21969696968897
-1.929577464777482
-1.6126760563242701
-1.63846153847011
-1.5433070866171388
-1.4126984126930757
-4.424999999997224
-1.6292134831450322
-1.965909090902032
-1.5777777777696795
-1.5738636363569305
-1.4166666666571766
-1.2643678160982732
-1.1860465116297547
-1.0429447852780283
-6.246913580262431
-2.1886792452883705
-2.6419753086452036
-2.1830065359474204
-2.221476510082072
-1.992592592609539
-1.8968253968131736
-1.8230088495530272
-1.9405940593937496
-3.7272727272680215
-2.030769230782816
-2.0148148148111407
-1.6423357664259788
-1.8235294117680836
-1.7090909091098831
-1.5294117647121872
-1.593406593409729
-1.8658536585595515
-6.763779527583965
-3.4272727272721624
-2.958333333315302
-2.648648648665286
-2.4210526315978753
-2.4761904761737425
-1.9519230769153697
-1.8823529411914448
-1.8666666666686913
-8.072916666698845
-2.858585858606216
-3.8181818181648772
-3.4418604650833893
-3.3292682926756103
-2.9534883721200003
-2.5294117646945335
-2.481481481473358
-2.162790697699178
-5.694915254253581
-2.819999999989614
-3.0200000000087464
-2.8709677418951927
-2.5714285714221354
-2.4719101123854297
-2.2159090908942676
-1.8043478261037482
-1.636363636360813
-7.743119265970619
-3.0943396226441853
-2.8376068376282015
-2.2169811320803365
-2.3368421052982877
-1.9891304347630723
-1.9518072289436332
-1.9589041096267383
-2.265624999963967
-12.602272727239551
-4.612903225826834
-4.82795698927433
-3.5600000000125727
-3.163265306153469
-2.76699029125299
-2.303921568641243
-2.206521739115419
-1.897959183657248
-4.899082568825743
-1.9572649572810301
-1.974358974347893
-1.565573770492446
-1.4285714285747098
-1.5593220339012495
-1.5887850467164388
-1.4736842105505434
-1.2903225806555896
-4.093750000009008
-1.7625899280531687
-1.6510067114116735
-1.3006535947688482
-1.2418300653581344
-1.2925170068096776
-1.0198675496594043
-0.9310344827657705
-1.037593984968741
-3.027777777780414
-1.374100719432665
-1.369565217383985
-1.3455882352826654
-1.2686567164235425
-1.3333333333261028
-1.2333333333458605
-1.0789473684320938
-0.939655172411051
-9.630252100828272
-4.401960784271693
-5.052631578912541
-3.9886363636314224
-4.24675324669862
-3.7162162162381773
-3.9701492536981604
-3.066666666742588
-3.1818181818498052
-4.717391304315211
-1.9809523809569671
-1.845454545449463
-1.6495726495613687
-1.2460317460191785
-1.1654135338357454
-1.0305343511479845
-1.053435114506365
-0.8846153846170018
-4.357142857153316
-2.1258278145608456
-2.0740740740728243
-1.7350993377666246
-1.5882352941250029
-1.609929078018515
-1.5999999999979755
-1.532786885254624
-1.3781512605084478
-4.539130434793872
-2.0775862068950284
-2.3177570093432878
-2.2156862744816945
-1.9292929292764762
-1.8202247191285554
-1.6704545454769573
-1.5116279069819178
-1.3947368420957993
-6.884615384634927
-3.2083333333293793
-3.3466666666724976
-2.455696202521135
-2.389610389581117
-2.0000000000168714
-1.8000000000136658
-1.4054054054188816
-1.3529411764386696
-3.6116504854393408
-1.7200000000005466
-1.7766990290977458
-1.5445544554377746
-1.3047619047496333
-1.2571428571525256
-1.0480769230714901
-0.9339622641357402
-0.895238095243797
-9.402298850594573
-3.10638297871165
-3.430107526894993
-2.212765957452376
-2.1704545454510162
-2.0128205128261283
-2.1447368420778177
-1.9583333333341242
-1.7464788732426897
-7.101449275366911
-4.084745762725998
-4.0
-3.754716981127697
-3.396226415113313
-3.5200000000087464
-3.159999999987974
-3.10416666662574
-2.3043478261037484
-7.696428571441644
-2.6333333333113162
-2.5151515151270445
-2.205882352951816
-1.9027777777732964
-1.710144927528769
-1.59420289855216
-1.6612903225490046
-1.3846153846380262
-4.4285714285475235
-2.4303797468139843
-2.5657894737227758
-2.263157894765234
-2.027027027039006
-1.6842105263053793
-1.5479452055009932
-1.3857142857042455
-1.2266666666564627
-3.6705882352797423
-1.9764705882250801
-2.194805194820638
-1.689655172418668
-1.4731182795510898
-1.3870967741674776
-1.095744680849208
-0.9270833333296262
-0.8602150537752913
-3.5333333332867682
-2.013698630124164
-2.1666666666635033
-1.7794117647088377
-2.0999999999977224
-1.850000000045553
-1.7543859649021858
-1.7647058823324502
-1.4107142857238728
-6.8333333334624
-2.3142857143096993
-2.4202898550773435
-1.935064935037276
-1.7866666666644802
-1.564102564104361
-1.4861111111145382
-1.4142857142684229
-1.3731343283828679
-3.6704545454510162
-1.7142857142903625
-1.8192771084222294
-1.6867469879771988
-1.7317073171024373
-1.5789473684475515
-1.46052631579042
-1.3733333333326045
-1.2957746478585879
-5.2298850573959745
-2.4000000000091104
-2.558139534868939
-2.0581395349095892
-1.9240506328958455
-1.687500000014947
-1.4430379747098205
-1.39473684213886
-1.2957746479027763
-5.08988764041131
-2.0510204081574313
-2.2886597938137068
-1.7777777777517036
-1.833333333345196
-1.886363636360813
-1.839506172805555
-1.8333333333304134
-1.6849315068762416
-4.000000000053944
-2.3157894737182807
-2.426470588194214
-2.104477611966784
-2.303571428582759
-2.313725490169808
-2.295454545427722
-1.955555555506291
-1.6976744186290413
-7.617021276603168
-3.4090909090824386
-3.488888888959749
-2.8297872340555448
-2.4615384614960085
-2.018181818139804
-1.87272727269836
-1.525423728777834
-1.6851851852189281
-4.602739725987392
-2.1791044775866726
-2.0675675675975147
-1.8181818181898854
-1.6533333333275027
-1.2911392405111464
-1.1948051948206377
-1.027027027001572
-0.9459459459404557
-3.895348837242192
-2.085365853662195
-2.0833333333536697
-1.777777777781527
-1.5301204819076752
-1.5324675324730643
-1.4399999999919828
-1.4027777777638062
-1.1764705882329298
-3.7666666666340203
-2.2941176470241467
-1.8627450980071658
-2.1276595744656106
-1.895833333371294
-1.4444444444950588
-1.489795918321244
-1.2499999999737195
-1.4166666667141177
-4.824561403596681
-2.8913043478667744
-2.9787234042751156
-2.9230769230445777
-2.6315789473532787
-2.685714285696436
-2.53124999997064
-2.344827586322268
-2.3928571428832894
-6.911111111252831
-2.3392857142883288
-2.1578947368143444
-1.7118644067918312
-1.8245614035049864
-1.625000000006101
-1.7037037037458822
-1.4444444444331968
-1.3653846154164553
-5.250000000012202
-2.0200000000087464
-2.3695652173370543
-1.714285714262473
-1.6585365853512204
-1.5500000000051246
-1.5789473684759432
-1.4594594593875865
-1.8275862068705524
-9.450980392335502
-3.4615384614697278
-4.312500000085412
-3.3333333332995903
-3.4680851063835973
-2.5185185185775687
-2.442307692257153
-2.297872340439142
-2.2608695652445165
-4.098591549222037
-1.5810810810985503
-1.4605263157724386
-1.2714285714528353
-1.164179104466348
-1.2033898304774604
-1.1509433962410103
-1.476190476164136
-1.564102564149285
-7.933333333244252
-3.272727272721626
-3.395833333399765
-3.1363636363608127
-3.0465116279276714
-2.69047619053042
-2.666666666725068
-2.378378378310498
-2.285714285680818
-7.897959183739493
-3.3777777777258136
-3.1372549019392424
-2.442307692257153
-2.09090909087295
-1.689655172399981
-1.3548387096795524
-1.3620689654823048
-1.339285714288329
-4.459016393391574
-1.6666666666497951
-2.019230769239361
-2.0217391303844074
-2.2608695652445165
-2.1190476191018486
-1.9069767442082193
-1.9729729729979288
-2.0285714285446548
-4.949999999842842
-2.5365853658528454
-2.5500000000051246
-2.195121951204066
-2.333333333282719
-1.8648648648788402
-1.8888888889141962
-1.727272727314139
-2.1999999999453363
-8.057142857403903
-2.9999999999171765
-2.918918918956852
-2.405405405437349
-2.571428571400682
-2.171428571385064
-1.8055555555123226
-1.527777777828392
-1.411764705903632
-8.038461538320028
-2.8571428571289124
-2.862068965458743
-2.2333333333940706
-1.966666666742588
-1.7586206896470475
-1.6896551725031657
-1.4666666666970352
-1.4814814814233688
-8.777777777929622
-3.2758620688940194
-3.3571428571533155
-2.6428571428466845
-2.692307692230872
-2.1923076922834333
-2.0400000000174923
-2.0
-1.6000000000437307
-5.999999999966668
-2.268292682909757
-2.0952380952133045
-1.790697674452603
-1.775000000036727
-1.6842105263839295
-1.3076923076464853
-1.2500000000379607
-1.1621621621172415
-3.2045454545412193
-1.8717948718415927
-1.8108108108377632
-1.939393939449155
-1.727272727201198
-1.4242424242110516
-1.5333333332786698
-1.2068965517176382
-1.2222222221603602
-6.121212121055259
-2.4848484849037002
-2.4705882353012107
-2.117647058835351
-2.121212121138082
-1.9062499999599634
-1.7666666666165585
-1.6785714285766578
-1.5714285714355438
-4.666666666767895
-2.239999999995627
-2.3076923076114446
-2.1199999999978134
-1.9583333332597843
-1.5999999999890673
-1.4166666666856471
-1.3913043478105869
-1.3636363636081283
-4.7419354838894545
-1.7999999999180047
-1.6000000000858998
-1.5454545453905455
-1.294117647068281
-1.2187499999653015
-1.172413793082324
-1.0666666666970352
-0.892857142858886
-7.433333333101014
-2.545454545495957
-3.2068965518687587
-2.3870967742319436
-2.1935483871380135
-1.7812500000680624
-1.6451612903424893
-1.3928571428832892
-1.2068965517745116
-3.6969696970387167
-1.838709677392336
-1.4324324324394202
-1.1081081081190887
-0.9473684210299183
-0.8378378378398343
-0.7647058823694916
-0.696969696968442
-0.7419354838453709
-18.324324324431135
-4.3333333334092545
-6.90243902434797
-4.688888888817354
-4.604651162837261
-3.8571428572404702
-3.763157894706558
-3.8124999999626326
-3.4482758621859624
-5.466666666493566
-3.2142857142822283
-3.2692307691862945
-2.916666666742588
-3.100000000184489
-2.599999999904339
-2.6470588236807293
-2.9285714284459257
-2.266666666490529
-6.06249999994128
-3.437500000309617
-3.0588235296009114
-2.333333333409255
-2.500000000042706
-2.1249999999679705
-1.687499999951956
-1.9285714287317932
-1.6923076924613323
-7.400000000010933
-2.7307692307085834
-2.851851851885595
-2.200000000045553
-1.966666666742588
-1.4117647058634382
-1.3030303029901462
-1.1249999999679707
-1.096774193546965
-3.228571428552464
-1.7142857142801364
-1.4324324323865136
-1.2702702702323372
-1.1351351351211598
-1.0000000000379607
-0.9411764706024213
-0.9677419355137339
-0.7741935483757204
-3.321428571423342
-1.3793103449120838
-1.230769230825835
-1.2916666666856471
-1.2727272727216257
-1.1999999999453366
-1.1666666667425882
-1.0
-1.1428571427176952
-6.500000000341647
-3.285714285533004
-2.5714285712612344
-1.8666666666970353
-1.6666666666970353
-1.4666666665634134
-1.4000000000911057
-1.4999999999023867
-1.1333333333029647
-9.956521738874685
-3.0740740739522248
-4.250000000113882
-2.8148148148823005
-2.7692307691862945
-2.4000000000109325
-2.1199999999978134
-1.9130434783383696
-1.9000000000888282
-5.300000000211821
-2.1363636363608127
-2.041666666685647
-1.5769230768503002
-1.499999999947439
-1.3461538462124718
-1.333333333371294
-1.1666666666856471
-0.9999999999430589
-4.333333333124549
-1.833333333266902
-1.4799999999912539
-1.3913043477511702
-1.3333333332682578
-1.1904761904978822
-1.1666666665780916
-1.0588235294401367
-0.9333333332179327
-3.714285714076543
-2.090909090694503
-2.25
-2.0000000002733174
-1.583333333371294
-1.4166666667425882
-1.3846153845668667
-1.0714285713588476
-1.3636363636928341
-9.999999999392628
-2.499999999947439
-3.041666666512451
-2.2692307691862945
-2.1999999999781346
-1.8400000000393577
-1.8260869564494056
-1.761904761811797
-1.7368421052934424
-2.3000000001434917
-1.5000000001708234
-1.3529411763712862
-1.1176470587904288
-1.1249999999679707
-1.0
-1.0714285713588476
-1.153846154032139
-0.9230769230445779
-4.499999999804773
-1.857142857087078
-2.166666666742588
-1.9166666664104317
-1.7500000001138822
-1.636363636228107
-1.1538461538057223
-1.0833333331340396
-1.0833333331340396
-2.7272727273856683
-1.4999999999316707
-1.2727272725804495
-1.3333333333333333
-1.3750000001921763
-1.3749999997864708
-0.8888888889901175
-1.2857142856306172
-1.5000000002277645
-6.1666666667425885
-2.5
-3.399999999289375
-5.0
-3.5000000010249397
-2.9999999996583533
-2.7499999995729416
-1.599999999617356
-3.0
-6.799999998852067
-2.666666666742588
-4.249999999743765
-2.1428571427176952
-2.799999999398702
-2.600000000327981
-3.000000000683293
-2.49999999948753
-2.4999999998291766
-4.71428571397893
-1.749999999743765
-2.2857142860768493
-1.7142857141741563
-2.0
-1.7142857141741563
-2.199999999508029
-2.0000000002733174
-1.0
-4.1666666667425885
-2.799999999398702
-2.5999999993440386
-1.4285714288224343
-1.1428571427176952
-1.5
-0.8571428570870782
-0.8333333334851762
-1.7499999999145883
-5.0
-1.5714285717632457
-1.7142857141741563
-1.4999999996583535
-1.333333332953726
-0.8750000001067646
-1.0000000001952267
-1.0
-1.1666666667425882
-4.571428571066008
-1.5555555556567842
-1.6249999997010593
-2.600000000327981
-1.8333333334851762
-2.0000000002733174
-1.1666666667425882
-0.8333333334851762
-1.200000000109327
-3.3333333334851765
-2.500000000683293
-1.1666666667425882
-1.9999999996583535
-4.000000001366586
-1.249999999743765
-0.8000000001639903
-1.6666666669703525
-1.0
-4.000000000546635
-1.3333333334851762
-1.8000000001639904
-1.6000000000546635
-1.7499999995729418
-1.7499999999145883
-2.0
-0.8000000001639903
-0.7499999999145883
-6.000000000819952
-2.9999999996583533
-2.0
-1.9999999997266829
-1.7999999996720193
-1.9999999996583535
-1.9999999996583535
-1.1999999997813462
-0.9999999997266827
-3.7500000008541163
-2.000000000683293
-2.3333333334851765
-1.2500000005124698
-0.8000000001639903
-1.2500000000854117
-0.7499999999145883
-0.7499999999145883
-0.6666666665148238
-3.0
-1.3333333330296475
-1.0
-1.0
-1.0
-1.0
-0.6666666669703525
-0.49999999931670686
-0.3333333330296475
-4.50000000102494
-2.000000000683293
-1.3333333334851762
-0.5000000001708232
-0.9999999993167069
-0.6666666665148238
-0.6666666669703525
-1.4999999993167068
-0.5
-3.000000000683293
-1.5000000003416465
-0.9999999993167069
-1.0
-1.9999999986334138
-1.0000000006832932
-0.5000000003416466
-1.0
-0.0
-2.000000000683293
-0.49999999931670686
-1.9999999986334138
-1.9999999986334138
-0.0
-0.9999999986334137
-1.0000000013665864
-1.0
-0.0
-2.000000002733173
-0.0
-1.0
-0.0
-0.0
-0.0
-0.0
1
-0.0
1
1
-1.0000000013665864
1
-0.0
-0.0
-0.0
1
-0.0
