-5437.173076149587
-2189.322126462211
-1095.870573748749
-702.0467623607982
-492.09408515247804
-444.17910694193597
-409.59943377303625
-219.7447682530856
-147.24834311135402
-117.933232214677
-96.21210473248705
-81.68760758480299
-72.30049952023684
-64.64458048411372
-58.39790938221494
-54.20395147230639
-50.717669020431686
-48.0367325239066
-45.30217236264634
-43.22481895319522
-41.27489399833781
-39.75922444887379
-38.29530488471121
-37.07235222334225
-35.87583003589651
-34.87661837963674
-34.084019599979136
-33.3155770955779
-32.62993209064644
-32.146685928011536
-31.416603002386918
-30.83668857645108
-30.407521719223933
-30.048014429671394
-29.821000356143887
-29.132516687245626
-29.151617815889967
-28.82289810264979
-28.56669161361405
-28.434168210672684
-28.30585674260149
-27.826198389416053
-27.84756798306277
-27.350850726216965
-26.859933654051073
-26.780112962642477
-26.6835060403908
-26.515763124971105
-26.302965681523805
-26.425448629790818
-25.67825859882068
-25.779270137040786
-25.6849476318622
-25.403714674027302
-25.229681654573458
-24.904202841258805
-24.530556850076852
-24.23906170619296
-23.97970228826261
-23.650953557339253
-22.99690698748205
-21.964420934355392
-21.103910200435763
-20.354171058881892
-19.831311470020715
-19.32174770694337
-18.79149269079514
-18.224543137349496
-17.987234793067756
-17.994276366996218
-17.765204726400103
-17.29743083381731
-17.160206710104948
-16.632432566561615
-16.401931763429506
-15.79210905542237
-15.654722223860496
-15.482861893732823
-15.13433311930273
-15.084231554107076
-14.953343070114736
-14.68651001270973
-14.442213945471138
-14.087293209108195
-13.92983235169793
-13.684510046305595
-13.527518164192722
-13.383254759394474
-13.286680137872965
-13.258980913550213
-13.220520481804813
-13.121462383383404
-12.952396914460602
-12.750502782017803
-12.75034108683826
-12.55685709250452
-12.450758783974289
-12.26156236420755
-12.101798820952126
-12.037267566726113
-11.9352800712201
-11.85224890318824
-11.723765267967009
-11.648387676614105
-11.513274994462419
-11.460144935044957
-11.237610249253095
-10.867650594372309
-10.700246077154345
-10.457721280028847
-10.22133992509511
-10.133648039813952
-9.964068432386458
-9.836085622438828
-9.644349645793715
-9.574365863422832
-9.770869487839667
-9.924817853693273
-9.920073031983383
-9.878341450856853
-9.757890488436562
-9.731048075794108
-9.685112086889037
-9.724753382593308
-9.690216774386997
-9.822224336135344
-9.730057840196052
-9.707299100224756
-9.658975464217365
-9.695109647751496
-9.664878385070251
-9.644296382120164
-9.619077346617269
-9.615863985881713
-9.622869605737124
-9.60958656934949
-9.485293393135759
-9.479035393150838
-9.548821847276013
-9.466638667418383
-9.422919542963257
-9.374173336138556
-9.34804387919491
-9.275824947553149
-9.285175136179303
-9.171676256583835
-9.19819602366712
-9.078034479116827
-9.075712714444379
-9.015331411936698
-8.973134401553143
-8.97073904473851
-8.941073286848338
-8.946825872567867
-8.948273622358526
-8.908281257481361
-8.952209042415365
-8.83948447360737
-8.892409806077575
-8.829722085070742
-8.803765349357503
-8.7688736819395
-8.805378256404884
-8.791190016840913
-8.939609399585862
-8.851457706554966
-8.913522345009214
-8.887356178570316
-8.91572272602646
-8.941245965608527
-8.90754385195619
-8.908833793732557
-8.884337859985408
-8.905966612651588
-8.916257017219339
-8.880792270581397
-8.915484751459905
-8.90029428722261
-8.934728958137539
-8.985094712243509
-8.926158170755558
-8.952386982626162
-8.948637242020407
-8.938846730040542
-8.894991635165423
-8.929307507274858
-8.928002821438445
-8.923259830769558
-8.904754773426088
-8.892284289046005
-8.901637058669133
-8.889794541156745
-8.852161450074622
-8.85673693588891
-8.810472409832558
-8.852655081927265
-8.846762650800299
-8.849121356506602
-8.829864640982978
-8.808745380364345
-8.854671119906097
-8.806770457629472
-8.810639300924437
-8.769670977922788
-8.754309956256424
-8.737985399296607
-8.72517724481686
-8.717835766894519
-8.710198693368897
-8.716157072169738
-8.750531185085377
-8.741503066932411
-8.738402705686372
-8.739031041774693
-8.739281941132845
-8.717722001354547
-8.707280445791243
-8.698186244040388
-8.685834717015114
-8.658161273554345
-8.662527804255948
-8.671262760886775
-8.664760617415109
-8.656566459480402
-8.654981263612314
-8.641344449687098
-8.627909833149007
-8.618451478098963
-8.614434170264898
-8.604853568320449
-8.597439812161218
-8.590477701204223
-8.583668975993955
-8.578078064620657
-8.580055281222057
-8.580232787273573
-8.575509931555386
-8.570893379028636
-8.565024280626998
-8.569548189581472
-8.5619925818372
-8.557107336154418
-8.556870465874042
-8.555161269168028
-8.551665574271327
-8.547907730537116
-8.54519403308994
-8.536703041862923
-8.52984987653102
-8.52092393202547
-8.511775717461797
-8.505089675561594
-8.497529732675687
-8.48935180873409
-8.48395680630102
-8.47892110513126
-8.47416263494367
-8.471437872506657
-8.468296979074962
-8.464907889833482
-8.456793323646107
-8.446760669467213
-8.439314037075707
-8.430607174098496
-8.421166551550384
-8.412728863357668
-8.405311568059659
-8.398982309905398
-8.395886406351405
-8.394692578556434
-8.393388677845191
-8.391442075280137
-8.386880898720387
-8.379223405682822
-8.371578474788702
-8.36045950535367
-8.352997362037765
-8.346687822625368
-8.34388003570334
-8.344112255391948
-8.338952612854811
-8.331998847856353
-8.325473069912311
-8.31719399195768
-8.311105644832082
-8.306834475307024
-8.298725939142054
-8.291421197291902
-8.284629878999393
-8.281773413605947
-8.274500535810434
-8.26767577807844
-8.260605181417327
-8.257871444079456
-8.251769045408947
-8.246952514842219
-8.241141884996471
-8.234455128921038
-8.231991920975616
-8.223539565929803
-8.220877150774283
-8.218966301100792
-8.216015224672208
-8.211863564299795
-8.215470016365304
-8.215147265447554
-8.212549908483238
-8.206973043479694
-8.20004435412518
-8.201179402995209
-8.196654591257614
-8.189060768580763
-8.180364173814795
-8.171509596540728
-8.159478423548391
-8.150262539885373
-8.143174741056956
-8.132789391333477
-8.126119347909428
-8.127393950033376
-8.126493525918047
-8.126290510169211
-8.121725998680455
-8.116154624847168
-8.105459818341824
-8.103878678920527
-8.102358173182978
-8.100829667228112
-8.096174510657333
-8.093443868866158
-8.089068021800859
-8.0851388599405
-8.07872047014507
-8.06907893643523
-8.06459674713659
-8.057565129092508
-8.053427363975008
-8.049023072316311
-8.044542325376154
-8.041268188614508
-8.037127671385518
-8.032671823118816
-8.027486695335876
-8.025295848160411
-8.025605794958356
-8.026876891903344
-8.022733718896957
-8.01675295043951
-8.01007584485832
-7.997031209816545
-7.993418161105201
-7.992575414975078
-7.993447047404989
-7.992448344534324
-7.983292591152193
-7.986305012268587
-7.984916697451127
-7.989252376205358
-7.991555756486632
-7.992339246874608
-7.990001422405228
-7.987325894954599
-7.981904683318728
-7.973985311301301
-7.983507734458997
-7.9768564646741575
-7.970199675339104
-7.965261856052892
-7.960792358543993
-7.944433922380047
-7.93819068558533
-7.936034381695241
-7.933819172500535
-7.93146615635482
-7.924590232585207
-7.923193016597552
-7.922564903072412
-7.9222275538872005
-7.918460023905509
-7.92325167083601
-7.922134236194926
-7.922796965545434
-7.921829077470007
-7.92111797233622
-7.924758057806581
-7.929273709247583
-7.9250527155221695
-7.922354923474699
-7.919982234117068
-7.900751986407271
-7.897342560713962
-7.8990315479195194
-7.898487483565252
-7.896176045947102
-7.905786564384062
-7.906407624075546
-7.906082324828305
-7.9021764293247125
-7.900333093449746
-7.900439066662286
-7.904696021263301
-7.90598436350417
-7.904724269879499
-7.902404162000782
-7.886982553931726
-7.878659095141955
-7.872351905247327
-7.869918843174869
-7.865956590480541
-7.86861859036891
-7.86819563424045
-7.865387239735299
-7.8617219984606335
-7.855776671509627
-7.859300466026465
-7.857642691783098
-7.853330297333859
-7.848461301246757
-7.8460974071314
-7.84331835943856
-7.842054065458687
-7.839989804776111
-7.840204704030698
-7.84092976717143
-7.82950433032144
-7.831852689031963
-7.832619352336876
-7.833297395102601
-7.831449696325393
-7.842127588499831
-7.838621024860064
-7.836416670537471
-7.83799945902807
-7.835451267544879
-7.8220238702389935
-7.82286054297171
-7.82260355904765
-7.822235326827795
-7.82389848716261
-7.817315163072364
-7.814247880254029
-7.80876064453551
-7.804122343720157
-7.801548433617843
-7.809720093995067
-7.814354623968943
-7.812937133470357
-7.810097566571415
-7.81073616656774
-7.813671269233894
-7.81884049489717
-7.819554854461983
-7.8247349458878395
-7.824242274653045
-7.808184230494585
-7.812873355422981
-7.812445946727636
-7.811605982700258
-7.8112099747318515
-7.807939234359647
-7.8007664432676584
-7.793487216503549
-7.784625520356102
-7.776271756348275
-7.773691897016813
-7.76995450400798
-7.760492704073333
-7.756484503101656
-7.750865608031192
-7.7493944326811475
-7.753687627337352
-7.753880908785333
-7.751428760997029
-7.750104606338355
-7.745515212823904
-7.745127685230599
-7.737527815422969
-7.730911244155077
-7.724470823437913
-7.733408105386953
-7.732602470701015
-7.72865362526717
-7.727194468270658
-7.726143640631487
-7.730095323817129
-7.723685628688851
-7.719407624807643
-7.719210071848381
-7.716695447978698
-7.718773695240874
-7.71246761019198
-7.710733809240211
-7.712149708234502
-7.7114960598687965
-7.714950178318517
-7.7120541037493675
-7.706119319349265
-7.707342546231227
-7.707519797162088
-7.700087036120338
-7.6945721277895425
-7.693308948705872
-7.690196780732666
-7.6897262518585485
-7.700560621047994
-7.696625976309535
-7.692669191381715
-7.6909252634942895
-7.6901147904984555
-7.693552155749544
-7.683725527415787
-7.674651739108948
-7.668627244325204
-7.663364376066017
-7.667750582143653
-7.660677280429834
-7.654476322539707
-7.64708025347367
-7.641741892104988
-7.6461298049575666
-7.6405939418326065
-7.635567438503404
-7.631407528532406
-7.627613357332972
-7.635233002915327
-7.627521006262242
-7.618676783099331
-7.609943806321453
-7.606080853490876
-7.595256673783923
-7.588415930169655
-7.578689105118415
-7.569062006961208
-7.56539913680635
-7.572146583045974
-7.570434410661718
-7.566134072765696
-7.5608380228261645
-7.558873790439217
-7.561560584258117
-7.563108410189543
-7.562262600502096
-7.5579061167734345
-7.553818336411141
-7.560139716307962
-7.563283111849611
-7.565293336188058
-7.564320569205577
-7.559985830573272
-7.555065366087509
-7.552663982627092
-7.5483385825649085
-7.543396675687787
-7.5377933138156825
-7.535786835541784
-7.531862569650968
-7.526133487499014
-7.526901225165982
-7.5235064945273775
-7.518035976710597
-7.519978471525122
-7.520140959556401
-7.521818519124456
-7.519140008546672
-7.509950205589248
-7.508455210358325
-7.507400744226445
-7.50568546292465
-7.500497972955814
-7.502601061981907
-7.509125873511276
-7.507342423112006
-7.510526495688058
-7.509343411615499
-7.510656839045425
-7.519471167720102
-7.521355865298161
-7.52223461515412
-7.520716541832173
-7.522674635622583
-7.522923093689921
-7.519410954791652
-7.516719399747562
-7.515128654549105
-7.5160604328686995
-7.51428333089872
-7.513795512524613
-7.516330022061722
-7.514696891661505
-7.520942139569631
-7.5230561420566
-7.524901109514804
-7.524941499625068
-7.524321473864982
-7.528978715035625
-7.530818612174738
-7.528117177640213
-7.524762307370846
-7.525094530877667
-7.516430484454385
-7.522746271733937
-7.52326993903239
-7.521899233607869
-7.517640784865331
-7.505414938968598
-7.508837541646984
-7.504993911188477
-7.5009235836976655
-7.497978645992618
-7.507571182967827
-7.50930658787314
-7.505438142141656
-7.503503716599881
-7.505459081713666
-7.506131473863534
-7.504621589957832
-7.500284337962738
-7.494107189832222
-7.492861587407593
-7.489072606544841
-7.487335839201209
-7.487518322442797
-7.483842775388738
-7.478124684224979
-7.468395378247574
-7.470511337751902
-7.468982121586895
-7.467660257884276
-7.463065674976378
-7.445635869465618
-7.451566539613693
-7.453743858695078
-7.450032243829214
-7.450685817847998
-7.449604025427153
-7.455725308741383
-7.46099475566606
-7.462877107747214
-7.465073359564461
-7.454756505449391
-7.452315791097164
-7.449992653864855
-7.445662603170415
-7.444665231847718
-7.446859690142166
-7.4482884539634755
-7.451827058970266
-7.449227702241386
-7.448630680801994
-7.448198164828966
-7.447793005356716
-7.450178340015001
-7.448821315903145
-7.446476959245008
-7.442152106009771
-7.445977295583803
-7.4477857608154485
-7.446167794889594
-7.447248032294028
-7.445440385083747
-7.441139542799276
-7.435824214817843
-7.431363584102443
-7.427220856768428
-7.429052380551837
-7.4316815078626215
-7.432489478414762
-7.432592152087891
-7.435189351633569
-7.442925066329163
-7.440318011322948
-7.4391897441654145
-7.434073188463273
-7.426724882123849
-7.422931067552526
-7.418939842837541
-7.414064252144404
-7.410477552467757
-7.403626227375313
-7.39685077146379
-7.3896339823805635
-7.3858620647948685
-7.384607805911774
-7.3821005656927765
-7.379907442741512
-7.377908113565879
-7.380722254411595
-7.379911820026673
-7.37373626179065
-7.371989782061903
-7.36930723299207
-7.366587927002571
-7.364847011135287
-7.3605179136476835
-7.356862108599317
-7.348500616007211
-7.346677681780563
-7.341475283919219
-7.342267007632187
-7.341801808646111
-7.3379195077151
-7.33713845631283
-7.3325247767776895
-7.332869953217763
-7.3343298848974845
-7.341011809473685
-7.343036150380484
-7.344591719390622
-7.347475951646046
-7.354163388097081
-7.357226438073236
-7.359083447602462
-7.358859838825723
-7.355668230873603
-7.357566874042077
-7.354365519686216
-7.351934700493074
-7.349848465739612
-7.349076267504217
-7.337465677139208
-7.333781937141779
-7.334546600834453
-7.332472922092122
-7.33090142492746
-7.31889284278371
-7.319173229802616
-7.318455890873138
-7.314882055541376
-7.31156197626396
-7.312309657945558
-7.316071870624881
-7.317327698498294
-7.319970916501576
-7.319336305454088
-7.322741024847816
-7.3247261937201715
-7.325765549427544
-7.323290556709224
-7.320415048203814
-7.323541105959181
-7.324031477754763
-7.324534311746974
-7.3240729737662535
-7.324574735484092
-7.335782288459242
-7.33091654265283
-7.32886542116657
-7.329031627215055
-7.32790664579898
-7.314254238661879
-7.307181015262931
-7.305845014169818
-7.303471881033176
-7.29799710126056
-7.303121964984528
-7.299529897255595
-7.297306376102679
-7.294193048659532
-7.292591966043871
-7.29641092869321
-7.297226664883737
-7.297778259387612
-7.296733991902442
-7.295132328397581
-7.290017066108722
-7.291144863150417
-7.288076811755389
-7.285042799004775
-7.282225479166769
-7.277058068059303
-7.271937298823361
-7.2653019873127915
-7.2616050399109655
-7.259416207600064
-7.24592474307435
-7.24193397008196
-7.2331618401680045
-7.2278633034101505
-7.22648059642762
-7.223289534651248
-7.225627622564942
-7.224995104102958
-7.227871176122037
-7.228745678734764
-7.230809419658798
-7.2323177983001115
-7.235243881315028
-7.235333288702019
-7.24106312177317
-7.243564014911011
-7.245414712387487
-7.24672817384119
-7.247403552215645
-7.245973270934258
-7.232531680686178
-7.233370516005867
-7.231752936362539
-7.231853291433013
-7.229274367265376
-7.227892170104245
-7.227307008528268
-7.226839472179777
-7.226315336686189
-7.223839444327279
-7.226910831840699
-7.224322322522114
-7.2206281908374885
-7.217126737492008
-7.212781348868792
-7.204613610951388
-7.201364197061939
-7.1974608566326035
-7.1962796497582096
-7.191616891066288
-7.190334237191213
-7.187156848183666
-7.185509553910226
-7.186914505871546
-7.187533626931209
-7.1958488919399635
-7.194223609833325
-7.195346926460046
-7.192823075799676
-7.19085939979954
-7.198134370128631
-7.202110875368301
-7.206363587198543
-7.207475041691613
-7.206629157124207
-7.203084968334323
-7.203931063806691
-7.205407384553998
-7.206605155894171
-7.206014567299376
-7.20592588302578
-7.210852208544808
-7.211137961342043
-7.2096791355189245
-7.206844131791242
-7.205930578020836
-7.201701824460357
-7.199209962892154
-7.201573647368245
-7.199692678451811
-7.202706557427585
-7.20735761833195
-7.206083951223619
-7.203677683501151
-7.202173930660664
-7.208180706191242
-7.207225065003429
-7.210327777877182
-7.213228772587626
-7.214287443403744
-7.21131558875419
-7.210963477051361
-7.206375586989059
-7.203038576980105
-7.1995812367504515
-7.191574284441448
-7.190569537954748
-7.185573356289605
-7.183315545409216
-7.17888391140696
-7.168676870668686
-7.169155500215068
-7.167359549619239
-7.165290083142106
-7.161565889351228
-7.160110052822362
-7.1568028787803835
-7.15155546464418
-7.145145104331378
-7.141417735232451
-7.140069438372099
-7.136683525101346
-7.132679763384844
-7.126638910246807
-7.122553647623362
-7.112101014545431
-7.111511078690749
-7.107782165323372
-7.10430155277743
-7.102355499744448
-7.096838950586665
-7.095882756727364
-7.096533851220177
-7.095057803937919
-7.093292210161452
-7.090126758461575
-7.088587748442113
-7.085862291218688
-7.083076932710866
-7.080771744355114
-7.075733271877097
-7.075275584461686
-7.075488829252934
-7.071421289551513
-7.070732101132502
-7.062093994366081
-7.0617993901478675
-7.063110266917313
-7.062743914055829
-7.062101510101342
-7.063040100636186
-7.0609132205466
-7.059446445007694
-7.062192201234585
-7.062806056050675
-7.0594038880700944
-7.0621896959233785
-7.065954176537518
-7.066308822981317
-7.069100586321865
-7.069124182430953
-7.071637316490206
-7.0690543986493894
-7.068080079842672
-7.067404087548162
-7.063354356197864
-7.0628702037730156
-7.061526853031878
-7.061816925425243
-7.063133823052836
-7.060361292887099
-7.062838129766191
-7.0650032777744185
-7.067323800098863
-7.067750849922011
-7.069439481726794
-7.067062878486349
-7.067618865441783
-7.068162894025434
-7.070408650852884
-7.073321774421577
-7.072678449962017
-7.072069409966828
-7.072433213322669
-7.071723228545609
-7.066183915151513
-7.0669695535107495
-7.064494832518349
-7.063785438020186
-7.061616527444586
-7.060313216160348
-7.061133615042947
-7.06158246091898
-7.061941177885363
-7.062872709567064
-7.068231154447177
-7.0650188231117275
-7.06366513082322
-7.062247318530878
-7.060612704768171
-7.046471366989427
-7.0436790029297
-7.043185084675913
-7.041435745925839
-7.040170744850788
-7.04254822676218
-7.043658566996537
-7.042797374984521
-7.040293240824183
-7.0376545454056965
-7.037787901134881
-7.035210751450454
-7.032355757835021
-7.03128970603433
-7.031448649451285
-7.022859623968155
-7.020807876358593
-7.020976250841495
-7.020919299744922
-7.021542840761081
-7.02349738609423
-7.026754900650643
-7.027313989518787
-7.029784073675937
-7.031186893338988
-7.033855533414548
-7.0390420902934
-7.043581808697
-7.046858982418821
-7.049609432793143
-7.054495261241571
-7.057233664051892
-7.0594709780636995
-7.05878361636514
-7.057865173678054
-7.0616856634628205
-7.062680269759126
-7.060329742461319
-7.058829169335184
-7.05687992793501
-7.050443326543147
-7.050752466618273
-7.049282919767621
-7.047687235492986
-7.0439227479571125
-7.042854681569234
-7.043260339189861
-7.04147509773694
-7.041216579328448
-7.0405501974463975
-7.045929674784404
-7.050251064079348
-7.052416495341177
-7.054763755789893
-7.055527852104542
-7.047895826291053
-7.048072489398606
-7.0481997522095545
-7.048072489398606
-7.046726779314581
-7.0409989205523695
-7.039961117322481
-7.038659813862096
-7.0361735418976545
-7.033357525063736
-7.030173331047801
-7.030823347921782
-7.032136659291951
-7.0316195216392074
-7.029702156377824
-7.029034477484273
-7.028355014852115
-7.026975152193003
-7.025609715986065
-7.027884580081959
-7.023016699925781
-7.024875883123703
-7.026585256848876
-7.029097516834507
-7.029453437371359
-7.0261487841344445
-7.027596296225433
-7.029253879158484
-7.029279195617647
-7.029014622804961
-7.030228446225799
-7.031663731202883
-7.0308844328435915
-7.030179289403761
-7.030497083022525
-7.03198712368095
-7.031963278058499
-7.0330623318487975
-7.033320251826312
-7.034083686541739
-7.030988726626647
-7.031548986183036
-7.031326461060785
-7.031170006517091
-7.030901814925898
-7.030245328525283
-7.032881948193112
-7.0354936929960425
-7.036007919197492
-7.03516948068406
-7.029517477109736
-7.029355642503013
-7.027591334576074
-7.026260873088531
-7.024252741404838
-7.027256439440952
-7.029487691039766
-7.030965881057141
-7.03094005580951
-7.031571835542052
-7.035707530352378
-7.038090458244825
-7.039311401093429
-7.039595668303055
-7.038450774000638
-7.034167197268805
-7.0296103119805045
-7.025286909806893
-7.02096634623659
-7.018099148077965
-7.012574324570905
-7.007180032451752
-7.002969403312174
-7.00067666388738
-6.998534519301871
-7.000298050770467
-6.997858480283796
-6.995524837167777
-6.992198461243963
-6.992331082232108
-6.992343853407628
-6.99018765950215
-6.98810687552391
-6.985624316000887
-6.984536606577677
-6.981641294542611
-6.980191601521795
-6.979025332000689
-6.977527323520023
-6.978035067534122
-6.977721998906559
-6.975676982398711
-6.975575789617092
-6.976348742247178
-6.975861287906311
-6.972020263750964
-6.971767308296147
-6.972437338499346
-6.973592124206054
-6.974374410818008
-6.972072517454763
-6.9718532524922665
-6.9738715968369505
-6.975962000070367
-6.9769409173390065
-6.970904565512597
-6.9686659459798515
-6.967301128101245
-6.967686422801136
-6.969405160956227
-6.966902709919892
-6.967150435817807
-6.966008507495885
-6.967908840152803
-6.968896232442133
-6.975280538571268
-6.978191123169354
-6.98063462178943
-6.982529228905193
-6.983130292238443
-6.986599571992088
-6.988043588070728
-6.989461698145628
-6.989192262019116
-6.991289897189616
-6.988941003330955
-6.9888875150441265
-6.987594721593069
-6.986840853796395
-6.985790026573867
-6.980975369555556
-6.981296074922311
-6.982053154379741
-6.9828138270882265
-6.982806479166968
-6.9829642179404905
-6.984153366531658
-6.986013601225367
-6.987157193602941
-6.989290414851074
-6.991391055342533
-6.994564290889211
-6.996859421615654
-6.997591348031018
-6.9978948866266775
-7.003768151286706
-7.006133927773292
-7.005548620298266
-7.003788356404968
-7.002484133407763
-6.999511414807141
-6.999016289099344
-6.998946898349501
-6.996222553806099
-6.9940733048996435
-6.989614338757094
-6.989116195470474
-6.988944438386526
-6.989307591880105
-6.987695772841235
-6.991280567216164
-6.992236773457132
-6.9931617970031965
-6.9922564209087925
-6.9928424569140235
-6.994776630505741
-6.995039615262201
-6.995178734821981
-6.9959049009265755
-6.996511711846466
-6.993646267036091
-6.993076800561933
-6.993797124858006
-6.993960274843786
-6.994093454119365
-6.992188637667193
-6.991525610043482
-6.990446862763439
-6.989163307460264
-6.988753061865425
-6.987061552966025
-6.986766800088049
-6.985750314152241
-6.984441527758629
-6.98301320658751
-6.980219013298496
-6.9773487991088095
-6.976715966983094
-6.975749823464592
-6.976216726822851
-6.980761908729364
-6.98070658729669
-6.979868550374063
-6.979649284207695
-6.979997277777939
-6.98919324353379
-6.9914372158607
-6.9931342834781285
-6.994509733486212
-6.994725018996324
-6.993695405677072
-6.994034481120714
-6.994237450703111
-6.993055674599437
-6.9914445819572295
-6.9955651524520155
-6.994062984612554
-6.991933234359352
-6.990220549760237
-6.9889616137150385
-6.991051745135856
-6.990969746018881
-6.991999539194139
-6.992144923085264
-6.992498584817583
-6.992367922288302
-6.9915138240233015
-6.990716886602574
-6.9889979275446725
-6.987598155325377
-6.984408201774941
-6.981513485852033
-6.979088945549672
-6.976692494738269
-6.9744872973915095
-6.973669807532191
-6.973332215219529
-6.972078866088963
-6.97014648512107
-6.968942096393964
-6.967332827955118
-6.966204003248733
-6.9648279658884595
-6.96318357606306
-6.960813124125376
-6.960731832817033
-6.959426564195501
-6.957826064162561
-6.956987190351966
-6.955673118300008
-6.9517275673259595
-6.950101003711069
-6.94861538506646
-6.947472250276921
-6.9464914039471735
-6.945135741791616
-6.9441032345129505
-6.9431126843815845
-6.941711865471787
-6.941047243207179
-6.9403048368682505
-6.938471763946894
-6.937872077044703
-6.937008033155706
-6.937173379126931
-6.942224578044359
-6.9441022656216935
-6.945150279515151
-6.946179705057333
-6.946407538198131
-6.949726385497864
-6.951064423818097
-6.952395693406673
-6.953534134189518
-6.954080659905942
-6.955722210843375
-6.956770331829958
-6.957878105317563
-6.959476196329333
-6.960190588204033
-6.958158751880263
-6.957505079855253
-6.956589950848425
-6.956057127969918
-6.956104281447058
-6.955291095057645
-6.955133146055914
-6.954277916061657
-6.95395045754024
-6.953485558283119
-6.953378693677961
-6.9532470604293835
-6.953499159468497
-6.954103980247468
-6.954416390737733
-6.951470256506597
-6.951372192113321
-6.951257625336537
-6.951226071590965
-6.951501812469075
-6.9491625932851795
-6.949185395497987
-6.949407118432702
-6.949467767213922
-6.950092268629661
-6.952121823871451
-6.952825964656113
-6.953197517102766
-6.953033349164428
-6.952944468574579
-6.953677437067678
-6.953198002818227
-6.953207231424891
-6.952887158798134
-6.952411718356184
-6.949105345835879
-6.947308352576037
-6.94560970292956
-6.944563972938297
-6.943402796694401
-6.943343706744755
-6.942125321823757
-6.941233111632541
-6.941049663305008
-6.940323225719722
-6.939596456356672
-6.939822890139426
-6.940569548940729
-6.940798466154187
-6.941138240046683
-6.940512926927771
-6.939837889480189
-6.939439703162786
-6.939115091751674
-6.938438875204299
-6.937641418641557
-6.9372691093445455
-6.937464445862854
-6.9376902569815755
-6.937661727570723
-6.937708148426737
-6.937985235831278
-6.938943364764044
-6.940615040799926
-6.941724452409029
-6.940177569330402
-6.94058067987245
-6.941201164788509
-6.941715254258092
-6.942300111509097
-6.944060119113645
-6.9448314327501075
-6.944513099762616
-6.944297502672019
-6.9435858850553
-6.945226361261036
-6.944875042281446
-6.944494204201486
-6.944307676615783
-6.943604291297661
-6.94397534320447
-6.944356124376019
-6.9441419903849875
-6.944153132778264
-6.943812094856113
-6.94354907286332
-6.94316547430022
-6.942334005264697
-6.941491601458737
-6.940792658342629
-6.938463058072926
-6.937671882079896
-6.936953403032079
-6.93597310779244
-6.935283973376063
-6.933980501770562
-6.93361100019978
-6.932987525408152
-6.932407133014654
-6.931681055089243
-6.9311809994467595
-6.930913142172769
-6.930352398130638
-6.9302419007559175
-6.929537502512313
-6.9288207072146735
-6.9286157291000885
-6.928552067777535
-6.928398224410999
-6.92829454072952
-6.928668298801348
-6.9291250617990565
-6.929509040114003
-6.929771481935866
-6.930663160728254
-6.933549178946136
-6.934794510164239
-6.935690381805173
-6.936254406776812
-6.936409082606915
-6.936871217741365
-6.936621773137488
-6.936781299595357
-6.936520743509136
-6.936381047100853
-6.937507962922125
-6.937777297312066
-6.937728457746588
-6.937857569774919
-6.937897706702934
-6.9391953951751715
-6.939918209633916
-6.940187247306185
-6.940199344813872
-6.940205151632541
-6.939973854204069
-6.939838373330972
-6.939732895456423
-6.939765312627045
-6.939669029678011
-6.938947718300976
-6.93876390705124
-6.939059944693937
-6.93907590822577
-6.939026566637442
-6.938791961822763
-6.938977709481592
-6.939040595056851
-6.939132506794123
-6.9393371400908235
-6.938917727379608
-6.93907832694912
-6.939047851158109
-6.938980128136492
-6.938781320330999
-6.939219099553058
-6.939412126944505
-6.93923167745199
-6.939443573526746
-6.939395678076555
-6.939859178978402
-6.940040628866129
-6.940089017105351
-6.940204183828755
-6.939926919159906
-6.939841276437078
-6.939685479841871
-6.939608067986085
-6.939428092096795
-6.939036725142386
-6.938843718634511
-6.938779869221013
-6.938499332691933
-6.938293781532475
-6.938243000180954
-6.93816755497413
-6.938215917097419
-6.93813225104986
-6.938023439844836
-6.937929139561176
-6.937543260493427
-6.937482819665733
-6.937412709624966
-6.937267175374605
-6.937079101949421
-6.937050094102632
-6.937169027816178
-6.937131316684982
-6.937362424675299
-6.93750167709094
-6.937841611848227
-6.937990555352258
-6.938168522209991
-6.938246385581265
-6.938406954075831
-6.938706830802546
-6.938924499500483
-6.939137828074522
-6.939315370017495
-6.939434381419384
-6.939607584167418
-6.939726605592726
-6.939793375496923
-6.939824341685703
-6.939828696328163
-6.9394653444044865
-6.9392882785614445
-6.9391339580516
-6.939027534112824
-6.938875160065364
-6.938478051536127
-6.938274919800848
-6.938162235181731
-6.938043267410122
-6.937938811267164
-6.9378933544834736
-6.937833874698073
-6.937798574169484
-6.937747316507209
-6.937714434632084
