-1.3730453252792358
-1.3730451633044949
-1.3730449638198703
-1.3730445648507938
-1.3730425342043573
-1.3730365258503843
-1.3730284954682848
-1.373017761164835
-1.373002353922672
-1.3729807516412087
-1.3729550671272308
-1.3729226994742756
-1.3728854548182123
-1.3728442918752901
-1.3727999288173907
-1.372752086769795
-1.372703425102438
-1.3726543987767978
-1.3726043467560414
-1.372543634307064
-1.37248834978705
-1.3724364018677975
-1.372387350170058
-1.372339310214791
-1.3722856074994123
-1.37223318592517
-1.3721861462122928
-1.3721438007924796
-1.372100988228328
-1.37202874313414
-1.3719750285743373
-1.3719323199760707
-1.3718934778293521
-1.3718499282484482
-1.37177551182441
-1.3717169061971186
-1.3716714882229766
-1.3716313970580039
-1.3715906685891992
-1.3715226795643465
-1.3714617309807196
-1.3714132552624305
-1.3713683254761693
-1.371322158032843
-1.371256097914287
-1.3711958091187846
-1.3711475244814044
-1.371100503199778
-1.371054802373121
-1.3709937305242084
-1.3709322005422944
-1.3708704762922561
-1.3708101442563967
-1.3707490635696515
-1.3706714319643474
-1.3706043371220389
-1.3705408603736846
-1.3704780640688543
-1.3704152211852854
-1.3703256128174097
-1.3702457837553148
-1.3701736202567725
-1.370107675534647
-1.3700426651284774
-1.3699566793817883
-1.3698926137766787
-1.3698338494400968
-1.3697769050948372
-1.3697208132348335
-1.3696532208057566
-1.3696094826052019
-1.369562334887803
-1.3695195623802967
-1.3694797370303633
-1.369421532255183
-1.3693944482379914
-1.3693735407593681
-1.3693604200672345
-1.3693463276396907
-1.369330483159387
-1.3693275909562643
-1.3693139230676035
-1.3693078871458917
-1.369298198057276
-1.3692888834045644
-1.3692841906878364
-1.3692920293151554
-1.3693213631785441
-1.3693508320113406
-1.3693497870227282
-1.3693629883819238
-1.36939546138131
-1.3694516385474664
-1.3694787336978624
-1.369540202256193
-1.3695623249506041
-1.3695977616331294
-1.3696701048642759
-1.3697218281913541
-1.3697863827750842
-1.369839864494579
-1.3699163658246978
-1.369956233749776
-1.3699792194620317
-1.3700026252728037
-1.369902727352774
-1.3698474397944576
-1.3698197023460839
-1.369777301305243
-1.3696355064098436
-1.3695882951834122
-1.3696879610564612
-1.3697755053183378
-1.3698604227219213
-1.3699356334825712
-1.369899660319387
-1.369992939899877
-1.3700891779720745
-1.370127487634128
-1.3699867512208168
-1.3699185810636934
-1.3699099507319097
-1.3699359087855452
-1.3698962017150051
-1.3698504316967106
-1.3697077139889855
-1.3696601142556986
-1.3696406017116345
-1.3696231200080842
-1.3694173599506438
-1.3693579412966657
-1.3694059869728294
-1.3695154520816593
-1.3694962761423823
-1.3696594800178152
-1.3695913445390877
-1.369621339445944
-1.369674249182939
-1.3696937440788828
-1.3696866950076216
-1.3697373183004362
-1.3697814650746591
-1.369838589807232
-1.3698587798311426
-1.3696308529747523
-1.3695319407237794
-1.3694439788347879
-1.3693610725773058
-1.369231863052402
-1.3690472249520598
-1.3688733981377403
-1.3687781555963217
-1.3687354419162325
-1.3685966432049135
-1.3684182066923902
-1.368309160179548
-1.3683139771853197
-1.3683348201482037
-1.3683068320381493
-1.3681109041062118
-1.3679950072243396
-1.3679316402766863
-1.367912491801581
-1.3679078803593236
-1.367744118132206
-1.3676542126371833
-1.3676485715778526
-1.3676438563535278
-1.367670502150257
-1.3674666874171466
-1.3674006693910947
-1.3673793772980825
-1.3673592163028925
-1.3673783024743738
-1.3672106664770831
-1.3671064787677991
-1.3670691432944715
-1.3670400728198462
-1.3670209940622204
-1.3668554866475982
-1.366851005209223
-1.366855339907685
-1.3668605994466398
-1.3668819682788051
-1.3668805428039088
-1.3668505919107943
-1.3668514675132968
-1.3668558888731035
-1.366861610167735
-1.3667440209945774
-1.3667144143367207
-1.3667127012284783
-1.3667307216020383
-1.3667446422347096
-1.3666032253865403
-1.3665816468479914
-1.3665889254591281
-1.3666098152591342
-1.3666455023979267
-1.3665328618079453
-1.3665523704198375
-1.3665684806870544
-1.3666081961954004
-1.366647747053929
-1.3666868478952023
-1.3667179611597533
-1.3667460462243248
-1.3667742771240963
-1.3668114108231313
-1.366788384781384
-1.3667897207447324
-1.3667920629619263
-1.3667842551612377
-1.3667929342303458
-1.3667876205928247
-1.3667895002799082
-1.3668001452638965
-1.366799424416716
-1.366807989033397
-1.3667536395809556
-1.366745699109197
-1.3667446825113192
-1.3667458811007192
-1.3667586923604855
-1.366733769214533
-1.3667342246016083
-1.3667342820644626
-1.3667439986080947
-1.3667510584766818
-1.3667362822171096
-1.3667403412737877
-1.3667494877621749
-1.3667606245104118
-1.366773328087172
-1.3667581423113562
-1.3667657091843557
-1.3667686392652716
-1.3667762474509242
-1.3667855186889915
-1.3667898851347748
-1.3667990804029697
-1.366805912291006
-1.3668099383153693
-1.3668154088786018
-1.366811580361821
-1.3668125333360412
-1.3668171732459735
-1.3668224718529018
-1.3668269915828557
-1.3668144705851948
-1.3668142270086319
-1.3668159889567857
-1.3668161830192413
-1.3668199450522456
-1.3668204724353317
-1.3668194460537457
-1.3668292260865151
-1.3668348044906857
-1.3668442791356041
-1.366855332390595
-1.3668629521365567
-1.366871391911716
-1.366879551163325
-1.3668838191843864
-1.3668974383532397
-1.3669044576351261
-1.3669082307345202
-1.366913210115131
-1.3669189229548235
-1.3669029690348473
-1.3668985887245306
-1.3668977856598676
-1.3668953180126486
-1.3668929198611754
-1.3668896307938514
-1.3668921705401855
-1.3668940007358577
-1.3668958951122594
-1.3668963377230448
-1.3668742774082727
-1.3668722751371707
-1.3668735514152797
-1.3668739370237006
-1.36688049181103
-1.3668934480925021
-1.3669092598907155
-1.3669248248511383
-1.3669416987168912
-1.3669569145711165
-1.3669536346292555
-1.3669607253310974
-1.3669651015979347
-1.3669684763262844
-1.3669694123394367
-1.3669536252711338
-1.366947585642299
-1.3669413243206574
-1.3669414689176131
-1.3669421371103958
-1.3669376674671163
-1.366940303249286
-1.3669409047040013
-1.3669438379185506
-1.3669490758746312
-1.366958819230016
-1.3669670501644486
-1.3669753065653343
-1.3669798218846356
-1.3669875473456459
-1.3669787874086055
-1.3669804498822193
-1.3669818725425549
-1.3669854042999796
-1.366984514575688
-1.3669651446824034
-1.3669587262934133
-1.3669562030826288
-1.3669521976873253
-1.3669510376431226
-1.3669505426316497
-1.366946748106847
-1.3669434318723148
-1.3669394452960244
-1.3669389753613697
-1.3669255495610215
-1.3669210475293336
-1.3669169024536443
-1.3669157799492238
-1.3669229289814808
-1.3669189744017534
-1.3669187147276676
-1.3669191802308125
-1.3669225019069735
-1.36692898032023
-1.3669127147412494
-1.3669113322755653
-1.3669094616852024
-1.366905485913272
-1.3669062126569165
-1.366888260553486
-1.3668817772939643
-1.3668801110737823
-1.366881656649947
-1.3668832175587788
-1.3668721983050875
-1.3668722639131434
-1.3668782658390846
-1.3668880051670727
-1.3668978223027892
-1.3668958392179753
-1.3669027232334476
-1.3669096812986796
-1.3669163609922437
-1.3669189833623756
-1.3669113517202518
-1.3669128571848
-1.3669136307894316
-1.3669171135366414
-1.3669209694281763
-1.3669261234338987
-1.3669280226621512
-1.3669315526577617
-1.3669371429131314
-1.3669460586872713
-1.3669252085495316
-1.366925304728286
-1.3669286655492845
-1.3669329352890376
-1.3669414757514087
-1.3669323485236031
-1.366936894095119
-1.3669430552022808
-1.3669489072029444
-1.3669509671826816
-1.3669504482491037
-1.3669549949923336
-1.3669605036323935
-1.3669671483623942
-1.3669751856223398
-1.3669715342761772
-1.3669733946647717
-1.3669802424234951
-1.366986603545348
-1.3669922259976062
-1.3669911869169036
-1.3669951669422755
-1.3669942124432837
-1.3669942360037055
-1.3669954352425575
-1.366982179710277
-1.36698025272894
-1.3669825157036557
-1.3669861747318766
-1.366985059579149
-1.3669660071264402
-1.366958373880964
-1.3669519217888546
-1.3669475890438172
-1.366941094941031
-1.366917163074138
-1.3669064881793613
-1.3669004910179992
-1.366896171600003
-1.3668935270211682
-1.3668637995129431
-1.3668565214722168
-1.3668496965652739
-1.3668488178666183
-1.366849084108961
-1.366833662649629
-1.3668284145511305
-1.3668261567898856
-1.3668226945076862
-1.3668189988221566
-1.3668107473937372
-1.3668025035998763
-1.3667974279172206
-1.3667965097484762
-1.3667941507125356
-1.3667786553812487
-1.3667715698572291
-1.3667672989684092
-1.3667673174192565
-1.366767224274127
-1.366774476217681
-1.3667801848902326
-1.3667855049176374
-1.3667945033685978
-1.366805882338447
-1.3667930396263257
-1.3667935495458294
-1.366797759730521
-1.3668004190604013
-1.3668010740441279
-1.3667942784624894
-1.3667963949173891
-1.3668003515467078
-1.3668036793760752
-1.3668044053953328
-1.3667871326841665
-1.3667873996226767
-1.3667895349484585
-1.3667896381106728
-1.366790827619649
-1.3667870229014116
-1.3667855954235064
-1.3667857241092218
-1.3667901760585117
-1.366795828946347
-1.3667941235458378
-1.36679723502896
-1.3668000411022663
-1.3668047662749494
-1.3668128238130988
-1.366795935981018
-1.3667938388668837
-1.3667919126204862
-1.366792283854419
-1.366794893515719
-1.3667849189927488
-1.36677932770049
-1.3667761458832064
-1.3667733562479196
-1.3667729640968378
-1.3667727127476628
-1.366768895940364
-1.3667664206256755
-1.3667586948155084
-1.3667601326374441
-1.3667336149766236
-1.3667230920535485
-1.36671417418
-1.3667110474302928
-1.3667121756281277
-1.3667027966046252
-1.3666981407808099
-1.366695902363589
-1.3666934170760145
-1.366693006065183
-1.3666819621891309
-1.3666747538581745
-1.366670255522284
-1.3666681760282102
-1.366668448126628
-1.366656497560465
-1.366650413454668
-1.3666433630592631
-1.366640689439027
-1.3666397248923197
-1.36662195966085
-1.3666136165417357
-1.3666112070948613
-1.3666131279931513
-1.366616927241208
-1.3666087821175397
-1.3666051500666556
-1.3666066999117081
-1.3666157126332557
-1.366623701062351
-1.3666208415396834
-1.3666258321161722
-1.3666308975872499
-1.3666380997163123
-1.3666432037897556
-1.3666378554421932
-1.3666393872902411
-1.3666428833340118
-1.3666473980408214
-1.3666567541003942
-1.3666588112650686
-1.3666640181832495
-1.3666687642495994
-1.3666760069389212
-1.3666844576183237
-1.3666972636392856
-1.3667058024262138
-1.3667135557405847
-1.3667189951158318
-1.366725260510206
-1.36671993799003
-1.366720235033837
-1.3667219500192271
-1.3667299965577235
-1.3667375834960298
-1.3667359898527636
-1.3667412525719165
-1.3667472366580962
-1.366754139618844
-1.36676046814934
-1.3667737967111566
-1.3667803062947321
-1.366783938813475
-1.3667909926467576
-1.3667951520827353
-1.3667945283885754
-1.3667948321454813
-1.3667977884088431
-1.366805316965211
-1.3668129169773007
-1.366803323508942
-1.366804957119575
-1.3668089273990807
-1.366816259555866
-1.3668232369566986
-1.3668247137668714
-1.3668316605446764
-1.366844972972337
-1.3668570352578209
-1.3668691669871553
-1.3668862707545533
-1.3668945572663003
-1.3669040382416509
-1.3669142597173698
-1.3669265952297434
-1.366921933375825
-1.3669279115967072
-1.366937425645043
-1.366950511994687
-1.3669640360281992
-1.3669765677209822
-1.3669898743517745
-1.3670082181792285
-1.3670232767646535
-1.3670401692202105
-1.3670366583325677
-1.3670446405263954
-1.367052184762439
-1.367062619772908
-1.3670727183905835
-1.3670778940607116
-1.3670873981926837
-1.3670995221628013
-1.3671152816608576
-1.367129028841766
-1.3671365781074858
-1.367147832864083
-1.3671591823416496
-1.3671704793956536
-1.3671810952720167
-1.3671740801948709
-1.3671792709282193
-1.367186817230027
-1.367192762639668
-1.3671985389025725
-1.3672155904730754
-1.3672232043258699
-1.3672311869761902
-1.3672397496534436
-1.3672485979657711
-1.367254379666105
-1.3672651636157027
-1.367277040571303
-1.367290711070445
-1.3673024766922584
-1.3673094456515915
-1.367319564946963
-1.3673299009098658
-1.3673407663304122
-1.3673530622149694
-1.3673568026844893
-1.3673649816768532
-1.3673717282722297
-1.367382913894857
-1.3673896946233721
-1.367402422072602
-1.3674117748956023
-1.367424408935815
-1.3674350863874443
-1.3674466634503666
-1.3674501272039936
-1.3674557884764476
-1.3674652705350148
-1.3674760465188525
-1.3674917458671303
-1.3674836700996629
-1.367486489145587
-1.3674874924562952
-1.3674912135187818
-1.3675017108593461
-1.3674980479069865
-1.3675055430989644
-1.367513060603722
-1.3675190544149303
-1.3675302187706269
-1.3675309332001084
-1.3675363625683987
-1.3675432478576772
-1.3675512766084175
-1.3675604570705213
-1.3675624129808488
-1.367570734264685
-1.3675813272817476
-1.3675934904996672
-1.36760858552849
-1.3676162733896262
-1.367625651153686
-1.3676347857408537
-1.3676402597366544
-1.3676485231066053
-1.3676382067297432
-1.3676383416627764
-1.3676414493098974
-1.3676444248607822
-1.367652468363417
-1.3676574208552683
-1.367664326018037
-1.3676698304055035
-1.367679848182232
-1.3676897189448873
-1.3676945979091766
-1.3677085578083066
-1.367723870317289
-1.3677390711218287
-1.3677538561570444
-1.36774836995527
-1.36775249614171
-1.3677615660994995
-1.3677738356053706
-1.36778455901537
-1.367783493707431
-1.367786994461002
-1.3677909233745513
-1.3677971686575023
-1.3678041905357372
-1.367804223141943
-1.3678102397377152
-1.3678155713027884
-1.3678218994847946
-1.3678286067679306
-1.3678222758449123
-1.3678262738288673
-1.3678292703324946
-1.3678339028169226
-1.3678427167755867
-1.3678452128246839
-1.367853644159428
-1.3678617778777522
-1.3678693549539822
-1.3678808227726913
-1.3678839350815117
-1.367886863999444
-1.3678924550934155
-1.367899019232451
-1.3679027489283186
-1.3679045203804998
-1.3679130626328158
-1.3679232637574847
-1.3679380019105079
-1.3679527658980668
-1.3679687186724003
-1.3679808783660885
-1.3679953793763575
-1.3680055037589443
-1.3680187561246877
-1.3680092232032308
-1.36801139479269
-1.3680150677753717
-1.3680201455232144
-1.3680214505428314
-1.3680156186188384
-1.368015878859829
-1.3680183190556174
-1.3680226128536621
-1.368029030662272
-1.3680315689502898
-1.3680413925692563
-1.3680549045811465
-1.368069684516693
-1.368085429505127
-1.368083725253772
-1.3680941467703074
-1.368100194935445
-1.3681080254648241
-1.3681168682784122
-1.3681184160221926
-1.3681286823095622
-1.3681375222419205
-1.3681485203885622
-1.368160343229782
-1.3681665425982006
-1.368174573155736
-1.3681819390239343
-1.3681870482558027
-1.3681980507952403
-1.368201223737925
-1.3682082528336486
-1.3682164589737427
-1.3682251730791333
-1.3682362832277282
-1.3682396539788095
-1.3682461946531237
-1.3682555899876918
-1.3682645976614822
-1.3682730482061134
-1.3682758193576976
-1.3682847998499401
-1.3682905720830096
-1.3682978814408695
-1.3683109138539866
-1.3683197056113598
-1.368331925652719
-1.3683467925289345
-1.3683591369699901
-1.3683734661040698
-1.3683797757910678
-1.3683930049296391
-1.3684102411693253
-1.3684294947774724
-1.3684485201911982
-1.3684566426907476
-1.368470696325917
-1.368485764561557
-1.3685004401403738
-1.3685140387099868
-1.3685112310055398
-1.3685227572415524
-1.368535165782081
-1.3685516483689204
-1.3685663223722078
-1.3685801050523392
-1.3685917389026485
-1.3685999999727188
-1.3686079698425602
-1.3686137729010388
-1.3686090228060863
-1.368613773890073
-1.3686219100389945
-1.3686333209985946
-1.3686440340942596
-1.368649457761543
-1.3686610283880192
-1.3686751065966094
-1.3686864593729273
-1.3686954114173913
-1.3687043150386067
-1.368714655173078
-1.3687245564023396
-1.3687392171461015
-1.3687516060146587
-1.3687672114074125
-1.3687817524790569
-1.3687964939245179
-1.3688084430947722
-1.3688234696917967
-1.3688378706384239
-1.3688507170628956
-1.368860123633249
-1.3688728028039037
-1.3688863295925657
-1.3688813044888235
-1.3688895643111663
-1.3688985022215296
-1.3689114783644951
-1.3689246123834564
-1.3689350835320673
-1.3689444148813081
-1.368956376971414
-1.3689663544561697
-1.3689792068457816
-1.3689938956270027
-1.3690084550808932
-1.369024065987962
-1.3690371379331214
-1.3690505494150498
-1.3690584387558011
-1.3690715672929337
-1.369081134706195
-1.369089491884271
-1.3690932891995142
-1.3690929389465643
-1.3690957815700402
-1.3691009874739564
-1.3691076378790754
-1.369118343190972
-1.36911902891607
-1.3691267912449934
-1.3691356267969492
-1.3691428993233359
-1.3691536254413663
-1.3691592297509791
-1.3691712209716087
-1.3691777905803029
-1.3691848010068677
-1.3691944666453557
-1.369210271887891
-1.369222723131104
-1.3692328975811439
-1.369246392266362
-1.3692600043927667
-1.3692593587079613
-1.3692664780599626
-1.3692750986376427
-1.369284017796664
-1.369290961683934
-1.369280305289194
-1.3692838407330592
-1.369292907598669
-1.3693011638868358
-1.3693130391173718
-1.369324979048525
-1.3693357131187465
-1.369348816636008
-1.3693595223685975
-1.3693688953226613
-1.3693678986623181
-1.3693718652714122
-1.36937824178882
-1.3693856225434402
-1.3693944616163438
-1.3693790632631682
-1.3693813764232843
-1.3693873478361385
-1.3693942553559333
-1.369406262738452
-1.36941599384886
-1.3694256828302178
-1.3694376801025445
-1.369449922219216
-1.3694601358714193
-1.3694721928697584
-1.3694863372430504
-1.3694991063269624
-1.3695141702546054
-1.369528035383832
-1.3695315682180669
-1.3695433433273605
-1.369554029683685
-1.3695619174644937
-1.3695709962461844
-1.3695863700936028
-1.3695989165125624
-1.3696078296360923
-1.36961879562366
-1.3696267658584447
-1.369630010074146
-1.369637700320273
-1.3696458488097132
-1.3696532474722414
-1.3696654628695668
-1.3696747469302233
-1.3696846228857276
-1.3696950454607812
-1.3697027297635371
-1.36970929765587
-1.3697169640515192
-1.3697267812976974
-1.369738020927316
-1.3697493200240505
-1.3697607499871243
-1.3697693976918888
-1.3697798978888167
-1.3697897686894516
-1.3697983347984775
-1.3698078206776356
-1.3698080941537112
-1.369818289469845
-1.3698277689174816
-1.369837916908829
-1.3698466752858947
-1.3698604073776783
-1.3698697347880522
-1.369876406397627
-1.3698850956766002
-1.3698940651340712
-1.3699010166734593
-1.369911128400437
-1.3699208128117941
-1.3699339868960632
-1.3699463786587829
-1.3699536424620486
-1.3699610513553324
-1.3699719498261722
-1.3699855134009538
-1.369998554408313
-1.3700110308322806
-1.3700211221200824
-1.37003318823473
-1.3700444667178175
-1.3700533873566243
-1.3700402724558423
-1.370041486123708
-1.3700450017038026
-1.3700505593412091
-1.3700599571627947
-1.3700558542836025
-1.370061126922059
-1.3700731901165752
-1.3700826357382703
-1.370093101904545
-1.3700978005059399
-1.3701039361031484
-1.3701096762933975
-1.3701173109300535
-1.3701264125893033
-1.3701284348436567
-1.3701372066693682
-1.3701466650200846
-1.3701575394022687
-1.3701693139205773
-1.3701794522369244
-1.370192204893744
-1.3702058274043292
-1.370221765939552
-1.3702383944856724
-1.3702465316295303
-1.3702602994202022
-1.370271370858208
-1.370282554650658
-1.3702929897848943
-1.3703029855190376
-1.3703144041778768
-1.3703258723558391
-1.3703370433900413
-1.3703488786425064
-1.370348239100441
-1.370356253101866
-1.3703636255732305
-1.3703712765970486
-1.370378796956602
-1.3703706178269603
-1.3703732738732555
-1.3703800484599347
-1.3703875329903716
-1.3703967807698578
-1.3703905190346433
-1.3703951997240722
-1.3704007042583113
-1.3704093507979225
-1.370418797550115
-1.3704125612177922
-1.3704185346651965
-1.370425532506167
-1.3704356113943474
-1.3704455800305457
-1.3704540553445337
-1.3704641398174118
-1.3704768384857715
-1.3704877892929492
-1.3704991920831195
-1.3705025429739193
-1.3705165992633457
-1.3705302977804388
-1.370544847757186
-1.3705607468135055
-1.3705598586921226
-1.370569273642628
-1.3705792901720846
-1.3705873716814017
-1.3705966120075574
-1.3705979562963986
-1.3706048964639879
-1.3706104232365188
-1.3706157816603455
-1.3706236767069768
-1.3706238455721078
-1.3706272722353852
-1.370631704880057
-1.3706413824307428
-1.3706512215410072
-1.370658008360274
-1.370663185556128
-1.3706710880816384
-1.3706796531290635
-1.3706878104765252
-1.3706914890033814
-1.3706975088634825
-1.3707048509863948
-1.3707113401062656
-1.3707205990420945
-1.370710808578944
-1.370713994428371
-1.3707214046731828
-1.370729900701513
-1.3707376339265422
-1.3707419266201395
-1.370748681119465
-1.3707582753191438
-1.3707666851653022
-1.370776874375639
-1.3707833088202712
-1.3707913077938196
-1.3708008787201902
-1.3708087725096847
-1.3708196471523528
-1.3708246013710088
-1.3708330408473557
-1.3708406274456533
-1.3708467456403748
-1.3708561661366836
-1.3708621763434856
-1.370870546740062
-1.370883154360812
-1.3708957367527967
-1.37090692732483
-1.3709090964357762
-1.3709182832950375
-1.3709293146843786
-1.370939091780387
-1.3709500196852857
-1.3709651072802629
-1.3709766355515747
-1.3709878937448376
-1.3709993509550518
-1.371010359648902
-1.3710186182479769
-1.3710292821489798
-1.3710394854925223
-1.3710512343725043
-1.3710644064937876
-1.3710638070351917
-1.3710730808961171
-1.3710846025347874
-1.3710970032918295
-1.3711084964174702
-1.371114872493388
-1.3711231133333435
-1.3711316706592165
-1.37114136883761
-1.3711513051755417
-1.3711462712530735
-1.371150855159754
-1.3711528274650007
-1.371157861997584
-1.3711625326648675
-1.371157124258451
-1.3711571751006304
-1.3711572736548503
-1.3711597477120634
-1.3711639576334262
-1.3711558233027097
-1.371157836130985
-1.3711599767786382
-1.3711668188037152
-1.37117474063637
-1.3711814642930005
-1.3711894694964635
-1.3711979255784674
-1.371206017793617
-1.3712144245397866
-1.3712231586021713
-1.3712311507658395
-1.3712379187978956
-1.3712428757869308
-1.371246967319733
-1.3712383033021884
-1.3712365703852438
-1.3712348154034222
-1.3712372692035544
-1.37124063101185
-1.3712310917239163
-1.3712297142892964
-1.371232943447086
-1.3712375636477152
-1.3712431021290954
-1.3712388234930837
-1.3712411207169886
-1.371244482649102
-1.371248456777499
-1.3712540276761391
-1.3712540127616268
-1.3712603574167705
-1.371267528599855
-1.3712753155702044
-1.371281492246372
-1.3712921370839162
-1.3713021999468982
-1.371310410734612
-1.3713191318159457
-1.3713250672743087
-1.3713229821202966
-1.371326723574202
-1.371330618231596
-1.371337497721844
-1.3713443941676282
-1.3713517828166755
-1.3713597272787847
-1.371368626063032
-1.371378732482165
-1.3713882079182078
-1.3713922427800167
-1.37139867220771
-1.3714085306287924
-1.3714183382132628
-1.3714267340367587
-1.3714259825840092
-1.371431678988318
-1.371436863601872
-1.371443250728013
-1.371447649322615
-1.3714444617072932
-1.3714493485193515
-1.3714549669264526
-1.371462504254551
-1.3714692354004658
-1.3714787392043846
-1.3714868908197058
-1.3714967251121868
-1.3715072944197872
-1.37151698608407
-1.3715190278060898
-1.3715279591106218
-1.3715353204258538
-1.3715446041951926
-1.3715532789999412
-1.3715642444022844
-1.371573406108358
-1.3715837572399083
-1.371592566971018
-1.3716014057133705
-1.3716081554903505
-1.3716155362821958
-1.371621493113287
-1.3716279518680627
-1.3716381913614548
-1.3716445041542205
-1.3716523244301433
-1.3716594913405713
-1.371666852257056
-1.3716749908816113
-1.3716843058482067
-1.37169406454586
-1.3717046232027823
-1.3717137729852666
-1.3717226676105732
-1.371728899583968
-1.3717354767488388
-1.3717431465393481
-1.3717504198346269
-1.3717586597907518
-1.371753416756811
-1.3717567964831547
-1.371761244916813
-1.3717648851166038
-1.371768870648169
-1.3717656678732582
-1.3717649223122326
-1.3717671091441994
-1.3717707560725882
-1.3717756351656523
-1.3717732645636758
-1.3717744522888324
-1.3717761472419454
-1.3717800018669994
-1.3717843178160507
-1.3717867890196083
-1.3717899307070083
-1.3717942398894631
-1.3717976215664187
-1.3718033383122352
-1.37180426424721
-1.3718099197074132
-1.3718149641863675
-1.3718204835934331
-1.371826331546177
-1.3718339937532402
-1.371840583839137
-1.3718476216580633
-1.371853255379116
-1.371859151265765
-1.371852074327223
-1.3718532010005327
-1.3718548111352185
-1.3718583530791835
-1.371861889947887
-1.371862831183316
-1.371867171426451
-1.3718722095934017
-1.3718778792987063
-1.371882091975241
-1.3718835285720996
-1.3718866059316683
-1.3718904970090702
-1.3718952221264564
-1.3719006179390494
-1.3718991065218045
-1.3719044563589644
-1.3719100088293714
-1.371914114464379
-1.3719229165178037
-1.3719263670043713
-1.3719334056484136
-1.3719393601260386
-1.3719458218792298
-1.3719517543340392
-1.371950353325585
-1.371953490559383
-1.3719580016236896
-1.3719629757193272
-1.3719685899461211
-1.3719644092258667
-1.371966390693763
-1.3719688812120712
-1.3719706618649805
-1.371973462215232
-1.3719762764504875
-1.3719812081506977
-1.371986686413976
-1.3719918548252938
-1.3719954502225618
-1.371992845585888
-1.3719957140143668
-1.371999646519851
-1.372004357019475
-1.3720089908832656
-1.372007874244922
-1.372011861267233
-1.3720165089030474
-1.3720200465499002
-1.3720242498738535
-1.3720241682128858
-1.372027947674061
-1.3720305456502189
-1.3720336680164522
-1.372038850418629
-1.3720441555058436
-1.3720493346014628
-1.3720543280735262
-1.3720598391870924
-1.3720642079119194
-1.3720645383445287
-1.372066503102051
-1.3720696205322997
-1.372072748156717
-1.3720760136986083
-1.3720731552049095
-1.3720750722268324
-1.3720776414124725
-1.3720828768880038
-1.3720872968394395
-1.3720884683111312
-1.3720930363953805
-1.372098791277501
-1.3721050774425423
-1.3721107711288536
-1.3721137508260515
-1.3721194599366573
-1.3721249682148908
-1.372129272754578
-1.3721332503584385
-1.3721329558760071
-1.372135417923977
-1.3721380554196763
-1.3721412564964452
-1.372145698948381
-1.3721453909624006
-1.3721477203149286
-1.3721502267923444
-1.372152934168674
-1.3721570463724502
-1.372153782204353
-1.3721552908277894
-1.372158810467595
-1.3721611943863496
-1.3721647668232826
-1.3721647515197681
-1.372168172426182
-1.3721714486216297
-1.3721743740492662
-1.3721793684595047
-1.3721807309244294
-1.3721837552038594
-1.3721877961113098
-1.372191930694033
-1.3721972743170066
-1.3721993706185038
-1.372203539295998
-1.3722065057398136
-1.3722106471956554
-1.3722139389256258
-1.3722136680279469
-1.3722166004314318
-1.3722204916482539
-1.3722238004735683
-1.3722279641952149
-1.3722286675869455
-1.372232037743818
-1.3722351116370186
-1.3722388939672587
-1.3722436521434949
-1.3722467465144552
-1.3722509836018084
-1.3722552122035578
-1.3722601987013903
-1.3722643337137113
-1.372269724061968
-1.372274557412971
-1.3722791046857195
-1.372284169706728
-1.3722880391738912
-1.3722869525867807
-1.3722884002262223
-1.3722914420201047
-1.3722934244589504
-1.372295582316769
-1.3722972974365277
-1.3722991947134606
-1.3723014428663862
-1.3723042053642267
-1.3723073153314054
-1.3723103879099783
-1.3723145129510856
-1.3723185971701772
-1.3723221432019541
-1.3723252838941253
-1.3723289066870652
-1.3723320525164677
-1.3723353652823491
-1.3723380325073384
-1.372340553285152
-1.3723394393551285
-1.3723407593638595
-1.3723428850176294
-1.3723451912218276
-1.3723468501916998
-1.3723463836125944
-1.3723480153554295
-1.3723502789901205
-1.3723526312170573
-1.3723555182977394
-1.372355126570725
-1.3723566373605796
-1.3723589027235157
-1.3723617472006027
-1.3723640636576413
-1.3723671858060253
-1.3723697509822388
-1.3723735766633383
-1.3723766886537614
-1.3723793680185696
-1.372380308364023
-1.3723826504953518
-1.3723847933213553
-1.3723866823411255
-1.3723883601390676
-1.3723883567087192
-1.3723901026449237
-1.372391700390222
-1.3723935093648214
-1.37239587364376
-1.3723982345405528
-1.3724011132513656
-1.3724042457873467
-1.3724069422630458
-1.3724098567805054
-1.37241243064006
-1.372414980642412
-1.3724178032226273
-1.372419952960113
-1.3724223871726915
-1.372421501390712
-1.3724221742477216
-1.3724228965211687
-1.3724246868481556
-1.3724261024225577
-1.3724253290328063
-1.3724256509812374
-1.3724261006953136
-1.37242785526389
-1.3724294071170486
-1.3724297819055586
-1.372431045879458
-1.3724328004636412
-1.3724344119529528
-1.3724364254656833
-1.3724386417129344
-1.3724406194634848
-1.3724432258172616
-1.372445677160269
-1.3724485032832157
-1.3724501097147301
-1.372452409474745
-1.3724548404073698
-1.3724572832804938
-1.3724599118474605
-1.3724612849131799
-1.3724633956093932
-1.3724652712284306
-1.37246741089859
-1.3724694960577424
-1.3724687192432217
-1.3724696391629607
-1.3724709526115078
-1.372471717516835
-1.372472800985771
-1.3724725744291415
-1.372473368292363
-1.3724742217830297
-1.3724753767984852
-1.3724760769594468
-1.3724763972298257
-1.3724775795121473
-1.3724783001281626
-1.3724788503905934
-1.3724797072956794
-1.3724786612924678
-1.3724786868402064
-1.3724790514102028
-1.3724792558429202
-1.3724793989449493
-1.3724782166590934
-1.372478269466541
-1.3724785062633658
-1.3724790752573046
-1.3724793887144546
-1.3724792319965082
-1.3724795318244476
-1.3724800854881671
-1.3724806255250535
-1.372481267777376
-1.3724805437491605
-1.3724802882040772
-1.3724807635053935
-1.3724812677665443
-1.3724820224581353
-1.3724812694750106
-1.372481538639206
-1.3724821059379793
-1.3724824296208087
-1.3724829321823362
-1.3724835080216238
-1.372484175838413
-1.3724852235597653
-1.3724862610564224
-1.3724871162678298
-1.3724866920578418
-1.3724872167657132
-1.3724877431774527
-1.372488472319188
-1.3724892389419754
-1.3724889612588107
-1.3724894774498704
-1.3724899016497678
-1.3724905796886577
-1.3724912900962591
-1.3724913241726198
-1.372491664895669
-1.3724924349323733
-1.372493046532788
-1.3724938182743578
-1.3724942782539271
-1.3724949256314127
-1.3724955917477475
-1.3724962970489047
-1.3724968439135703
-1.3724972919642129
-1.3724978047547314
-1.3724982953999874
-1.3724986889371393
-1.3724990961040178
-1.3724992238771347
-1.3724995782327511
-1.3724999700695009
-1.3725003533876439
-1.3725005748601802
-1.372500648116711
-1.3725008372203618
-1.3725010842484355
-1.3725012835744994
-1.3725014488277303
