0.09914850588976057
0.0793952277596055
0.10725525947610456
0.11328069030022524
0.11788049886192124
0.1345932924657594
0.12175522962655046
0.12523030479889835
0.13281763591037815
0.11313101122496431
0.10248071020585338
0.10583749373584353
0.09758233508711336
0.0931748809967496
0.09668929860687887
0.09671237680182418
0.0971912474434298
0.09836089109355552
0.10269181803879934
0.10765541932690995
0.11282969070614239
0.11880296501544615
0.1254979793457678
0.12437476514433546
0.1316410509452056
0.13266192163870144
0.14003883877632053
0.1424790619736324
0.13602807269753953
0.15015629395514923
0.15357627394824327
0.15454035220537568
0.16879721856435692
0.17893093111678127
0.170422293177748
0.18004312133329697
0.1826605772901311
0.18521944738686
0.194848311835678
0.19003006196966155
0.18388546252791876
0.17768583185908596
0.17840352352222485
0.1711937854267666
0.15781536851192285
0.16003737824776224
0.151668135560025
0.14194597326855557
0.14914221968879993
0.15432154483442684
0.14134746795369946
0.15938842534205977
0.16560585611000023
0.1628643611974936
0.14712421961155714
0.13438720493798867
0.12880372249987943
0.12639647548714517
0.11289893163974342
0.1360351856380217
0.12649735633694695
0.11816632932445544
0.12220647342111814
0.11720563991425083
0.12207621566394367
0.1095729459452739
0.12133931554738422
0.1240874892787753
0.12200613447813215
0.11774208349188846
0.11556842295391896
0.113028327936562
0.11828638734912252
0.11618924229643769
0.11362637721916793
0.1235628992141904
0.11107809552933261
0.09873427130690669
0.10206000272253837
0.10142899194706696
0.09658585667168951
0.09729853467860938
0.09481048361178701
0.09576500949676317
0.10298051660849533
0.093177222093458
0.09556114841453452
0.08707492506836276
0.08751045142234727
0.08135234588648954
0.09217694300808671
0.0919981470828366
0.09288281170581028
0.09436988712801195
0.08740464201905025
0.08336360579114394
0.08109573603983543
0.0786995575372028
0.07896862234427093
0.07657054961342911
0.06805245086895576
0.06308567272219397
0.07165894148112982
0.07032179042791133
0.06690247753442438
0.07360607351746129
0.07779577508491342
0.07252810104982658
0.08006184356222386
0.07208787537951715
0.07512739943923737
0.06937820121366874
0.08271431418658645
0.08066578201699107
0.07866546429039392
0.07307273664813899
0.07978223216342388
0.08670008787580255
0.08948006649362196
0.088668707396393
0.08901440079574978
0.09346501411588795
0.10100604510438897
0.10308451878347598
0.09519563428970194
0.10272640621918618
0.10971956784918604
0.11307878715778855
0.11661290744238872
0.10925975584781629
0.10007395467677721
0.10943693797974463
0.11045476948659017
0.10945213371723368
0.10850723980148032
0.0975992976317931
0.10566617797931177
0.10276554093907277
0.0998740570887669
0.0819153144644485
0.08740645377516455
0.08151408916261546
0.07584678453641998
0.0756079996033454
0.0682342264034098
0.0653054833662925
0.0657374028643159
0.06417784702898734
0.05539440470073028
0.07927061796135887
0.07024349402940765
0.07455407120645657
0.07197814335669162
0.07234903246240569
0.0716655182900212
0.07384825892572008
0.0703537986882305
0.07270515987760781
0.07803261491001026
0.07471224717023361
0.08390290385292452
0.08043140838149514
0.08021871810299272
0.07693619859698597
0.07295790873768106
0.07407105700721148
0.06602729247595607
0.06613737005617354
0.060523548108196365
0.06368316462248606
0.05861223314961184
0.054322566401204364
0.054040901657808275
0.05351094063082667
0.04614823415050165
0.0508469133386675
0.05436228182004148
0.054839217234808287
0.0527993024729712
0.05676947811408179
0.054197711914546726
0.05526187802241771
0.05515146136778651
0.05477142884787884
0.0579888874535649
0.06327776174284638
0.0632272468438108
0.06130049619866642
0.0658812062942938
0.06302253136728113
0.06347885928919063
0.06617148169607626
0.06562617083982683
0.06652456751994358
0.0636214670387217
0.06359228436487155
0.061533461123892116
0.06224854846109463
0.06394580699357212
0.05872638440335498
0.06252108536379597
0.056750534450014434
0.055099588126746854
0.053931695098532156
0.04904733905604685
0.04954650232043459
0.04514095089945597
0.047423876826730285
0.04535640893168987
0.04547526693015483
0.0434674457035904
0.041291194136494395
0.041751531972139516
0.04314792315093091
0.03915241666182776
0.03713204330904599
0.036906732009155445
0.03655842694173849
0.038346306608409916
0.037415570090667614
0.036759227866912374
0.03468173742583208
0.034882378779171025
0.03352507322581783
0.03278067567444286
0.030914419725187273
0.029548991576635937
0.027772964390162375
0.026762761255942295
0.027516480357261227
0.026960246377438053
0.02678126386047152
0.025377599109731096
0.02480154613076241
0.025457674013892758
0.02552141978801196
0.025746279048904367
0.02523791786349826
0.024373293824907886
0.023044450572304427
0.02334166526928679
0.022308192698246992
0.0221792095838789
0.02188801111840876
0.024037275995871632
0.023702817861055596
0.023653227524916182
0.024286915943552284
0.02542524313087724
0.025211096973718657
0.025312181259622184
0.024482914742789227
0.024569191099369544
0.023918768948458694
0.02257974026125086
0.02313338986688811
0.023433265913845414
0.02334463639000356
0.02351733441981811
0.022263710592139222
0.022116792221376958
0.022566345135504387
0.023568959341226457
0.024011353313608715
0.02436467569295848
0.02425660585793976
0.024858158638187144
0.025000129703949554
0.025071438706393907
0.026056959819898258
0.026436032948671688
0.02708616373741108
0.02700547798187416
0.027498719036081448
0.026892958521207856
0.026323337810520687
0.0262496367029648
0.026337253333168303
0.026268329116988662
0.02642130148323896
0.02771039362431185
0.027624689677647255
0.027555784590429785
0.027796113465288756
0.028252061170953108
0.028197791202243656
0.027764117212004415
0.02730631711093419
0.027647635834382168
0.027382550322810964
0.026529214391610646
0.026249656830716245
0.025807533420297606
0.025835346645320188
0.027443421382815324
0.027449312550042425
0.027288840761427107
0.026719066217758488
0.027602019167111396
0.026780455281925335
0.02736925251580539
0.026998939354329635
0.027363592966898644
0.027181758635335333
0.028627232352008643
0.029237263629388773
0.029445542414860623
0.029735797845270605
0.030317160077751787
0.03118960369057436
0.03233235847782323
0.0323077463084587
0.0315908754247347
0.032440830128277295
0.0322597663977341
0.032090103300676624
0.032145003042360246
0.031256216220337876
0.03190598699439973
0.031522141257117796
0.031582681484051946
0.03141770172675711
0.031217044770396614
0.031003339113378794
0.03069284670921414
0.030180027873119367
0.030462876045007227
0.029874473689321238
0.03003530844634841
0.02985094043750462
0.02918972247448426
0.029344055473698488
0.028869622766316806
0.029252201391384028
0.03005957696025815
0.03067160484650618
0.030795990940638517
0.031541763796500456
0.03230891736007071
0.03221085653032043
0.03305762118323358
0.03353223782271513
0.03478708757003925
0.0349594920744092
0.03441606170823086
0.034007093252070866
0.03462744376761752
0.035449579867233
0.03465373343213226
0.033601735660154494
0.03487774510481121
0.03301639479410006
0.03313441890761827
0.033141357062794405
0.034212048746569794
0.034698705962794646
0.034666537501969553
0.03374780240873156
0.033508840439975734
0.033387954053660754
0.03371919118191715
0.03332548288136504
0.03307150517376308
0.03392771138467938
0.03655052328302181
0.036218905713611076
0.035688088482067205
0.03690403104093233
0.03674866683258553
0.03501787223434672
0.03477129224907047
0.03572308275709206
0.03658107050474747
0.03656723101020232
0.032825672447136536
0.03392334762524341
0.034188398926467356
0.03409309330220567
0.034431173039086674
0.034877955184238425
0.036088250378837686
0.035737439403176134
0.03486920585174457
0.03520014654331049
0.036830089478066895
0.0378743178486472
0.03795366397367358
0.03750451265081047
0.037347426514964414
0.03805487028702094
0.03823974847171423
0.037652395148504506
0.037798117707788376
0.037938983220905054
0.03812776451285162
0.03835980952259428
0.0386425852106303
0.03743539557319424
0.0380470221791461
0.036636036612600884
0.0363913204568013
0.03612556094351762
0.03580672769215662
0.03569191120510291
0.03610805640472293
0.03586424552514783
0.03657854557509911
0.03656306940834027
0.0364305660022588
0.037448429007471404
0.03720109911125933
0.03607635534152481
0.036922672460894305
0.036256167948257007
0.03716486908424828
0.03622625982666383
0.035948641343345945
0.03586640867961826
0.03602284276045909
0.0358663973683828
0.037177561946364186
0.03603223494356679
0.03627007326170742
0.03607036912709957
0.03811263067500903
0.03668207543025277
0.03873334713140365
0.03905017248854742
0.039437859963706426
0.03810272920172679
0.03903604687193615
0.039189577499281626
0.03921002740173309
0.04000200589828184
0.03961349726961361
0.040546375905853055
0.0408133391978695
0.040819279935855234
0.040856318171821365
0.04058813306421326
0.04073055468892854
0.04103912320488154
0.04113051333114901
0.0416037856786508
0.0388506622774867
0.0405506823752796
0.04146938610182571
0.04125509057730765
0.04180541335043427
0.0417406374805243
0.041719365324241246
0.04179121929114129
0.042149224745851956
0.04241927260569087
0.04167686977052463
0.04338360252415971
0.04409071738803
0.04518512025088271
0.04582542305526905
0.04668403062527267
0.04847191040840936
0.04792876265608738
0.048077914406274354
0.048792575452041416
0.049153369387274104
0.04855600374688335
0.04852051409285502
0.04887541551738138
0.049388546157491345
0.04943442270194908
0.049693253855770336
0.05026881500286627
0.05148748053438243
0.05231438242201564
0.0550593026809576
0.054724666762940834
0.05516272878522087
0.0544254404887331
0.054907213732349074
0.05530079093093645
0.055239215269551716
0.05487154963862185
0.05362072223421139
0.05485389126504149
0.05534016805757985
0.05702684964160262
0.056868541837881155
0.05691872646505991
0.056926447149207145
0.05718140541115529
0.05635517634883708
0.056379661921547315
0.0570707806202614
0.05764121946659712
0.05394820349236389
0.05466357388761463
0.05592367703441624
0.055457118691711174
0.056294257591234874
0.05827351148237463
0.0577311730990673
0.05818999094630148
0.05902903738615916
0.0596222107986066
0.05981919549511988
0.06054289717789699
0.0604344554057593
0.06083239059681722
0.06094896730103187
0.0614380775516667
0.06274866315973154
0.06227951949793527
0.06344481555145334
0.06400648527218067
0.06416646228325908
0.06445964017103384
0.06258892887442874
0.06166255999683835
0.06332741459233382
0.06385536964316293
0.06425960709852992
0.06425574011425801
0.06412984372729125
0.06512050035115194
0.06196549803382485
0.06166664642056356
0.06220840144984489
0.0623573018473623
0.06255015307896944
0.06255206124618579
0.06235688975586957
0.06236696932100491
0.061877486839480106
0.06188825330635524
0.06081709812969034
0.0604145270699087
0.05960328348519075
0.05959785853709444
0.058963593149611755
0.058879393954630106
0.05928792177477691
0.05913919222693685
0.05905803342891225
0.05958754703050727
0.06087645960145147
0.06131666807396087
0.06152121248588731
0.061999751902623954
0.06281764803247698
0.06204086365886985
0.0643346012587518
0.06467180326448109
0.06474518935334038
0.06461747246847108
0.06510850576576323
0.06513574274118782
0.06543042722542299
0.06651817987729232
0.06643038902947532
0.06668212397525537
0.06518746524178813
0.0654129370734951
0.06441931662365953
0.06495681661095139
0.06272811423328209
0.06341721882335746
0.06308822814351779
0.062449790958007935
0.062363107092293625
0.0628134580762354
0.06264243704426983
0.06306262749727601
0.06278816057121507
0.0631739762243734
0.06429012877472844
0.06340549035084328
0.06206399776329122
0.06194831904597769
0.06199715210557874
0.06137251678517892
0.06058148073542899
0.06153807247468105
0.06170568311147905
0.06293640748537901
0.06605224825141168
0.06499010225374154
0.06457818014148715
0.06372529604244112
0.06371476312635134
0.06524388295911195
0.06517659542071531
0.06527870488669733
0.06582253815373407
0.0660530733716728
0.06570153725240314
0.06570008080167852
0.0665058757970898
0.06734648953677323
0.06772284681207845
0.06766510579345152
0.06832198027215935
0.06865729552292235
0.06886963562908578
0.06940270856425071
0.06938340102526822
0.07003089831465488
0.0709693663615826
0.07110523494907685
0.07122524715071457
0.07114617680916517
0.07088800085478245
0.06925371119742883
0.0690309073945547
0.06878171278188874
0.06998145394558244
0.06952252171478236
0.07020914603181354
0.06954685444839769
0.06965920593536896
0.07182111601128488
0.07245446043363814
0.07444279048647616
0.07463233071648655
0.07607156744648484
0.07488160192157878
0.07539193096899166
0.0760963154609192
0.07659147525694454
0.0777482833607736
0.07583823256203498
0.07670217124330968
0.07666271835856671
0.0761394084171721
0.07717779688090742
0.07694226182323981
0.07761375537637141
0.07845602859083518
0.07881919689490684
0.07824369281203865
0.07936694862434646
0.0793583444794717
0.07998039044642635
0.08008320657354785
0.07851823923637048
0.07668561448694662
0.07571323628227354
0.0757960692530038
0.07576969917595668
0.07544710448607106
0.07558594688013032
0.07407480399709496
0.07403955604477104
0.07366250806135244
0.0725398970988017
0.07484123398685473
0.07333365375547365
0.0730135846277527
0.07329886671405828
0.07250416657334459
0.07378380715914824
0.07425514462504106
0.0744586459201084
0.07492904714550867
0.07374012546487263
0.0715418076016788
0.0708273138625009
0.07153861928562111
0.0714257064100874
0.07066374508671873
0.07040107843034825
0.06977713628134306
0.06888345553242098
0.06992531537090371
0.06993367789928367
0.07300694358217236
0.07273547839598732
0.07304152093369745
0.07207810657595562
0.0720480561778253
0.07116576365987028
0.07027139045214975
0.07117418468137829
0.07179679937384935
0.07261714405632541
0.07293467464611415
0.0764462493423909
0.07566185394001039
0.07553924414147917
0.07428481900298022
0.07434768791973448
0.07473128108146075
0.07506084106284489
0.07506734134788945
0.07633997500672039
0.07525534820823619
0.07575777961284
0.07565084525704432
0.07618149104141389
0.07600277637363641
0.07758330217988646
0.07670565445348095
0.07719965376676605
0.07643169338005285
0.07731967939214944
0.07605491916444508
0.07742315297558369
0.07840541321906593
0.07917241229103056
0.07930008209217282
0.07772102319845073
0.07893823345523353
0.08018972856426701
0.08136245299022314
0.08141040213801433
0.07926854066359353
0.07993570319253558
0.07981142839427303
0.08018930642142835
0.08022629763401666
0.08494949296585266
0.08405616691267541
0.08475797244626472
0.0855525166208278
0.08567352312007177
0.08527907385264272
0.08642851055040553
0.0864961955460126
0.08705386286421729
0.08566401345651145
0.08518776431783076
0.08199799490352078
0.08030492648959504
0.07785179639567899
0.07829075111781046
0.07733660842466689
0.0779343524192661
0.07858553662906802
0.07862602121635222
0.07802743348157865
0.07660529483573222
0.077952926575261
0.0785813428884382
0.07746705613321189
0.07783221098495113
0.07810875216671287
0.07885924622770192
0.07856606707942397
0.07788644758739545
0.07881567377274831
0.07808945765293698
0.07883751183034396
0.0793621545976764
0.07898748928860327
0.07851701935506376
0.0762025835000568
0.07684658765165878
0.07520973747573734
0.0765973716697994
0.07645062753112469
0.07011727698164451
0.07248967076123687
0.07254387195220792
0.07323023184920008
0.07393737093582077
0.07266908153022128
0.07358379239911016
0.07336707136452837
0.07439191721927566
0.07516482370968955
0.07589004995957882
0.07547499153155066
0.07672343561060745
0.07601816487528242
0.07587496282206707
0.0761260478589923
0.07822140604273385
0.07720201872665032
0.077075505665276
0.07810977254197658
0.07302670277982014
0.07511027462999134
0.07356227551976693
0.07306393316593784
0.0718801606051242
0.07216332383312973
0.0722481366298425
0.07376888914076445
0.07321203549695499
0.07430731680148686
0.0772904110401066
0.07629082772449747
0.07759541480628214
0.07757066930102245
0.07700287399478294
0.07796746909774381
0.07799907664251755
0.07956642649086951
0.08015905052106152
0.07957472552610094
0.07951624881129668
0.07935104318822049
0.07938846337444967
0.08009785073448071
0.08126672443280038
0.08395496820558937
0.08281977871647457
0.08483442912936358
0.08405976097509474
0.08260583581564357
0.08274142044545309
0.08246293811201984
0.08060902138847524
0.08015033786010868
0.08036023950103086
0.08307462257406256
0.08176428267853945
0.0817264958497903
0.08335834736937989
0.08458454649921153
0.08203855754293625
0.08222806191550859
0.08197630061963869
0.08256912921476836
0.08107594586985725
0.08174758077484573
0.08010067637942946
0.07861000726342175
0.07854270928799055
0.07764480288054171
0.0800667737123187
0.07953043277686095
0.07883338787058675
0.07964985635203611
0.0794658548489837
0.0809711485211241
0.08120279973919764
0.08041216641871536
0.0809514671657052
0.080493779667983
0.08205014924319691
0.08164306555703074
0.08128321678170156
0.08121852674179965
0.08141393512584072
0.08216700505100856
0.0824938032219108
0.08194423931482842
0.08143556323652977
0.08101924163675889
0.08152916972723878
0.08034800588882483
0.0815044405164327
0.08050132120033361
0.08160963814791826
0.08377551557221541
0.08525278949852454
0.08695118567497565
0.08649102835960955
0.08740287100894813
0.08875945905001235
0.08739450397916834
0.08700265748219232
0.08630759933610127
0.08683159476421605
0.08530346463240077
0.08583741241462886
0.0852745529672627
0.08548008407737268
0.08511313210725444
0.08539571940847498
0.0849247844212895
0.08594616761793594
0.08605856794691136
0.08427958000798663
0.08294778840379807
0.08213723406034121
0.08127239980010424
0.08058767840713503
0.07890607168937136
0.07857778177059943
0.07895533282417884
0.07753968242539357
0.0756631904911871
0.07528227493622688
0.07627456725137219
0.07334294606902406
0.07236617197537831
0.07219180717022809
0.07244528888233111
0.07357102423979558
0.07304029202797467
0.07384623111886904
0.07376083778424061
0.07377960321796635
0.07559134208535212
0.07442193079592754
0.07432445518088904
0.07394313896430482
0.07426272358483947
0.07408706821114859
0.07392062149989664
0.07511156164611235
0.07529420023806216
0.07601129845480899
0.07484768523990695
0.07579452308961765
0.07444902695185524
0.07321253881713426
0.07301847587321883
0.07386187726593882
0.07411614739195119
0.07386525908106197
0.07374253429209729
0.07271089247255194
0.07194429225276376
0.07253795081583939
0.07194783501393573
0.07225961794402987
0.07250359192588067
0.07262247044963831
0.07298724803978807
0.07253399812901555
0.07210890689888085
0.07107553958473452
0.06966676058150398
0.06899224784967604
0.06817022758701803
0.0678082239400501
0.06726494186969323
0.0721188878703746
0.0725964331829203
0.07329090257726961
0.07375329473349959
0.07441717695815207
0.07473521370890092
0.0745118319548771
0.07412440492408774
0.07223226825317779
0.07326445429288143
0.07465847525339511
0.07299803309672272
0.07298116577891754
0.07148362077443307
0.07132326019539743
0.07281140770099703
0.07290942287646056
0.07242894322013448
0.07315934970403297
0.07196506069007161
0.07207903351253948
0.07187997158988578
0.07418928831805355
0.07334548041770218
0.07435559320609605
0.07566728623651989
0.07737046753498296
0.07687822270192782
0.07668028573461459
0.07714703513531929
0.07405077490566458
0.07445921333464872
0.07387673587868784
0.07278360985793879
0.07203947417864927
0.07004107244363703
0.06943341069375981
0.06802170808605049
0.06633853299518891
0.06622335810796603
0.06691881852961
0.0653734406239552
0.0650288982726415
0.06507846533250744
0.06455445011302001
0.0676449149352784
0.06751110349352814
0.06805565338241153
0.06911482030131175
0.06902534285505137
0.06745876066651275
0.06701832388020076
0.06681248480619752
0.06638738430000156
0.06692623927737222
0.06681249321384687
0.06632739768265247
0.06594122678211099
0.06616286363077478
0.06556357858835522
0.06149542728077411
0.06101040501003585
0.060522650474914154
0.06082027954174802
0.0611226047979689
0.06468692554198664
0.06350494362719232
0.06384920075299977
0.06371605522840515
0.06391995221679196
0.06483944913717316
0.06395511458749785
0.06372232342344336
0.06434591631036896
0.06438365279969484
0.06435041571814702
0.06402003883750036
0.064093147644417
0.06422081836413514
0.06533648168402005
0.06447690100461381
0.06447206004313534
0.0637881560696929
0.06295607422262414
0.06245134282965422
0.06269504994815017
0.06274965120329185
0.061736418330562905
0.06237222149075635
0.06253536121925737
0.06168105932505102
0.06066902922726975
0.06081915799700245
0.060078190026805894
0.060306589547431795
0.06073975916048293
0.061857975840902114
0.06204729821494063
0.06130709731764481
0.06186989450260126
0.06220331560621396
0.06107402702557594
0.060399346635637494
0.059544205272324825
0.059110150388642674
0.060231700450430053
0.058755643707753824
0.05803002839944158
0.057050630756721676
0.057076740228983354
0.058470720333249376
0.05868579036826867
0.05936195128187992
0.05961205669671935
0.05957395603025253
0.05861927835733783
0.05754662673659293
0.05820695683644313
0.059166514694866494
0.05863167194774288
0.056855241660149845
0.05602719977262932
0.055624282290936286
0.05514653537329666
0.05671883705468966
0.06011374662263705
0.06012726031706706
0.060350671177517225
0.06011903571045711
0.06066339139638488
0.05943905296879219
0.06006553808575031
0.059508761967782486
0.05990929164436168
0.05965953976717405
0.05938436982699084
0.05903371711615269
0.05956780435129764
0.058846476108168955
0.05798946421964323
0.05888020470154334
0.05843515225972581
0.058523484915536716
0.058144586989035206
0.0578330494469898
0.05786106886400031
0.05854617793058796
0.058341630763707616
0.05794699942332649
0.05771196468155737
0.05773716422784235
0.058630130341147266
0.05799880623557652
0.05924291624815222
0.058473164264117375
0.05920392442276673
0.059503168409885045
0.059638976188378205
0.058918251376491426
0.059364845748746974
0.05925134957537243
0.060361238781085666
0.060974100926116215
0.06058841727242225
0.060276593324675984
0.05975579410778327
0.05801586348800681
0.05755512477977319
0.05687066237544136
0.05698480619581203
0.05694267335023669
0.05734948366853351
0.057258014944244956
0.0570723489087109
0.05696132159197062
0.0546008082762974
0.05722237053475911
0.057547974804010665
0.05715376326049961
0.056469204343488705
0.05819841285849004
0.057584264286632665
0.05784582845642723
0.05807310910146503
0.05645651169346862
0.05659592409344743
0.056176545466647465
0.05574362846807894
0.05619160196953884
0.05569792770377213
0.05580195140694412
0.05528410314531576
0.05579345212924015
0.05640217868322978
0.05570805112321635
0.056457447608880044
0.05628966337740999
0.05514996815211493
0.05506813795576428
0.054940789838959996
0.05119663544916914
0.05176336130719487
0.05130726186910885
0.051205730770904734
0.05081558757415152
0.04780317972976065
0.04817708965771822
0.04727837265382695
0.04727504854878696
0.047869448775364865
0.04757586975568657
0.04734557685474549
0.04734891563381956
0.04735731123258114
0.046345490305708566
0.046224882230176165
0.04599116689221699
0.045257850005377506
0.045162553891118035
0.045960466263993735
0.043434854404105744
0.04281988180530285
0.043447062393423705
0.0437011551782436
0.044037412642353994
0.042468777776475
0.043623552978260496
0.043460500243077835
0.043603552786269324
0.04362618742850871
0.04320861524077611
0.04337536100784218
0.04471209683008355
0.044235177936926495
0.044843219025849576
0.04259334926660534
0.04257973990149238
0.04155961578125012
0.041864326750323796
0.040847528806280724
0.04107966417453483
0.039785050208501
0.04021821403192114
0.03935166775358285
0.03968054022733064
0.04110031355279435
0.04066943150219717
0.04064784203513733
0.04033155105442405
0.04071101232421769
0.03967740529967532
0.039123459595229025
0.040121181756345825
0.040734992299925776
0.040736958691849005
0.04026608248625837
0.040831589592760696
0.04047359738888435
0.039732090754439946
0.03968640159005411
0.03844595979144808
0.03921003928808292
0.039654015652740786
0.03999765894232391
0.04052027910651682
0.0396925031069208
0.039692005491125885
0.04053535182281267
0.0409705054276753
0.04151477779928631
0.04123615958019882
0.04310552704366341
0.042973586212232566
0.04356269153415953
0.04375387591987413
0.04374041829719939
0.04387304332981662
0.044285473334512944
0.043452748709705766
0.043652701907165886
0.04329684677159916
0.04414696818332114
0.044383351421663025
0.04385140661497982
0.04331726750370854
0.042624018785608925
0.04219929938470312
0.04192297857561126
0.041328172530575705
0.04074189776714812
0.04138591381854003
0.04156996343490186
0.04151480286973457
0.04122324467615648
0.04164615674247063
0.04202701168862786
0.04292856027345345
0.042919521013207486
0.04297247339335982
0.042039727168413324
0.041269306449584875
0.04096045685759756
0.04057705035294812
0.0401612932329557
0.03972702567178116
0.038601709272994236
0.03972240337492775
0.03880883106519729
0.03872463696900503
0.03881155866908242
0.03774555439959323
0.038291079625632225
0.039049494679715115
0.03930854935157902
0.039884333595854804
0.039068832909582886
0.03912526766320025
0.038794386928566404
0.03915022386736881
0.03922935446018808
0.039252093992140774
0.038687969532886925
0.038222383835184504
0.03804666422710294
0.03849154829381961
0.039503080842406044
0.03904937916292307
0.03974756789155793
0.039359022556246376
0.03928575015191742
0.041092880401020514
0.04160187122506034
0.042369946551120544
0.04208887528744533
0.042810484783270195
0.041945102843690386
0.04207219554393489
0.04147995507913777
0.04192422603111473
0.0416764556922465
0.04186199160257578
0.04227575434327637
0.041879654419197145
0.04084586140767179
0.04051304734469925
0.03916376623215071
0.039319310116446335
0.0389657166110312
0.03915490435579731
0.03918762915069664
0.0393399995722059
0.03839593252718565
0.038476592453076205
0.03865697659756409
0.038617216684784336
0.038542940547214306
0.03730467347391882
0.0377618457147508
0.03770432621021747
0.03763644076885438
0.03840255314009288
0.03886428484825868
0.03911384967557526
0.0390758039640577
0.03796749096266939
0.03895056942758185
0.03827856808677202
0.03853484459421574
0.03800914473248618
0.037624876583185585
0.037668884547824875
0.036912956802235025
0.03694521011864298
0.0371695027265682
0.037230890603799756
0.03816606680930747
0.03806782322722927
0.037631885096868475
0.03817736694292506
0.037670654255511714
0.03779809533344957
0.03816586572683439
0.037607742660787445
0.036991742339501886
0.03637342611226105
0.03646871510158929
0.036406370320408186
0.03607830259301857
0.035567464447242694
0.035340669035459044
0.03548660216579479
0.035316031050742894
0.03451305325621839
0.03454821494564343
0.03420842768386062
0.033911845279796224
0.03349803296336569
0.033496808298104086
0.03343689457900798
0.03344495638278069
0.033869873362779385
0.03326260635990929
0.033728786168593095
0.03376792900212775
0.03389023864468536
0.03378511118800046
0.033267983878463345
0.03300589427948034
0.03320010688254775
0.033071887786801764
0.033510562666975885
0.033303493695763006
0.0335593416434361
0.033631091771076906
0.03400964023297053
0.03535715091476424
0.03494087832202524
0.03500905372383828
0.034813094354982435
0.03476514431672912
0.03421874905499269
0.03430533732867682
0.034433787232732285
0.034054291802189884
0.033715145664082104
0.032023942235136355
0.03220353747284521
0.03243360747372115
0.032269448202223966
0.032855625697713046
0.03195551724305748
0.03189157658155743
0.031650630494726766
0.03116794220909784
0.03112525259861283
0.030723607239251428
0.030337070575014575
0.030452655749744095
0.030354839124301376
0.03043471438705676
0.03086823178257858
0.030261295403451023
0.030298102767731705
0.02982312352439054
0.029892290821122762
0.029528128718694216
0.029736544384421217
0.03003115316870141
0.03047708367458327
0.03051603982612838
0.030671473837990605
0.031213060328488064
0.03128149557072816
0.03127938762322912
0.031380667561743986
0.030976188586016237
0.030648604429940052
0.030216935142034475
0.029977355364624588
0.030163499918902773
0.030279897302857003
0.030651570439597462
0.03069451477374224
0.0306184064418276
0.03074295808584457
0.03019760121070461
0.030181335214188244
0.030203967635188768
0.030194474842506088
0.030545580284194396
0.03007358988313323
0.030159999106544065
0.030004602042166113
0.029898202728259573
0.02972666996796641
0.030029427209938155
0.029748855161971868
0.02954822724506332
0.02926412106072747
0.029183556932400857
0.029136899688005372
0.02913015079482462
0.029120446913833652
0.029214395501991546
0.028946009749702
0.02871952490494857
0.028524589604367732
0.02830912316597611
0.028378912874314304
0.028066834700168568
0.028581928420118738
0.028206678204564125
0.028041732431471282
0.0282216204577991
0.028138085838927428
0.028084446117727334
0.028299340541401874
0.028597805214934623
0.028617716643649427
0.028768036548147698
0.028216797590819322
0.028332369189305925
0.02832571006522009
0.02840032153668171
0.02856121359315766
0.028088235610625203
0.02783012304498197
0.027944410789059564
0.027722326219624185
0.02768537241925256
0.028317830000457633
0.028042394021418452
0.028019363148070228
0.027839610119270962
0.027692429781334415
0.0282314412584359
0.02843512789816616
0.028525980257350224
0.02866937514951716
0.0287582768951887
0.028953191949865984
0.02919451023123594
0.029183811496581027
0.02910230363836401
0.029090599564354058
0.028974152373650534
0.02924480670754958
0.02924698296263128
0.02926194459046731
0.029258410568846448
0.029080380735079188
0.029051987279317588
0.028969836347657516
0.02888254167995433
0.02890903023601337
0.02849661091237294
0.028317099885230523
0.028237363275050987
0.028255502835832186
0.028137684692315788
0.02732393427909649
0.02740351913732475
0.0273928576791147
0.027360051320412818
0.027303237887794214
0.02715923360499011
0.027148246081883903
0.027036754843194906
0.027061929554128835
0.02700490622340268
0.027249257567283646
0.0271735153706152
0.02716951233802806
0.0271945688407367
0.02722467103345946
0.027220647957894646
0.027221720208294838
0.02723296316050318
0.02717149512679555
0.02710381842166507
0.02704380137966456
0.026989490901263444
0.026905680839577704
0.026871145290929425
0.026801606680319168
0.0267706782603238
0.026631923938548557
0.026575724794132134
0.026502261145093024
0.02645627081635214
