2.11374068840219e-06
4.310373158237762e-06
6.842908033966017e-06
7.119728343744564e-06
0.00017738780496774043
5.645570676004182e-05
7.495498425882577e-05
0.00018852715141575016
0.00015670252343629465
0.0009312768645577991
0.0003453085185882388
0.00037512469590037564
0.0003939442642959617
0.00041668178326442
0.0004978049794589032
0.00042907791432800506
0.00043668168879098157
0.00043367868907311216
0.00043789552562050426
0.0005594590734918846
0.00042667522503222707
0.0004050020251704945
0.0003925390828247501
0.00037020358188824526
0.0005841355259818874
0.0003573545054154529
0.000341901938212065
0.00031221242043618616
0.00028955913067060823
0.00038241469092153415
0.00027441565210389586
0.00024042579827283344
0.00022919270164098655
0.00020326555209718218
0.0005898107483872553
0.0002688936105581697
0.00025849570087169024
0.0002626898815260262
0.00025470806500207537
0.0004580627327046914
0.00027300721521094593
0.00029040461771648546
0.0002773994895083703
0.0002587008230834897
0.0005723923173588854
0.00027987291745773394
0.00024174994040935562
0.00022268872556119128
0.0002254387729024447
0.0010169271446265594
0.0003362598958698563
0.00027941663052588665
0.00025328423528932903
0.000244899639848666
0.00044767406389308734
0.00023570277695932334
0.0002270550274782345
0.00021226906535826894
0.00023024901633876026
0.0027622958519747534
0.0007230306215060163
0.0006038387532020748
0.0005500565078121675
0.0005126208091862847
0.0007943056963258916
0.0004796228151110644
0.00044799987287745383
0.000432454608675189
0.00039165102858508365
0.0012534627692568556
0.00046085132137423085
0.0004506531200708932
0.00041316652303499945
0.000379767934769304
0.0011644231981985946
0.0003981193924751245
0.0004232888462864183
0.00036759811623103664
0.0003326873414871925
0.0010928579680082918
0.0003975353720297608
0.0003537171856316975
0.0003115746035002338
0.0003013618182822328
0.0015013020569920592
0.0004005410026407013
0.00037164147325368475
0.0003264784766020763
0.00033535187574416757
0.0022744588124815647
0.0006227205202958015
0.0005593935271081597
0.0004985350643968009
0.00043422796961090825
0.0011929022234458452
0.00045137550182920987
0.0004156843673760243
0.0003684156668240014
0.0003465092550004635
0.0026886377438393406
0.0006851882187703406
0.0006378292999345887
0.0005542863327748867
0.0005156990928482164
0.001938135785646665
0.0006279338916169295
0.0005994221495026411
0.0005361995334977774
0.0004495603628407836
0.002485833679985964
0.0006594395276522211
0.0005897556357872268
0.0005755679585470432
0.0005544988629338177
0.003511830169213394
0.00096386317365976
0.0009677199114887257
0.0005860004599778876
0.0005601646142259165
0.002106686906852007
0.0006810228060044385
0.0005422685524312328
0.0005030404836802695
0.0005521978085103262
0.005074074416113132
0.0011898242722421994
0.0010529289707819822
0.0008543271429994236
0.0007835279961473372
0.0025259788296454334
0.0008279654003010254
0.0006895957819671727
0.0005528664307791913
0.0004990305360571944
0.0035751344598318317
0.0009352795183670557
0.0007543884968103424
0.0006284431210534104
0.0005294225016084571
0.002014011064301555
0.000565539540627535
0.000491467155070731
0.0004551247260328811
0.00044728795738833093
0.0033740710275241546
0.0008243797713795954
0.0007034040995791919
0.0006063654820712865
0.0005360307906080045
0.003535249784930571
0.0007872356300906225
0.0006388927540554971
0.0005663416545128525
0.00044912357168526673
0.0034895785340424675
0.0008437952403419674
0.0007146926900783236
0.0006182618528908305
0.0005032163646048055
0.003368486389647298
0.0007935146973210603
0.0006239119227427606
0.000519301170229191
0.00039234767075339
0.003780191784520218
0.0008727840279960268
0.0006824497654114831
0.0006027305323693316
0.00047218653067863974
0.004405203470345655
0.0009230223919906892
0.000752684301596416
0.0006267557546068088
0.000547743710097179
0.002774368198639609
0.0007171143476583887
0.0005341177346685547
0.00045762001222212414
0.0003986537964894684
0.0029208898850214765
0.0006742277616951927
0.0005406609130225025
0.00045787043815348087
0.00035523083565038455
0.003249484276873517
0.0006751114696540709
0.0005209173097079382
0.00046689137876229566
0.00038532064738779304
0.003054284247570126
0.0006779193552344276
0.0005407412078696993
0.0004409492687398032
0.0003704625478596164
0.0027688174749450644
0.0005996455335677556
0.00044499228645239003
0.00036151452817251355
0.0003007198272003499
0.0022878691702662808
0.000489106234853944
0.00039982734089906197
0.0003152167140710306
0.00024961087191988714
0.0018315818060593652
0.00038181999490237043
0.0003002871628025008
0.0002216907243663836
0.0001877537433737866
0.0016708158717755489
0.0003421664254192082
0.00025692166808139854
0.000203323346083721
0.00015992493163555183
0.001139601947004956
0.00021802983469368725
0.0001591880862218656
0.0001368343743803556
9.549555120767149e-05
0.0006719042314447958
0.00013113191751662405
9.734247797660941e-05
6.861875133860454e-05
4.99676594082666e-05
0.0003497033738792968
6.800840670168745e-05
4.720390268769366e-05
3.2706477634831604e-05
2.1839280262098507e-05
0.00010897980887893339
2.386297040664791e-05
1.9766158368542628e-05
1.701600893625997e-05
1.450566970255536e-05
0.00015227606249486523
3.0392525909585584e-05
2.549505006703328e-05
2.1312126741532327e-05
1.8356491562992732e-05
0.0001142174074311861
2.8258269434607322e-05
2.233822424004634e-05
1.9406935228871224e-05
1.461794217742997e-05
0.00012267174905143116
2.669596621343651e-05
2.120346388140797e-05
1.7381303622045046e-05
1.507614869380301e-05
0.00012883560162268935
2.882525959684778e-05
2.486207475516044e-05
2.081819549936148e-05
1.7166463877531715e-05
0.00010015277707356592
2.3388767075515117e-05
1.9556556962316904e-05
1.550786205618964e-05
1.4110170708756915e-05
0.00011195542227198873
2.4372537270514692e-05
1.98033065768404e-05
1.719369957351048e-05
1.444644884611972e-05
0.00014447475915351453
3.1965997017644066e-05
2.6866860464931095e-05
2.338387660744115e-05
1.85226034243423e-05
0.0001592920559188923
3.317481992211577e-05
2.9489697577219874e-05
2.4529980102560354e-05
1.9972734846231016e-05
0.0001299882493247218
2.9723292180704225e-05
2.4642525120549507e-05
1.9900127397176503e-05
1.637700469469991e-05
0.00014362105118138953
3.0178888935431532e-05
2.5388345381390695e-05
2.262460858631308e-05
1.7892231697736654e-05
0.0001361651410666328
2.857009305296375e-05
2.4211997348816346e-05
2.0955335183095338e-05
1.806508136530608e-05
0.00014312481727457124
3.2755748582045785e-05
2.6781853373300667e-05
2.0989717370163393e-05
1.860138856871966e-05
0.00015393718392108364
3.395068429873655e-05
2.7868500440055452e-05
2.3511513119570023e-05
1.982428754576577e-05
0.000123440576273983
2.7757810077997177e-05
2.3631754532278754e-05
2.0499039990087408e-05
1.6825306853048334e-05
0.0001572013047471188
3.5909408316052774e-05
3.0313206315210375e-05
2.4592284891047386e-05
2.1718439976693802e-05
0.00015679747547019308
3.530158931942836e-05
2.8808310208225575e-05
2.4076289021515713e-05
2.1494063889079446e-05
0.00017263516371988257
3.888704097351057e-05
3.0448884058993113e-05
2.459362908909028e-05
2.1940936396106115e-05
0.000186295805332692
4.233552359315819e-05
3.538370286240464e-05
3.130131835448074e-05
2.8323478411972482e-05
0.0001649516825069102
4.0075941258677315e-05
3.1981943780090616e-05
2.6547382745747295e-05
2.3428627614944095e-05
0.00014830355800802872
3.190979617764948e-05
2.6101044213227e-05
2.2985674656235955e-05
1.885405617814133e-05
0.00018772188815748572
4.024666581801994e-05
3.3005714233882195e-05
2.7281785469295842e-05
2.459553294427762e-05
0.00018052707531324914
4.003924135576012e-05
3.348510883763382e-05
2.6964292420045302e-05
2.411944594008785e-05
0.00020280891242320024
4.397492908578455e-05
3.696649857858384e-05
3.144142011087439e-05
2.5603905647729162e-05
0.0001730341749630477
3.677698451145519e-05
3.064860767550919e-05
2.4497715755283828e-05
2.1669305295410723e-05
0.00017152358465977193
3.72429037608373e-05
3.231036421672931e-05
2.7090466619534715e-05
2.216807063300408e-05
0.00023807416802553902
4.9104508512973784e-05
4.1751607120454476e-05
3.5003930059403126e-05
2.923860426881432e-05
0.0001776231017682625
4.096821192747372e-05
3.3461726975194795e-05
2.6179807698208668e-05
2.2887032918073638e-05
0.0002163563205399745
4.6107383337028886e-05
3.786205659581613e-05
3.292977879615172e-05
2.7577056059482977e-05
0.00023063935465708312
4.985790375113582e-05
4.023744193087912e-05
3.4996637174119946e-05
2.681623418512216e-05
0.00019894198368113357
4.174454930469947e-05
3.6496145894774036e-05
2.943853379367236e-05
2.5607871245358062e-05
0.0002238462911771659
4.708958334924466e-05
4.074229365101093e-05
3.428018553951314e-05
2.9781325050454904e-05
0.0002343619303859081
5.159121432698664e-05
4.190897359922807e-05
3.395324885599448e-05
2.708136074701857e-05
0.0002281042118174173
5.3228722142041273e-05
4.4397654324106625e-05
3.630037668824626e-05
3.078014696257936e-05
0.00021515709616362651
4.805405601992247e-05
3.945380232007668e-05
3.2954750447759e-05
2.5767453870444746e-05
0.0002397828994427616
4.934481872033877e-05
3.920058573573408e-05
3.487344190185119e-05
2.7152935113596918e-05
0.0002454481473491795
5.1665913090039784e-05
4.276978213591694e-05
3.513531574197959e-05
3.0236799942278508e-05
0.00020876852297038254
4.483795649000993e-05
3.78493911122973e-05
3.095778857306273e-05
2.6240548765397293e-05
0.00019427461693889177
4.259713290573508e-05
3.5468582313868654e-05
2.7919362281031446e-05
2.2754571267462174e-05
0.00023042522156783258
4.920808774002339e-05
4.0273184441662144e-05
3.166062158532705e-05
2.6705692945236767e-05
0.0002551470268884802
5.466462742373604e-05
4.7085440792057e-05
3.5610493303113174e-05
3.176047193762561e-05
0.0002469700239555979
5.067452163061028e-05
4.166882339736255e-05
3.3956756092767997e-05
2.8545476040622796e-05
0.0002958269082484259
6.018810708240725e-05
5.242176785662326e-05
4.545940197341066e-05
3.7383448311504996e-05
0.0002737714511827073
6.120505179952087e-05
5.1741076541378146e-05
4.256288488005743e-05
3.657331479520636e-05
0.0001960116932136529
4.308501170028519e-05
3.449741476008829e-05
2.7505457841885015e-05
2.3608375619886118e-05
0.00026507186731555046
5.225813632771854e-05
4.4036868417562575e-05
3.7639335831024465e-05
3.004027115844403e-05
0.00021465218092339117
4.65557548451351e-05
3.9089687166293436e-05
3.456907070064189e-05
2.8891800422276902e-05
0.0002523105190587307
5.133082966130506e-05
4.5164737961373375e-05
3.5624591771381785e-05
3.0122927387768125e-05
0.00023497582425322425
4.9605575923475384e-05
3.7991892864290596e-05
3.351851581087271e-05
2.8724587404270937e-05
0.000250645475618865
4.76003604605914e-05
3.9532782107587766e-05
3.493237137913176e-05
2.659901601754329e-05
0.00022695119512200588
4.7993333357715644e-05
4.049765091071115e-05
3.544343418080361e-05
3.0008456425896743e-05
0.00025326427981257383
5.402343986562253e-05
4.344033546959628e-05
3.792417897828845e-05
3.0461468719427314e-05
0.00021272295574932505
4.83840350369165e-05
4.182918801897818e-05
3.569627477743072e-05
2.980056794850322e-05
0.0002713838727156718
5.373106072757836e-05
4.757010611314753e-05
3.671810203897458e-05
3.2777783933399276e-05
0.00025199073931531806
5.828555957573068e-05
4.884143367568924e-05
4.0500252595974683e-05
3.410689719409115e-05
0.0002900519982143261
5.9114000276908674e-05
4.7519529880026037e-05
4.10500860139273e-05
3.420345753295832e-05
0.00024254352181351716
5.335510468090867e-05
4.445416315425631e-05
3.7409346355656944e-05
3.0491159419436114e-05
0.0002661348429770163
5.439522551309041e-05
4.6025795059733945e-05
3.7787139384626104e-05
3.2142469524880176e-05
0.00023142720764594274
4.895989250760848e-05
4.143876509918236e-05
3.457188352391685e-05
2.7407976318673412e-05
0.00023119971594988295
5.120357157276382e-05
4.112191467029356e-05
3.602205002652165e-05
2.717877458993144e-05
0.0002866083581977099
6.0314982021552494e-05
4.963028196571659e-05
4.159336988353816e-05
3.470750168545754e-05
0.00032360924066379915
6.800710340683849e-05
5.579434313795845e-05
4.678705239063909e-05
3.9963142492122183e-05
0.00025048917176687856
5.716491354098161e-05
4.813241266946231e-05
3.884262029693121e-05
3.253878665362464e-05
0.00023845331224628462
5.113553928721141e-05
4.428558060332533e-05
3.666714231729942e-05
3.073132411994743e-05
0.00025624263561660807
5.582556765243914e-05
4.47149181401946e-05
3.7685623223595685e-05
3.1552827534240235e-05
0.0002445321077121946
5.568172591101618e-05
4.8353160659550756e-05
3.8275109266289195e-05
3.156803515222233e-05
0.00027674277349039805
5.784994352766799e-05
4.747831195606608e-05
4.0349556406084716e-05
3.39306487817173e-05
0.0002848968080771456
6.172787736405649e-05
5.087633289257475e-05
4.188400119703842e-05
3.3263810486913236e-05
0.00028344204284968844
6.230988976958536e-05
5.1661499177607045e-05
3.89401481154709e-05
3.5928531874173704e-05
0.00026164647476723506
5.2848611607741373e-05
4.6548330996585645e-05
3.953154141606968e-05
3.3075624791808925e-05
0.0002600739673126846
5.469006748776077e-05
4.601700153187889e-05
3.526758581946337e-05
3.213278384882905e-05
0.00027598842836219865
6.283554505131069e-05
5.221341839240402e-05
4.378928518779702e-05
3.463434552843977e-05
0.00024873106982685293
5.2827786090511275e-05
4.277757177956392e-05
3.841458847002822e-05
3.2791767412314195e-05
0.00025616833594313657
5.4188492471250334e-05
4.493592088519299e-05
3.758124555815593e-05
3.072889881562872e-05
0.00025325024991468536
5.478961071043923e-05
4.5632267302395746e-05
3.648383714393747e-05
3.120744663312264e-05
0.00029501731652751433
5.8977208310967184e-05
4.887845860095586e-05
4.221188691255769e-05
3.592529271873694e-05
0.0002462413418182363
5.2396671388768336e-05
4.431809252410516e-05
3.694985361866135e-05
3.13992699177207e-05
0.0002898258442276578
6.046161076457714e-05
4.8873528768484874e-05
4.0576496259324317e-05
3.4002947941910464e-05
0.0002682605397695042
5.706511622605588e-05
4.899576143751231e-05
4.140637546429453e-05
3.420434759392403e-05
0.00023822267190383748
4.987800846402065e-05
3.978286220725324e-05
3.416802366804328e-05
2.812092974813492e-05
0.00023765671631134088
5.031250450662864e-05
4.1179062161551e-05
3.314253940683277e-05
2.6683353443160473e-05
0.00021534656069153416
4.521750943169969e-05
3.6824153033856866e-05
3.076264658571405e-05
2.6679952957347222e-05
0.00022715438008607042
4.8736811636731886e-05
4.1069352742379024e-05
3.60499445781066e-05
3.0452106614933044e-05
0.00022215094833726587
4.667687135266304e-05
3.972309887804086e-05
3.334105172300776e-05
2.866314871823061e-05
0.0002515601825395391
5.693392101440048e-05
4.5008674005406175e-05
3.7994638211632755e-05
3.181983176105662e-05
0.00028812293998476014
5.9230200023427306e-05
4.848221061988734e-05
4.014361423563374e-05
3.29700202869898e-05
0.00022353867021647535
5.008029055694704e-05
4.195390452366575e-05
3.5088910477564836e-05
2.9107092710832796e-05
0.0002721741437334491
5.884155822198499e-05
4.5188601722495e-05
3.9151451452370704e-05
3.228959978483811e-05
0.00029918139266351654
5.9619098854510826e-05
4.9597351129987e-05
3.955603442776685e-05
3.459043493189825e-05
0.00023812736605389047
5.11497084436453e-05
4.3675570670794316e-05
3.548808598269737e-05
2.937002946818682e-05
0.0002745591444120732
5.29693502782014e-05
4.543898729501619e-05
3.697441743410531e-05
3.0084429935081486e-05
0.0002739764733425898
5.6845500146541236e-05
4.583510361322192e-05
3.672049312536724e-05
3.105387156830982e-05
0.0002448512605608469
5.4858286449775076e-05
4.272200851633499e-05
3.716439699440344e-05
3.0009002664780706e-05
0.00020402945919449365
4.4935389975992616e-05
3.6320864159361736e-05
3.083725094509354e-05
2.6137840810859736e-05
0.00025816083361814804
5.4095922507323355e-05
4.585972421908267e-05
3.879224744368107e-05
3.2429417924199836e-05
0.0002792951317432664
5.857373951451823e-05
4.764692057873707e-05
4.075798249571783e-05
3.384663954807647e-05
0.00023568907253719565
4.944632466391003e-05
4.326249259753902e-05
3.268110285147073e-05
2.9018622756545506e-05
0.0002604308912876131
5.348857327183396e-05
4.367756875946039e-05
3.834262342413605e-05
3.1787862537479346e-05
0.00029159602020642657
5.793459513525151e-05
4.866125707189878e-05
4.097951081808272e-05
3.371536244449778e-05
0.0002938658623683842
6.308084946042947e-05
5.150964116171389e-05
4.214873783223471e-05
3.47976982455641e-05
0.0002528675152586659
5.520548190288391e-05
4.498747298143193e-05
3.678251679329916e-05
2.981661322654836e-05
0.0002684157106541057
5.6249955422228626e-05
4.640475669745942e-05
3.8557247153227514e-05
3.272650198098653e-05
0.0002461725942407452
5.2436652297960015e-05
4.4918748941640536e-05
3.61753946312386e-05
3.0766013130920345e-05
0.00028599547420307794
5.6193799222834095e-05
4.713270104607318e-05
3.8923322858724815e-05
3.2836297665340295e-05
0.0002387564078463906
5.300557410043375e-05
4.479050201451388e-05
3.8279735224798e-05
3.1976516615549236e-05
0.000281206008024258
6.253945382761535e-05
5.0046525636330294e-05
4.2015171350065535e-05
3.352760920008739e-05
0.00022697649413508202
5.007143767772575e-05
4.050497214375255e-05
3.327531284811095e-05
2.9156801659215068e-05
0.0002377441276840511
4.9344788496449706e-05
3.952981831351973e-05
3.198882082535259e-05
2.790059301971318e-05
0.0002803613011985058
5.764176112722808e-05
4.762143772018472e-05
4.019243397282232e-05
3.262824357342849e-05
0.0002128396703929118
4.699427431760949e-05
3.846768509860646e-05
3.187403867058895e-05
2.672792539857848e-05
0.00022150134024575077
4.9178409365474355e-05
4.022341414892965e-05
3.3037287484135946e-05
2.8692247254527544e-05
0.00023002481199733746
5.0162533538522985e-05
4.1530089014877965e-05
3.4547047503807914e-05
2.8144876653135294e-05
0.00026096951305645084
5.538905422955432e-05
4.460099845480511e-05
3.822119386305483e-05
3.094558264861285e-05
0.0002351008790748077
4.9491412086125807e-05
4.102550913143114e-05
3.464455198844105e-05
2.8568985151155072e-05
0.00022001037091585844
4.769525735416747e-05
3.986609740250257e-05
3.3109102844553014e-05
2.7765257945988885e-05
0.00023163423754150514
4.730575824699092e-05
3.901096065374793e-05
3.256819368992845e-05
2.7177485284037084e-05
0.00024046421260448073
5.2522856914948115e-05
4.2714157937381866e-05
3.388913310247718e-05
2.9470293059113466e-05
0.00025847654949624446
5.40301785036493e-05
4.515689668585143e-05
3.773859689193839e-05
3.185161196926893e-05
0.00021167186421368195
4.7725255424927846e-05
4.075726976190095e-05
3.349058835564495e-05
2.7169664299854376e-05
0.00022736666207829443
4.9955762330043376e-05
4.193334774028375e-05
3.504321694795667e-05
2.7610597622416274e-05
0.0002508830189737275
5.429620184356766e-05
4.2680722948324135e-05
3.8225107111628026e-05
3.1059001409721835e-05
0.00023409037009606055
5.109218548811193e-05
4.153433180497032e-05
3.4795942990691705e-05
2.724654105234263e-05
0.00022279475943991095
4.515176288773594e-05
3.6977930131753115e-05
3.124898117661093e-05
2.6160120078414206e-05
0.00019752993028190598
4.347698062248168e-05
3.498039557641814e-05
2.9519848712005253e-05
2.4458650587798565e-05
0.00021092018558853214
4.518054807293044e-05
3.755225441252953e-05
2.9360970475751532e-05
2.5355608988153055e-05
0.00020964958049283786
4.4404758889397406e-05
3.655333073931259e-05
2.959480417250378e-05
2.6188505969861593e-05
0.00016530429195313567
3.4795602006212534e-05
2.844141635239748e-05
2.4236178652191026e-05
1.9925260742604984e-05
0.00022740954856561394
4.4671281563817956e-05
3.666148513518605e-05
3.158099555424851e-05
2.5795142752648996e-05
0.00021573161345778965
4.7207777585711786e-05
3.9308272185325945e-05
3.161056399872829e-05
2.615024205939702e-05
0.00019498102780403877
4.232026091325867e-05
3.505402277657867e-05
2.9045640010260403e-05
2.3112336630873453e-05
0.00018657748015394582
4.0660498160677755e-05
3.326556610196102e-05
2.8843072996594993e-05
2.252929037953546e-05
0.00018876323693057148
4.1000552065386746e-05
3.370526498792075e-05
2.742860146287078e-05
2.288118556962539e-05
0.0002043617198080356
4.299753963719468e-05
3.5363537640271896e-05
2.9311528868363014e-05
2.493139154168789e-05
0.00024710805314740293
4.898226313542174e-05
4.112513991431023e-05
3.3894237540320616e-05
2.864225596546524e-05
0.00019332386400913216
4.321149298506737e-05
3.51374885327468e-05
3.1632034263256665e-05
2.631138090996028e-05
0.0002200930275991963
4.6208006620269364e-05
3.7021922266756295e-05
3.054305082775326e-05
2.553210406536268e-05
0.0001843727855475989
3.712722377767589e-05
3.0038093500519267e-05
2.4534224368797585e-05
2.0198691581183734e-05
0.00016455221884220477
3.2620039536564746e-05
2.6995618994768147e-05
2.376565676048452e-05
1.8787381089534378e-05
0.0001620287417158772
3.348166881947188e-05
2.8539788625473453e-05
2.3552958943689325e-05
2.0431006978493516e-05
0.00017998503791807183
3.7393817897277614e-05
3.0132384214826433e-05
2.5733402900449327e-05
2.1057128872951243e-05
0.00017060881907020054
3.668772722439382e-05
3.181035731685441e-05
2.585139513839615e-05
2.1404178732231737e-05
0.00019167507550982052
4.196395176654725e-05
3.374150628287104e-05
2.786306887538692e-05
2.29973732261528e-05
0.0001702550772627445
3.5798197274181215e-05
2.9689656896363507e-05
2.3217446230712725e-05
1.9497746305643637e-05
0.0001683011687664547
3.4975553985852393e-05
2.863639029942606e-05
2.3530292155598078e-05
1.928408254271469e-05
0.00014352734138354525
3.192490789072352e-05
2.5850630375064107e-05
2.113545561645416e-05
1.7610355945630988e-05
0.0001678428071960065
3.386609991895e-05
2.7986340775989115e-05
2.2323669277116545e-05
1.881371175350144e-05
0.0001536507481284388
3.2658950088373844e-05
2.801650563970107e-05
2.30440624125758e-05
1.9371999722220143e-05
0.00017745144357315926
3.8766197846663505e-05
3.2065077144391236e-05
2.553353882048194e-05
2.264225226818624e-05
0.00018919410137220957
4.160034851714008e-05
3.353229067501724e-05
2.922665271282162e-05
2.2773455538904477e-05
0.00016932325715048158
3.5953908325852426e-05
3.001294705666288e-05
2.5077281478453468e-05
2.014309564079029e-05
0.0001802355037243986
3.8991680597155646e-05
3.2076011068964975e-05
2.6852333812176516e-05
2.1656530791320077e-05
0.0001632016989249832
3.608584821503154e-05
2.9801251114501387e-05
2.3905346863454618e-05
2.0547913880904395e-05
0.0001467776865389587
3.242555704157352e-05
2.6498728962732705e-05
2.1468579766884825e-05
1.828577562420945e-05
0.00014214536434379132
3.10145433314034e-05
2.5120117171590278e-05
2.115004894428179e-05
1.722215932028621e-05
0.0001313015002783194
2.7638968838893564e-05
2.2127513032292016e-05
1.897576626645121e-05
1.4672585561475828e-05
0.00013884076086892558
2.993956207854449e-05
2.410534798567208e-05
2.0334827291695878e-05
1.7024203403442762e-05
0.0001451475560252835
3.0135966115107015e-05
2.4383033617717615e-05
1.9111678876689307e-05
1.6583327886390992e-05
0.0001584947485676663
3.2858315652054905e-05
2.6672610077214616e-05
2.197933240695185e-05
1.8729817129306347e-05
0.00015615764135463854
3.451587809627358e-05
2.8337350157382852e-05
2.362898352149042e-05
1.8618571950022517e-05
0.00013342455298740024
3.0457220669467776e-05
2.5043367321309966e-05
2.0348453423763938e-05
1.713738780355607e-05
0.00013619534033693212
2.8559155607391307e-05
2.3498520695076467e-05
1.9797182292672362e-05
1.7162177203490806e-05
0.00012234021639205488
2.8141580152278716e-05
2.33373824442632e-05
1.9238034884889866e-05
1.58427798968766e-05
0.00014089793877267978
2.894803467079054e-05
2.3234644717726727e-05
1.8898137370078526e-05
1.5767437445713333e-05
0.00014350863742265026
3.104528786932957e-05
2.562853141586154e-05
2.174688681537826e-05
1.7944416141845544e-05
0.00013012876011363688
2.8329814192889744e-05
2.3734422836215274e-05
1.8747706287236638e-05
1.622877955828703e-05
0.00011847579109608596
2.6359236097095937e-05
2.1854337034500092e-05
1.7874502615133082e-05
1.5259701108124964e-05
0.0001262886088490704
2.5549926072638193e-05
2.151212745249359e-05
1.828116351574249e-05
1.4879264612245634e-05
0.00012868205524597538
2.724667253517678e-05
2.2661563692715842e-05
1.892076541994599e-05
1.6327913786180646e-05
0.0001186440250803841
2.6065871590991545e-05
2.1567929101578485e-05
1.8202422557609576e-05
1.45603015464646e-05
0.00014192031394851662
2.9569736137471636e-05
2.4192426216953595e-05
2.0237110574518586e-05
1.6497522257432194e-05
0.00011127924579868803
2.379107369792717e-05
2.0787678516429158e-05
1.6525448597985786e-05
1.4296147713533211e-05
9.528958938832965e-05
1.9046283669760686e-05
1.582795201126928e-05
1.3098303801194729e-05
1.091304936650987e-05
0.00010065654561839856
1.92334937657395e-05
1.6145006931994243e-05
1.3161776088475586e-05
1.126666545127309e-05
0.00011202022527740571
2.2810314282716093e-05
1.8843356852772913e-05
1.6061542685770797e-05
1.3171806830079969e-05
0.00010843136466452229
2.1935436079155082e-05
1.8266457587627692e-05
1.528597236089473e-05
1.2581261556253902e-05
0.00011574894525038673
2.374235563183831e-05
2.037358820706593e-05
1.6586876082232137e-05
1.4241621380466166e-05
9.595893207853708e-05
2.129021929632297e-05
1.720693049955632e-05
1.394511399616749e-05
1.1540771882686889e-05
0.00011212564299715862
2.334705983791726e-05
1.895455932814663e-05
1.557033870160125e-05
1.3150135236415754e-05
0.00010611736911596238
2.188281922007364e-05
1.803088600462911e-05
1.4860208611650022e-05
1.2264340683532524e-05
0.00010087984170474549
2.006022988841197e-05
1.6900603690313858e-05
1.3308877211874493e-05
1.1572692035657648e-05
9.451462251536744e-05
2.1194880556480732e-05
1.7718274390448838e-05
1.4794716202740004e-05
1.2486087904203524e-05
9.375709985293648e-05
1.9673975295244647e-05
1.5886091748843417e-05
1.3152658376864454e-05
1.071809833374661e-05
8.326325503585914e-05
1.7343901427173394e-05
1.4073127407019863e-05
1.1602437324205014e-05
9.966474403668063e-06
8.463600419865552e-05
1.7218027353901967e-05
1.419236346393913e-05
1.1947496717546585e-05
9.974654635078104e-06
7.09357994285808e-05
1.612162174034161e-05
1.3205549179527581e-05
1.1045228628486582e-05
8.799014314257726e-06
8.937901898890505e-05
1.85388715984241e-05
1.5106698714006941e-05
1.293004948695882e-05
1.0916907794942387e-05
7.169824609136199e-05
1.5272954970585257e-05
1.3386877324818464e-05
1.0812609666495371e-05
9.175375848437775e-06
6.047704289058106e-05
1.2411600010865605e-05
9.532665264579166e-06
8.245164996066067e-06
6.911978110771474e-06
8.193539556627922e-05
1.6101119356939053e-05
1.3342468974964215e-05
1.0410196962752013e-05
8.504630578587493e-06
6.504038850571935e-05
1.3461532763781061e-05
1.118150166883228e-05
9.425293748616745e-06
7.4471455862144935e-06
7.623016612943122e-05
1.5349945403955423e-05
1.2542006124158048e-05
1.0117829362880195e-05
8.491447964355967e-06
7.552809302289939e-05
1.5143005893068574e-05
1.2407560718725327e-05
1.0387954909019291e-05
8.553221900940391e-06
7.012365542784045e-05
1.4199955339622676e-05
1.1760223435398151e-05
9.856182626578357e-06
7.98783594831589e-06
6.523911148770655e-05
1.4312124920974126e-05
1.1849297851307128e-05
9.895182717916771e-06
8.599269961208873e-06
7.489602986810164e-05
1.633530218871076e-05
1.3580477619917673e-05
1.097484594238898e-05
8.968018006099263e-06
6.502789489955425e-05
1.3879120437009827e-05
1.1466580281027134e-05
9.604557663628928e-06
7.995971065854144e-06
6.295798435434504e-05
1.299969600131778e-05
1.0911721201358175e-05
8.857458747978974e-06
7.405155972077202e-06
6.756745289471209e-05
1.4245952827641437e-05
1.1713143556744874e-05
9.506413779547586e-06
7.948954890570462e-06
5.607731691239506e-05
1.2343034988795812e-05
1.01114943488388e-05
8.14525659601581e-06
6.907178567629626e-06
5.7843687336640384e-05
1.1883855177465683e-05
9.773162939780791e-06
8.446312418629614e-06
7.033487877040044e-06
4.5102512533820645e-05
9.845289866418606e-06
8.111504455981074e-06
6.912187694399106e-06
5.488924069205057e-06
6.216251366876656e-05
1.2172243624886373e-05
1.0138223831790086e-05
8.264313675872961e-06
6.7190077572761315e-06
5.8679295873903975e-05
1.2421392493112378e-05
1.0376544376179741e-05
8.431281820691412e-06
6.779100945756501e-06
5.9490694623663996e-05
1.2337189810473971e-05
1.0095618926338922e-05
7.852496701172097e-06
7.037523882288703e-06
4.631564213791114e-05
9.849106559608263e-06
7.84342863113534e-06
6.8870371528354535e-06
5.615541885374745e-06
4.91871189168638e-05
9.531363362006724e-06
7.741030063412408e-06
6.303204512068134e-06
5.196135994079586e-06
5.1094929580475186e-05
1.0323666974685728e-05
8.318900185859345e-06
7.108468814637607e-06
5.943503134183176e-06
4.579121678208642e-05
9.278933114338288e-06
7.635564295094774e-06
6.4396029026604e-06
5.218937144792422e-06
4.147237355238247e-05
8.211329174517283e-06
6.619642262435032e-06
5.488789784899601e-06
4.628809739028163e-06
3.658831303134126e-05
7.573503645196096e-06
6.350313474579543e-06
5.256904922911752e-06
4.347302279073019e-06
4.0018349560143515e-05
8.3776094020701e-06
6.957208643431097e-06
5.5827403539116074e-06
4.678174015722091e-06
4.369959551540848e-05
8.80437282864267e-06
7.3493324323613205e-06
6.125211446180419e-06
4.803348105761681e-06
3.51335853901628e-05
7.521107437204657e-06
6.266079198191224e-06
5.117091922528678e-06
4.140937202383063e-06
3.878190748551375e-05
8.056330790537384e-06
6.579064545281993e-06
5.275244992127867e-06
4.456515219247246e-06
3.1525489148152776e-05
6.780266149159046e-06
5.591430311539338e-06
4.774993418118355e-06
4.0009570827697355e-06
3.1619979547172104e-05
6.48168786115213e-06
5.400298955069874e-06
4.372742115595971e-06
3.5707481371500472e-06
3.3104629108468086e-05
6.852067141107047e-06
5.80879343489839e-06
4.918401915269588e-06
3.889926256775383e-06
3.307803648270478e-05
7.057217263205255e-06
5.762318944394238e-06
4.837270643975952e-06
3.939038328634241e-06
2.6675392677098924e-05
6.250124682346682e-06
5.061637787211398e-06
4.380112545355404e-06
3.498714863260865e-06
2.550544426298139e-05
5.447905187101916e-06
4.288528244444307e-06
3.6457538953924355e-06
3.1099956843927123e-06
2.4189006902101207e-05
4.88297949230391e-06
3.951485092164427e-06
3.260008498963362e-06
2.639371231616439e-06
2.163236062485779e-05
4.683678966110112e-06
3.7500151846837116e-06
3.1091339372474376e-06
2.553540795394143e-06
2.221164762133504e-05
4.757938673612289e-06
3.845574926593372e-06
3.195402160568382e-06
2.6477813551341744e-06
2.1352955129577305e-05
4.476258806565246e-06
3.738236156469263e-06
3.0103204816342903e-06
2.4240075368824087e-06
2.129325574452181e-05
4.571885609592854e-06
3.6171388486426523e-06
3.016144446263173e-06
2.4583858390210585e-06
1.923358665584327e-05
4.012968717954379e-06
3.3591130987142114e-06
2.750860892727021e-06
2.108043128869452e-06
1.8168798925972612e-05
3.836107283125703e-06
3.126416474832171e-06
2.519424944372765e-06
2.208681016221147e-06
1.7794700093844035e-05
3.726248554384226e-06
3.0288284314137947e-06
2.6137674896384722e-06
1.9582480914001733e-06
1.6727546742783623e-05
3.5453725122408765e-06
2.858592763827856e-06
2.4019074614221207e-06
1.994927013204329e-06
1.566981254296385e-05
3.356831391148719e-06
2.7152364535944315e-06
2.134573646631782e-06
1.859904791005382e-06
1.4815878258847692e-05
3.1141872299544087e-06
2.5726814420948903e-06
2.0615127764394033e-06
1.7367171132032326e-06
1.3446080558114981e-05
2.91091254184718e-06
2.3877813462680556e-06
1.8718296359082286e-06
1.6349192495475145e-06
1.2467507563484602e-05
2.714600671035216e-06
2.1903071466092605e-06
1.8034916385518868e-06
1.5118242601043303e-06
1.0739462390474764e-05
2.331804943030722e-06
1.958974349301509e-06
1.645906563676299e-06
1.3396242133739118e-06
1.0288993300443598e-05
2.253051725531994e-06
1.8650339004864376e-06
1.491446845060102e-06
1.1981531966910242e-06
9.767168637006941e-06
2.068411184167346e-06
1.642393157153681e-06
1.3920348366389452e-06
1.0852989357190222e-06
8.25827541543335e-06
1.7628435787035824e-06
1.4739070149760899e-06
1.1666732455242063e-06
9.726192407919654e-07
7.043691815898127e-06
1.4358108754432481e-06
1.1658441619470691e-06
9.719004833125974e-07
7.861451219726887e-07
6.342698584384375e-06
1.30805502897626e-06
1.0948897861396811e-06
9.127983771266324e-07
7.404588788656813e-07
6.0027384686873074e-06
1.26963842546921e-06
1.0457112013926263e-06
8.618814851271512e-07
7.419136685610073e-07
5.283578929308317e-06
1.172439145538428e-06
9.428880024342445e-07
7.888868177379434e-07
6.384231040058701e-07
4.892718220401294e-06
9.74392136789423e-07
8.032283704778377e-07
6.490059595954452e-07
5.493328611863334e-07
4.7254563588001744e-06
9.740161708010021e-07
8.243846353340592e-07
6.468520618367718e-07
5.3776079273835e-07
3.0514871507468024e-06
6.716269407761319e-07
5.563401421918712e-07
4.385291763936872e-07
3.58906856428957e-07
2.7908823307866987e-06
6.095619258699712e-07
4.97787535520958e-07
4.047460138344521e-07
3.243626667664928e-07
2.9832373005476266e-06
6.287664267158125e-07
4.909937852686876e-07
4.0630997012705927e-07
3.392470313063821e-07
1.8929219378200841e-06
4.402466976067962e-07
3.554656989682693e-07
3.069824563107305e-07
2.254683330722439e-07
1.6169483373308333e-06
3.3280537167809076e-07
2.8708034115368e-07
2.236608941123216e-07
2.0202416623223868e-07
1.4019256589728607e-06
2.95103858713467e-07
2.2944471507511557e-07
1.8944997375977161e-07
1.313340853447498e-07
1.2254984127875817e-06
2.3136728080776838e-07
1.8671718130652713e-07
1.5678857752824126e-07
1.3029444702500012e-07
9.312969216290577e-07
1.8843732039471667e-07
1.29407511541598e-07
1.4553954087718943e-07
8.717240986435925e-08
7.097812006154336e-07
1.3390993692905172e-07
1.2539436709667907e-07
8.741032087673287e-08
7.583872678080844e-08
4.3282512500717325e-07
9.70404125893353e-08
7.020138211186753e-08
5.463804926971673e-08
7.01306261319192e-08
2.337967261718964e-07
4.0531653214808396e-08
3.142333880018412e-08
2.7952962944710888e-08
2.3866656480173956e-08
