1.1065148689723659e-10
4.850918578152196e-10
1.7564749702109115e-09
1.3402180451929422e-09
1.2380358230233191e-06
1.1770239069355046e-07
1.4688126500743328e-07
8.999470477275926e-07
6.11959451953545e-07
2.6190329670669488e-05
3.143163394087113e-06
3.68880599983343e-06
4.026736671451864e-06
4.470319891473015e-06
6.9649461005544855e-06
4.705755215800906e-06
4.8743180460380475e-06
4.839063720841969e-06
4.943608164768014e-06
8.986493094149683e-06
4.7689379802406915e-06
4.321792729756699e-06
4.051802507843653e-06
3.64930214668575e-06
9.309282939678977e-06
3.409597200598388e-06
3.110921775794936e-06
2.6318321634711733e-06
2.280965885129883e-06
4.384642829526918e-06
2.047998669481054e-06
1.5986945999324006e-06
1.4437503738849444e-06
1.1291596530594806e-06
1.291949718048253e-05
2.0668777392557094e-06
1.917182118415253e-06
1.985490372465109e-06
1.8579211329094496e-06
6.271058497404507e-06
2.0872183313731873e-06
2.396809870202027e-06
2.0743838416936913e-06
1.850503494939003e-06
1.1495723009449718e-05
2.2152369150544093e-06
1.6747243087206392e-06
1.3965743817212842e-06
1.4175262335211836e-06
3.9967166569719835e-05
3.303154750897498e-06
2.292134741177728e-06
2.01923478137667e-06
1.8184693006727608e-06
6.1108070359631665e-06
1.6234213960175968e-06
1.4735820350758274e-06
1.3089454047683193e-06
1.5101868313210193e-06
0.0003298030868824473
1.829843844387805e-05
1.2104625264255922e-05
9.73597795919453e-06
8.214887944521655e-06
1.9498569479978794e-05
6.819198707099403e-06
5.981474272045518e-06
5.638797443968505e-06
4.708437111983903e-06
5.582498089637043e-05
6.492627247760945e-06
6.243584390677358e-06
5.086367528495755e-06
4.314552677498932e-06
5.902333168780585e-05
5.403003400438886e-06
6.153300181433996e-06
4.139973594076642e-06
3.3327181221414936e-06
4.3550546840596034e-05
4.838629495255119e-06
3.83289099406616e-06
2.8332432185485484e-06
2.6163702001209355e-06
8.887676662601443e-05
5.104047978594667e-06
4.735989152573431e-06
3.1391229141841844e-06
3.6791595241806514e-06
0.00017310448803745828
1.1224423396790026e-05
1.0535202398128056e-05
8.288050817603561e-06
6.1028982569007425e-06
4.356663379707115e-05
5.9710115067715955e-06
5.0258356232560085e-06
3.88562127634812e-06
3.4377513910714636e-06
0.0002197207620427217
1.5510269009386106e-05
1.2074750558117344e-05
1.064628065040766e-05
8.33557405580246e-06
0.00016372948690980554
1.3650160644677041e-05
1.0829450072330749e-05
8.831810554398729e-06
6.10185050064786e-06
0.00020552984764593592
1.3859572037885424e-05
1.1294932447209047e-05
1.00718990075733e-05
9.773247571360503e-06
0.0004233301028851095
2.6790248861011072e-05
3.08611316743311e-05
1.0852896324289525e-05
1.046089119802745e-05
0.00014404724758331926
1.3896678025732048e-05
8.853382593445435e-06
7.476454538005945e-06
8.785920267213868e-06
0.0008777006165214408
4.5985530757973644e-05
3.786513279477948e-05
2.5319874093029537e-05
2.094186138413084e-05
0.00021329880842153986
2.212534109181683e-05
1.5090846818806117e-05
9.805970809471077e-06
7.541507911485115e-06
0.0005103778014657033
2.798493920028888e-05
1.8546423914128343e-05
1.2250083904536091e-05
8.630009402614965e-06
0.00013043167576351302
9.178162033815767e-06
7.184925831250391e-06
6.165579556500223e-06
6.0162066288888315e-06
0.00035252961864410076
2.0770337876941858e-05
1.4434646000643337e-05
1.0611167116148494e-05
8.235830805614792e-06
0.0003817926228365818
1.9533619386071896e-05
1.2257195430669568e-05
9.720057078286367e-06
5.862221702955462e-06
0.00042958881301900125
2.3883848955483093e-05
1.6985232259954712e-05
1.2958880733166157e-05
7.855103834147006e-06
0.0003724256620223685
1.9334071383902842e-05
1.1946821571572147e-05
8.162941157439044e-06
4.769863019065411e-06
0.0004350072584094077
2.3599263093238837e-05
1.4552403422708422e-05
1.1331570783841762e-05
7.0308333316815926e-06
0.0007106290367820269
3.083834699299587e-05
1.9933804021523883e-05
1.3322935310283693e-05
1.0138294494861494e-05
0.0002531010639266643
1.5635016188800384e-05
8.829096306769635e-06
6.320869927151652e-06
4.6632914926329224e-06
0.000300886572427049
1.57072253469829e-05
1.0244894042135733e-05
7.272306760025959e-06
4.3226117714359115e-06
0.00036198950593160136
1.4968751030073877e-05
8.969724735980855e-06
7.468332750289025e-06
4.895867509557052e-06
0.00038522983334032996
1.8287736469731197e-05
1.2203764449138334e-05
7.260110438636095e-06
5.131470081539897e-06
0.0002543426375023898
1.140570318067071e-05
6.321203306269379e-06
3.970736087022943e-06
2.8025595417050488e-06
0.00019460863957113328
8.061995475800294e-06
5.748857929839727e-06
3.490442162039007e-06
2.2234018256655607e-06
9.93622756611943e-05
4.222467432595337e-06
2.605033105655686e-06
1.4475480981531926e-06
1.0392678647340953e-06
9.026936299235998e-05
3.7878605728966503e-06
2.1306261234347752e-06
1.2919173500710533e-06
8.129681335860122e-07
3.962949087697002e-05
1.3917166097499892e-06
7.624076378343657e-07
5.527875105733225e-07
2.686283001322151e-07
1.4599322171761242e-05
5.461982278030226e-07
3.079889338742229e-07
1.555510761549874e-07
7.844345173852996e-08
4.288320494450889e-06
1.548076780176634e-07
7.507211106753883e-08
3.563685697390877e-08
1.5021979089910923e-08
3.838684472360854e-07
1.8123437181606153e-08
1.2139812414879612e-08
9.087732727980709e-09
6.528541667864844e-09
8.580646864683552e-07
3.128157107489655e-08
2.109155761120552e-08
1.4589178557799305e-08
1.1001199839985618e-08
3.9835044028920423e-07
2.4498436556061224e-08
1.5151054511775595e-08
1.1291672165349701e-08
6.390909720451809e-09
4.819160801057211e-07
2.1881640660736224e-08
1.3973052249703583e-08
8.989890968629063e-09
6.856786524675951e-09
5.387029769358914e-07
2.5831620105601418e-08
1.9396575446075117e-08
1.349221648679347e-08
8.724622824763368e-09
2.911914001787739e-07
1.7449627105348768e-08
1.1823689711306337e-08
7.204040051226332e-09
6.273868592079666e-09
3.853555557496839e-07
1.8720066774031475e-08
1.2559779312358474e-08
9.887613456697005e-09
6.454183658913647e-09
7.510874676358514e-07
3.375153064301844e-08
2.4579560802436432e-08
1.8037676837193765e-08
1.1906525233724874e-08
8.768261915329713e-07
3.7909993693482895e-08
2.8716057647264123e-08
2.0878787118030437e-08
1.3052390188271835e-08
5.416349664298175e-07
2.831202564654561e-08
1.960232364072538e-08
1.2898572345571229e-08
8.627106782304093e-09
7.267043638355827e-07
3.0893585933068256e-08
2.146145057887668e-08
1.6174030495709743e-08
9.788198549489128e-09
5.708777013851408e-07
2.4119086377226557e-08
1.7473315276776375e-08
1.3198086465701893e-08
9.568589521961615e-09
6.164133024116962e-07
3.247939078922278e-08
2.1290066684628295e-08
1.3016743213162506e-08
1.0239080005067192e-08
8.37387131929326e-07
3.805254560145356e-08
2.592357138118071e-08
1.799698236829515e-08
1.273340786596131e-08
4.4257411005505783e-07
2.1603845795367957e-08
1.5733703051517072e-08
1.2237657309871683e-08
7.993687301610124e-09
8.464880306095738e-07
3.996150821705159e-08
2.8741400574309502e-08
1.8000800311302418e-08
1.493227866929052e-08
7.501839456981429e-07
3.616515380915187e-08
2.4249413946514505e-08
1.643597402645689e-08
1.3071721064542733e-08
9.660506384208113e-07
4.9812301602341205e-08
2.99399352669428e-08
1.971199891744945e-08
1.59752205812872e-08
1.7065927142507672e-06
7.96013094063868e-08
5.160760056620302e-08
4.1401779891483246e-08
3.128401150322105e-08
8.260857242705351e-07
5.018594926112534e-08
3.140180376530202e-08
2.238189429785431e-08
1.6950603605827014e-08
6.540761453882297e-07
2.912328526578886e-08
1.9459823686907976e-08
1.5441358515297514e-08
1.0317430449148207e-08
1.1575531988029802e-06
5.1793816171686704e-08
3.464726289979348e-08
2.2648544568516388e-08
1.8632826121407677e-08
1.0064616598930027e-06
4.9272612784806e-08
3.4490121288418234e-08
2.2637620006981826e-08
1.761219371427018e-08
1.3474677639197565e-06
6.265691896491378e-08
4.410905040074343e-08
3.267635090467988e-08
2.2020676085713734e-08
9.198126987157233e-07
3.963866584828919e-08
2.764230042100681e-08
1.8339225927647844e-08
1.4493249006023153e-08
8.573501035971569e-07
3.9381938424196186e-08
3.00470616000543e-08
2.1223108804021715e-08
1.4498179881725648e-08
1.7525720081292893e-06
7.208145107919345e-08
5.2720599735116516e-08
3.6439961614003045e-08
2.529129078881155e-08
9.499661253597721e-07
4.920697928759933e-08
3.275228227714964e-08
2.0321236255822965e-08
1.5817731640633167e-08
1.46738019160361e-06
6.454076387223572e-08
4.2559340603081635e-08
3.351567152767381e-08
2.291120040110778e-08
1.6544934894234178e-06
7.580763059895402e-08
4.854419283848496e-08
3.817136615918323e-08
2.3151191306135288e-08
1.1808540713887919e-06
4.8535053307366457e-08
3.787857373029523e-08
2.437388673266304e-08
1.9495237954302275e-08
1.5039239342040434e-06
6.39968394508839e-08
4.801280752674546e-08
3.3958503481101284e-08
2.5562271205445252e-08
1.7034853458162115e-06
7.887470332669652e-08
5.3686826497522464e-08
3.536898358598333e-08
2.2473506952352843e-08
1.732931827612388e-06
8.930393470244632e-08
6.380070991846218e-08
4.1594987030231025e-08
2.9578178986090405e-08
1.8223704665476592e-06
8.583877367935137e-08
5.997273326926963e-08
4.229627533196277e-08
2.5185902192409576e-08
2.0335227969433963e-06
8.251417068676567e-08
5.206066110661429e-08
4.1765824093907553e-08
2.4464707386895537e-08
1.9580960417271306e-06
7.785965653762773e-08
5.508573067202843e-08
3.718097048521184e-08
2.76346963167278e-08
1.3258962917938406e-06
6.0010283896924e-08
4.206354000269576e-08
2.7700954574286435e-08
2.0185267237267555e-08
1.2924054094309387e-06
5.843374318011303e-08
4.259981829481885e-08
2.601668615313025e-08
1.5637955867728152e-08
1.62075792872906e-06
7.259995763874404e-08
4.7793739560347596e-08
2.954791207750581e-08
2.1008650309034912e-08
2.3459872606424017e-06
9.809635895245211e-08
7.181789691792186e-08
4.042487812653094e-08
3.415193111039739e-08
1.883583443467183e-06
7.834486243604925e-08
5.3898260349054556e-08
3.6326701827432015e-08
2.435868129244117e-08
3.830786155131063e-06
1.576367455956577e-07
1.1265789328144878e-07
8.490343739614946e-08
5.7732538746836364e-08
2.4729101759790395e-06
1.2769107609696633e-07
9.122350334879448e-08
6.032173759658353e-08
4.6364033392305366e-08
1.1019713646850598e-06
5.3804735570136285e-08
3.585524902956249e-08
2.2053970046595495e-08
1.6378345020211646e-08
2.1378894980916804e-06
8.542814712268859e-08
5.986911283113021e-08
4.2719994129242067e-08
2.7645776141053114e-08
1.420017228616359e-06
6.333531503110164e-08
4.5233708860995656e-08
3.500176084868634e-08
2.345519901742804e-08
2.112361761144582e-06
8.838504932121414e-08
7.016932582464412e-08
4.3194665583640554e-08
3.127750710981722e-08
1.7147180216635452e-06
7.30312415201402e-08
4.32593561875257e-08
3.270668331476015e-08
2.4309599382060605e-08
1.8372642350691246e-06
7.028586211853996e-08
4.735519870580046e-08
3.692196288685039e-08
2.0699730214751605e-08
1.6920001335920252e-06
7.254278788220842e-08
5.168043311407987e-08
3.878288669210674e-08
2.6929491569489705e-08
2.0539751134748966e-06
9.121812979735261e-08
6.079493907300815e-08
4.4364714549769734e-08
2.8285102038033997e-08
1.3197087746863397e-06
7.230028630960677e-08
5.6193397713075054e-08
3.8511854843078436e-08
2.6315574714316333e-08
2.2027095616928373e-06
8.690526197004606e-08
6.764653712422813e-08
4.0925288591970737e-08
3.249524039829275e-08
2.156516242232797e-06
1.070914156778469e-07
7.616868977444088e-08
5.216317132554461e-08
3.727743635986412e-08
3.079643485067829e-06
1.1466110512497703e-07
7.151671363491435e-08
5.441150685328724e-08
3.710496967493601e-08
1.9306267760987665e-06
8.528408263807925e-08
5.808697092154954e-08
4.1741304613812934e-08
2.7354525058403815e-08
2.3205103345579652e-06
9.649594392451191e-08
6.528938862596025e-08
4.334470182910226e-08
3.2457374249727174e-08
1.5203673079571874e-06
6.858600933952528e-08
4.8895466485928844e-08
3.342981559754307e-08
2.1353875761914147e-08
1.6643075800299183e-06
8.413941062608e-08
5.2471852642052404e-08
3.960398230203316e-08
2.2880404074425295e-08
2.456424176888986e-06
1.066487760172169e-07
7.229989814560334e-08
5.013160943222763e-08
3.468186592251137e-08
3.847222917345559e-06
1.700217680934442e-07
1.1831411410272785e-07
7.968878977491128e-08
5.608716545902323e-08
2.147145722246879e-06
1.0001475118755003e-07
6.963755067970044e-08
4.538034090292489e-08
3.264620755962787e-08
1.8106443543467656e-06
8.304987188697632e-08
6.499149431901795e-08
4.13050803500386e-08
3.074430558216755e-08
2.1770543335020298e-06
9.786851848350902e-08
6.292510817733341e-08
4.4922649403388584e-08
3.071421044129081e-08
1.91194017115564e-06
9.407900361311795e-08
7.043053593871538e-08
4.4224470651384414e-08
3.0087086894901947e-08
2.6362882738884107e-06
1.079955767069364e-07
7.065586976127082e-08
4.9785810528882157e-08
3.51674594456744e-08
2.4097068675089533e-06
1.0942435764268098e-07
7.441787740077467e-08
5.049754872006172e-08
3.141351723458153e-08
2.4104069302010913e-06
1.15732175904256e-07
7.723584214934633e-08
4.563025826345554e-08
3.7178935788105964e-08
2.4553710288340384e-06
9.66742131216085e-08
7.253183705211871e-08
5.720163886749974e-08
3.9669627278894486e-08
2.218890226970737e-06
9.601456391757485e-08
6.566676788518032e-08
3.867392667100079e-08
3.260250106094992e-08
2.217246024584606e-06
1.1249896519454712e-07
7.773858836812373e-08
5.5758495717435395e-08
3.4640772919079034e-08
1.9370032117316033e-06
8.711277186856966e-08
5.610332755756276e-08
4.7758970832794523e-08
3.548149261162374e-08
1.9591883904660983e-06
8.913011612870646e-08
5.998562914427105e-08
4.2810950489139216e-08
2.754368818034838e-08
2.4942318731369352e-06
1.0867042154765941e-07
7.426681955015022e-08
4.7666074816827834e-08
3.38676779215519e-08
3.9654090930547505e-06
1.585635302302368e-07
1.0834451979806792e-07
8.47462378020231e-08
5.8598844395017545e-08
1.7943632717220727e-06
8.496279716869145e-08
6.279929020619299e-08
4.257834052363729e-08
3.0427814536705466e-08
2.4590900055203077e-06
1.0596042480798586e-07
7.019241727559894e-08
4.7336710841016184e-08
3.30826944373749e-08
2.1752574677969794e-06
9.478730003541174e-08
6.878638148043397e-08
4.921007708936028e-08
3.4297192840153426e-08
1.7552615619096411e-06
7.748072073904311e-08
4.833221182398488e-08
3.5545867351733396e-08
2.4867215154564116e-08
1.821907783587439e-06
7.580669650221523e-08
5.172803536425722e-08
3.336138903970281e-08
2.1465002755629153e-08
1.4919995564647267e-06
6.298133265416257e-08
4.235733371742474e-08
3.089918785703144e-08
2.2464284158656616e-08
1.5375194411566933e-06
6.88885998154482e-08
4.8299978827533443e-08
3.8166133630161654e-08
2.6769054347716233e-08
1.4891895122746559e-06
6.366821281236335e-08
4.677202603930752e-08
3.1847527885813775e-08
2.4212159305685813e-08
2.0146447673397987e-06
9.787053670392149e-08
6.218723836171445e-08
4.666937558216755e-08
3.011882967887044e-08
2.672462778539814e-06
1.1313217024940792e-07
7.463936037302295e-08
4.969562297660817e-08
3.4044801898565423e-08
1.6780706128061117e-06
8.066014719977501e-08
5.46684337167425e-08
3.725301698077037e-08
2.601803252362203e-08
2.1478447819198576e-06
9.873820545905154e-08
5.908327468691802e-08
4.485260056554687e-08
3.025827254527514e-08
2.7836562273577857e-06
1.1093831643271274e-07
7.689428135793302e-08
4.932155312025657e-08
3.660479021464186e-08
1.799922407478878e-06
7.742990803795169e-08
5.5834795219899276e-08
3.6975521350766014e-08
2.4923965331536124e-08
2.178892635461254e-06
7.806534643417445e-08
5.867380399814259e-08
3.810196624720118e-08
2.5630872726192635e-08
2.693256596325432e-06
1.1108914725208951e-07
7.453936543199553e-08
4.730824958629781e-08
3.449191974106889e-08
1.8051082397610964e-06
8.789423115948464e-08
5.284534866723512e-08
3.91497129658428e-08
2.5413476059047143e-08
1.341919694931231e-06
6.036762777083139e-08
3.926090529838151e-08
2.7198176158771343e-08
1.9726949551413938e-08
2.180724962962077e-06
9.765122886491627e-08
6.906641524626329e-08
5.0235907633734144e-08
3.4667500679528995e-08
2.3368813195459823e-06
9.728671709693421e-08
6.539380408104765e-08
4.745251441475689e-08
3.380089997155803e-08
1.6843205947586369e-06
7.32247001354939e-08
5.578909270267493e-08
3.330162253900016e-08
2.5167042626645122e-08
2.1880628982513496e-06
8.870658566969034e-08
5.989075841414168e-08
4.544270372823032e-08
3.157663821546662e-08
2.7794932020730036e-06
1.081513211697795e-07
7.684677709034727e-08
5.260118678557436e-08
3.5121150962147374e-08
3.0486378686447594e-06
1.3193846959291492e-07
8.852293009464308e-08
5.978285899085512e-08
4.1541945685879504e-08
1.9442236555885544e-06
8.913218073906442e-08
6.006663379249707e-08
4.0195086882945395e-08
2.6182131578630442e-08
2.2588360506743432e-06
9.757924694935926e-08
6.755566288812535e-08
4.654654275546097e-08
3.4033708515449994e-08
1.9352416724688676e-06
8.424247088749824e-08
6.21540696194002e-08
3.9960719953637896e-08
2.825760625266112e-08
2.7198982622554285e-06
1.0339151486464057e-07
7.295465538749985e-08
4.897961566216913e-08
3.4371239616757006e-08
1.6327615735070342e-06
7.890938316320049e-08
5.5943600182005086e-08
4.224578029110712e-08
2.893114753992227e-08
2.4979725138729964e-06
1.1736201942573478e-07
7.648972992144201e-08
5.1752966882254e-08
3.320025583339296e-08
1.44705582638589e-06
6.836348599213165e-08
4.541138343604436e-08
3.043417553123409e-08
2.3378388655258753e-08
1.8646464925696148e-06
7.871546976673428e-08
5.067099158025622e-08
3.2341114477850006e-08
2.4744154552652985e-08
2.329004152392521e-06
9.511739070559466e-08
6.429824501104285e-08
4.6249712012558125e-08
3.0183496578850536e-08
1.3857506800505613e-06
6.287080486960002e-08
4.2616434108533325e-08
2.888255530803497e-08
2.1098440222180556e-08
1.4515523399875595e-06
6.754861851125554e-08
4.522787409163805e-08
3.050324291086198e-08
2.3113778244076322e-08
1.6062406738873443e-06
7.306084508199685e-08
5.061564754624481e-08
3.546144092365545e-08
2.3363885035391802e-08
2.030551559854973e-06
9.114074412749199e-08
5.91222666880003e-08
4.167773245523968e-08
2.8094348652998827e-08
1.9763744443730484e-06
8.162574975823686e-08
5.612242960605735e-08
4.1524249726391314e-08
2.7531688845501936e-08
1.439693215028682e-06
6.659834742669204e-08
4.6486850282754014e-08
3.196114632619645e-08
2.179431418333703e-08
1.594610908346135e-06
6.36175501262854e-08
4.2772433476008035e-08
2.942706969527526e-08
2.0426040874983896e-08
2.0002378007193684e-06
9.438644598752183e-08
6.126901675031348e-08
3.663869876219931e-08
2.7081243244838385e-08
2.0186402144890277e-06
8.38705393484379e-08
6.063699558821967e-08
4.290873860627749e-08
3.0068803472823555e-08
1.3403532649801514e-06
6.561667493593155e-08
4.746820363452608e-08
3.211878464039886e-08
2.084825847606706e-08
1.6702719798938502e-06
7.749392192003185e-08
5.5409013408846344e-08
3.972018800228368e-08
2.3932493872639108e-08
2.107272565809672e-06
9.314103586665773e-08
5.740943614869773e-08
4.619608011268992e-08
2.985867141163811e-08
1.91133524173068e-06
8.971664027781924e-08
5.869155877357951e-08
4.2820375748152914e-08
2.586517810505227e-08
1.729656480690981e-06
6.615850393079384e-08
4.463999488620337e-08
3.1806451938914736e-08
2.1506032642239665e-08
1.3348065208925545e-06
6.237148692054704e-08
4.045900829163168e-08
2.8178209989227706e-08
1.9835171580103177e-08
1.498647537809878e-06
6.183622980978789e-08
4.274232199855652e-08
2.669931298177258e-08
1.9954949369452325e-08
1.2036753702840978e-06
5.332633694449749e-08
3.6324893378959204e-08
2.3698010286998573e-08
1.8839711524721108e-08
7.734239196555469e-07
3.2773806371203226e-08
2.218031884657633e-08
1.6353736283833922e-08
1.0776373217373273e-08
1.5746677157698575e-06
5.791729860640445e-08
3.78799479844942e-08
2.8069635499039912e-08
1.9126151618383775e-08
1.4972270896733723e-06
6.666065096247625e-08
4.6346019705106184e-08
3.081035345742684e-08
2.092802066226524e-08
1.136844337799328e-06
5.154879253662936e-08
3.605570046784479e-08
2.5516356998042424e-08
1.5501290611258114e-08
9.719239896767675e-07
4.626183997343323e-08
3.08633277138596e-08
2.325945776908502e-08
1.4327096246755283e-08
1.1259625880092574e-06
5.3066961045980143e-08
3.456757615434436e-08
2.2799380043350647e-08
1.6498260665757196e-08
1.173902747573032e-06
5.091734546922386e-08
3.480649477977264e-08
2.4161596515906234e-08
1.7240046956221753e-08
2.0557591729019846e-06
8.357757044236466e-08
5.719593338876491e-08
3.787050656214977e-08
2.634998299045345e-08
1.2395618360956023e-06
5.5674219178899115e-08
3.7441873535880365e-08
3.014569654418978e-08
2.0605433615532358e-08
1.4250399374870194e-06
6.165224760739376e-08
4.004765415070752e-08
2.667741231464305e-08
1.9019220944063692e-08
9.903855152201118e-07
3.906218201448206e-08
2.5673299179718475e-08
1.6918041252108997e-08
1.1377304497910063e-08
8.603745094431726e-07
3.385150422902642e-08
2.3229480459618758e-08
1.6951975348701273e-08
1.0764516178591886e-08
8.303273800194087e-07
3.265809245157471e-08
2.333616760942469e-08
1.60858112292979e-08
1.252290670704992e-08
9.436822307755505e-07
3.864429966821334e-08
2.5192511998073158e-08
1.809574407931314e-08
1.208189611008234e-08
9.444068649910656e-07
4.259161867230164e-08
3.2196300654497305e-08
2.0798762719402602e-08
1.4337365705754913e-08
1.35806480643417e-06
5.9569312102504786e-08
3.718966890230121e-08
2.509027092846741e-08
1.7057028944245646e-08
8.993814206452629e-07
3.841339316455079e-08
2.6089578988159954e-08
1.6056769095247917e-08
1.0928395781243945e-08
1.1200178918245094e-06
4.380459413418799e-08
2.8784627594412557e-08
1.9389297519343526e-08
1.2473403883279197e-08
6.116039324643318e-07
2.9611763341743593e-08
1.967246532835954e-08
1.2858285663506274e-08
9.151314335810409e-09
8.647326553747589e-07
3.518864934057212e-08
2.412987375017593e-08
1.554391809918978e-08
1.0831341795243592e-08
7.858700483602122e-07
3.492895499403252e-08
2.456539227813128e-08
1.6481689833311323e-08
1.1307815184169009e-08
1.007099582898648e-06
4.827049805324082e-08
3.210139655347194e-08
2.0368529355857832e-08
1.651216874669486e-08
1.0254926025414288e-06
4.917745738816942e-08
3.2364156255849426e-08
2.4348050127379928e-08
1.4843179627178344e-08
8.053352549259597e-07
3.5467874694076e-08
2.4625525651448324e-08
1.716939121761137e-08
1.0996857230503728e-08
9.58872220819389e-07
4.531831711378176e-08
3.026759709412334e-08
2.1143746592397865e-08
1.4075179530209936e-08
8.034693341037236e-07
3.87774594552123e-08
2.6546345391539993e-08
1.711666323685186e-08
1.2283514559971918e-08
7.346028370768996e-07
3.595828310663514e-08
2.407762755891303e-08
1.5776017105614686e-08
1.1579879834714032e-08
6.317489211385386e-07
2.9031093443656677e-08
1.9353373822467716e-08
1.3771197875705995e-08
9.0011614361047e-09
5.342479402181834e-07
2.2360107521720988e-08
1.4707008368547448e-08
1.0595382028946788e-08
6.452020588485351e-09
5.951304319161336e-07
2.803867339488871e-08
1.7908776274594357e-08
1.2531566227448918e-08
8.460583628701707e-09
6.507807502925745e-07
2.8195149753043498e-08
1.836653510005485e-08
1.141718554996478e-08
8.474220428918424e-09
9.71175388197931e-07
3.7326530668997405e-08
2.383558503882363e-08
1.723457574913642e-08
1.1850591896165874e-08
8.379139968373957e-07
4.069713370718789e-08
2.7120673110603637e-08
1.8546472997513632e-08
1.131537192939925e-08
5.806072060187461e-07
2.9424628484590167e-08
2.0140508166901794e-08
1.3286912319623178e-08
9.27264672289142e-09
6.42441636923759e-07
2.753090330375509e-08
1.8588239546731856e-08
1.3301438432936799e-08
9.58171673363137e-09
4.183511926723692e-07
2.2750350675798763e-08
1.556344671161967e-08
1.0763369820770234e-08
7.164324409706585e-09
5.912153449079144e-07
2.4351651593926483e-08
1.5949183732717544e-08
1.0497047336714067e-08
7.467412088007498e-09
6.715898485439714e-07
3.139168585859227e-08
2.1314720329622828e-08
1.5473199415406887e-08
1.0296675710397692e-08
5.224218573385592e-07
2.424274695316374e-08
1.671420423207065e-08
1.0816746882861746e-08
7.727584564693802e-09
3.999825208243826e-07
1.9977543108106575e-08
1.3766702384565256e-08
9.295549211515546e-09
6.72950947271318e-09
4.597998866577665e-07
1.8703957017381076e-08
1.3326300826198672e-08
9.463398171988238e-09
6.222202744993947e-09
5.305649712935806e-07
2.3554039436114513e-08
1.5866441625076552e-08
1.0850033008771736e-08
8.644151755066914e-09
3.927774262790974e-07
1.9251281635160197e-08
1.3125896131654364e-08
9.409766009156161e-09
5.958118055929933e-09
6.170716736474371e-07
2.6473051017285184e-08
1.7773781455414895e-08
1.2497088156940267e-08
8.48930033695774e-09
4.0408127427755355e-07
1.887829078262322e-08
1.459763157252584e-08
8.925907376403876e-09
6.703906889509624e-09
2.815277374103532e-07
1.0704165414541803e-08
7.334813189146598e-09
5.118038295563067e-09
3.495400824838509e-09
3.167029133639997e-07
1.1430867721128544e-08
7.876695790999041e-09
5.24500580029407e-09
3.6675293845331807e-09
3.7926958036463354e-07
1.5389312530643033e-08
1.0703955225639821e-08
7.418472471847717e-09
5.184312968539178e-09
3.552097967420728e-07
1.4572186094778122e-08
9.929501416982428e-09
6.986062719423404e-09
4.725886108272832e-09
4.530447455556231e-07
1.8329255431987723e-08
1.335471041976257e-08
9.020356863814546e-09
6.759754574410798e-09
2.6857692859301853e-07
1.3125062739568984e-08
8.518203617506602e-09
5.540989752373873e-09
3.754988233426533e-09
4.4534369584054563e-07
1.9099278215520112e-08
1.293741611633396e-08
8.442952841360266e-09
5.9885347676674244e-09
3.3529770701927814e-07
1.3965211461794954e-08
9.421814448923179e-09
6.362175000287822e-09
4.279591489482117e-09
2.9146260666817047e-07
1.1170252992316994e-08
8.123915508489613e-09
4.928214878892521e-09
3.743190180806262e-09
2.5100350154173565e-07
1.2420510518169876e-08
8.632505991143415e-09
6.022856097840142e-09
4.2891466909497756e-09
2.8175022227808674e-07
1.1868131563527537e-08
7.741479113348548e-09
5.378698531199498e-09
3.6047634630698153e-09
2.1885280443247918e-07
9.161390576482505e-09
5.97150541501987e-09
3.973737646936484e-09
3.083099681135651e-09
2.6216413547619317e-07
1.0441877853723296e-08
6.9478971121782665e-09
5.005513017944432e-09
3.4827903189187685e-09
1.4086354194677318e-07
7.981753863259879e-09
5.311105970955795e-09
3.810887567289923e-09
2.3338734814421395e-09
2.320576765682433e-07
9.604268972328961e-09
6.42330489564711e-09
4.645903198137223e-09
3.345972958619169e-09
1.5006461862478816e-07
6.810447711314897e-09
5.197925848942366e-09
3.5126745497919713e-09
2.465049417826449e-09
1.0465303069874848e-07
4.28800630168306e-09
2.5938463111228257e-09
1.877713392691257e-09
1.3337017190058475e-09
2.157827213702148e-07
7.973471873842247e-09
5.422166763440972e-09
3.2197441285502343e-09
2.1711038258318435e-09
1.2134897910527422e-07
5.005129926825747e-09
3.453565023049073e-09
2.4675651300079682e-09
1.5677612476713525e-09
1.6714129840050388e-07
6.617686473173658e-09
4.539114999408235e-09
2.938059556513421e-09
2.1439937285866246e-09
1.6165570795659618e-07
6.555433240766407e-09
4.343464473943572e-09
3.0470422025776546e-09
2.0439465888031247e-09
1.5385507286375888e-07
6.002128131846265e-09
4.134003455308776e-09
2.866551700098683e-09
1.8282853845619627e-09
1.3172599883631112e-07
6.219105737137395e-09
4.290504828341974e-09
2.952141952571875e-09
2.1802900628839685e-09
1.6009131810444805e-07
7.704779703614358e-09
5.358901912946261e-09
3.4119626998671497e-09
2.2379692577018188e-09
1.2660054702526155e-07
5.509895811851028e-09
3.7668971132073035e-09
2.6950995832759286e-09
1.8332969012828873e-09
1.1175282558223287e-07
4.80775928160388e-09
3.4588816625246953e-09
2.2634154250813067e-09
1.570802279000985e-09
1.374020153800935e-07
5.9743435891398686e-09
4.0529114538249905e-09
2.633323728433749e-09
1.81758519046012e-09
1.0188922702757179e-07
4.631870919445244e-09
3.1938462485178757e-09
2.048455974225936e-09
1.4888072035046043e-09
9.870553888111282e-08
4.01215404885553e-09
2.7621916472385966e-09
2.0677921828772052e-09
1.4113493240028649e-09
6.776720283087649e-08
3.002807302925247e-09
2.0044270205393774e-09
1.4504930032907966e-09
9.298356533870703e-10
1.1586083794379753e-07
4.184894458767257e-09
2.888092091259778e-09
1.953712275042294e-09
1.3054888744457671e-09
1.0145471298273516e-07
4.401416269007527e-09
3.0728866187590735e-09
2.006016085772901e-09
1.3009957970037575e-09
1.1902071722576673e-07
4.7704995636713875e-09
3.1580247100543506e-09
1.895390150504409e-09
1.5942752727983597e-09
6.953925821704474e-08
2.9357372264356575e-09
1.8626860405335162e-09
1.394697530237694e-09
9.22734978042675e-10
7.315666550055699e-08
2.6402388686870664e-09
1.733410598073417e-09
1.1327882135978182e-09
7.615944485052255e-10
7.580694204417837e-08
2.9961236946456927e-09
1.9474683614217914e-09
1.4290594575273492e-09
9.986686973193362e-10
6.76992949394397e-08
2.6439750046920686e-09
1.7751203658369569e-09
1.2612414398124172e-09
8.3744097816718e-10
5.474784137345352e-08
2.1515322541356605e-09
1.373485370086927e-09
9.275394597855917e-10
6.972895821529029e-10
4.1080467542744184e-08
1.7185293747033501e-09
1.2235257961003562e-09
8.094146312171084e-10
5.549617335042266e-10
6.745857588035292e-08
2.858572042576926e-09
1.9259554640892756e-09
1.2252394804779218e-09
8.775342187238775e-10
5.844009537388684e-08
2.4138960423544226e-09
1.650300641975756e-09
1.152962046199928e-09
7.186048317002595e-10
4.272536761532709e-08
1.7900221744145082e-09
1.2620357275040058e-09
8.11304397217793e-10
5.109723039855293e-10
4.614530247761849e-08
1.884620001345714e-09
1.2207494158020737e-09
7.957612995772605e-10
5.565210327936405e-10
2.79870428216728e-08
1.2690207167722458e-09
8.577256388357211e-10
6.267935853983601e-10
4.423141992312048e-10
2.7728695899117898e-08
1.1588629699691483e-09
7.998819245451749e-10
5.16194287408523e-10
3.456455895288465e-10
3.4631435174653254e-08
1.5197402026237565e-09
1.0808335857358047e-09
7.657522564498194e-10
4.736683938357366e-10
4.889622379085777e-08
2.2294861853722505e-09
1.4176894270334016e-09
9.835170024205288e-10
6.478884027914436e-10
2.1380759088054796e-08
1.1651568735959353e-09
7.702281086726377e-10
5.741577157967242e-10
3.805389686846691e-10
1.8763239005739294e-08
8.619836435594292e-10
5.160964318322853e-10
3.7396260277166264e-10
2.8407259699576024e-10
1.7522690171853904e-08
7.245875389130563e-10
4.770622116801484e-10
3.2017279737525185e-10
2.062057492775602e-10
1.4395595926976011e-08
6.703851771395464e-10
4.350351823089624e-10
2.9919231969003523e-10
1.9601807849929144e-10
1.702050178504193e-08
7.298538954344237e-10
4.764562547960791e-10
3.289799848749921e-10
2.1581485340254582e-10
1.3474955686536162e-08
5.785940791597795e-10
4.057120136582378e-10
2.615440318726582e-10
1.6671194699203844e-10
1.4331350406403176e-08
6.171452477687965e-10
3.907890126701246e-10
2.7278991323579124e-10
1.7940022221880306e-10
1.1630313119279781e-08
4.905787261438224e-10
3.431703578970685e-10
2.262547659681114e-10
1.3476672958674801e-10
1.090767877973083e-08
4.6161812129988316e-10
3.033895172235352e-10
2.0869596760036212e-10
1.4990122328512847e-10
1.0141423438197625e-08
4.402446626001787e-10
2.829907896557244e-10
2.0857362307427062e-10
1.1975017835282718e-10
8.962836777517507e-09
3.7998938814092597e-10
2.4668479148569285e-10
1.7622907116094586e-10
1.2131941539989282e-10
7.520194328865154e-09
3.2403205474184264e-10
2.099868912259908e-10
1.2964773964511085e-10
9.961903031239963e-11
7.879238353662623e-09
3.3215997000118415e-10
2.2014054384522526e-10
1.4912080119638536e-10
1.0868772101124936e-10
5.504226461745279e-09
2.7176634022924475e-10
1.832988291078546e-10
1.113012502470607e-10
8.473702380670112e-11
5.178265274654328e-09
2.344189690466931e-10
1.5290526714572547e-10
1.0552291539331711e-10
7.210425264060433e-11
3.369405287539655e-09
1.6359629867891723e-10
1.136099066441e-10
8.274762312336648e-11
5.3984958251743324e-11
3.0227795566776083e-09
1.487488687290243e-10
1.0353321020891988e-10
6.666370178218177e-11
4.273525838720951e-11
2.753399479244299e-09
1.2262316721123423e-10
7.644183328496279e-11
5.601016069745222e-11
3.5064895773305145e-11
1.9116781439740872e-09
8.57763053267255e-11
5.99281092502306e-11
3.69069699898738e-11
2.5774703017220142e-11
1.420513980587664e-09
5.786914180450709e-11
3.7980945198268056e-11
2.6286829853187063e-11
1.7032461275072777e-11
1.214240344211268e-09
4.7686696072419615e-11
3.328348313967302e-11
2.3222169030712392e-11
1.5483879084251225e-11
1.0733035035691972e-09
4.704022837946283e-11
3.196766403499561e-11
2.1751063057175204e-11
1.579569618251247e-11
8.25783618930837e-10
3.901305944817145e-11
2.48617769338788e-11
1.7348674480598783e-11
1.1375756911985686e-11
7.887978813793943e-10
3.0554721769715146e-11
2.08357759126587e-11
1.3988209210442094e-11
1.0177355778528051e-11
6.690865623136523e-10
2.7251960005219962e-11
1.9185938509126237e-11
1.1824077492256875e-11
8.187859797659278e-12
2.786010764793721e-10
1.2525533181532363e-11
8.732818690192745e-12
5.373765469382007e-12
3.6355700933261397e-12
2.1261128799015934e-10
1.004704724276091e-11
6.776610609073853e-12
4.507358503070599e-12
2.9707131090285445e-12
2.732702608456727e-10
1.2370481076455376e-11
7.908266482485251e-12
5.282529691716543e-12
3.64068013518863e-12
1.0405376171763658e-10
5.94655134182757e-12
3.831468088469875e-12
2.837766153093872e-12
1.614425824755069e-12
8.379484399074017e-11
3.311096748650476e-12
2.429830278621392e-12
1.5150091921052264e-12
1.19231535712976e-12
6.195872027115126e-11
2.797489134197324e-12
1.7205137827309692e-12
1.1616601501142537e-12
5.562434841032588e-13
4.359584375512993e-11
1.6443689902279657e-12
1.0387772127422732e-12
7.557361175480894e-13
5.126099481449644e-13
2.5482713896782935e-11
1.0264694535269382e-12
5.535608352752113e-13
5.840602159870874e-13
2.4032076963576384e-13
1.731856482736227e-11
7.053788684095107e-13
5.298828851107926e-13
2.9910551459044773e-13
1.8866967409004378e-13
6.189873559636313e-12
3.158140159896103e-13
1.769236009066123e-13
1.270423482585422e-13
1.4330841141372959e-13
1.5493076855828024e-12
5.909927252783337e-14
3.7942432352454436e-14
3.018230381184412e-14
2.2761017303632697e-14
