1.4040108025321054e-13
3.8498194053091007e-13
3.166305464720836e-13
6.016408993472235e-13
4.438799653666066e-10
1.528083970544147e-11
3.052135884469749e-10
1.5967537767178292e-10
5.869558386467184e-11
7.04785553908135e-11
6.372317729760593e-12
1.556768439126612e-11
3.2220125845653766e-11
1.172936652761139e-10
8.093565053967182e-09
1.8269295242434716e-10
4.1565031879049567e-10
3.7147532965618266e-10
9.672339691819797e-10
1.3520246578507284e-08
5.954555430070457e-10
5.865314839841723e-10
8.266790193753185e-10
9.177707214441271e-10
2.2227260570178102e-08
1.3276573613565205e-09
1.24639149984253e-09
1.0887757816671588e-09
1.245150176399609e-09
3.014937341942473e-08
1.3391696058799608e-09
2.223990840693898e-09
2.9556251269525095e-09
5.129698642090485e-09
7.270318014281526e-08
2.271966427411451e-09
1.9402371190868322e-09
3.805265073965676e-09
2.86362231969831e-09
3.9112477753967586e-07
1.0872119746885047e-08
1.0157902873346854e-08
5.007447374320342e-09
1.3318913236299404e-08
3.676879852381531e-07
6.566103145298688e-09
1.3426900949233671e-08
1.2381287663121334e-08
1.3809896352335823e-08
3.710743489508911e-07
9.27369088024746e-09
1.0944901523622632e-08
1.9252582227856322e-08
1.3306559870095934e-08
1.3096120769653627e-06
1.4806538867290695e-08
8.524692839249788e-09
6.986289961910069e-09
1.3986304456985404e-08
4.891038303017674e-07
5.158387351939844e-08
5.06608328594166e-08
3.3936733804495646e-08
9.186996106153548e-08
1.068845285222506e-06
5.5677006369378884e-08
4.998039197822429e-08
7.034547027141e-08
9.397814136925188e-08
2.5460263685936136e-06
1.0968497147484125e-07
1.5209526591691565e-07
1.276356007305651e-07
4.960934515355276e-07
3.618394604707266e-06
4.458889931998384e-08
3.07783938267654e-08
4.070271606028819e-08
9.042260055036533e-08
1.3983449774544866e-06
2.5146709576397577e-07
2.444795158661166e-07
3.741259979782549e-07
5.069112503627917e-07
1.1056727421558863e-05
1.9414947315072252e-07
1.4780850686449022e-07
1.7545160905288039e-07
2.5487022793597234e-07
5.258003613654125e-06
5.98801339658935e-07
5.611439148580155e-07
4.839671006835911e-07
6.372789431878291e-07
2.154537067948183e-05
4.532209246920096e-07
7.923581398893407e-07
1.7395217419533058e-07
2.3074956854906668e-07
5.696723171558807e-06
1.1806891976505019e-06
5.770631066266441e-07
7.041842022066135e-07
1.2851976029875637e-06
1.796441403126218e-05
1.389851096581829e-06
1.3268952684535746e-06
8.428205914715403e-07
9.966582906372276e-07
1.4988258794221145e-05
1.219177984111909e-06
1.3325184981289202e-06
9.019661550720689e-07
9.689098823887843e-07
2.7986991079004576e-05
4.377168189839507e-07
5.212743991786864e-07
4.107176008629842e-07
9.275047136128929e-07
2.0412059433446697e-05
2.570332651529505e-06
1.53542909162352e-06
1.044037137231318e-06
1.4403852578262728e-06
2.175421977327277e-05
1.8516944867787914e-06
2.1850960986978045e-06
2.7384729192910675e-06
1.343725406495642e-06
6.672424794111747e-05
3.0507957432996777e-06
2.4839441928589654e-06
2.0000232348290654e-06
2.4940742812185626e-06
2.031531386686748e-05
2.0305714426299037e-06
1.5865273056212125e-06
2.507580839810313e-06
1.979646105524633e-06
4.8381300935840276e-05
1.3148438596740615e-06
1.9316058117874834e-06
1.8846546009319927e-06
1.9283780149434656e-06
2.7834324920766865e-05
2.036853118822988e-06
1.952223758350788e-06
1.6989366558803025e-06
2.0660942197636615e-06
3.437982982288198e-05
1.7346939816945719e-06
1.5533275247567751e-06
1.8033763089970327e-06
1.1731073683327307e-06
3.482253275259832e-05
1.5284113654278699e-06
1.1494652817079403e-06
1.2335138799204556e-06
1.114286717971273e-06
1.6316933920178623e-05
1.2836424062861432e-06
1.3740314708688946e-06
1.5277654044679341e-06
1.2521260970052024e-06
2.3428313670281972e-05
1.498930410460709e-06
1.546215944511837e-06
1.3864535847292898e-06
1.6611451635901976e-06
3.14009476057836e-05
9.841369183420007e-07
9.528987947780419e-07
1.3532156767031317e-06
1.2266232441819506e-06
1.629333758933739e-05
1.4471808517973218e-06
9.882929217707515e-07
1.1869304384536875e-06
1.1749685633069374e-06
1.9439635972285507e-05
1.3825473521763892e-06
1.186748217754072e-06
1.0700187476468014e-06
9.933583827902835e-07
1.8604269743889995e-05
9.485303506181329e-07
7.480013027216104e-07
9.026194412282614e-07
7.573931311546328e-07
2.1003232262625753e-05
9.206813422490589e-07
9.225578845511173e-07
6.773386429536371e-07
9.271949992831846e-07
1.3896122327613956e-05
6.407779783572749e-07
8.000261345964014e-07
5.295970427086108e-07
5.58358789465788e-07
9.246167157696069e-06
6.131993809004575e-07
4.4153639700321044e-07
4.465872341877872e-07
3.3566061436739533e-07
7.533163979924193e-06
4.433736179985525e-07
3.738659688733119e-07
4.2000047279603883e-07
3.514390323222083e-07
4.733606309720161e-06
3.110343008226934e-07
3.3284487173797195e-07
2.187016917621324e-07
2.0530423900085883e-07
4.458196302558037e-06
1.3814077078389602e-07
1.6295928142472634e-07
1.4282764092992402e-07
1.0870110961162489e-07
1.83876474518241e-06
8.112406713578858e-08
7.752063477501979e-08
6.959602033102621e-08
6.933092927800531e-08
1.4706874978830336e-06
4.437501822769123e-08
3.088976762621646e-08
2.5509897532387857e-08
1.5533194275982343e-08
2.9947851998573465e-07
1.622473632545305e-08
2.3007501215153717e-08
2.084302802040537e-08
1.8529312310163057e-08
2.97064383985473e-07
1.9801566948372417e-08
1.4882321296376461e-08
1.882972401682945e-08
1.8102872620834694e-08
3.3204576362822104e-07
1.8209865799174086e-08
1.6066074174092435e-08
2.2964900187282014e-08
1.8197660591196055e-08
3.3569411823130974e-07
1.797788799515868e-08
1.8158878178089112e-08
1.679334096770967e-08
1.918204736445496e-08
3.6081128311405363e-07
2.221555420570046e-08
1.826505998890004e-08
2.0950612590068812e-08
2.0971583920650378e-08
3.4708306670035624e-07
1.5575697493843074e-08
1.6576724603934784e-08
1.839696008627026e-08
1.6116238374294668e-08
3.051614458899728e-07
2.19940553959887e-08
1.7827112898098265e-08
2.155297855258659e-08
1.4592361011603701e-08
2.7347806081723876e-07
1.531361540879751e-08
2.5127241201214554e-08
2.0505865546452945e-08
2.1241787189599518e-08
4.161598254331043e-07
2.1759531305282738e-08
2.2583455059861278e-08
2.5265464991569356e-08
2.0909210556614916e-08
3.4874230056748096e-07
2.183708148094502e-08
2.342260821283839e-08
2.1662293640181357e-08
2.1153542378640015e-08
4.2772871303812217e-07
1.8288092847702e-08
2.4065558169041138e-08
1.6353123507081624e-08
2.034678989181001e-08
3.6599538946061686e-07
1.617747827141281e-08
2.5133665197724043e-08
1.9392153374796182e-08
2.1525920894402356e-08
3.4156148114061633e-07
2.20105473164888e-08
2.327560016847667e-08
2.077859520873967e-08
2.0459399922807462e-08
4.0596512226665933e-07
1.889426224888471e-08
2.0259852538840737e-08
2.1045836903443184e-08
2.6864882727600145e-08
2.614650110316558e-07
1.9946092238814496e-08
1.8678040711575508e-08
2.0940508143156963e-08
2.003281944905029e-08
2.863336677284086e-07
2.0558799397885966e-08
1.8239381557187905e-08
1.8971678521969157e-08
2.143425040952189e-08
2.2014894513078925e-07
1.9247958806020497e-08
1.401292665478402e-08
1.7854432889041094e-08
2.0067180401915593e-08
3.3969132960321986e-07
1.8180884066073465e-08
1.880925272272206e-08
1.6901302145065245e-08
2.1261571938532944e-08
2.844169075841967e-07
1.4679253100130693e-08
1.6822997059709053e-08
1.8676972306045048e-08
2.1211562141445537e-08
3.351887591648583e-07
1.9171098284262618e-08
2.4615704232954093e-08
1.5591496583593547e-08
2.19730923042991e-08
3.8622634865228893e-07
1.824695837919945e-08
1.8353369968069655e-08
1.8219701725813008e-08
1.5269040965013843e-08
2.9835833244598785e-07
2.410794472300001e-08
2.3158842228317236e-08
1.7101789880093582e-08
1.6341958539362e-08
3.0322671447475126e-07
2.078017154574931e-08
2.0601502196016588e-08
1.8189339573781456e-08
1.9156553833709133e-08
2.888361060680881e-07
2.7162249786531414e-08
2.6335298276192893e-08
1.979555331866652e-08
2.1290097450500004e-08
2.1377533255347857e-07
1.9540109045655043e-08
1.5171758214162567e-08
2.313016694364593e-08
2.2715234274983794e-08
4.3495977705454994e-07
2.1827083924232666e-08
2.446045125678992e-08
2.3191220004342486e-08
1.6724379181918096e-08
2.8547805751882063e-07
2.162223891045487e-08
2.2370591130966442e-08
1.6630328944827635e-08
1.7482976251040006e-08
2.6969108497404823e-07
1.5668760170445607e-08
1.8706616630386844e-08
2.0451173201083035e-08
1.7614303627590833e-08
3.011832529719619e-07
1.6915033815523186e-08
1.8491706099578384e-08
2.3704679137689298e-08
1.5352956960142767e-08
3.4765058731608774e-07
1.981255197815082e-08
1.2215342647065861e-08
1.658634753852865e-08
1.6085996855183576e-08
2.9537305703417487e-07
1.9783849232384828e-08
1.5587197722671437e-08
1.7932246812738248e-08
1.9133512344705704e-08
4.0659499160553135e-07
2.1643759317114588e-08
1.4909250395891283e-08
2.0297335958586945e-08
1.7424033400872098e-08
3.6344543620113766e-07
1.9176365889636874e-08
2.3408586720030275e-08
2.4908506046350026e-08
2.4491722221597146e-08
2.694073266391993e-07
2.048759346893716e-08
2.1883799428937215e-08
1.6893866015957035e-08
1.428282932579164e-08
3.6915921712388473e-07
1.7923277472276574e-08
1.7905833423726724e-08
1.624620638490371e-08
1.7328084096334154e-08
2.02985643846059e-07
2.179471785077415e-08
1.6869565005599584e-08
2.1203937758954963e-08
2.2774646211035288e-08
2.890201337298206e-07
1.851353795782519e-08
2.2357109155598733e-08
2.112611779738977e-08
2.0867644343136863e-08
3.799695255874449e-07
1.825071480277562e-08
1.6341863251643262e-08
1.667453539960851e-08
1.6315886406435672e-08
3.6833279462284105e-07
1.9042754503240483e-08
1.737117636571299e-08
1.570657400725549e-08
1.6507215207299226e-08
3.416646160892782e-07
1.5749554882176548e-08
1.3780539661192084e-08
2.306792886945591e-08
1.868687626014031e-08
3.034784133193068e-07
1.605927720182625e-08
1.7085522680697654e-08
1.1564652944148914e-08
1.6798841894798293e-08
2.9309487748025137e-07
1.4709241634208061e-08
1.7092713767652018e-08
1.4657317286854875e-08
1.3001419571909282e-08
3.160313912613253e-07
1.8694325562913327e-08
1.4220521714166945e-08
1.6368765332938486e-08
1.1862665828488047e-08
2.75210938265925e-07
1.4270112884248085e-08
1.366721599507533e-08
1.6748568237302853e-08
1.2671387826215289e-08
3.0714316314121015e-07
1.54172889011369e-08
2.073907436514762e-08
1.6375425717147068e-08
1.57788741517993e-08
3.048254055629856e-07
1.7643458956353003e-08
1.4102420022682619e-08
1.6019011899587397e-08
2.1385104193940653e-08
3.2233568684178307e-07
1.8215654000219115e-08
1.9437855797320155e-08
1.532019564023388e-08
2.0598842338103568e-08
2.897471137268046e-07
1.9063335139978422e-08
1.8647612471175376e-08
2.0219397614231995e-08
1.4074272409816185e-08
3.080879294168513e-07
1.8548525104731435e-08
1.729546046107183e-08
1.9021067433397295e-08
1.773395399067127e-08
2.184212489376805e-07
1.8432830501642024e-08
1.5858679294841264e-08
1.4650153455510638e-08
1.5520458395717623e-08
2.4692836741424195e-07
1.758920863691176e-08
1.490453889671137e-08
1.3710512484910212e-08
1.8516652294633497e-08
2.5391752017335846e-07
1.91550183230195e-08
1.5484918586925583e-08
1.6067402728262308e-08
1.7311830203778527e-08
2.2672644803556175e-07
9.584042087066815e-09
1.4049318006748992e-08
1.663508705952854e-08
1.5241510215929835e-08
3.2813184704289337e-07
1.5143114065869555e-08
1.645713744241859e-08
1.325864105189667e-08
1.3768229523892895e-08
3.2236190407076363e-07
1.4417993303093336e-08
1.8298907261904514e-08
1.0745715439201379e-08
1.6461622573750268e-08
1.7832257025505758e-07
1.5043796412892934e-08
1.5647783129071138e-08
1.450587833637699e-08
1.5832882416551198e-08
3.0579413614484693e-07
1.4688106320761551e-08
1.56517452866795e-08
1.759800573514777e-08
1.3112146289581606e-08
2.5926084888394327e-07
1.1944277656491552e-08
1.719191069498763e-08
1.3751585475574241e-08
1.8724070371910616e-08
3.050690744579153e-07
1.523575382088574e-08
1.5325892082896097e-08
1.3104370577307135e-08
1.0308235710202179e-08
1.630792202055147e-07
1.0217721813953819e-08
1.4741638033658313e-08
1.3199039156321628e-08
1.4164727784620842e-08
2.472861442349918e-07
1.176673136311625e-08
1.4739532926829191e-08
1.1523346032631077e-08
1.221830708961453e-08
2.0529603979768912e-07
1.1158372691673093e-08
1.3000373817213345e-08
1.4066123561984408e-08
1.2338087414874525e-08
2.997294900038586e-07
1.3093999286405068e-08
1.0881611938599008e-08
9.932709550994416e-09
9.973644272914521e-09
2.0316280661418022e-07
1.6433196761119264e-08
1.6005219848731798e-08
1.1994927757128265e-08
1.4117586963128426e-08
2.99908766354515e-07
1.6155375582345622e-08
1.4237299302245946e-08
1.1925552053768781e-08
1.1781888449976916e-08
2.3258696155293512e-07
1.0765570200695833e-08
1.3075957996512609e-08
1.100722083231388e-08
1.1246581474008531e-08
2.258925027259674e-07
1.0336223298040625e-08
1.4526243160170041e-08
1.1326351092728471e-08
8.618304776445196e-09
2.6209306795435265e-07
1.1364929668797355e-08
9.571752462926083e-09
1.1834855241151924e-08
1.0634507951967788e-08
3.037708157387975e-07
1.1324210819853659e-08
1.1840492194383548e-08
9.838893023137115e-09
1.0101337628486559e-08
1.6573041073158066e-07
1.2575737529270054e-08
1.0894540230346416e-08
1.1685525999484048e-08
1.1748877426478904e-08
2.1299413703306822e-07
6.8627144317283495e-09
1.5603420494178734e-08
1.1667114613233043e-08
1.2369122143790322e-08
2.1002311198090487e-07
1.3632911504985992e-08
1.2829181222021555e-08
1.3848112913295612e-08
1.108123354711895e-08
1.924886229979785e-07
1.263181858535686e-08
1.3246421904390008e-08
1.62524652089004e-08
1.3205412079168999e-08
2.1841346294980408e-07
1.499963322400201e-08
8.872394440304895e-09
1.2770706874685947e-08
1.3431414777112792e-08
2.467591046734035e-07
1.2973647824964539e-08
1.0909605330099583e-08
1.0133013014122894e-08
1.2226149937867703e-08
2.641383980632044e-07
1.0191256747539435e-08
1.0020716005841099e-08
1.3231610626726499e-08
1.277616475464508e-08
1.843037652269294e-07
9.097529236960936e-09
1.1652642229159832e-08
1.2433514067299082e-08
1.3287750988682301e-08
2.2077191943517854e-07
1.2888968571480093e-08
1.2856624646257225e-08
1.3414051114498416e-08
9.656662868496573e-09
2.0569861914643515e-07
1.4804870834255982e-08
9.784041881342536e-09
1.0265074962694798e-08
1.1153339249578489e-08
1.8287630208859638e-07
1.225785599948875e-08
1.1247438966529464e-08
1.202689287629495e-08
1.0970598765203358e-08
1.95802743255164e-07
1.1443682431296065e-08
1.0677933424567185e-08
7.84510813719871e-09
9.230538131545572e-09
1.7951337391860565e-07
1.0133919763568255e-08
1.2785822066940639e-08
1.004592891586408e-08
1.2901334876521577e-08
1.812611170030033e-07
8.69083309438588e-09
1.1371062734377074e-08
1.1234402781118583e-08
1.2792188057082318e-08
2.266463608229551e-07
7.230525864949403e-09
8.7699012831391e-09
1.0462491772186741e-08
9.991245165903521e-09
1.8445608852794864e-07
9.318119716214098e-09
8.358923232398239e-09
9.153293448289185e-09
1.0909902263552712e-08
2.1604755491712852e-07
8.205082898399584e-09
9.550772116378678e-09
8.587595404250567e-09
1.0807771952444184e-08
1.70296690074365e-07
8.480584578792353e-09
9.5378617804296e-09
9.102067077907737e-09
1.0534871579036623e-08
1.3062006849664302e-07
1.001040715299079e-08
9.558251672842353e-09
8.692747615186025e-09
8.450532079200795e-09
1.958440037703262e-07
1.16718383115195e-08
9.659389666479559e-09
9.931975880971469e-09
9.211028985429084e-09
1.787212165165544e-07
7.793685028905579e-09
8.881329737606795e-09
7.532523968988887e-09
8.100444954310286e-09
1.6502152133285194e-07
1.0383482585052462e-08
7.67071343279066e-09
9.945174770216836e-09
8.99914436065248e-09
1.6647582965780502e-07
6.967620913516474e-09
7.701567350705989e-09
8.569444370826117e-09
8.992100587868236e-09
2.1608035607834383e-07
1.0018216603555375e-08
1.0086546801917189e-08
9.434375820855095e-09
1.0253098545744975e-08
2.2176269017046005e-07
8.026552342368066e-09
1.0885789428220955e-08
7.303613761314598e-09
8.638203805711695e-09
1.5904541856380965e-07
8.423165888580661e-09
8.938883962449196e-09
9.146084765034161e-09
8.818545321009594e-09
1.671590230633869e-07
1.3099462648686303e-08
9.4145600543077e-09
9.416027541904568e-09
1.051050759223651e-08
1.603542896835387e-07
9.090660186925503e-09
7.441675202479786e-09
7.85884391793331e-09
7.491873771624786e-09
1.7466484919766161e-07
9.83234080596795e-09
8.096516169388894e-09
9.13436998225446e-09
7.309779582417297e-09
2.263482857571019e-07
7.556377137307365e-09
5.681965853456023e-09
9.365516074764717e-09
6.642656553665496e-09
1.276470859414668e-07
9.234522656664897e-09
9.196971837447656e-09
7.679030456837225e-09
9.188152828064726e-09
1.675837139011844e-07
1.0033967376675906e-08
1.0029198129324354e-08
8.925359554311515e-09
7.3121925333306684e-09
2.142185728055249e-07
6.0826420721080064e-09
7.859505600026594e-09
7.66878447432974e-09
5.691021326756573e-09
1.6735328678934715e-07
8.116181272766e-09
7.653272723585591e-09
9.099090847616202e-09
6.548508062146845e-09
1.3349464962198856e-07
6.705665446989844e-09
9.543969597517053e-09
8.836812884195032e-09
6.851926769284872e-09
1.7723064632986265e-07
1.0207450173386516e-08
1.0301436368693794e-08
8.010423872653998e-09
7.38255889592035e-09
1.5640917642664823e-07
1.0533998257797215e-08
7.988850983172842e-09
1.000741754642898e-08
6.883263181944423e-09
1.2679187166172355e-07
9.403467427507625e-09
7.409212437218083e-09
5.671904295421618e-09
5.1193213017468095e-09
1.9268647038577077e-07
6.801130770901234e-09
5.96729201623519e-09
6.8592399685833776e-09
6.70948461451049e-09
1.3860148414207622e-07
9.159435132388628e-09
7.654660599497735e-09
6.934746180761171e-09
5.551374385317352e-09
1.7506523283024966e-07
6.7646532649589815e-09
7.263693690518819e-09
7.70173352699106e-09
6.6847012501654434e-09
1.563544424121255e-07
6.183448066502906e-09
7.361243102017427e-09
4.96537837553941e-09
6.1652272610785315e-09
1.4878428636044476e-07
7.421302799278383e-09
6.631114423449069e-09
6.046646970367292e-09
6.378915326795837e-09
1.3529414135777285e-07
7.144449543112249e-09
6.98444967462322e-09
7.719800115359617e-09
6.9580052551298625e-09
1.1255554859424666e-07
8.277702664816883e-09
7.1198765224366154e-09
6.472273926524452e-09
4.9352169466941045e-09
1.1918503621767086e-07
4.936890771501988e-09
6.037461717884668e-09
6.11794294236688e-09
6.237836313808469e-09
1.533859136324145e-07
5.999268465451365e-09
6.667550514192436e-09
6.979238676963405e-09
5.874430502442104e-09
1.3242079878081652e-07
6.791445080426534e-09
5.928083508548336e-09
7.468653603151415e-09
5.445096811833623e-09
1.2034597952621815e-07
6.01990942118732e-09
6.7510638404824285e-09
6.751991500332445e-09
5.782806737376907e-09
1.1792982621550001e-07
5.7547016913739655e-09
5.999207657571595e-09
6.423237982923345e-09
7.173085368615817e-09
1.4546193982096056e-07
6.731235960534642e-09
6.366961549710276e-09
5.043332525664001e-09
5.833716499408886e-09
1.4652875590875149e-07
5.333809567328443e-09
5.2252786311787285e-09
4.941331591384646e-09
6.948743611861096e-09
9.597633326607388e-08
6.63498125649652e-09
7.578007302149957e-09
6.703388198274467e-09
6.095855647044402e-09
1.3262088565546733e-07
7.082454151377746e-09
7.643882663494537e-09
7.222088903598266e-09
6.874758643702377e-09
1.2369690455915606e-07
5.893686555755006e-09
5.552559146542157e-09
3.837204251821962e-09
6.191032944635943e-09
8.420030998951946e-08
5.143857144176604e-09
5.814214059588462e-09
6.980391395903277e-09
5.462583101309391e-09
1.1991086594149764e-07
6.015458993318797e-09
4.9352240330570914e-09
4.863250081295286e-09
5.528877288199045e-09
1.1851163445716572e-07
4.9820029814808196e-09
4.8538603765658104e-09
5.6803208115238625e-09
4.4130327949943075e-09
1.0693513384390585e-07
4.878526439920492e-09
7.072015193999085e-09
5.5662160912178965e-09
4.9952105534321696e-09
1.1322921888280259e-07
4.36768893843181e-09
4.150721833109169e-09
4.333205426708341e-09
4.965076714623358e-09
1.1153216756960015e-07
5.531874699737335e-09
5.373177573039908e-09
5.574461359377612e-09
5.1991749801104044e-09
1.2537796916348725e-07
6.606912881416808e-09
4.803691406187558e-09
5.366394441266579e-09
3.5599320005850627e-09
1.316294756509518e-07
5.421778764876193e-09
4.365236336260434e-09
5.9583358625905945e-09
5.108564373627563e-09
1.2625245930280118e-07
4.718070921409371e-09
4.0226804345933075e-09
4.686770932459885e-09
5.9316229830958e-09
1.1711512117999346e-07
7.764669019986671e-09
4.077524709084316e-09
6.731245274041736e-09
3.3687948019639172e-09
7.469336938510884e-08
4.761561682160054e-09
5.246058891467901e-09
6.0450323456947574e-09
3.572577259126184e-09
1.0617225519370352e-07
3.683707225648026e-09
5.865937929131334e-09
4.407221987810557e-09
5.155211143310675e-09
8.101477258194969e-08
4.872638165884947e-09
3.463555695685872e-09
3.4983086047822306e-09
5.483905842158821e-09
8.708874889822969e-08
5.765902246468476e-09
5.344863043388217e-09
4.3134894312031056e-09
4.877469944042444e-09
1.0424495516005856e-07
4.504140357531514e-09
3.5610705688684246e-09
4.2316774170022335e-09
6.322308286441457e-09
6.383675074254709e-08
4.999766442498273e-09
5.5212357432593574e-09
5.3235690778245726e-09
4.0625633878134e-09
8.194686950835199e-08
3.454676510671272e-09
3.805440884461743e-09
3.6581792345985195e-09
4.631505947042269e-09
7.964017523655107e-08
5.2699959942068635e-09
5.079184463526203e-09
3.925982937075589e-09
5.016052003850593e-09
1.109183489258544e-07
4.793988654746288e-09
4.9269669990905615e-09
4.2932916601814025e-09
4.9343579878013596e-09
6.300105029707552e-08
4.846388013145524e-09
4.022472011558005e-09
3.6749545669363127e-09
3.736586720948783e-09
7.759131364740001e-08
4.029849848085791e-09
4.782183525359086e-09
4.1904421571335205e-09
4.655247212830864e-09
9.841196373181818e-08
4.578039783095841e-09
4.779511037430839e-09
3.9015720038633256e-09
4.859676035131207e-09
1.0061904687502079e-07
5.020064674951983e-09
4.688038552107627e-09
4.584101202751079e-09
3.716260880947014e-09
9.977998335437667e-08
4.286315916443062e-09
5.4281346581448965e-09
4.075826940899415e-09
3.5192832263832727e-09
1.138157524461293e-07
3.380471946181672e-09
4.009263036052227e-09
4.179887098095829e-09
3.980495500323793e-09
1.0694590765265403e-07
3.7237893112573617e-09
4.720598306552603e-09
3.2511426845350723e-09
4.499872040564264e-09
7.119656463120349e-08
3.766780077365911e-09
3.5458993817231794e-09
3.6261465089626774e-09
4.75135693106046e-09
5.534751678020391e-08
3.965562892900184e-09
3.617458550081502e-09
3.790210987116694e-09
3.682458412317829e-09
6.205060986335001e-08
5.397940241705076e-09
4.090948950424208e-09
3.233775840092705e-09
4.748172475375969e-09
7.438828759368981e-08
4.681516176236276e-09
4.1791295809446916e-09
4.053840727023625e-09
2.816651683249881e-09
1.0081572455225464e-07
3.5503685189694922e-09
3.811318466329304e-09
4.176094410294545e-09
3.3904708204857446e-09
7.331841568012993e-08
4.064604291086736e-09
2.5171808016886967e-09
2.930345276259835e-09
4.6300318288058974e-09
5.329158547050315e-08
3.572906640901727e-09
3.152060554356081e-09
2.8572167339132905e-09
3.844485815034618e-09
6.870891529614681e-08
3.771102325223013e-09
3.4078033040031294e-09
2.8979117764054354e-09
2.6460130328853463e-09
6.897763524758951e-08
2.72470421786937e-09
3.4768375564278586e-09
3.2240077588384083e-09
2.835672671812521e-09
7.203009376897906e-08
3.5373981764175047e-09
3.723529273909277e-09
2.337489825665564e-09
2.908612562111552e-09
7.764487894186202e-08
3.3874324330872908e-09
3.818017665512077e-09
2.9662029825832726e-09
2.68647153362377e-09
8.391715165792959e-08
2.960756958293813e-09
3.0412984107462695e-09
2.4427775983326526e-09
2.801684550733339e-09
5.169334358761653e-08
3.49248232242554e-09
3.35531343981742e-09
2.4134223386560662e-09
2.440389577881153e-09
4.974513779727657e-08
3.5496579266111196e-09
2.791360352539234e-09
2.973247210359892e-09
3.2224738635763015e-09
6.657110780729655e-08
3.269410695056071e-09
3.388804287000575e-09
2.8897882848034506e-09
2.8753278887802177e-09
3.5739199997326953e-08
2.6553621206471077e-09
2.1830622344832762e-09
2.4420338836587965e-09
2.7200077475347707e-09
4.7441148758834016e-08
2.393047723264001e-09
2.7351488685738233e-09
2.3932585538097917e-09
1.953169468171744e-09
4.2833384156977434e-08
2.8082823552382735e-09
2.7553328114810017e-09
3.1685355217806723e-09
1.9699656044527995e-09
5.16720444399613e-08
2.2891811787272458e-09
2.5327580698155335e-09
2.3668828265849153e-09
2.2946751495563746e-09
4.064880208905658e-08
2.634243410238779e-09
2.3294557224918972e-09
2.3027145288632523e-09
2.55758424004378e-09
5.297329585041571e-08
2.344852316348757e-09
2.3022211836224305e-09
2.1481551405726725e-09
2.455075788748689e-09
5.245875068256117e-08
2.7913212018767332e-09
1.7546975992073474e-09
2.410490482727565e-09
2.4641757863466143e-09
6.58207005360924e-08
2.4536691925378896e-09
2.520021224851468e-09
2.524525996023994e-09
1.8146485340869764e-09
6.685546423623713e-08
2.0138903928729776e-09
2.0348811223553976e-09
2.311680816690294e-09
2.0498684512435544e-09
4.638610000104643e-08
3.023525070040446e-09
2.4563130150170243e-09
2.0079159953839635e-09
2.3981017170131373e-09
4.391221735424893e-08
2.8012703369221644e-09
2.070764981301829e-09
1.834047459228881e-09
2.827266915491671e-09
3.9811616131323217e-08
2.3357476269279065e-09
2.2927855171352566e-09
2.127929380355021e-09
2.021681209819735e-09
3.1918833242869505e-08
1.8344982708877155e-09
1.9714901194003618e-09
2.5775259379110286e-09
1.7826946663262158e-09
4.5294537748768315e-08
1.7873304217128845e-09
2.11708430771229e-09
1.77410908148304e-09
2.2322455218755906e-09
2.970600970644291e-08
1.9868683756697066e-09
1.9201972418997954e-09
1.5524056090747194e-09
1.9499163250451073e-09
3.536053413379813e-08
1.9738505305150864e-09
1.8975508238403017e-09
1.8148862592572367e-09
1.4052409201853093e-09
3.547604421282932e-08
2.200197440922506e-09
1.5051219055900281e-09
1.764518816309171e-09
2.2431790663239278e-09
3.710262713492455e-08
1.444704847584276e-09
1.7856858318368556e-09
1.2260894297680193e-09
1.755734058934243e-09
3.865813861207276e-08
2.0248288195222693e-09
1.7974858394623304e-09
2.168383355621748e-09
2.2858668970650523e-09
5.6159827272362825e-08
1.1578614356471508e-09
1.793761135026712e-09
1.5128427212236121e-09
1.6420108921089822e-09
2.7700045589330996e-08
1.7586438089050768e-09
1.589300821745611e-09
1.3999805111085173e-09
1.900778921481091e-09
2.349961709965364e-08
1.6082113887482073e-09
1.2352516971568472e-09
1.2696916999691847e-09
1.4871800054409664e-09
3.553224003298225e-08
1.2678341715571143e-09
1.3575065484451268e-09
1.610523069024585e-09
1.50203568669343e-09
3.397269039704628e-08
1.2218967818363135e-09
1.5119148310653805e-09
1.792085682900746e-09
1.339062937764224e-09
4.400237392271758e-08
1.2223664725195863e-09
1.4996489235755813e-09
1.5334846331638007e-09
1.5755405988405584e-09
2.9457083951802284e-08
1.466257914230193e-09
1.1651320559144408e-09
1.2601582165393063e-09
1.4760768351666984e-09
2.1289875962730425e-08
1.2697909159236128e-09
1.3823761762259528e-09
1.3898951977420172e-09
1.3971174386150079e-09
2.9881292505301464e-08
1.5696497364281532e-09
1.1742979336965066e-09
1.511199996473723e-09
1.6906145455401172e-09
2.612067177363015e-08
1.7276415936758458e-09
1.239176284375909e-09
1.2832642877201172e-09
1.5685276335414815e-09
2.8441335593074246e-08
1.2195703073047934e-09
1.0217935403028311e-09
1.3328074449288477e-09
1.112808427049542e-09
2.618835619133741e-08
1.307884679656389e-09
1.2417083752315648e-09
1.3713982270937816e-09
1.5224382743221454e-09
2.8903863991261503e-08
9.762604268384391e-10
1.0249857116901202e-09
1.1235523584960093e-09
1.2236450866827945e-09
2.6002879041870035e-08
1.1526712563706213e-09
1.105845761151878e-09
1.1662326696051163e-09
8.731626806180121e-10
2.793427806543422e-08
7.349929906885179e-10
1.1716913251968842e-09
9.533655531535945e-10
1.2305824536941841e-09
3.769159763268733e-08
1.2358979670856683e-09
1.129591626582799e-09
9.439145632054545e-10
8.705435813645373e-10
2.6952075753847074e-08
1.1774047712381161e-09
1.3009998704602582e-09
8.596425522659743e-10
1.455719071915804e-09
2.581112698017571e-08
1.205522514101396e-09
9.647030154488535e-10
7.619649048430372e-10
1.1322178480375498e-09
2.038908927025416e-08
8.99722226124379e-10
9.138892897670633e-10
9.074694325119682e-10
9.2361947135891e-10
2.9624302501139534e-08
6.85172854366658e-10
7.391485677777796e-10
9.982471496782425e-10
9.023645330259858e-10
1.8274991817668903e-08
7.659490063824182e-10
7.891019257812901e-10
8.716602899907344e-10
7.706887604493429e-10
1.9799954625991938e-08
9.786717483523965e-10
8.056867134071325e-10
7.486061314474697e-10
9.323188721285378e-10
2.1980034714558258e-08
9.44767431297775e-10
7.023650786773246e-10
1.0033055620853496e-09
8.123842728262076e-10
1.0021767073984616e-08
8.268662680288319e-10
6.205075809122139e-10
8.075245097910773e-10
7.446260512401722e-10
2.1409392526857318e-08
6.272736441309889e-10
6.872077338527872e-10
9.385437063288847e-10
8.664556057195853e-10
1.2895027552423886e-08
8.976483353041471e-10
7.760451220981337e-10
6.691912972536133e-10
6.972188792774718e-10
1.5914997326477398e-08
6.457722586967713e-10
7.517848406451351e-10
6.945287759573325e-10
6.86283365652363e-10
1.1890482537517555e-08
8.613150736835571e-10
6.07855394303574e-10
8.417575748437538e-10
6.870113130738746e-10
1.2415859229609982e-08
7.054622576176164e-10
7.072557139259571e-10
6.85028900865585e-10
7.268593866535107e-10
1.9224775523339392e-08
9.970572739506768e-10
7.787687035411378e-10
5.337885028090348e-10
7.488419625149716e-10
1.6805705582114748e-08
7.423544111704302e-10
6.578509973605709e-10
3.8001587395322147e-10
5.287022426801109e-10
7.753027205211665e-09
5.278983705377921e-10
4.676911434659407e-10
5.460301128273766e-10
5.792219880224252e-10
1.2795882184504756e-08
5.059636958012699e-10
5.855823544536969e-10
5.598579578487794e-10
5.529436609902392e-10
1.600180084505003e-08
5.037321272967249e-10
3.741972426040607e-10
5.967753390478447e-10
5.124436777177441e-10
1.586331913536165e-08
5.932625884194163e-10
4.959158091970019e-10
3.728608669100258e-10
4.454555660479396e-10
9.638656890609013e-09
4.653761341738576e-10
4.447658236081136e-10
3.963649142567291e-10
5.101013189193273e-10
7.297243650837378e-09
4.719720944648984e-10
4.233395564547064e-10
2.4600875224346693e-10
3.006626167320843e-10
8.10342433266571e-09
3.904994337503765e-10
3.8931019817654355e-10
4.3926003139493574e-10
4.183715179090949e-10
9.572627709062562e-09
4.675172870402591e-10
3.640131062689095e-10
4.013064531481022e-10
3.14478469077263e-10
8.12498144273741e-09
4.0778026376115176e-10
3.2944903374133063e-10
4.2829400274481343e-10
3.4282366722656915e-10
5.758515677238182e-09
2.998914528875837e-10
3.1595978174447874e-10
3.847760375486913e-10
3.796897421745595e-10
8.0296321414917e-09
2.621267248981629e-10
3.5105490035385525e-10
3.127111839611648e-10
2.9540323212540755e-10
5.280254230071326e-09
3.0999972254159645e-10
2.543443285939802e-10
3.0379535865546065e-10
3.02852798406172e-10
6.397877827098333e-09
2.4095542923805026e-10
3.338504592313634e-10
2.3422375957130444e-10
2.2691932900663272e-10
6.086601101102322e-09
1.6742456998000923e-10
2.685766559917298e-10
2.3091401613227215e-10
3.2442150909354184e-10
6.266322063427054e-09
2.1694363118471216e-10
2.4083263340495666e-10
2.1635683299872626e-10
2.262080035068782e-10
6.791203069374099e-09
1.9417191781450138e-10
2.5194754444436346e-10
3.2737025143270397e-10
2.2313610303573454e-10
3.6561346197024124e-09
2.1667044281770807e-10
2.098311984469666e-10
2.0124425968154275e-10
2.0794527667057325e-10
5.7989894594962165e-09
2.2431990321362263e-10
1.9048297630496713e-10
1.5128371042442676e-10
2.0141943671257528e-10
2.5893864036221002e-09
1.3428001654757496e-10
1.8995220113212905e-10
2.2430767765927564e-10
1.5212830944795707e-10
3.380632768779117e-09
1.541098913032046e-10
1.338342987596675e-10
1.5758696280643201e-10
1.5954271411272192e-10
3.737969286974578e-09
1.5683284265966577e-10
1.4477511581156605e-10
1.502591742633933e-10
1.2308836949377192e-10
3.0072286448828615e-09
1.4983410264562831e-10
1.6106885374863094e-10
1.378307278612276e-10
1.302943713061233e-10
2.6170492618360198e-09
1.2861706454249017e-10
1.2043232635782394e-10
1.355519934713542e-10
1.1145733427980681e-10
2.5570660882428185e-09
1.234241951375743e-10
1.013050833555143e-10
1.0806519076716343e-10
1.0016488395836083e-10
1.6532051030034227e-09
1.0307194948294996e-10
1.2341412006312842e-10
1.1975344123062386e-10
1.2455207623839196e-10
1.8199343695489582e-09
9.37690903241315e-11
1.1794902737384702e-10
8.511294814314148e-11
5.643272525407688e-11
2.102838890436875e-09
6.853874631665075e-11
6.3728222114916e-11
6.410338786115084e-11
9.814899408222689e-11
1.7913854951304533e-09
7.053465527807674e-11
7.093694753108765e-11
5.933139851965187e-11
8.966473773699915e-11
1.5750707301322697e-09
8.637764551096019e-11
5.5442262471677706e-11
5.32634483233343e-11
7.162835875376129e-11
1.5264392846532148e-09
5.3769756614138404e-11
4.0258908381686604e-11
4.349740471463085e-11
3.503288814567393e-11
1.967974958399241e-09
4.268070057374835e-11
4.352833151007224e-11
3.5235322100831565e-11
3.134551183962331e-11
7.373980178793461e-10
3.7826392951987586e-11
4.2861243126998514e-11
2.666139285435541e-11
4.796462918641944e-11
6.117363167681754e-10
2.6730230069245824e-11
2.356509982729983e-11
2.9747960918320916e-11
2.373160404582168e-11
4.467726389812326e-10
2.5351674517507096e-11
2.3038586005811406e-11
2.47067791652357e-11
2.710937740195707e-11
4.170172360318569e-10
2.02743346679056e-11
1.720769381635098e-11
1.5909998504708272e-11
1.344614244604056e-11
2.2547203155308932e-10
1.3824275183543718e-11
1.631183359857999e-11
1.2498945163665722e-11
1.098141860346523e-11
2.2820799219581863e-10
8.896201426474713e-12
6.629522217360048e-12
8.430069328490225e-12
7.439974244892309e-12
1.8014040810782003e-10
6.88956222734875e-12
5.2713283553095716e-12
4.155322278853589e-12
5.970560963349574e-12
1.075418525022682e-10
3.619556830828267e-12
3.1898063661270836e-12
3.760045697091582e-12
2.2903042096915656e-12
