-595.102584652938
-493.4528639760173
-356.9964202187673
-255.30742710141126
-192.9222289645283
-147.80654610697093
-113.04605998993227
-87.27427194224069
-70.52929069078743
-55.626726897081085
-43.357142734654275
-34.723180525682366
-28.888916702697138
-24.813264718572405
-21.84495795368023
-19.419778475558577
-17.45639966080249
-15.864563596374685
-14.585669495260777
-13.45110033819795
-12.41100701620244
-11.688276443885481
-11.08446527061837
-10.549217562389897
-10.103232904656164
-9.695402501986504
-9.288994161715191
-8.89632136382076
-8.569486319898779
-8.316889231535114
-8.063296073093866
-7.856482771855655
-7.689271600576598
-7.534293232146824
-7.3000898837123405
-7.161846821396403
-7.053051073673297
-6.970499321095418
-6.865441152820104
-6.770755139837355
-6.703868366849316
-6.58840347859104
-6.5265193939713875
-6.460046232024526
-6.4375325837425255
-6.360067842806926
-6.292501879877591
-6.2246517338100205
-6.158955683490721
-6.086852611665162
-6.032996497416681
-5.9627454950081
-5.892047354551828
-5.865639359908438
-5.78609005568792
-5.7451724865679346
-5.709921834548647
-5.673997012227541
-5.617561394612237
-5.5809157807728145
-5.510659440771517
-5.458244551813441
-5.4091641216162385
-5.372085510603403
-5.285389137815705
-5.2342858390644675
-5.204944975136497
-5.128302900023186
-5.049109013522546
-5.000130763511606
-4.963064367055605
-4.936483419559407
-4.9080621587313376
-4.881258297816283
-4.828382774837165
-4.7932818243078135
-4.762269549833267
-4.7137255428075076
-4.685576707411043
-4.656686729989859
-4.573142707575757
-4.505071166108704
-4.475896913475157
-4.43549827216327
-4.402292495895297
-4.330559578746419
-4.293172129215123
-4.252117830780309
-4.208012617146922
-4.1828724804864255
-4.122755235516273
-4.099584015486677
-4.067544720968831
-4.006981638287455
-3.967825945031321
-3.9433926856160397
-3.896738040566621
-3.8506581575638497
-3.8093982284490435
-3.7760967689293357
-3.7451826555661514
-3.707460239550805
-3.654749893666266
-3.615475717905241
-3.5876123038007943
-3.554342993628599
-3.526473489053287
-3.5143889609594092
-3.487629327795071
-3.460740685169944
-3.4397885678472613
-3.399743232828124
-3.3673915926737434
-3.337802785548356
-3.302378180144042
-3.2800906783397714
-3.2613025509493134
-3.238829586734655
-3.204438339298353
-3.1583083103691307
-3.1271155730879223
-3.10768170701548
-3.0943124710411953
-3.0577613812469675
-3.0337791594841748
-3.0226024126494737
-2.9980691893735596
-2.9777526331218525
-2.9538059706051163
-2.9274207949703306
-2.906503011200875
-2.8840318702659866
-2.8706180200907347
-2.8476141354992404
-2.835964988247374
-2.8327717056318953
-2.7984197535700135
-2.782117664250518
-2.7652680798742253
-2.7517741075210704
-2.736632234698514
-2.720788818277353
-2.7092310344877726
-2.684436765817925
-2.6690677213743923
-2.6495657455678145
-2.6373827205974285
-2.6274681851215425
-2.6195691338477793
-2.607912034816163
-2.5926408791129845
-2.5696969825167173
-2.558201588104747
-2.5282042155201365
-2.5080417419998833
-2.4895141453984793
-2.4790063099100177
-2.465019895613851
-2.458539709223328
-2.4493647403063092
-2.4434742036458603
-2.4356425229012473
-2.427650060375873
-2.417063697837241
-2.40765403820223
-2.3971262700681235
-2.385375534181304
-2.3655652329227044
-2.343118132260959
-2.3201694604761594
-2.293479173102283
-2.279158229123242
-2.2653942133921428
-2.2596926366844805
-2.2528903957580004
-2.2389914103228783
-2.234221586750307
-2.2295339036212303
-2.2282937534754987
-2.223567384757633
-2.2069039126656294
-2.2008443188676816
-2.190512861527528
-2.177860161988039
-2.1656130420841495
-2.156127214578376
-2.1488926167503575
-2.133017637474039
-2.1144012120652738
-2.1025914794135674
-2.090155490788696
-2.080104525501655
-2.0690322875289375
-2.0591764311269145
-2.059242384132053
-2.054670544394747
-2.0452303426368537
-2.0380525566230867
-2.033957036180901
-2.024870207869871
-2.019960971002197
-2.012052692585115
-2.0067854196340864
-2.0010342816565005
-1.9796988032096507
-1.9757748212151887
-1.9694956707312796
-1.965674415876756
-1.9553593976323118
-1.94803063747033
-1.9416719842128551
-1.9363385834859193
-1.9273766094143727
-1.9208215795109007
-1.9215787648601566
-1.9174017706253386
-1.9069473573747788
-1.8987960245685986
-1.8869857742207512
-1.8799105876842575
-1.8673481645342433
-1.8445496741318337
-1.8344914905327951
-1.8303774132894346
-1.829354506071045
-1.8214134666519062
-1.820851709534488
-1.8144960704074453
-1.8073117741452553
-1.805240426685725
-1.8015347955162015
-1.7932438824155081
-1.782461085210751
-1.7779408860539614
-1.7726258764926408
-1.7653412968512647
-1.7593419507544885
-1.7511771517341308
-1.7266713581950546
-1.7147190355868798
-1.7102689352069484
-1.6993123493157665
-1.695104329435081
-1.6898299489509303
-1.6824578175344658
-1.6758089378962082
-1.6721892119952706
-1.667583902102202
-1.660854298691194
-1.6575733045832903
-1.6527226714165955
-1.64715708592274
-1.6419733647044985
-1.637615449608946
-1.626417593682368
-1.6137542159021585
-1.6048365922230652
-1.6009814964856734
-1.5940314653120558
-1.5900578321340486
-1.5871915789373172
-1.5791963986022024
-1.574755575856725
-1.5715591060966683
-1.563729993364659
-1.5569819666226263
-1.5514572512141642
-1.5457705639712858
-1.5391352519224104
-1.5307912964104975
-1.5305625516026842
-1.5225165497916562
-1.5139395220976082
-1.5032211250631533
-1.497390448302529
-1.4907245382187626
-1.487173089466931
-1.483879117344029
-1.4845922110572574
-1.4823305047981516
-1.4785433416136842
-1.474245098953435
-1.464858330356204
-1.4599945886221395
-1.4539450004051586
-1.448961313398478
-1.4448426097122207
-1.4399427266513434
-1.4332038939784604
-1.4176222452955578
-1.4127948923873306
-1.4050278780595988
-1.3978284272352859
-1.3900877638767752
-1.383315135747453
-1.3780072199326208
-1.3728853253036215
-1.3669375998202895
-1.362876294418978
-1.3565835990586248
-1.3536851486590786
-1.3480643845889513
-1.3462879809301171
-1.3410710391623144
-1.3364688662992679
-1.331322169012837
-1.3220470536663393
-1.3132187360785434
-1.3056005259266554
-1.299342341138952
-1.298084929257313
-1.2965433525176588
-1.289935557345666
-1.2865286429016605
-1.2835435301251015
-1.2768357239306747
-1.2700640856619523
-1.265151631493552
-1.2602749449813149
-1.2556483966499834
-1.2500964448940393
-1.2427149527135999
-1.2345769070759327
-1.221628108112483
-1.2171245642951227
-1.2119458672092516
-1.2089977607567057
-1.2078466092148794
-1.2057992949724323
-1.2033615429604163
-1.201387634258531
-1.199606698484513
-1.1943344383237529
-1.1899967155376454
-1.1820394003902521
-1.1781695829711842
-1.1731110243638332
-1.1695155110064115
-1.1640502075643266
-1.1584206239856614
-1.1462205615870162
-1.1388858143797589
-1.1328068199258197
-1.1278355793407902
-1.1244962673692251
-1.1211354826728481
-1.116685704550823
-1.1139027240937236
-1.1107355370926473
-1.1055140968424415
-1.1011771293492805
-1.0982460749120546
-1.0975573064621122
-1.095142937797196
-1.0917478496132849
-1.0879174387610748
-1.0826151593003552
-1.075075987434539
-1.071057212922149
-1.0644222440872309
-1.0607479684430625
-1.0592569287472144
-1.0561608064398198
-1.0530248499634285
-1.050215146855603
-1.0454087348924785
-1.0436286495192102
-1.0398773709544884
-1.0364115330537103
-1.0336149537672559
-1.0301410801196091
-1.0287201553298104
-1.0253233046646053
-1.0206221676477707
-1.0164877610415646
-1.009814320573319
-1.0064350492010707
-1.0028823803666764
0.00011939894556345365
1.0035461963278483
1.0066980200151678
1.008896560875866
1.011863893770491
1.0141628148129047
1.0160575839310317
1.0203607319044001
1.0230984928238036
1.0269891128944197
1.0318354715759197
1.0350370248945482
1.0436297263212624
1.0508650368503585
1.0540451459099833
1.0583913578145205
1.0603406804258997
1.0615570829948955
1.0657936616734434
1.0670274739987264
1.067928439849906
1.0698335583445664
1.0728052765682308
1.0754457708895369
1.080971197772814
1.082613064965229
1.0831033447518532
1.0844823991749266
1.0868649045888348
1.0875816866203523
1.0914623081407582
1.0945130938470062
1.0971476241208182
1.1003520717566129
1.103877525478104
1.1055480727224376
1.1083044274369689
1.110549408932196
1.1131934992233143
1.1156341979535775
1.1168395494933936
1.117485815433955
1.1176378986450475
1.1210171893496494
1.1243098698057201
1.1257130435385116
1.1292738430120615
1.132944494978053
1.1350043278812292
1.1378357155756276
1.1398557296911247
1.1412154448131338
1.1411744858399042
1.142011294327235
1.1438739628367922
1.1448197906040467
1.147458004554252
1.1506760905633595
1.1520121687618454
1.1539016316318345
1.1541990885005884
1.1574289271915221
1.1587120744685002
1.1609005290724075
1.163922240047123
1.1649476176831552
1.166279485965763
1.166947064605457
1.1673275357529298
1.1679903782372607
1.1684715365394824
1.168926645987209
1.1689232254305582
1.1689648860564341
1.168984707743693
1.1698156398901105
1.1716537505570463
1.1733809562525714
1.1756536530273287
1.1755031046814002
1.1768818082781505
1.1789882572290176
1.1796167187336783
1.1807516857424094
1.1817876320214271
1.1832753987513915
1.1843203788082306
1.1854295162289188
1.1856833390737291
1.186567158288364
1.1866410510826806
1.1864082778172604
1.1862818487810496
1.1864012174375067
1.186805544774955
1.187629065715296
1.1878831078265581
1.1875638997257678
1.1885948467296803
1.1894538011286608
1.1904649264453147
1.1910212931405648
1.19182205422319
1.1933869150376704
1.1945402565750771
1.1959673303511342
1.1966219722701612
1.1974125593894147
1.1976942290736265
1.1983311104100431
1.197859862951451
1.1980793486698815
1.1980903119924804
1.1981327181242931
1.1996372368111885
1.2016068634960213
1.2023756116766577
1.2028802753425314
1.2036386302933444
1.2050191757282913
1.2055825150967143
1.2063118830225759
1.2079968579994498
1.2078431083633223
1.2097591024740009
1.209567814421295
1.2108882369951095
1.210723743302835
1.2105689850410286
1.2105398226029154
1.2097703727696327
1.2083539553431417
1.209713451198699
1.2108446029711657
1.2126682420522708
1.212812782497415
1.2132647783615234
1.2140635660460812
1.2143478230744262
1.2148597225332152
1.2153164106993959
1.2153293035667723
1.2137912809660145
1.2132234685619707
1.2135259247058299
1.2128345775827416
1.213241886943937
1.2129385098809795
1.213370333231506
1.213652836128235
1.2134699240539946
1.2140279133209895
1.2141908282948095
1.2143925972839202
1.2147973631542723
1.2147467126038656
1.2144736381645713
1.2140997011573673
1.2144562284082845
1.214627738627022
1.2144929336123456
1.2150112795048227
1.2156167180320256
1.2156109293976933
1.2157587149863271
1.216941876761203
1.2171657916619634
1.217299851170703
1.2176299787408018
1.216807115599817
1.2168357517984454
1.217031951419676
1.2172035054917036
1.2171292618710639
1.217169738458099
1.217644406473342
1.217724614141476
1.217908184015072
1.2179790947856421
1.2181663483356315
1.2189699160288425
1.2194921210108745
1.219273205385219
1.219550928273295
1.2194637479319885
1.2192448761596235
1.2193428005570772
1.2194326998023883
1.2193640255496287
1.2199549924910011
1.2200715106835824
1.2206023547638223
1.2206455064015718
1.2209072228386533
1.2208736750715006
1.2206686609389008
1.2202456959530341
1.2198639969134302
1.21970217827187
1.2198268531764649
1.2199375388814238
1.220935025824764
1.221199022632946
1.2217215345880112
1.2218862914000277
1.2225517650817825
1.222826900625725
1.2231017291966348
1.2230640153668946
1.2225620706050253
1.2222348812053832
1.221960578873958
1.2222276892657584
1.2220578893253462
1.2224944488312353
1.222093147370824
1.2220014939938972
1.222739018631772
1.223271967669951
1.2227958524961249
1.222963196652275
1.2230806357639545
1.2229955165272965
1.2224589276660147
1.221998599676731
1.2218041541871165
1.221828580469867
1.2219119894281996
1.221879669553178
1.2214290331410718
1.2214569238337634
1.2207908362059432
1.2213335206745901
1.222248168752373
1.2225457571809981
1.2230949319366236
1.2225701396104582
1.2224746271439764
1.2217625374145311
1.2219200584336325
1.221734822135001
1.2214849022330359
1.2214106586123958
1.221112543944286
1.2211281118623765
1.2208214458026392
1.2206889211590637
1.22048127582904
1.2204250120574622
1.2206821238990522
1.2205165777278084
1.2207729440634618
1.2209470854796232
1.22086806185033
1.2206165632299106
1.2202010533034113
1.220314282499213
1.2197649323304263
1.219265662619271
1.2189405781775677
1.2184367915775018
1.217980410384354
1.2179676052235584
1.2182764639478152
1.2179658510919427
1.2179800157047405
1.2179097627335265
1.2176009917158503
1.2174628099978135
1.217141716205536
1.2168213679191955
1.216908635967083
1.2170425639159514
1.217020330297721
1.2172148196406258
1.2175418336271067
1.2175078034737594
1.2173116477058197
1.2171385587686276
1.2168465397078827
1.2167770760958958
1.2164249341740185
1.2162182974696738
1.2159927161438784
1.2158599722338508
1.2157357358621597
1.2154095112349061
1.2153027284727926
1.215169370616699
1.2151787990741343
1.2149565505984088
1.2149439647040654
1.2147583337258203
1.21446907742237
1.2141996428061792
1.213895958770189
1.2137938683101477
1.2137357627003733
1.2139616509992015
1.2140226947794326
1.214006249795534
1.2141773653346581
1.2143196692619922
1.2141804350649856
1.2139486265719541
1.2136955930863709
1.2136586686158577
1.2131879912500407
1.2127559486330624
1.2126311860218864
1.2123014092781108
1.2123450433020546
1.2120485512056893
1.2116786487012015
1.2114161429048929
1.2114063636211345
1.2113184816271816
1.210977522294355
1.2110007206849742
1.2106344141502992
1.2107326455207854
1.2105460059168613
1.2106609892442788
1.21078855846604
1.2109007790361626
1.2106698476089388
1.2106166097143984
1.2104813661668181
1.2102259646035536
1.2099891568354169
1.2096663089115236
1.209517953230115
1.2094264752663495
1.2091250277481693
1.2089612795618319
1.2087472316514105
1.2083545692892073
1.2081158319762932
1.2080190039110996
1.2076501977388716
1.207426677517725
1.2073303318387256
1.2071624614430907
1.2070561172138812
1.2069923545296457
1.2068188270595501
1.206611795675592
1.206569784223393
1.2064901466480342
1.2062658370676602
1.2061417322558405
1.2059913593230736
1.2058570366945915
1.2056668011208551
1.2056357091379644
1.2055240148073265
1.2054608222158665
1.205329657024293
1.2052287944563829
1.2051263531700185
1.2050085632320156
1.204791182471524
1.2045501209342189
1.2043044109481318
1.2041322429300383
1.2039216155762678
1.2037983001236752
1.2036784052277332
1.203489879932322
1.2034629540120192
1.2034717685233887
1.2033315257007033
1.2030931830674025
1.2029407490299873
1.2028452365635052
1.202572776070277
1.202373068185815
1.202226905168926
1.2020228558087147
1.2017733744396537
1.201577701057908
1.2014901698902782
1.201322255641353
1.2012266993215808
1.2011434219231194
1.201056285435103
1.200975156847871
1.2008748643727363
1.2008684617923384
1.2008290376842727
1.2007222987754496
1.200665508764387
1.2006159106929495
1.2005216261185987
1.2003992315851044
1.2003107356450857
1.2001695280500115
1.2000281011884857
1.1999251336626364
1.199854836838132
1.1998188771400078
1.1997370907534197
1.1996582863905787
1.1995740880730188
1.1994985288536673
1.1994086734616465
1.1993410955411465
1.1992641330165021
1.1991879159977943
1.1990914826122143
1.1990546897015721
1.1990008817142566
1.198926681946907
1.1988585339336324
1.198815294589302
1.1987378058251728
1.1986581243965237
1.1985494997962138
1.1984652576253636
1.1983570277046671
1.1982789249944723
1.1981931918117488
1.1980987318242364
1.1980262423352124
1.197926695366014
1.1978186847117693
1.197683748137222
1.1975667475584462
1.1974890833811553
1.1973839670440767
1.1972456537661689
1.1971126467363988
1.197046735240934
1.1969687640906104
1.1968757951149716
1.1967840101781735
1.1967353330258341
1.1967119592220532
1.1966755171377343
1.1966203058451261
1.1966045186605836
1.1965307574261381
1.1964493657191637
1.1964376130373378
1.1963945052528788
1.1963228928296625
1.1962742595306137
1.1962176010794225
1.1961478304944029
1.1960972676505766
1.1960130254797265
1.1959568055614391
1.195903260693866
1.1958304642318092
1.1957633248442132
1.1956808368049792
1.1956018570289764
1.1955418218744247
1.1954552554791835
1.195398904001025
1.1953155388959829
1.19521103650497
1.1951574477841065
1.1950537347523205
1.19497278157825
1.1949005990622588
1.194846878781524
1.1947534712729813
1.1946680450632905
1.1945932752031658
1.1945520531101939
1.1945301703182865
1.194459741933911
1.1944315881214769
1.1944024256833636
1.1943938742917366
1.1943259016916232
1.194254289268407
1.1942029370653535
1.194163644517159
1.1940761572028196
1.1940126137850362
1.1939866964904124
1.1939453428375693
1.1939379316314924
1.1938480762394716
1.1938087398379866
1.1937610713113265
1.1937468628452383
1.1936893273282392
1.1935822814463832
1.1935231672109299
1.193448704323838
1.1933510430461267
1.1932361035719996
1.193176199977319
1.193113445918763
1.1930318349453364
1.1929638184919327
1.1929432951520276
1.1929376819308568
1.1928732614472657
1.1928184009809806
1.19279950021282
1.1927709955740629
1.1927427540550481
1.1927288525619926
1.1927007426028489
1.1926771933859064
1.192637374598227
1.1926151409799965
1.1925486593917567
1.1925216019115825
1.192480642938353
1.1924184151192814
1.1923623267608652
1.192342241953864
1.1922835223980242
1.1922382658023358
1.1922028323436962
1.1921577511611692
1.1920722810981883
1.1919925558162487
1.191926337347751
1.1918673985254595
1.1918299478154615
1.1917753504689188
1.191735137001626
1.1917032995127987
1.191675189553655
1.1916384404963034
1.1915876583860254
1.1914904794945085
1.1914221122147817
1.1913538326416355
1.1912932273943087
1.1912330606798855
1.1911659651455802
1.1910612873414057
1.1909762558113284
1.1908954341971292
1.1908475902573072
1.1907751446215737
1.1907383078576412
1.1907019973331936
1.1906708614970127
1.190614466165564
1.1905565798222417
1.190534784736915
1.190485055105606
1.1904615058886638
1.1903908143845459
1.1903416548460122
1.190302055324785
1.1902412308110062
1.1902087793761131
1.190289995669926
1.1902787253742946
1.1902417131972003
1.19015742717306
1.1901263351901694
1.1900576170841193
1.189991749441945
1.1899285129971944
1.1898691356419986
1.1898654081123148
1.1898869839311896
1.189874398036846
1.1897885332942513
1.1897392421958464
1.1897268317146645
1.1896702171167637
1.1896139094918956
1.1895508484603066
1.1894754646541164
1.189416350418663
1.1893359673373678
1.189274616584104
1.189200022137141
1.1891328388962548
1.1890542099465753
1.188989131663628
1.1890112337219874
1.1889700993355965
1.188901468936127
1.1888452928711302
1.1887918795634282
1.188709961616969
1.1886702305358705
1.188639357819432
1.1886142737373255
1.1885898036012847
1.188558930884846
1.1885455556312756
1.188462146672943
1.1884282919327576
1.1883848771752656
1.1884079878593043
1.1884074177665291
1.1883863681871394
1.1883180447607027
1.188283839194194
1.1882708586202368
1.188236609200438
1.1881934137093981
1.1881167581577863
1.1880308934151915
1.188036375076491
1.1879568690610038
1.187943493807433
1.1878929748168972
1.1878626283399434
1.1878241251509758
1.1878000058412583
1.1877608009996445
1.1877059843866498
1.1876660778923898
1.1876368716009864
1.1876023152081545
1.1875692936804865
1.1875461391431577
1.1874847883898938
1.187416289550296
1.1873519567732855
1.1872706089196015
1.1872147836809277
1.1872032064122633
1.1871222093849023
1.1870798909596705
1.1870252497598375
1.1869416215350528
1.186863825797891
1.186810631756641
1.186778311881619
1.18672963472928
1.1866488131150807
1.1866200453565812
1.1865704034318534
1.1865116400227231
1.186459893140056
1.1863744669303653
1.186371879586232
1.186316361320591
1.186276893359235
1.1862054124958898
1.18621317452829
1.186168181052344
1.1861191969269718
1.1860917886204745
1.1860561797486733
1.1860442078003952
1.1860025910278098
1.1859520281839835
1.1859167262852148
1.1858642777499018
1.1858502008436846
1.1858247659352552
1.1857732383190402
1.1856999156174988
1.185707282970285
1.1857221930890196
1.185676234840685
1.1856362844931345
1.185574714473419
1.1855069172864672
1.1854410057910023
1.1853796988910292
1.1853144890482108
1.1852600232615393
1.185213889600043
1.1851852534014147
1.1851656948338982
1.1851171492414303
1.1851136409781984
1.1851105712478707
1.1850765410945239
1.1850157604340352
1.1849821249603019
1.1849593651025865
1.1849349826731266
1.1849286677993094
1.1849250279762067
1.1849278784400825
1.1848914363557634
1.1848328045065044
1.184754526383148
1.1847287845016858
1.1847182158587004
1.1846732223827545
1.1846385344300514
1.184614985213109
1.1845953389390118
1.1845524504210048
1.1845291643238047
1.1844980284876239
1.1844498337214788
1.1844128653976753
1.184366731736179
1.1843394988428433
1.184312879895573
1.1842711315631163
1.1842224982640674
1.18419618628983
1.1841740842314707
1.184126898091005
1.1840941396830793
1.1840291929600033
1.184005906862803
1.1839869183880618
1.1839581506295622
1.1839235942367305
1.183859393019591
1.1837943147366439
1.1837673449630506
1.1837480933685667
1.1837063888894006
1.1836728849755382
1.1836377146366408
1.1836196909342882
1.1835653567074877
1.1835482539242337
1.1835053654062266
1.1834734402108187
1.1834376120725651
1.1833904259320995
1.1833706919514215
1.1833374511573016
1.1833066222941533
1.1832703117697057
1.1832120307467697
1.1832001026517822
1.1831447159460124
1.1830962142068349
1.1830596844159351
1.183031530603501
1.182993641360599
1.1829458412740679
1.1828961554960495
1.1828689226027138
1.1828603712110866
1.1828284460156786
1.182803230373701
1.182787706308901
1.1827230227055674
1.1826418064117545
1.1825945325647078
1.1825687029766647
1.1824491589070463
1.1823808354806098
1.182322686017545
1.1822744035448194
1.1822189729857593
1.182162314534568
1.182125302357474
1.1820675914273133
1.1820385166957807
1.1820382974293289
1.1820459717551481
1.18201295022748
1.1819534413124133
1.181924805113785
1.1819129647253779
1.1819057727857532
1.181884591646492
1.1818666556507202
1.1818364407336375
1.181827757782139
1.1817683804269432
1.1817523301226585
1.1817529002154337
1.1817796945758654
1.18177465144747
1.1817292632919103
1.1817026443446403
1.18167935824744
1.1816472576388706
1.1816236645686375
1.1815813461434057
1.1815079357352833
1.1814830270663386
1.1814894735000268
1.1814657050166324
1.1814543470144199
1.1814368056982616
1.1814093535384738
1.181405845275242
1.1813344521184779
1.1812714787934695
1.1812143379560842
1.1811696953064614
1.1811091777657152
1.1810601936403433
1.1809816523972445
1.1808980680257504
1.1808670198961502
1.1808371119521004
1.180803608038238
1.1808065900619849
1.1807837863509791
1.180741424072457
1.1806901595759842
1.1806410000374508
1.1805878059962007
1.180550706112526
1.180495275553466
1.1804759362524013
1.1804290132316777
1.1804024819909884
1.1803687149573838
1.1803159594490378
1.1802770177271664
1.1802752197422604
1.1802400932566532
1.1802202715693944
1.1801793125961648
1.180134801506413
1.1801258992884627
1.1800941933595068
1.1801042357630074
1.180073713872892
1.180086694446849
1.1800351668306341
1.1799871036243603
1.1799211921288957
1.1799121144977838
1.1799195695571512
1.1798910649183938
1.1798526932892976
1.1798201980011145
1.1797881850991256
1.1797539356793265
1.179747445392348
1.1797558213708135
1.1797163972627476
1.1796618876227858
1.1796439077737237
1.1796108423927654
1.1795715936978612
1.1795196714020326
1.1794793263748686
1.1794426211708076
1.1794267024263938
1.1794033724759032
1.1793987678804116
1.1793845155610332
1.179382936842579
1.1793188233320204
1.1792801885831818
1.1792276523412877
1.1791810801468876
1.1791530578943246
1.1791239393095019
1.1790894706232509
1.1790056669853046
1.17894418467217
1.1788718267430172
1.1788566973578305
1.1788247721624225
1.1787974077092156
1.1787832869497081
1.1787606147985734
1.1787339958513035
1.178761009478187
1.1787540368050142
1.178754343778047
1.178802670104063
1.178796135963794
1.1787796909798955
1.1787570188287613
1.1787331187854955
1.1787411000843475
1.1787542560714661
1.1787596500261848
1.1787321978663972
1.1786782144659198
1.1786300635530655
1.1785906832982902
1.1785520485494514
1.178508546085379
1.1784440817484974
1.1784104901280543
1.1784449149610148
1.1784466252393404
1.178445704320242
1.1784243477678193
1.1784006669910054
1.1783649704126233
1.1783015147014209
1.1782240259372916
1.1781607017859603
1.1781345213715941
1.1780922029463623
1.1780506738803576
1.1779850693579255
1.1779113519767703
1.1778505274629916
1.1778061917864016
1.1777675131842724
1.1777456742456556
1.1776898490069816
1.1776674838288799
1.1776088081263305
1.1775752603591778
1.177566972087293
1.177556008764694
1.1775600432674105
1.1775425896578329
1.177528074218712
1.1775054459208678
1.1774776429347569
1.1774645308009286
1.1774319478061646
1.1773961196679115
1.1773894978210615
1.1773548098683586
1.1773348566212285
1.1773035892251764
1.177271093936993
1.177225881194595
1.177172336327022
1.177130851114308
1.1770768677138306
1.1770419166413852
1.1770387592044766
1.1769900820521375
1.176959209335699
1.1769285997390027
1.1769336867206888
1.176903471803606
1.1768568996092057
1.1768356746166542
1.1768115114536464
1.1768112921871943
1.1768032231817616
1.1767756394621025
1.1767803317641747
1.1767388465514605
1.1766679357808907
1.1766450005100137
1.1766275469004364
1.176613645407381
1.176586280954174
1.176555145117993
1.1765935167470891
1.1766050940157537
1.1766362298519346
1.1766435972047211
1.1766815741542038
1.1767020536408186
1.1767585805321388
1.176784322413601
1.1767603346637545
1.1767306459861566
1.1766935899557722
1.1766463161087257
1.1766018488722643
1.176524360108135
1.1764851552665214
1.1764339784766298
1.1764217872618996
1.176402886493739
1.1763945543685639
1.1764044213589029
1.17640187786806
1.17642292744745
1.1764092890741369
1.1764068771431653
1.176377363878729
1.176372846989818
1.1763658304633546
1.1763667075291626
1.1763547794341749
1.1763665759692916
1.1763658743166452
1.176340483261506
1.1763068039344822
1.1762693970777747
1.1762176063418173
1.176177787554138
1.1761365216078756
1.1760885461081827
1.1760878883088268
1.1760413161144265
1.1760350450938999
1.1760205735080693
1.1759724225952148
1.175928744717981
1.1759137030393751
1.1759015995312259
1.1758999331061908
1.1758876980381705
1.1759037483424553
1.175916027263766
1.1758690603897524
1.175839327858864
1.1758580970671533
1.1758396786851872
1.1758257333388413
1.1757797750905066
1.1757383337310827
1.1757407456620546
1.175703119538895
1.1756663704815433
1.1756393130013691
1.175621464712178
1.1755976523754934
1.1755177955336826
1.1755013505497844
1.1754672765431469
1.1754423240209118
1.1754147403012527
1.17536900131937
1.1752864694268452
1.1752447649476792
1.1751991575256675
1.1751781079462775
1.1751610928696041
1.1751464020173215
1.175113555902815
1.17510189092757
1.1750953129340105
1.1750972863320785
1.1750731231690703
1.1750575113976893
1.1750090535118023
1.1750058083683128
1.1750281296931244
1.1750135265474224
1.175004492769601
1.1749652879279873
1.174926126939664
1.17488135273017
1.1748608293902647
1.1748207036295526
1.174814301049155
1.1748077230555956
1.1747944793618958
1.1747819373208428
1.1747800077760655
1.1747736051956676
1.1747633873790053
1.1747350581534097
1.1747056764488448
1.174685635495134
1.1746823903516446
1.1746613407722546
1.1746783997022185
1.17468962614456
1.1746783558489282
1.174694274593342
1.1747009841467724
1.1746826973246773
1.174673663546856
1.174649412677267
1.1746132337126904
1.1745777564007605
1.174534034670236
1.1744868046764798
1.1744716314380028
1.1744269449350897
1.174353271407225
1.174336212477261
1.1743246352085965
1.1743046381081759
1.1742815274241374
1.1742449099266572
1.1741776389791903
1.1741443981850703
1.1740944492873093
1.1740643659300982
1.1740482279192324
1.1740329669741747
1.1740171797896322
1.1739900346028773
1.1739538994915915
1.1739418398367325
1.1739155717157854
1.1738714991589378
1.1738205854887882
1.1738091836332853
1.1737785301832988
1.1737627868520468
1.1737473504938274
1.1737006905928467
1.1737152937385482
1.1736929724137368
1.1736919637880576
1.1736539429852848
1.1736247366938812
1.1736138172245725
1.1736040379408144
1.1736388574533887
1.1736182025536124
1.173576717340898
1.1735597022642243
1.1735513262857586
1.1735519402318242
1.1735311976254672
1.1735339603827621
1.1735310660655958
1.173464365210904
1.1734095485979095
1.1733953839851117
1.1733343402048808
1.1732992575725643
1.1732631663145687
1.1732514574860329
1.1732107177792552
1.173185852963601
1.1731605057617522
1.1731292822189905
1.1731100744777971
1.1730885425122128
1.1730457417007867
1.173030129929406
1.1730137726520882
1.1729932931654734
1.1729800933250645
1.1729705771610486
1.1729101473268833
1.1728657239437124
1.1728398943556693
1.1727848584762226
1.1727467061135783
1.1727774034168554
1.1727377161890473
1.1727231130433455
1.1727078082449975
1.1726869779320594
1.1726631655953748
1.172621768089241
1.1726187860654942
1.172577783238974
1.1725615136682372
1.1725741872691617
1.172570108913155
1.1725714245118668
1.1725754151612928
1.172563574772886
1.1725434899658849
1.1725373505052294
1.172534763161096
1.1725105561447977
1.1724753858059003
1.1724545993462527
1.1724245598423315
1.1723766281959291
1.1723283457232037
1.1722767304004078
1.1722249396644504
1.1721586773426624
1.1721424954785065
1.1720967126433335
1.172049921182481
1.1720029981617577
1.1720072519309261
1.1720045330269215
1.1720026473354346
1.1719825625284335
1.1719575222996175
1.1719140636888352
1.1719179666316806
1.1718974871450656
1.1718444685169773
1.17179820329561
1.1717627259836798
1.1717317655606603
1.1716476988029718
1.171616606820081
1.1715696837993579
1.1715366184183993
1.171531575290004
1.171515305719267
1.1715179807699814
1.171494343846458
1.171466409300476
1.1714452281612149
1.1714254941805367
1.1713842282342743
1.1713483562427307
1.171304152126012
1.171282225480814
1.1712882333815982
1.1712763052866106
1.1712488092735325
1.1711853097090397
1.1711560157110554
1.1711302299763027
1.171134045212567
1.1711488676247206
1.1711434736700022
1.171163426917132
1.1712125426023752
1.1712214448203255
1.1712138143477968
1.171220041515033
1.1712013600133244
1.1712059207555257
1.1712017546929379
1.171212718015537
1.171231443370536
1.1712262686822692
1.1712816992413293
1.1713056869911758
1.171304590658916
1.1712558257999959
1.1712017985462284
1.1711699610574011
1.1711353169579883
1.1710920776136584
1.1710500661614591
1.1710123084784285
1.1709771819928214
1.1709665256432555
1.1709441166118633
1.1709016227734699
1.1708945623937161
1.170901447360308
1.1708877651337048
1.1709141209612324
1.170895746432557
1.1708793891552391
1.1708369830234266
1.170836149810909
1.170820055653334
1.1708043561753723
1.1707603274718148
1.1707139745438666
1.1707108171069582
1.1706727524508946
1.1706609120624878
1.1706342931152176
1.1705967546986389
1.17056031261432
1.1705197483207042
1.170477517602053
1.1704346729373363
1.1704199820850538
1.1703930123114605
1.1703716557590376
1.1703973099339193
1.170351307832294
1.170332450917424
1.1702512784769015
1.1702285624724766
1.1701937429599023
1.1701425223167203
1.1701180960339699
1.1700908631406342
1.170066129884851
1.1700741988902836
1.1700656474986566
1.1700281529353682
1.1700531054576033
1.1700383707520303
1.1700783210995809
1.1700857323056577
1.170082180189136
1.1700735849442183
1.1700708660402137
1.1700423614014563
1.1700425368146181
1.1700371428598992
1.170022934393811
1.1700186367713523
1.1699970609524777
1.1699804405554177
1.169938779929542
1.1699248345831958
1.1698725614610443
1.1698870769001652
1.16983997846628
1.1697962567357558
1.169739554431274
1.1697037701463113
1.1696654862237956
1.1696514970241596
1.1696450505904714
1.1696121606226746
1.1696146164069368
1.169617291457651
1.1696128184220305
1.1696056264824057
1.1695872519537298
1.1695753677120326
1.1695622994314947
1.1695602383268462
1.1695345402986743
1.1695112980547646
1.1694828811225881
1.169457709333901
1.1694492456488548
1.1694300379076612
1.1694140314566668
1.169373028630147
1.169352417583661
1.1693282982739432
1.169312949622305
1.1693070294281014
1.1692952328929849
1.1692899704981374
1.1692697102779745
1.169263219990996
1.1692444507827067
1.1692134903596871
1.1691997642797936
1.169157708974304
1.1691450353733797
1.1691331949849728
1.1690999980441432
1.1690665818368617
1.169060530082787
1.1690237810254356
1.1690032576855303
1.1689546682397718
1.1689146301856406
1.1688793721401625
1.1688706014820833
1.1688233714883272
1.1687931565712444
1.1687898237211745
1.1688136360578594
1.1687878064698163
1.1687750451623111
1.1687504873196897
1.1687069848556169
1.1686879525275853
1.1686576499039218
1.1686231373643805
1.1686138404668165
1.1685740655324275
1.1685531036596184
1.168526002326154
1.168475921868522
1.1684664495577965
1.168441233915819
1.1683869873955994
1.168351992469864
1.1683276100404036
1.1683128314815403
1.1682751615050906
1.1682371407023173
1.1682058733062655
1.168179692891899
1.1681729394851783
1.1681509251333995
1.1681271127967148
1.1680940474157562
1.1680606750617653
1.1680652796572568
1.1680665952559686
1.168076286833146
1.1680528253227842
1.1680569036787911
1.1680219087530554
1.1680210316872475
1.1680455018232883
1.1680124802956202
1.167989062638549
1.1679704249901308
1.167963934703152
1.1679618297452135
1.1679372280493012
1.1679154329639747
1.1678902611752875
1.1678892964028988
1.1678682906767994
1.1678515825731584
1.1678409262235923
1.167852415785676
1.1678475042171517
1.1678391720919765
1.1678717112334502
1.1678943833845847
1.167889120989737
1.167892541546388
1.167878903173075
1.1678549154232285
1.1678430750348217
1.167817947099425
1.1678046595524352
1.167812509291416
1.1677863288770496
1.1677629550732687
1.1677444051314314
1.167723399405332
1.1677071298345951
1.1676820457524886
1.1676647675560727
1.1676453844017178
1.1676172305892838
1.1676011364317087
1.1675781573075414
1.1675698690356566
1.1675307080473332
1.167489573660942
1.1674797505238934
1.1674387915506639
1.1674177858245642
1.1673836241113458
1.1673887987996125
1.1673587154424012
1.1673626622385367
1.1673242467561502
1.1673239397831174
1.1673019692846291
1.1673021885510813
1.167292847800227
1.167268158397734
1.1672724998734831
1.167276139696586
1.1672578967277816
1.167254739290873
1.1672346106305813
1.1672277256639894
1.1672079039767302
1.167213604904482
1.1672112368268004
1.1672243928139192
1.1672527220395148
1.1672673251852166
1.1672739470320663
1.1672739908853567
1.167302495524114
1.1672945580785523
1.1672635976555328
1.167241320184012
1.1672258838257927
1.1672132979314491
1.1672124208656411
1.1671849687058535
1.1671666818837585
1.1671469917563706
1.1671233548328475
1.167105462690366
1.1670916489038914
1.167076212545672
1.1671066028759163
1.1671144087616068
1.1671070852621106
1.167133484942929
1.1671533943367685
1.1671454130379164
1.1671260298835615
1.1671151104142532
1.1670875705478845
1.1670443750568449
1.1669914441353373
1.1669784635613802
1.1669553090240512
1.1669328122860783
1.1669179021673437
1.166899659198539
1.1668959316688554
1.166892335699043
1.1668693565748756
1.1668515082856845
1.1668826441218654
1.166864751979384
1.1668690496018428
1.1668604105036349
1.166880276044184
1.1668880819298746
1.1668612437161525
1.166822740527185
1.1667751597071057
1.1667481899335121
1.1667118355557742
1.1666848219288906
1.1666609218856248
1.1666503970959299
1.1666568873829084
1.16665596646381
1.1666560103171006
1.166656843529618
1.166646538006375
1.1666202260321377
1.166605973712759
1.1665893094624087
1.1665599277578436
1.166561988862492
1.166545368465432
1.1665158113477054
1.1664693707131764
1.1664361299190564
1.1664122298757909
1.166400038661061
1.1663984160893162
1.1663867072607805
1.1663807432132867
1.1663664470406176
1.166352501694272
1.1663518438949159
1.166342196171029
1.1663281631181022
1.1663277245851984
1.166352940227176
1.166322944576545
1.1663173313553745
1.1662819856033155
1.1662636110746398
1.166270715307684
1.1662650143799325
1.1662592695988905
1.1662350625825924
1.1662011639891163
1.1662032250937648
1.1661833595532156
1.1662104170333898
1.166201690228601
1.1661800267031457
1.1661865608434145
1.1661780094517873
1.1661575299651727
1.166121219440725
1.1661165271386524
1.166085303595891
1.166051536562286
1.1660279873453436
1.166010489882476
1.165966285765757
1.1659610233709095
1.165925414499108
1.1659050227190741
1.1659017775755849
1.1659060313447531
1.165879719370516
1.1658523110640187
1.1658435404059393
1.1658174915514445
1.1657886799396544
1.1657952579332136
1.165786750394877
1.165782979011903
1.1657919689364342
1.1657924513226283
1.1657751731262125
1.165766797147747
1.16573833636228
1.1657146555854663
1.1657118928281713
1.165671942480621
1.165689220677037
1.1656667239390641
1.1656326937857169
1.1656068203443835
1.1656082675029666
1.1656230899151203
1.1656256334059631
1.1656359827824967
1.1656464198656107
1.165629931028422
1.1656082675029666
1.1655847621393143
1.1655583186052056
1.1655203416557232
1.165492845642645
1.1654661828420845
1.1654559211721318
1.165444870142952
1.165407375579664
1.165384484162077
1.165387246919372
1.165387334625953
1.165386676826597
1.1653881678384703
1.1653623382504272
1.1653674690854037
1.1653590054003573
1.1653725560670896
1.16540364804998
1.165396105284032
1.1653761958901925
1.165345016200721
1.1653205460646803
1.1652930939048927
1.1652933131713445
1.1652598531107725
1.1652342866424719
1.1651805225084468
1.1651543420940804
1.1651249603895155
1.1651182946893752
1.1650849661886746
1.1650489626372598
1.1650098893555172
1.1649842351806357
1.164971736992873
1.1649590633919487
1.1649569145807193
1.1649482754825113
1.1649313481124184
1.164910386239609
1.1648981950248793
1.1649149469818105
1.164920998735885
1.1648856091305357
1.1648474129146011
1.1648089535789241
1.1647949643792879
1.1647791771947453
1.1647497516368897
1.164729929949631
1.1647133534058614
1.1646826999558748
1.1646446352998114
1.1646294620613344
1.164598150811992
1.1645553938538562
1.1645228108590922
1.1645447375042899
1.1645416677739622
1.1645189517695371
1.1644979021901474
1.1644636527703485
1.1644228692102803
1.164404450828314
1.1644020827506327
1.1644059418401875
1.164391470254357
1.1643796298659503
1.1644003724723073
1.1644098009297423
1.1643983990742395
1.1643963818228813
1.1643740604980697
1.1643550720233287
1.1643211295765623
1.1642954315483904
1.1642874941028287
1.1642748643551948
1.1642427637466253
1.164227985187762
1.1641827285920736
1.1641657573686903
1.164148435318984
1.1641364633707059
1.1641178695755783
1.1641167732433182
1.1640881808979802
1.1640748933509903
1.1640350745633112
1.1640199451781246
1.1640014829428682
1.1640190242590263
1.164027619503944
1.1640235850012275
1.1640237165610987
1.1640146827832771
1.164037267227831
1.1640371795212503
1.1640201205912861
1.1639928876979506
1.1639996411046716
1.1639889847551053
1.163984424012904
1.1639557439609853
1.163955831667566
1.1639438597192882
1.1639411408152835
1.163945964677227
1.1639838977734194
1.1639951242157607
1.1639649970052588
1.163951709458269
1.1639296512531998
1.1639076807547117
1.163881456487055
1.1638511538633916
1.1638018627649869
1.1637725687670026
1.163739371826173
1.1637133229716778
1.16369029999422
1.1636716623458019
1.1636713992260597
1.1636622338883669
1.1636626285679805
1.1636801260308482
1.163686309344794
1.1636938521107423
1.1636974919338452
1.1636937644041614
1.163692273392288
1.1636657421515986
1.16364372779982
1.1636514898322199
1.1636512267124774
1.1636463589972434
1.1636287299745045
1.16361715270584
1.1635994359765203
1.1635774216247416
1.1635715014305381
1.1635880779743077
1.1636225466605588
1.163625002444821
1.1636246077652075
1.163638640818134
1.1636339046627713
1.1636503496466697
1.1636583309455215
1.1636538140566108
1.1636441663327237
1.1636250901514016
1.1636198277565541
1.1635943051415438
1.1635650988501403
1.163556065072319
1.1635243152900725
1.1635058969081062
1.1634957229447345
1.1635086158121108
1.1634879609123343
1.1634684461981082
1.1634423973436134
1.1634347668710845
1.1634337582454053
1.1634267855722324
1.163420207578673
1.1633776260336988
1.1633483758890049
1.1633255283247088
1.1633105743526837
1.1632682997807424
1.1632218591462133
1.1631846715559577
1.1631599383001747
1.1631174444617811
1.1631339771522602
1.163155114438231
1.1631455105676345
1.1631324422870963
1.1631083668306692
1.163103806088468
1.1630778449405539
1.1630680218035052
1.163038727805521
1.1630215811689761
1.1630136875767048
1.163006144810757
1.1629984266316473
1.1629809730220697
1.1629656682237215
1.1629476006680786
1.162934006148056
1.162941768180456
1.162921595666874
1.162913965194345
1.162916070152284
1.1629085712396263
1.1628844957831992
1.1628733131941482
1.162869410251303
1.1628702873171108
1.1628571313299922
1.162845247088295
1.1628236274161299
1.1628013937978992
1.1628262147602633
1.1627945965378879
1.1627618381299625
1.1627596016121522
1.1627562249087917
1.1627579351871171
1.1627395606584412
1.1627193004382785
1.162692286811395
1.162678341465049
1.162670798699101
1.1626290065133538
1.1626464601229314
1.1626635629061857
1.1626807972493112
1.1626756225610446
1.1626825952342175
1.1626733860432341
1.1626665010766422
1.1626337426687166
1.1625922136027118
1.1625356428581015
1.1625256004546007
1.162488588277507
1.1624742921048379
1.162472450266641
1.1624620570368174
1.162476090089744
1.1624855624004695
1.1624739412785146
1.1624615307973327
1.1624449981068534
1.1624036883073008
1.1623822440482972
1.1623816301022316
1.1623633871334271
1.162339662503323
1.1623456265508167
1.1623426445270697
1.1623158940199285
1.1623132189692145
1.1623310672584055
1.1623316373511807
1.16234154819481
1.1623263311030427
1.1623325144169885
1.1623058954697183
1.1622809868007735
1.1622684886130108
1.1622701550380459
1.1622695410919803
1.1622527452817586
1.1622515612429178
1.1622398962676728
1.1622188905415731
1.1621987180279914
1.1621944204055326
1.1621917453548183
1.1621952097647594
1.1621772737689877
1.1621530667526891
1.162152715926366
1.162123772754705
1.1621156598959816
1.1620917159994257
1.1620992149120832
1.1620925053586528
1.1620805772636653
1.1620329525902955
1.1619962912395247
1.1619688829330275
1.161963532831599
1.1619868627820895
1.162004754924571
1.1620275586355766
1.1620415916885034
1.1620288742342886
1.161995019494103
1.1619795392825936
1.1619490612457686
1.16194037829427
1.1619165659575852
1.161919065595138
1.1618963057374225
1.1618645121018856
1.1618203956917474
1.161777112494127
1.1617532124508614
1.1617129112769877
1.161686687009331
1.1616852837040383
1.161655419613279
1.1616291076390415
1.1616049006227431
1.1615778869958593
1.1615558287907901
1.161555916497371
1.16155135575517
1.1615378050884377
1.1615327181067516
1.161516360829434
1.1614979424474678
1.1614842163675743
1.161467815236966
1.1614415909693094
1.1614488706155153
1.1614778137871764
1.1614630790816034
1.1614212430425659
1.1614023861276956
1.161410849812742
1.1613797578298515
1.1613622165136932
1.1613462977692794
1.1613261252556977
1.1613470871285068
1.1613305982913178
1.1612941562069992
1.1612795969145877
1.1612744660796115
1.1612630642241086
1.1612349981182553
1.1612290779240517
1.1612586350417786
1.161244821255304
1.1612324107741219
1.1612380678485832
1.1612235085561715
1.1612103087157624
1.1611808831579071
1.1611642627608472
1.161135889681961
1.1611432570347475
1.161112954411084
1.1610991406246094
1.1610937905231813
1.1611026927411316
1.1611094461478524
1.161063400192937
1.1610572607322815
1.161086773996718
1.1610693642404306
1.1610649789113912
1.161039017763477
1.1610166087320848
1.1610031896252235
1.1609938927276597
1.161007662660844
1.1610082766069096
1.1610116971635605
1.1609934103414654
1.1609867884946157
1.1609891565722972
1.160979070315506
1.1609585031223104
1.1609505218234584
1.1609450840154494
1.1609121501943622
1.1608947404380752
1.1608909252018107
1.1608950035578174
1.1608828123430874
1.1608886886840004
1.1608939949321382
1.1608826369299259
1.1608571143149156
1.1608500977884524
1.160840318504694
1.160815848368653
1.1607743631559388
1.1607560324805535
1.1607286680273465
1.1607175731448764
1.160720423608752
1.1607222215936583
1.1607071360617622
1.1607028822925938
1.160701215867559
1.1607170469053918
1.1607216953541737
1.1607256860035995
1.1607300274793486
1.1607372194189738
1.1607117406572538
1.160683060605335
1.1606655631424672
1.1606560908317416
1.1606197364540036
1.1605992569673889
1.160600265593068
1.16059715200945
1.1606463554012738
1.1606683697530524
1.1606590290021983
1.160656003125161
1.1606454344821755
1.1606704747109915
1.160671527189961
1.1606604761607813
1.1606449959492715
1.1606151757118024
1.1606240340764624
1.1606108342360533
1.1606067558800466
1.1605810578518745
1.1605863641000125
1.1605750938043808
1.1605632095626834
1.1605952224646723
1.1606014496319088
1.1605998270601638
1.160591187961956
1.16058167179794
1.1605637358021683
1.1605597890060326
1.1605367660285748
1.1605185669130607
1.160521592790098
1.1604955000823125
1.160482344095194
1.1604544534025023
1.1604355526343417
1.1604178797583122
1.1603898575057494
1.160364115624287
1.160351354316782
1.1603440746705762
1.16033451465327
1.1603181135226621
1.160319779947697
1.1603160524180134
1.160309693690906
1.1602807066659544
1.1602725938072314
1.160252728266682
1.160253956158813
1.1602486499106752
1.1602416772375022
1.16021812802056
1.1602120762664851
1.1602090942427383
1.1602126902125507
1.160190675860772
1.160178923178946
1.160178791619075
1.1601550231356805
1.1601527427645797
1.16014278806766
1.16012173848827
1.1601098542465729
1.1600846824578857
1.160061220947524
1.1600562655257094
1.1600390750358742
1.1600163151781588
1.1599974582632886
1.1599850039288162
1.1599744791391213
1.1599561046104454
1.159989301551275
1.1599520262544387
1.1599212850978713
1.159909488562755
1.1599065942455886
1.1599062434192655
1.1599040946080361
1.1599030421290668
1.1598785719930258
1.1598698890415275
1.1598435770672901
1.1598339731966936
1.15983248218482
1.159840551190253
1.159842787708063
1.159854189563566
1.159869275095462
1.1598481378094914
1.159835025675663
1.1598325260381106
1.1598291054814596
1.1598273952031342
1.1597883219213916
1.1597959523939205
1.159790909265525
1.1597807791554435
1.1597634132524468
1.1597549934206908
1.1597484592804217
1.159751485157459
1.1597369697183382
1.1597266203418048
1.1597059654420283
1.1596896520180011
1.1597032903913143
1.1597196038153417
1.1597164902317234
1.159727409701032
1.159721884186442
1.1597056584689955
1.1596945197332351
1.1596809690665029
1.1596638224299582
1.1596628576575694
1.1596623752713753
1.1596536484665863
1.1596377297221727
1.1596074709517996
1.159586114399377
1.1595618635297882
1.1595593200389454
1.1595865529322809
1.1595772998880074
1.159576028142586
1.1595691870292844
1.1595734846517431
1.1595637053679848
1.1595609426106899
1.1595375249536186
1.159511958485318
1.1594964344205176
1.1595022669081403
1.1594665264764679
1.1594692892337628
1.1594569226058713
1.1594586767374873
1.1594347328409311
1.1594181562971615
1.159401799019844
1.1593942124006054
1.1593554022386052
1.1593610593130663
1.1593616732591319
1.1593484734187227
1.1593329055006323
1.1593307566894029
1.1593265029202344
1.1593129522535022
1.1592995769999317
1.159301988930903
1.1593078652718163
1.1593007171854817
1.1592730896125325
1.1592440587342905
1.1592596705056715
1.1592334023847244
1.1592448480935178
1.1592343233038227
1.1592565569220534
1.1592780450343472
1.1592729580526613
1.1592776065014432
1.1592754138369235
1.1592685727236218
1.1592618193169009
1.159255416736503
1.1592438394678386
1.1592006439767988
1.1591693327274561
1.1591405211156665
1.1591313557779737
1.159117892817822
1.1590965362653993
1.1590892566191937
1.1590800474282106
1.1590650496028951
1.1590776793505293
1.1590729431951665
1.1590717591563258
1.1590705751174852
1.1590714960365833
1.1590600503277901
1.1590475082867369
1.159037422029946
1.1590307124765156
1.1590174249295255
1.159009487483964
1.1589940949790352
1.1589765098095863
1.1589768606359097
1.1589556356433581
1.1589396291923637
1.1589394976324923
1.1589269555914392
1.1589227456755613
1.1589195882386527
1.1589093265687003
1.1588917413992514
1.158894109476933
1.1588902942406683
1.1588762173344516
1.1588565272070637
1.158854115276092
1.1588374510257418
1.1588289434874048
1.1588117529975697
1.1588336796427676
1.158849247560858
1.1588552993149328
1.1588582813386794
1.1588540275695112
1.1588304783525687
1.1588064028961416
1.1587920190168917
1.1587686452131107
1.1587656193360734
1.1587403159875151
1.1587397020414496
1.15872312549768
1.1587157581448935
1.1587063296874585
1.1586998832537703
1.158711153549402
1.158697734442541
1.1586999709603512
1.158677342662507
1.1586695367768165
1.1586512499547215
1.1586441457216774
1.1586183161336343
1.1586082737301338
1.1586227453159643
1.158616605855309
1.1586136238315619
1.1586072651044548
1.158587706536938
1.1585626663081223
1.1585468352702892
1.1585445987524792
1.1585303464331007
1.1585125419972
1.1585019733542146
1.1584936412290392
1.1584888612203863
1.1584689956798369
1.1584555765729758
1.158456365932203
1.1584752667003635
1.1584892120467094
1.158477196245141
1.1584653997100245
1.1584623738329873
1.1584475952741238
1.1584514982169691
1.158445621876056
1.1584680309074482
1.158473556422038
1.1584722408233263
1.1584902206723884
1.1584932465494258
1.1584975441718846
1.1584958777468497
1.1584756175266868
1.1584604442882096
1.158445490316185
1.1584329044218413
1.1584137405339385
1.1583922085683542
1.1583767283568442
1.1583694925639292
1.158354977124808
1.1583562488702297
1.158346206466729
1.1583437068291764
1.1583315594677368
1.1583277880847627
1.1583339713987084
1.1583318664407696
1.1583225695432056
1.1583243675281119
1.158310729154799
1.1583042827211107
1.1582820929561706
1.1582691123822133
1.1582625782419445
1.1582438090336549
1.1582459578448843
1.1582366170940301
1.158231398552473
1.158225171385237
1.1582174532061273
1.1582545530898019
1.158257008874064
1.158241791782297
1.1582374941598381
1.1582246012924617
1.1582347752558335
1.158233152684089
1.1582399499441003
1.1582181110054832
1.1582189880712912
1.1582089018145
1.1581954388543485
1.1581899571930492
1.1581750470743146
1.1581575057581563
1.1581408415078058
1.158114924213182
1.1580894454514623
1.1580722111083368
1.1580499336368155
1.1580383563681513
1.158017701468375
1.157986039392709
1.157964507427125
1.1579525793321372
1.1579524039189757
1.157952667038718
1.1579352572824309
1.1579391163719857
1.1579354326955924
1.1579323629652647
1.1579231537742816
1.1579174089932398
1.1578995168507584
1.1579023234613437
1.1579011394225032
1.1579031566738611
1.1579128043977482
1.157916751193884
1.157920215603825
1.1579196893643404
1.1579093838410974
1.1579253902920918
1.1579151286221392
1.1579068403502544
1.1579003500632759
1.1578752659811695
1.15787197698439
1.1578625046736644
1.1578340000349072
1.1578117664166765
1.157789094265542
1.1577807182870763
1.1577615105458832
1.1577615982524638
1.1577634839439508
1.157762826144595
1.1577638786235647
1.1577718599224165
1.1577658520216323
1.1577570375102626
1.1577598002675575
1.1577663782611172
1.1577617736656256
1.1577570375102628
1.1577484861186356
1.1577365141703577
1.157709325130312
1.1576925293200908
1.1576627090826217
1.157635827015609
1.1576253460792043
1.157619075058678
1.1576521404396363
1.1576375811472248
1.1576382389465807
1.1576226271752
1.1576078924696271
1.1575891671146281
1.1575955696950258
1.157576844340027
1.1575642584456833
1.157536499312863
1.157539612896481
1.1575265446159428
1.15753838500435
1.1575294827863996
1.1575283864541395
1.1575192649697372
1.1575066790753938
1.1575144849610841
1.1575028638391291
1.1574930845553713
1.1574736136944352
1.1574497136511697
1.1574341457330792
1.1574023959508328
1.1573821795839603
1.1573676641448394
1.1573427554758946
1.1573490703497116
1.1573492896161635
1.1573589811933411
1.1573539380649454
1.157365427627029
1.1573669186389026
1.1573752946173683
1.1573610861512802
1.157344904287124
1.1573317483000052
1.1573021911822785
1.1572724147980997
1.157244392545537
1.1572152739607142
1.157206371742764
1.1572008462281742
1.1571698858051547
1.1571433984177557
1.1571490993455071
1.1571500202646057
1.1571441439236925
1.1571328736280608
1.1571452402559523
1.1571341453734822
1.1571241029699815
1.1571377851965852
1.1571328297747705
1.1571212963593962
1.1571231381975928
1.157101650085299
1.1571212086528155
1.1571173057099702
1.1571136658868675
1.1571056407347249
1.1570990188878754
1.157089765843602
1.1570907306159905
1.157097220902969
1.1570845911553351
1.1570773553624196
1.1570694617701487
1.1570434129156535
1.157024512147493
1.1570117508399878
1.157003550274684
1.156996577601511
1.1569989456791925
1.1569764489412193
1.1569690815884328
1.1569511894459514
1.1569468918234926
1.1569215446216439
1.156899486416575
1.1569044418383896
1.1569053189041973
1.1568974253119264
1.1568821205135782
1.156871157190979
1.1568536158748208
1.1568485288931352
1.1568303736309113
1.1568390127291193
1.156811735982493
1.1567815210654104
1.156777135736371
1.156771610221781
1.1567708647158443
1.1567781005087596
1.1567957295314986
1.1567925720945902
1.1567924843880093
1.1568048071626107
1.1568173053503734
1.1568324347355599
1.1568341888671756
1.156843968150934
1.1568319962026559
1.1568123499285585
1.1568133585542377
1.1568307244572344
1.1568320839092365
1.156832697855302
1.1568276547269067
1.1568122622219779
1.1568111220364274
1.1568180947096005
1.1568066490008073
1.1568029653244138
1.156787879792518
1.1567681458118397
1.1567490257772273
1.1567285462906125
1.1567253888537041
1.1567183723272407
1.1567029798223118
1.1566942091642325
1.1566894291555796
1.1566884643831907
1.1566926304457783
1.1566957878826867
1.1567062688190914
1.1567188108601445
1.156714425531105
1.1567103471750984
1.1567294672097108
1.1567347734578486
1.1567268798655772
1.1567255204135751
1.1567328877663616
1.1567336332722982
1.156734598044687
1.1567321422604249
1.1567284585840316
1.1567309143682938
1.1567123644264563
1.1567049093670891
1.1567063565256723
1.1566924988859073
1.1566868856647365
1.1566768871145263
1.1566535571640357
1.1566520222988719
1.1566485578889307
1.156645049625699
1.15665623221475
1.1566590388253353
1.1566711423334843
1.1566919726464224
1.156696796508366
1.1566883328233195
1.1566935075115863
1.1566960510024291
1.1567061372592202
1.1567185477404023
1.1567128029593603
1.1566995154123705
1.1566864471318326
1.1566789920724654
1.1566999539452745
1.1566871049311884
1.1566741243572314
1.1566701337078054
1.1566713615999364
1.156661582316178
1.1566586879990122
1.1566635995675365
1.156657460106881
1.1566503997271274
1.1566475492632518
1.1566464090777013
1.1566440848533102
1.1566341740096808
1.1566188692113326
1.1566058447840852
1.156598038898395
1.1566040906524695
1.156601503308336
1.1566143084691316
1.1566051869847294
1.1565814623546253
1.1565741388551292
1.1565612898410431
1.1565517736770272
1.156536425025389
1.1565196292151674
1.156507174880695
1.156493668067253
1.1564836256637525
1.156478144002453
1.1564743287661887
1.1564699434371488
1.156465163428496
1.1564778808827105
1.1564859937414338
1.1564864761276281
1.1564856867684012
1.1564867831006609
1.1564826170380733
1.1564813891459422
1.1564666982936598
1.1564629269106856
1.1564483676182742
1.156436921909481
1.1564430613701364
1.156431045568568
1.15641131158789
1.1563850873202333
1.1563783777668029
1.1563591700256093
1.1563398745778353
1.1563079493824273
1.1562983016585402
1.156293170823564
1.156269928579654
1.156249405239749
1.1562123492093646
1.1561948955997872
1.1561679696794842
1.1561585412220492
1.156150779189649
1.1561273176792874
1.1561198626199203
1.1560951293641368
1.1560926297265843
1.1560881128376737
1.1560796930059176
1.1560809208980487
1.1560654406865392
1.1560505305678044
1.1560275514436371
1.1560213242764008
1.1559995291910743
1.1559927757843533
1.1559726032707713
1.1559602804961702
1.155960148936299
1.1559635256396594
1.1559525184637702
1.1559471245090513
1.1559287499803756
1.1559011662607168
1.1559017802067824
1.1558864315551438
1.155890773030893
1.1558962108389021
1.1559116471971214
1.155921031801266
1.1559255486901767
1.1559149800471915
1.1559082704937609
1.1558973948777427
1.155890992297345
1.155872924741702
1.1558579269163864
1.1558399909206147
1.155817713449094
1.1558134158266349
1.1558021455310032
1.1557831132029714
1.155760441051837
1.1557892526636269
1.1557806574187093
1.1557713166678552
1.1557780262212858
1.1557746933712156
1.1557669313388155
1.15578736697214
1.155778289341028
1.1557760528232177
1.155764870234167
1.1557620636235817
1.155756011869507
1.155756011869507
1.1557396984454797
1.1557275510840403
1.1557217185964177
1.1557165000548606
1.1557148774831159
1.15572531456623
1.1557107114205283
1.1556945734096626
1.1556908897332694
1.1556700594203315
1.1556508955324285
1.1556478258021008
1.1556199351094092
1.1555970436918226
1.1555855541297388
1.1555685390530654
1.1555537166409118
1.1555364822977863
1.1555265714541567
1.1555149941854923
1.1555071882998018
1.1555117490420028
1.1554937691929408
1.1554859194539597
1.1554883313849316
1.1554953040581046
1.155476973382719
1.1554512315012568
1.1554420661635643
1.1554387771667844
1.1554387771667844
1.1554339971581313
1.155420446491399
1.155400800217302
1.1553725148449967
1.1553480008556654
1.1553191015372946
1.1553076996817917
1.1552879218478234
1.1552716522770865
1.1552697227323092
1.1552754236600604
1.155266170615787
1.155254768760284
1.1552513482036333
1.155247445260788
1.1552469190213033
1.155216090158155
1.1552076264731088
1.155200697653226
1.1551924970879224
1.1551746926520217
1.1551569759227018
1.1551328566129841
1.1551249630207128
1.155126541739167
1.1551067200519083
1.155091283693689
1.1550725144853997
1.1550562010613725
1.1550316432187508
1.1550289243147462
1.155022346321187
1.1550185310849224
1.15501050593278
1.1549931838830738
1.154981255788086
1.154983009919702
1.1549633636456047
1.154952312616425
1.1549395074556295
1.154941437000407
1.1549490236196454
1.154946436275512
1.1549421386530532
1.1549390689227255
1.1549352098331707
1.1549307806508406
1.1549357799259459
1.1549480149939662
1.1549559962928182
1.1549665649358036
1.1549671350285786
1.154965380896963
1.1549604254751482
1.1549564348257222
1.154942445626086
1.154931920836391
1.1549135024544248
1.1548908741565806
1.1548849978156674
1.1548792968879162
1.154888462225609
1.1548954348987817
1.1549056088621534
1.1549088978589332
1.1549037231706665
1.1548995571080791
1.1548964435244609
1.1549046879430553
1.154905652715444
1.1549156951189445
1.1549044686766032
1.1549009604133715
1.1548954348987817
1.1548967943507842
1.154899995640983
1.1548866642407027
1.1548771919299772
1.1548740344930688
1.154867105673186
1.154860352266465
1.1548546951920042
1.1548485995846391
1.1548507922491589
1.154843381043082
1.1548396096601081
1.1548405305792064
1.1548437757226955
1.1548338210257758
1.1548337771724855
1.1548248749545351
1.1548177268682007
1.1548122013536108
1.1548175953083293
1.1548221560505305
1.154810666488447
1.1548012380310118
1.1547936075584828
1.1547754084429687
1.1547547973964827
1.154735107269095
1.1547205041233934
1.1547029628072352
1.1546994545440032
1.1546846321318496
1.1546747212882202
1.1546641964985254
1.1546537155621208
1.1546386300302247
1.1546324467162787
1.1546174488909635
1.1545980218833183
1.1545889003989158
1.1545793842349
1.154578726435544
1.1545628076911303
1.1545561419909904
1.1545471082131686
1.1545401793932863
1.154527856618685
1.1545253569811325
1.1545140866855008
1.1545070701590374
1.1544881255375865
1.154468347703618
1.1544579983270846
1.1544358962687253
1.1544201967907637
1.154409277321455
1.1544014275824743
1.1543950250020765
1.1543904642598752
1.1543908150861983
1.1543764312069487
1.1543630998066683
1.1543537152025238
1.1543453392240581
1.1543416555476649
1.1543411731614706
1.154332577916553
1.1543199043156287
1.154311835310196
1.1543032400652784
1.1543245527644106
1.1543469617958029
1.1543723089976514
1.1543817374550867
1.154400725929828
1.1544192320183748
1.1544348437897558
1.1544383959062778
1.1544418164629286
1.154445850965645
1.1544612873238644
1.1544643132009016
1.1544658042127751
1.1544637431081264
1.154460147138314
1.154465453386452
1.154461594296897
1.1544583930066983
1.154463216868642
1.154458699979731
1.1544434828879637
1.1544451931662891
1.1544572089678575
1.1544551040099185
1.1544566388750823
1.1544651025601287
1.1544646640272247
1.1544676460509717
1.1544536129980452
1.154442956648479
1.1544445353669333
1.1544454124327412
1.1544260292783863
1.154396428307369
1.1543737123029443
1.1543519172176175
1.154348540514257
1.154330472958614
1.1543286311204173
1.154314071828006
1.1543011351073393
1.1542898648117075
1.154283155258277
1.1542657016486995
1.1542495636378338
1.1542340834263243
1.154221102852367
1.1542024652039489
1.1542037808026606
1.1542073767724732
1.1541912826148981
1.1541944400518065
1.1541851431542427
1.1541827312232709
1.1541777319481659
1.1541798369061047
1.1541791791067488
1.154168347344021
1.1541655407334357
1.1541583926471013
1.1541428247290106
1.1541339225110605
1.1541350626966107
1.1541247133200774
1.1541212927634266
1.1541217312963306
1.1541112942132163
1.1541030497946219
1.1541201087245858
1.154134755723578
1.1541314667267981
1.1541239678141406
1.1541211612035553
1.154107610536823
1.1541038391538492
1.1541089261355348
1.1541030497946219
1.1541089699888254
1.1541038391538492
1.1540867363705947
1.1540684056952093
1.1540484963013697
1.154038322337998
1.1540253856173313
1.1540116595374372
1.1539982842838665
1.1539778925038324
1.1539647803700044
1.1539586847626393
1.1539585093494775
1.1539545187000515
1.1539564920981196
1.153955527325731
1.1539475460268789
1.153940047114221
1.153927066540264
1.1539118055952062
1.1538912384020106
1.1538718113943656
1.1538656719337101
1.1538550155841438
1.1538467711655493
1.1538592255000217
1.1538412017976691
1.1538246252538995
1.153811907799685
1.1538161615688534
1.1538112061470385
1.153816380835305
1.1538132233983966
1.1538196259787945
1.153831641780363
1.1538371234416624
1.153841859597025
1.1538332643521074
1.1538178718471785
1.1538085749496148
1.1537989272257276
1.1537869991307401
1.1537409093225341
1.1537114399113884
1.1537123169771961
1.1536978892446559
1.1536978015380752
1.1536961351130404
1.1536876714279938
1.1536820143535327
1.1536731559888729
1.1536705686447395
1.1536642099176322
1.1536485542929609
1.1536340827071303
1.1536193918548476
1.1536189971752342
1.1536104019303166
1.1536040870564994
1.1535858002344046
1.1535761525105177
1.1535810202257515
1.1535709339689604
1.1535739159927072
1.1535711970887028
1.1535718987413492
1.1535552344909987
1.1535569886226147
1.1535449728210463
1.1535338340852856
1.1535301504088924
1.1535199764455206
1.1535026105425241
1.153499277692454
1.153476561688029
1.1534645458864605
1.1534429262142956
1.1534260865507835
1.1533965732863471
1.1533773216918635
1.1533699104857866
1.153353904034792
1.1533552634867945
1.1533550442203424
1.1533450018168419
1.1533370643712804
1.153336362718634
1.1533300039915266
1.153328381419782
1.1533257063690678
1.1533328983086926
1.1533338192277909
1.1533336876679197
1.153347545307685
1.1533458788826496
1.1533373274910226
1.1533389939160577
1.1533444317240666
1.1533335999613388
1.153341361993739
1.1533325036290791
1.1533271973809414
1.153324522330227
1.1533177689235061
1.1533223296657074
1.153310883956914
1.153288474925522
1.1532828617043511
1.153271766821881
1.1532621629512843
1.1532609789124435
1.1532499717365543
1.1532478667786155
1.1532348423513679
1.153231202528265
1.1532255016005135
1.15322177407083
1.1532140997450107
1.1532042327546717
1.1531957690696253
1.1531958567762062
1.1531987072400818
1.1531893664892274
1.153184016387799
1.1531791925258559
1.1531814728969563
1.1531785347264998
1.1531825253759258
1.1531709042539708
1.1531685361762896
1.1531578798267232
1.1531566080813018
1.1531663435117698
1.1531492407285153
1.1531487144890307
1.1531426627349561
1.1531461709981876
1.1531413471362444
1.1531270509635752
1.1531035017466327
1.1531024492676631
1.1531070100098644
1.1531013967886938
1.1530907842924178
1.1530768827993625
1.1530628935997262
1.1530589029503004
1.1530418878736268
1.1530221100396583
1.153006892947891
1.1529968943976807
1.1529886499790862
1.1529824228118501
1.1529802740006208
1.152966547920727
1.1529558915711609
1.1529457614610794
1.152940060533328
1.1529204581125212
1.1529201511394884
1.1529179584749685
1.1529266852797573
1.1529273869324035
1.1529345788720284
1.1529253696810453
1.152917256822322
1.1529080476313391
1.1528892345697592
1.1528747191306383
1.152860817637583
1.1528397242049024
1.1528230599545521
1.1528210865564845
1.1528099478207239
1.152801659548839
1.1527907839328209
1.1527822763944844
1.152768287194848
1.152784688325456
1.1527742073890512
1.1527745582153746
1.152768725727752
1.152775742254215
1.1527807853826109
1.152781487035257
1.1527798644635125
1.1527781980384773
1.1527815747418377
1.152777496385831
1.1527744266555033
1.1527639018658085
1.1527634633329045
1.1527455273371325
1.1527392124633158
1.1527281175808455
1.1527112340640433
1.152701805606608
1.1526835626378036
1.1526872901674872
1.1526878164069718
1.152673739500755
1.1526725554619142
1.1526588732353107
1.1526530407476883
1.1526430860507682
1.1526472082600656
1.1526393146677942
1.152632429701202
1.152622781977315
1.1526172126094347
1.15261887903447
1.1526186159147276
1.1526256762944813
1.1526341838328178
1.1526255885879002
1.1526279566655817
1.1526245799622212
1.1526362887907569
1.1526315526353943
1.1526326928209445
1.1526374728295976
1.1526442262363186
1.1526416827454757
1.1526391392546325
1.1526415511856043
1.1526473398199366
1.1526374728295976
1.1526220803246687
1.1526035303828313
1.1525804196987928
1.1525662989392855
1.1525558180028808
1.1525535814850705
1.152543758348022
1.1525356016360084
1.1525224456488896
1.152523366567988
1.152516481601396
1.1525229280350842
1.1525278396036085
1.152525603085798
1.1525257346456694
1.1525395922854345
1.1525400746716288
1.152535338516266
1.1525298568549665
1.1525308216273553
1.1525171832540422
1.1525132364579065
1.152506614611057
1.1525032379076965
1.1524922745850974
1.1524956512884579
1.1524953881687154
1.152489994213997
1.1524843809928262
1.1524747771222295
1.1524602178298182
1.1524524119441277
1.1524420625675944
1.1524335988825478
1.1524246528113071
1.1524093918662497
1.152406322135922
1.1523962797324212
1.1523800101616843
1.1523690468390857
1.152361109393524
1.1523424278918153
1.1523281317191465
1.152318659408421
1.1523110727891823
1.1523077399391124
1.1522925667006354
1.152277788141772
1.1522699384027915
1.1522637550888455
1.1522503359819845
1.1522477924911414
1.1522338909980858
1.1522278830973018
1.152213718484504
1.1522073159041062
1.1522051232395865
1.1521928443182756
1.1521913094531118
1.1521868364174914
1.1521868364174914
1.1521844683398101
1.1521736804303728
1.1521673655565556
1.1521579370991206
1.1521519730516268
1.1521450880850348
1.1521325460439815
1.1521266258497782
1.1521180306048606
1.1520928588161734
1.1520712829972988
1.1520539170943018
1.1520418135861528
1.1520305432905211
1.1520135720671378
1.1519959868976892
1.1519846288954767
1.1519729639202316
1.1519535369125862
1.1519341976115216
1.1519134550051646
1.1519088065563827
1.151899509658819
1.1518935456113248
1.1518831962347915
1.1518726275918063
1.1518546915960344
1.1518495169077676
1.151841798728658
1.1518346506423236
1.151827721822441
1.151815969140615
1.1518027254469154
1.1517874206485672
1.1517804479753946
1.151764880057304
1.151752469576122
1.15174005909494
1.1517289642124697
1.1517169484109013
1.1517104581239228
1.1517032223310077
1.151700810400036
1.1517022575586189
1.15169681975061
1.151694934059123
1.1516930045143454
1.1516883560655635
1.1516823481647793
1.1516731389737962
1.1516686659381756
1.1516650699683635
1.1516641929025555
1.151673665213281
1.1516721742014076
1.1516651576749442
1.1516718672283748
1.1516719549349554
1.151664368315717
1.1516572640826728
1.1516636666630706
1.1516718672283748
1.1516646314354595
1.1516591936274505
1.1516553345378955
1.1516461692002027
1.1516461692002027
1.1516487565443363
1.151647177825882
1.1516412576316784
1.151626128246492
1.1516168313489281
1.151618717040415
1.1516155157502161
1.1516012195775471
1.1515850815666817
1.1515644705201957
1.1515431139677728
1.151529168621427
1.1515178544725049
1.151513425290175
1.1515061894972596
1.1515044792189344
1.151501014808993
1.1514941298424008
1.1514878588218744
1.1514725540235262
1.1514641341917704
1.1514481715940663
1.1514416374537972
1.151431200370683
1.1514244908172526
1.1514108085906491
1.1513948898462354
1.1513763837576885
1.1513577461092703
1.1513427044306646
1.1513300308297403
1.151318804387399
1.1513059992266035
1.151294641224391
1.1512784593602348
1.151269513288994
1.1512774068812655
1.1512695571422846
1.151276266695715
1.151257629047297
1.1512558749156812
1.1512574974874257
1.1512515772932224
1.1512433328746279
1.151262189789498
1.151252103532707
1.1512405262640426
1.1512262300913736
1.1512155298885172
1.151206101431082
1.1511874637826638
1.1511844379056266
1.1511807103759428
1.1511718081579927
1.151166194936822
1.1511640461255925
1.1511572050122907
1.1511479958213076
1.1511453207705937
1.1511327787295405
1.1511308053314724
1.1511379972710976
1.1511419440672332
1.1511457593034975
1.1511401899356173
1.151140146082327
1.1511301475321165
1.1511240519247516
1.1511151497068013
1.1511137464015087
1.1511020814262634
1.1510919074628916
1.1510819527659717
1.1510691476051762
1.1510601138273546
1.1510584474023196
1.1510527026212778
1.151038976541384
1.1510085423578493
1.1509901678291734
1.1509856947935533
1.1509817041441273
1.1509778889078628
1.150965609986552
1.1509610053910604
1.1509631980555801
1.1509476301374897
1.150944911233485
1.1509392541590242
1.15093767544057
1.1509240809205472
1.1509201341244117
1.15091329301111
1.1509018911556068
1.1508952693087573
1.150894348389659
1.1508872880099053
1.1508798768038284
1.1508766755136295
1.1508631687001876
1.150856239880305
1.1508487848209379
1.1508370759924023
1.150826200376384
1.1508193592630822
1.1508015986804718
1.150788968932838
1.1507793650622413
1.1507779179036584
1.1507719977094548
1.1507780056102392
1.1507880041604492
1.1508105447517127
1.1508090098865489
1.1508148423741715
1.1508169473321106
1.150824095418445
1.1508274282685151
1.150817780544628
1.1508086590602258
1.1507980027106597
1.1507898898519364
1.1507780494635296
1.1507710767903565
1.1507603327342095
1.1507440631634729
1.1507359503047496
1.1507345031461667
1.1507193299076897
1.1507190667879472
1.1507136289799385
1.1507106908094817
1.1507040251093417
1.1506963069302318
1.1506867469129256
1.1506779324015561
1.1506756958837459
1.1506682408243787
1.150664162468372
1.1506532429990632
1.1506488138167335
1.1506385082934905
1.15062846588999
1.1506169324746156
1.1506041273138203
1.1505932516978021
1.150610968427122
1.1506143451304824
1.150614301277192
1.1506056183256936
1.1506021539157523
1.150601101436783
1.1505950496827082
1.1505847880127558
1.1505793940580369
1.1505818936955896
1.150588690955601
1.15059412876361
1.1505850511324982
1.1505837793870768
1.1505832970008822
1.1505843494798518
1.1505881647161162
1.1505974177603897
1.1505933832576734
1.1505952689491603
1.1505932078445116
1.1505976370268418
1.15059412876361
1.150586805264114
1.1505854458121116
1.150583253147592
1.150575622675063
1.150566983576855
1.1505557571345137
1.150552687404186
1.1505464163836594
1.1505410224289407
1.1505366809531916
1.1505276033220797
1.1505363739801588
1.1505362424202876
1.1505437413329453
1.1505398383901002
1.1505368125130628
1.1505339181958967
1.150528524241178
1.1505244458851713
1.150516903119223
1.1505101058592118
1.1505012036412614
1.1504868197620117
1.1504866882021405
1.1504863373758174
1.150483969298136
1.1504719973498578
1.1504723043228908
1.1504532281415685
1.150442089405808
1.1504348097596022
1.150429108831851
1.150419373401383
1.1504104711834329
1.1504039808964541
1.150392096654757
1.1503865272868767
1.1503835891164202
1.1503728889135636
1.1503598644863162
1.1503412706911884
1.1503300003955568
1.150324036348063
1.1503077229240357
1.1502941722573032
1.1503000485982162
1.1503042585140943
1.1502970665744696
1.150295137029692
1.1502939529908514
1.1502902254611678
1.150287243437421
1.1502842175603836
1.1502822441623157
1.1502761047016605
1.1502667200975156
1.1502632995408648
1.1502507136465212
1.1502559321880783
1.150252248511685
1.1502550989755607
1.1502355404080444
1.150222209007764
1.1502112456851652
1.1501969056592056
1.150180986914792
1.150176206906139
1.1501653312901208
1.150160595134758
1.150160375868306
1.150152701542487
1.1501504650246765
1.1501442378574405
1.1501285822327691
1.1501184959759783
1.1501070502671848
1.1501038928302765
1.150097884929492
1.1500949029057455
1.1500911753760616
1.1500813960923035
1.1500721869013204
1.1500666175334402
1.1500646879886627
1.1500603465129136
1.1500524529206424
1.1500377182150694
1.1500247376411123
1.1500135989053517
1.1500034687952703
1.149994347310868
1.1499888656495685
1.1499775515006465
1.14996575496553
1.1499590454120994
1.1499498800744066
1.149957335133774
1.1499605802772632
1.1499572912804836
1.1499607118371344
1.1499568527475796
1.1499554932955773
1.1499501870474396
1.149950011634278
1.1499419426288453
1.149938478218904
1.1499326018779907
1.149934268303026
1.14992918132134
1.149929400587792
1.1499219016751343
1.1499224717679093
1.1499133502835073
1.1499104121130506
1.149901246775358
1.1498977823654166
1.1498972999792223
1.149891949877794
1.1498853280309445
1.1498750663609916
1.1498811181150663
1.1498756364537668
1.1498764696662844
1.1498632698258753
1.1498500699854661
1.1498379226240265
1.1498252490231022
1.1498204251611588
1.1498077515602343
1.1497986739291224
1.1498114352366275
1.14980950569185
1.1498130139550817
1.149807620000363
1.1498056904555858
1.1498019190726116
1.1497952095191812
1.149790429510528
1.1497817465590296
1.1497847285827767
1.1497763087510204
1.1497721865417234
1.1497706078232692
1.149754952198598
1.1497464885135515
1.1497374108824396
1.149725921320356
1.1497295611434588
1.1497215359913162
1.149710528815427
1.1497031614626405
1.1496982498941164
1.1496902685952644
1.1496813225240234
1.1496736481982044
1.1496619393696688
1.1496639566210267
1.1496541773372684
1.1496575540406289
1.1496597905584391
1.149655098256367
1.1496422930955714
1.1496342679434288
1.1496210242497296
1.1496112888192616
1.1496030882539574
1.1495956770478806
1.1495971242064638
1.1495914671320027
1.1495862047371552
1.1495850206983147
1.1495800214232093
1.149576425453397
1.149573969669135
1.1495693212203528
1.149565462130798
1.1495626116669224
1.149556033673363
1.1495561213799437
1.1495517799041948
1.1495510782515481
1.1495486663205765
1.1495453334705064
1.149542965392825
1.1495342824413268
1.1495311250044182
1.14952577490299
1.1495151185534238
1.1495128820356135
1.1495044622038577
1.1495023572459186
1.149499638341914
1.149502620365661
1.149503716697921
1.1494986735695254
1.149487885660088
1.1494864823547954
1.1494791588552993
1.1494675815866349
1.1494686340656042
1.1494637663503704
1.1494620122187547
1.1494757382986485
1.1494698619577355
1.149465827455019
1.1494631085510145
1.1494589863417173
1.1494577145962959
1.1494495578842823
1.149441664292011
1.1494401732801376
1.1494326305141893
1.1494271049995997
1.149420833979073
1.149411975614413
1.1494120633209939
1.1494117563479611
1.149411975614413
1.1494070201925983
1.1494060992735
1.1494022840372358
1.1494045644083362
1.1494096513900223
1.1494095198301508
1.1494045205550458
1.149403336516205
1.1493964954029035
1.1493932941127045
1.1493877247448243
1.1493816729907498
1.1493726830662185
1.1493654911265936
1.1493672014049192
1.1493618074502003
1.149360886531102
1.1493493531157282
1.149341678789909
1.1493347061167358
1.1493275580304014
1.1493222517822637
1.1493128233248284
1.1493050174391382
1.149306683864173
1.1493058506516554
1.1493023862417142
1.1492973869666092
1.1492873445631084
1.1492827838209074
1.1492754603214113
1.149272653710826
1.1492637953461662
1.1492547615683444
1.1492424387937432
1.149234545201472
1.1492295897796574
1.149223011786098
1.1492170915918947
1.1492024445929023
1.1491887185130087
1.1491786322562176
1.1491699054514288
1.1491580212097317
1.149141970905447
1.1491308321696863
1.1491207897661857
1.1491128961739143
1.1491168868233403
1.1491099141501677
1.1491124576410106
1.1491125453475912
1.1491160974641135
1.1491091686442307
1.149108203871842
1.149108291578423
1.1491013627585405
1.1490977229354375
1.1490932060465266
1.1490906187023935
1.1490845230950284
1.1490808394186351
1.1490707531618443
1.1490658854466103
1.1490586058004046
1.1490585619471143
1.1490548782707208
1.149049001929808
1.1490443096277356
1.1490376000743052
1.149030934374165
1.1490287855629355
1.1490210235305354
1.1490095778217422
1.1490017280827614
1.148997693580045
1.1489934398108765
1.1489914225595184
1.1489869933771883
1.1489831781409239
1.148982827314601
1.1489751091354912
1.1489737058301985
1.1489698028873532
1.1489718201387116
1.148968443435351
1.1489719078452922
1.1489680487557374
1.148964014253021
1.1489664261839927
1.1489662946241217
1.1489665138905736
1.1489577870857848
1.1489524369843567
1.1489441925657622
1.148939061730786
1.1489261688634096
1.1489227483067586
1.1489141092085506
1.148923888492309
1.1489147670079065
1.1489155125138435
1.1489130567295813
1.148922572893597
1.1489213011481756
1.1489158194868763
1.148912267370354
1.1489059963498276
1.148912267370354
1.148904286071502
1.1488990236766545
1.1488954715601327
1.1488912177909643
1.1488868324619246
1.148884332824372
1.1488738518879675
1.1488661775621483
1.1488573630507788
1.1488553457994204
1.1488457419288238
1.1488365327378407
1.148824604642853
1.1488167549038724
1.1488078088326317
1.1487968016567423
1.1487877240256303
1.1487821985110405
1.1487738225325748
1.1487657973804324
1.1487542201117682
1.1487446162411714
1.1487396608193565
1.1487329951192164
1.1487270310717226
1.1487193567459033
1.1487082618634332
1.148703218735038
1.1486962899151552
1.148685282739266
1.1486761174015734
1.1486654171987167
1.1486570412202513
1.1486477004693967
1.148634983015182
1.1486305538328523
1.1486249844649719
1.1486174416990238
1.148612924810113
1.1486068730560386
1.148599505703252
1.1485856919167774
1.1485842886114845
1.1485804733752203
1.1485812188811568
1.1485819205338033
1.1485834992522577
1.1485797278692835
1.14858042952193
1.1485793770429602
1.1485802541087682
1.148576438872504
1.148566922708488
1.14856380912487
1.1485604762747998
1.1485566171852448
1.1485573626911818
1.1485506531377512
1.1485469256080676
1.1485408300007025
1.1485374094440517
1.14853056833075
1.1485315331031387
1.1485271916273896
1.1485227624450594
1.1485161405982098
1.1485019321321217
1.148494213953012
1.1484898724772628
1.148477593555952
1.1484698753768423
1.1484611924253438
1.1484529480067496
1.148443914228928
1.1484365468761415
1.1484250134607674
1.1484157165632034
1.148405893426155
1.1483952370765889
1.1483855016461209
1.1483855893527017
1.1483729596050678
1.1483698460214495
1.1483655483989907
1.148354804342844
1.1483525678250337
1.1483494542414157
1.1483455512985703
1.1483385786253977
1.1483370876135242
1.1483348510957139
1.1483359035746834
1.1483424815682426
1.148335859721393
1.1483312112726112
1.148324896398794
1.1483313428324822
1.1483313866857725
1.148329764114028
1.1483330092575175
1.148331518245644
1.1483255103448595
1.1483180991387827
1.1483087583879286
1.1483015664483036
1.1482939798290652
1.14828455137163
1.1482771840188435
1.1482722285970288
1.148262712433013
1.1482534593887395
1.1482481531406017
1.1482394263358129
1.148228594573085
1.1482209202472657
1.148211053256927
1.1482047822364003
1.148196757084258
1.1481943012999958
1.1481934242341878
1.148186144587982
1.1481833818306872
1.1481855306419164
1.1481803559536499
1.1481767599838375
1.1481747427324793
1.1481812768727484
1.148187460186694
1.1481856183484975
1.1481867585340475
1.1481811891661673
1.1481749619989312
1.148170269696859
1.1481667175803367
1.1481648318888498
1.1481627269309107
1.1481572014163208
1.1481573768294826
1.148151895168183
1.1481448347884293
1.1481393531271298
1.1481372481691907
1.1481293984302101
1.1481225573169085
1.1481140497785716
1.1481078664646258
1.148100806084872
1.1480958068097669
1.1480906759747906
1.1480840979812315
1.1480792302659975
1.1480737047514076
1.1480655041861036
1.1480641885873917
1.1480595401386098
1.1480570843543476
1.148047699750203
1.1480394114783181
1.1480303338472062
1.1480223086950638
1.1480229664944197
1.1480169585936353
1.148010029773753
1.1480107752796898
1.1480100736270433
1.1480041095795497
1.1480034956334841
1.148001171409093
1.1479949442418569
1.1479874891824897
1.1479788500842816
1.1479746401684037
1.1479687638274907
1.1479573181186975
1.1479509155382996
1.1479501700323629
1.14794210102693
1.14793657551234
1.1479305237582655
1.1479228494324463
1.1479142103342383
1.147907983167002
1.1479050449965458
1.1478957042456912
1.147891362769942
1.1478854425757388
1.1478741722801071
1.1478613671193116
1.1478513247158109
1.147841808551795
1.1478329063338446
1.1478187855743371
1.1478086116109654
1.1477986130607554
1.1478019459108255
1.1478010688450175
1.1477924297468096
1.147791815800744
1.147789710842805
1.1477816856906626
1.1477772126550423
1.1477704592483213
1.1477644513475371
1.1477600660184974
1.1477525671058397
1.1477489711360274
1.1477422177293064
1.1477362536818125
1.147729631834963
1.1477241940269538
1.1477162127281018
1.147711695839191
1.1477098978542848
1.1477045038995661
1.1476999870106555
1.14769718040007
1.1476874888228927
1.1476861732241808
1.1476772710062304
1.147672666410739
1.1476692458540878
1.1476597735433627
1.1476564406932925
1.1476490294872157
1.1476478015950846
1.1476356980869353
1.1476287254137625
1.1476206564083296
1.1476199109023928
1.147619472369489
1.147620261728716
1.1476177620911634
1.1476126312561872
1.1476067987685645
1.147601097840813
1.147597764990743
1.1475933358084132
1.147588994332664
1.1475774170639994
1.1475707952171497
1.1475623315321033
1.1475528153680874
1.147546544347561
1.1475425975514253
1.1475352740519291
1.1475276874326907
1.147526284127398
1.1475217233851969
1.147517952002223
1.1475139174995064
1.1475106285027268
1.147503655829554
1.1474923416806317
1.147487956351592
1.1474886580042385
1.1474824746902927
1.1474805889988058
1.1474758966967333
1.14746997650253
1.1474650210807154
1.1474663805327174
1.1474573029016055
1.147461907497097
1.1474606357516757
1.1474604603385141
1.14745888162006
1.1474517773870159
1.147447611324428
1.1474418665433863
1.1474370865347332
1.147435288549827
1.1474313417536912
1.1474216940298043
1.1474154230092777
1.147409809788107
1.1474076171235872
1.1473955136154381
1.1473917860857545
1.1473845941461294
1.147373455410369
1.1473678421891984
1.1473655179648075
1.1473619658482854
1.1473547739086605
1.1473496869269746
1.1473422318676072
1.1473413548017994
1.147332233317397
1.1473249536711914
1.1473236380724794
1.1473176740249857
1.1473109206182648
1.1473051758372228
1.1473004835351506
1.1472919759968137
1.1472829422189923
1.1472800479018264
1.147278030650468
1.1472751363333018
1.147272373576007
1.1472697862318735
1.1472680321002577
1.1472634275047662
1.1472606647474715
1.1472599192415345
1.14725386748746
1.1472528588617807
1.1472482104129988
1.1472464124280926
1.1472429918714417
1.1472397905812428
1.1472350544258803
1.1472274239533513
1.1472186532952722
1.1472121630082937
1.1472009365659521
1.1471906310427094
1.1471845792886346
1.1471818603846302
1.1471780451483657
1.1471733966995838
1.1471708093554507
1.1471716425679679
1.1471732651397126
1.147168090451446
1.1471625210835659
1.1471602845657554
1.1471537065721962
1.1471473478450886
1.1471465146325712
1.147150022895803
1.1471527417998075
1.147151250787934
1.1471488388569622
1.147145506006892
1.1471463392194097
1.1471420415969509
1.1471352004836493
1.147132963965839
1.147130639741448
1.1471251580801485
1.1471223514695632
1.147120553484657
1.147115905035875
1.1471078798837326
1.147102266662562
1.1471002494112037
1.1471053363928898
1.1471010826237213
1.1470964341749394
1.1470924435255134
1.147084637639823
1.1470782789127156
1.1470691135750228
1.1470614392492036
1.1470530194174478
1.1470455643580804
1.147040652789556
1.1470326276374136
1.147022365967461
1.1470164019199673
1.1470107009922157
1.1470039475854947
1.146996887205741
1.1470021496005887
1.1470033336394292
1.147005394744078
1.147003509052591
1.147000527028844
1.1469972380320643
1.146993992888575
1.1469911424246992
1.146983380392299
1.1469789950632596
1.146971803123635
1.1469671108215624
1.1469588225496778
1.1469570245647716
1.14695132363702
1.1469418513262946
1.1469353171860255
1.1469296601115646
1.1469258448753001
1.1469235206509092
1.1469167672441882
1.1469134782474084
1.1469089175052074
1.146904093643264
1.1468984804220932
1.1468948844522808
1.1468935688535689
1.1468949283055712
1.1468915077489203
1.1468891396712388
1.146891376189049
1.1468883503120118
1.1468876925126557
1.1468840965428433
1.1468798866269654
1.14687598368412
1.1468723438610173
1.1468694495438512
1.146865765867458
1.146861994484484
1.146856337410023
1.146848619230913
1.1468429621564522
1.1468374804951527
1.146832305806886
1.14682831515746
1.1468223511099662
1.1468162993558917
1.1468120894400138
1.1468078795241357
1.146803932728
1.1468094582425898
1.1468074409912317
1.1468073094313604
1.1468057745661966
1.146802485569417
1.14679840721341
1.1467961706956
1.1467938464712089
1.1467910398606236
1.1467845934269354
1.1467809097505424
1.1467778400202144
1.1467746387300157
1.1467720513858826
1.1467676222035523
1.146759947877733
1.1467597286112812
1.1467561326414688
1.1467517911657197
1.1467492038215863
1.146747055010357
1.1467393806845376
1.1467359162745963
1.1467306538797488
1.146726794790194
1.1467258738710957
1.1467266193770325
1.146727364882969
1.146725128365159
1.1467243828592224
1.1467205676229577
1.1467169716531456
1.146713375683333
1.146706622276612
1.1467017107080877
1.1466972815257577
1.1466907473854886
1.146687458388709
1.146681143514892
1.146674916347656
1.1466704433120354
1.1466692154199043
1.1466679436744829
1.1466667596356424
1.146661935773699
1.1466563664058187
1.1466522880498116
1.1466504900649055
1.1466437805114749
1.1466410616074705
1.1466370271047541
1.1466363693053983
1.1466327294822953
1.1466336504013936
1.14662882653945
1.1466261076354454
1.1466195734951765
1.146614091833877
1.146610758983807
1.146605891268573
1.1465993571283042
1.146596243544686
1.146590805736677
1.1465834383838904
1.1465796670009163
1.1465741414863266
1.1465741414863266
1.1465700192770294
1.1465632658703084
1.1465631343104372
1.146560239993271
1.1465557669576507
1.1465514254819016
1.1465499783233186
1.1465460753804733
1.1465441019824056
1.146541163811949
1.1465393219737523
1.1465346735249704
1.1465301566360597
1.1465244995615986
1.1465210351516575
1.1465152903706155
1.1465096332961546
1.1465045463144685
1.1465012134643984
1.1464977490544572
1.1464940215247736
1.1464902062885092
1.1464862156390832
1.146484198387725
1.1464789798461679
1.146477094154681
1.1464727088256415
1.1464701653347984
1.146468586616344
1.1464678849636978
1.1464617893563327
1.1464565708147756
1.1464528871383823
1.146453588791029
1.146452930991673
1.1464529748449632
1.1464536326443193
1.146452492458769
1.146449729701474
1.1464479755698582
1.146445739052048
1.1464420553756547
1.1464366614209363
1.1464288555352455
1.146423154607494
1.1464175413863233
1.1464136822967688
1.146409296967729
1.1464040345728816
1.1463991668576479
1.1463946938220273
1.146391887211442
1.1463949569417697
1.1463922818910557
1.1463881596817584
1.1463842128856228
1.1463836427928475
1.1463789504907753
1.1463785558111619
1.1463763192933516
1.14637614388019
1.1463777225986442
1.1463777225986442
1.146375266814382
1.1463714515781176
1.1463656190904952
1.1463595673364204
1.1463546996211864
1.1463482970407886
1.1463499196125333
1.1463454027236226
1.1463396579425806
1.146336456652382
1.1463336500417967
1.1463309749910824
1.1463254933297828
1.1463218096533896
1.1463179067105445
1.1463129074354392
1.1463105832110485
1.14630409292407
1.146301330166775
1.1462951029995387
1.146289489778368
1.1462851483026189
1.146281596186097
1.1462814207729353
1.1462790965485443
1.1462771231504765
1.1462738780069872
1.1462729132345983
1.1462703697437555
1.146266203681168
1.1462630462442593
1.1462592748612854
1.1462554157717308
1.1462505919097872
1.1462450663951973
1.1462418212517078
1.146239628587188
1.1462369535364743
1.1462317788482075
1.1462298931567203
1.1462267795731023
1.1462257270941327
1.1462206401124468
1.1462153777175994
1.1462122641339811
1.1462097644964286
1.1462071332990051
1.1462007307186073
1.1461983626409258
1.1461941965783382
1.146193933458596
1.1461930125394977
1.1461909952881393
1.1461893727163948
1.1461861714261958
1.1461840664682568
1.146180075818831
1.1461831455491585
1.1461784093937957
1.146176435995728
1.1461748572772739
1.1461710420410092
1.1461660427659042
1.146162359089511
1.1461592893591832
1.1461544216439492
1.1461527990722047
1.146149071542521
1.1461453878661279
1.1461428005219947
1.1461391606988918
1.1461378451001798
1.1461368364745006
1.1461351700494657
1.14613122325333
1.146126004711773
1.1461234173676398
1.146121136996539
1.146119470571504
1.1461143397365277
1.1461095597278745
1.1461065338508372
1.146102192375088
1.1460956143815286
1.1460900450136484
1.1460860982175127
1.1460803972897615
1.1460750033350426
1.1460724598441998
1.1460689077276778
1.146064390838767
1.1460586460577251
1.1460539099023623
1.146049875399646
1.1460450076844122
1.1460419818073748
1.1460388243704664
1.146034702161169
1.1460322463769068
1.1460304045387102
1.146026940128769
1.1460231687457951
1.146019178096369
1.1460161083660414
1.14601374028836
1.1460111529442267
1.1460061098158312
1.1460032593519554
1.146001987606534
1.14600045274137
1.145996900624848
1.1459936116280685
1.1459896209786422
1.1459872967542513
1.145983700784439
1.1459816835330807
1.1459768158178467
1.1459747985664888
1.145969974704545
1.1459672996538308
1.1459635721241472
1.1459606339536907
1.1459573449569112
1.145955897798328
1.145953222747614
1.1459530911877427
1.1459507669633515
1.1459482234725087
1.1459456799816659
1.1459414700657877
1.1459387511617831
1.14593392729984
1.145929761237252
1.1459277001326036
1.1459232270969832
1.1459163421303913
1.145911562121738
1.145906913672956
1.1459028791702397
1.1458976606286826
1.1458953364042914
1.1458930121799007
1.1458941085121603
1.145891170341704
1.145887969051505
1.145885864093566
1.1458822242704634
1.145880645552009
1.1458781897677468
1.1458758655433559
1.1458727958130281
1.1458694191096677
1.14586634937934
1.1458616132239774
1.1458574033080993
1.1458521847665422
1.145849509715828
1.1458477117309218
1.1458437210814958
1.1458430194288494
1.145840739057749
1.1458386779531002
1.1458347311569645
1.1458310913338619
1.1458284162831478
1.145824469487012
1.1458186369993895
1.145814734056544
1.1458113134998933
1.1458092962485353
1.145807717530081
1.1458065773445307
1.1458029813747181
1.1458002624707135
1.1457961402614165
1.1457919741988287
1.145786887217143
1.1457822387683612
1.1457784235320967
1.1457728980175068
1.1457699598470503
1.1457666269969802
1.1457654868114298
1.1457647851587835
1.1457639080929756
1.1457634695600718
1.145762066254779
1.1457607945093575
1.1457589965244512
1.14575882111129
1.1457574616592874
1.1457562776204466
1.1457536902763135
1.1457489541209507
1.1457464106301078
1.145743560166232
1.1457415429148738
1.1457399641964197
1.1457390432773211
1.1457347895081529
1.1457325529903426
1.1457323337238907
1.1457290885804015
1.145728693900788
1.145725492610589
1.1457211511348397
1.1457202302157414
1.145716283419606
1.1457112402912104
1.1457065041358476
1.145701987246937
1.1456995753159651
1.1456953215467967
1.1456927342026635
1.145690716951305
1.1456892697927221
1.1456862000623946
1.1456847967571018
1.1456821217063875
1.1456797097754159
1.1456764207786363
1.145673745727922
1.1456711583837889
1.1456684394797843
1.1456663783751355
1.1456635717645502
1.145661115980288
1.1456641857106158
1.1456638348842927
1.1456619491928057
1.1456599757947377
1.1456565113847965
1.1456549765196327
1.1456528277084033
1.1456502842175604
1.1456483985260735
1.145645021822713
1.1456434869575491
1.145641908239095
1.1456402418140597
1.1456383561225727
1.1456369528172803
1.1456328744612732
1.145629278491461
1.1456282260124913
1.1456276559197163
1.1456263403210043
1.1456252878420348
1.145623182884096
1.1456214726057703
1.1456210340728665
1.1456184028754426
1.145615113878663
1.1456125265345296
1.145610026896977
1.145608009645619
1.1456052030350334
1.1456027911040618
1.1456025279843196
1.1456014755053499
1.1455995459605726
1.145599589813863
1.1455978356822472
1.14559704632302
1.1455953360446944
1.1455923978742382
1.1455905998893319
1.1455882318116504
1.1455879686919082
1.1455851182280323
1.1455822677641567
1.1455796365667328
1.1455768738094378
1.1455748127047896
1.1455715237080097
1.145569550309942
1.145568453977682
1.1455659104868392
1.1455653842473543
1.145563016169673
1.1455613058913476
1.145558806253795
1.145555385697144
1.1455526229398492
1.1455496847693927
1.1455477552246152
1.1455449047607393
1.1455422735633158
1.1455397300724728
1.1455365287822739
1.1455345553842062
1.1455322750131054
1.1455306962946512
1.1455288544564546
1.1455276704176138
1.1455256531662559
1.1455229781155416
1.1455214432503777
1.1455199522385042
1.1455178911338557
1.145515698469336
1.1455134619515257
1.145511137727135
1.1455101729547463
1.145508594236292
1.1455069278112568
1.1455048667066083
1.1455034634013157
1.1455017092696997
1.145501840829571
1.1455011391769245
1.145499648165051
1.1454993850453088
1.1454987272459527
1.1454970608209178
1.1454967977011754
1.1454962276084002
1.1454938156774286
1.1454921492523935
1.1454907898003912
1.145489649614841
1.1454884655760003
1.1454879393365154
1.1454868430042555
1.1454845187798646
1.1454834224476047
1.1454817121692793
1.1454798703310827
1.145478028492886
1.1454793879448883
1.1454775022534014
1.1454751341757201
1.1454734238973945
1.145472020592102
1.1454704418736477
1.1454689508617741
1.145467152876868
1.1454653110386712
1.1454636446136364
1.1454625921346668
1.1454605748833084
1.1454591277247255
1.1454577682727232
1.1454561457009786
1.1454546546891051
1.1454529005574894
1.145451321839035
1.1454514972521967
1.1454517603719392
1.1454507517462598
1.145449304587677
1.145448076695546
1.1454460155908972
1.1454441298994102
1.1454429897138598
1.145441235582244
1.1454405339295977
1.1454386482381107
1.1454371133729468
1.1454357100676542
1.1454342629090712
1.1454322895110034
1.1454299652866125
1.1454290005142238
1.1454273779424788
1.1454266762898326
1.1454250537180881
1.1454235188529243
1.145421720868018
1.1454204491225966
1.1454191773771751
1.1454175548054304
1.1454162830600088
1.1454152744343298
1.1454137834224563
1.1454123362638735
1.145410757545419
1.145409617359869
1.1454084771743185
1.1454071177223162
1.1454068984558643
1.1454065476295412
1.1454056705637332
1.1454045742314733
1.1454036094590845
1.1454015045011454
1.1454004081688858
1.1453990487168835
1.1453984786241083
1.145397469998429
1.14539646137275
1.1453958474266845
1.1453949703608766
1.1453944002681014
1.1453933916424224
1.1453927776963568
1.1453919444838392
1.1453919444838392
1.145391681364097
1.1453904096186753
1.1453894448462867
1.1453887431936405
1.1453877345679615
1.1453863312626686
1.1453851033705376
1.1453835685053737
1.145382384466533
1.1453816828138867
1.145380718041498
1.1453800602421422
1.145379709415819
1.145379051616463
1.1453780868440742
1.145377385191428
1.1453779991374935
1.1453772097782664
1.1453757626196834
1.1453739646347771
1.1453734383952923
1.145372385916323
1.1453719035301284
1.1453717281169669
1.1453709387577398
1.1453705879314167
1.145369403892576
1.1453686145333488
1.1453675620543793
1.1453668165484427
1.1453659394826348
1.1453650185635365
1.14536431691089
1.145363439845082
1.1453627820457262
1.145361992686499
1.1453612471805623
1.1453608525009487
1.145360326261464
1.1453597123153987
1.1453589668094617
1.145358440569977
1.1453575196508787
1.1453564671719092
1.1453555023995206
1.1453544060672605
1.1453534412948718
1.1453527396422256
1.1453515556033849
1.1453507223908672
1.1453515994566752
1.145351248630352
1.1453509416573193
1.1453503715645441
1.1453498891783498
1.145349143672413
1.1453486174329284
1.1453483543131862
1.1453473018342164
1.1453466440348605
1.145345898528924
1.1453453722894391
1.1453447144900832
1.1453442759571792
1.1453437497176944
1.1453435743045328
1.1453433111847904
1.145343135771629
1.1453426972387248
1.1453425218255635
1.145341820172917
1.145341250080142
1.145340943107109
1.145340504574205
1.1453401098945917
1.1453396713616877
1.1453395836551068
1.1453394520952358
1.1453394520952358
1.1453392328287837
1.145339057415622
1.145338706589299
1.1453382242031047
1.1453378733767814
