3.780801360447819e-05
7.384738022625117e-05
9.024271412317865e-05
0.00012113463959241439
0.00023578410268890822
0.00023961546267900702
0.00029968598011396823
0.00035300105580630373
0.0004385858351655382
0.00047070939690437274
0.000520781638302904
0.000616809492927911
0.0006817451872175879
0.0008101277611596293
0.0008734303671065462
0.0009938616005367414
0.0011300406271136003
0.001109785238272416
0.0012300863968068637
0.0012762380918718561
0.0012164532534124283
0.001173624987556571
0.0011994851043669657
0.0012129647253713352
0.0011725710890498847
0.001144379760419393
0.0010295841739632343
0.0010210849693235052
0.0011025270162432095
0.0011218523172621673
0.0011961255195461987
0.0009579635660727753
0.000997182920773259
0.0009120779203690685
0.0007539864817246373
0.0007572387005943807
0.0009547555648330423
0.0009582402034871347
0.0009743720041414456
0.0009496773484018639
0.0009439779224653248
0.0009109331688045452
0.0008268190393897891
0.0009110047278974037
0.0012797783801871848
0.0010450924355605174
0.0013545119851931361
0.0012652832114333516
0.0014196722147937048
0.001632689057298992
0.001766029275881315
0.0017395615054422889
0.001980756294679901
0.002075122736578896
0.0021822047985479666
0.0016610611950357579
0.001656394408025823
0.001499015418849412
0.0014620835311648305
0.0017001470063836197
0.001935801019601924
0.0019197364931187238
0.0019230511110420083
0.0018970810108479826
0.0020448273891051304
0.001992902663854614
0.0020031503254384925
0.002203221078378996
0.0021656319600965577
0.002207439813780172
0.0021660026355451527
0.002037971111767839
0.0018846563581991322
0.001853666022740815
0.002292279805492046
0.0022087494771866312
0.001935069791845571
0.0017139719816635305
0.0017505991099653244
0.0017266729116859664
0.001636556231268863
0.0016545638232473895
0.001390083912340274
0.0014681114519827097
0.002285105081603897
0.0020494368188329467
0.002386672473217244
0.002681730531904017
0.0031273022018280185
0.0029011457868596546
0.0026466293260946606
0.0029724518592307864
0.0035934211347278477
0.0037366643500178595
0.0034921974946478702
0.0035441490503829824
0.0033607450690286717
0.0038273004008284013
0.0035822377199750365
0.0038567823419443747
0.0032000505467523464
0.0028833400659032593
0.0031128872605603046
0.0032625657662799005
0.0033835233583542988
0.0033962496269071083
0.0034860556536756406
0.0037748666839771006
0.004014891165466267
0.00475878547302372
0.004272829994340658
0.0038694876031212947
0.0038889475302513565
0.003633987835046843
0.0047018656742210015
0.004034053016786436
0.004185115411866217
0.004302935189690909
0.003980649015741064
0.004419119515707574
0.00437246104104409
0.004446788215818008
0.004706470332626263
0.004360778671076878
0.005984676465160467
0.005546687793505704
0.005433699562337132
0.005055566808524334
0.005075616354199621
0.004507943682533217
0.004203504311394727
0.0038124576670575286
0.0035321949758717053
0.0035992219624212947
0.0035754735478810955
0.003630804956147219
0.0034529547685856507
0.0033437793276072498
0.003315236958848544
0.0031561762056417607
0.002502962450748692
0.002518975709023706
0.0025297602356142168
0.002814024666225174
0.003035224004955037
0.0031310060464747173
0.0028087758287281845
0.0029702582563823944
0.002650912580839089
0.0028308902299280835
0.002662998354750028
0.002369869969681618
0.002510839033953334
0.0027988807959340267
0.0027622834144701213
0.0025889015567069316
0.0025800849645073536
0.0022312994341938705
0.002116370703255526
0.002612990468716779
0.002411942128071128
0.0023839816584041544
0.0023491273156751695
0.002418677415860162
0.002895815061010101
0.0025558019340348763
0.0024357946924916177
0.0023738448383875607
0.0022198778681079964
0.0023882768231600023
0.002087494198839537
0.001954185684802981
0.0019765418729299684
0.0022801402323426173
0.0018716624228328877
0.001987004947842842
0.0018096274658448873
0.001737152698834857
0.0016589138371074293
0.002125463922715395
0.0021660137855796773
0.0020980291477700665
0.00205759862139524
0.0018879943910010562
0.0016671094169787813
0.0017108464605715917
0.0015081911083485505
0.0017138392891053128
0.0016927774326143496
0.00182822901178835
0.0018535413304292697
0.0018713678905676703
0.0012691296436163019
0.0012195318086091866
0.0012819491393887658
0.0011179832205366223
0.0012923909089423858
0.0012463606008379109
0.0012098434627274255
0.0015113194582903565
0.0014014170264998818
0.001409479867605892
0.0013789029819639101
0.001273435516660508
0.0015714983743242202
0.001332490762980885
0.0013211991956831905
0.0013314491042129444
0.0012069187962542958
0.001376498891567095
0.0012751395939656033
0.0012424167904284858
0.0011125901547622363
0.0011367253149473166
0.001130136997730641
0.0008571159908269752
0.0008230821346383197
0.000762981173914172
0.00069018158936068
0.0008939104630091337
0.0008674254705247386
0.00087289878778971
0.000713318314895529
0.0007729467524128395
0.0007194538336365081
0.0007854272119173402
0.0006555624662544057
0.0006998968327146436
0.0006294438804718262
0.0006453349588851164
0.0006419985758009525
0.0006229511370777735
0.0006065043033392455
0.0005681855066141475
0.00045861421336012474
0.00046262432170663076
0.00043571743084558085
0.00040566003358829454
0.0003786421483598093
0.00037038702995176656
0.0003697020400493347
0.0003724606838704778
0.0003326200493536737
0.00033205901124816955
0.0003620254596854655
0.00032626742345264294
0.00027771707357787136
0.0003041812670828118
0.0002657767977709656
0.0004574785224602274
0.0003779847903732892
0.000392567269248079
0.00037317601310156803
0.0003664948261017704
0.0003768251948140208
0.00034307745603052775
0.00029298367420987903
0.0003306531843260957
0.00030451141516694145
0.00040624561118606596
0.0003946018408734924
0.0004055833047973766
0.0003873658907671282
0.00037538510967940016
0.0003727437798939062
0.0003457687840982181
0.00031788261784845866
0.0003044725806888572
0.0003334512231326843
0.0003240334362071669
0.00025473756493039017
0.00026032105718596505
0.00028715747476556303
0.0002635610445997249
0.00028726288269975085
0.0002920530684097244
0.0002750425580139675
0.00021717298742626376
0.0002245359108063983
0.00025031703976020105
0.00023583103646439852
0.00018295997123481255
0.0002210466596497607
0.00018786612292152893
0.00022414497389181196
0.00018821622237999414
0.00021367655583869424
0.00018885658433186157
0.0001991936430205339
0.00023156282306823639
0.00023291138186553318
0.0002442860954450902
0.00021698028936479496
0.00021312502967040195
0.0003270682850109984
0.00025346590181097466
0.00026570173471116606
0.00024689087371342235
0.00025849800097109605
0.0003296767305732996
0.000404926129140024
0.00038275872131005555
0.0003531174126363395
0.00035659206833957616
0.0004731090222764266
0.00044229454199017077
0.0004514193569066455
0.00043132525810441716
0.0004106925233879798
0.00039669392471399433
0.0004017230347318577
0.0003124396319871075
0.0003258457751373982
0.0002908559185049842
0.0003507146606429213
0.00037274639386744937
0.0004056287066360142
0.0004292352153544546
0.00043599349142605667
0.0004913752975849092
0.0004906441292800404
0.000527452160513176
0.0005159856783001738
0.0004754618527803432
0.0003992367991403572
0.000333345971631696
0.00032863901474975956
0.00031613216169951695
0.0003077209760328895
0.00032488459750846404
0.00025524357011089984
0.00025292110107837985
0.00025426065150320866
0.0002951209655563365
0.00035791581045019696
0.0003898837585597596
0.00041732687023923206
0.00042307356512321043
0.0004138431692786628
0.0005162762377976607
0.0005144926334279781
0.00048242571324588827
0.0004274147033930896
0.0003724870467304061
0.0004759663049476471
0.00046802041497314236
0.00045019385112927995
0.0004165686856902799
0.00043916928910619547
0.0004710536281243558
0.00046425434861984164
0.00042781704660186623
0.0003654717191440184
0.0003273994932632145
0.000515791077881404
0.0005191848931027157
0.0006057320772281997
0.000579034274054557
0.0005991495007025524
0.0005612712986430012
0.0005259575797471744
0.000536915627257372
0.0005075536683053655
0.0005128648750934146
0.0005945431899217008
0.0005878867655780788
0.0005003548379790187
0.0005077089680237818
0.0004866502193645133
0.0005592353991990839
0.0005994550266835036
0.00055332830303095
0.0005927243504442271
0.0005163685712540645
0.0004181004772817815
0.0003088712326097201
0.00028142473971187255
0.0002685986926113934
0.0002640881742059501
0.0003292195948259371
0.00038248882547961733
0.0003763399649723781
0.00038566392360566684
0.00033727883997203143
0.00034083762454658646
0.0003440990252510969
0.00035551361453518154
0.0003504139722913768
0.00034426874351428254
0.0004342350351328013
0.0004294104707803225
0.0004617435639284262
0.00042624620489523427
0.00039277052339405495
0.0004323467347186699
0.00037526033151032335
0.00040255772119316205
0.0003876924381013778
0.00034306694712798536
0.0005615416360724682
0.0005588598203878888
0.00046515020462965724
0.00045423316459762184
0.00042051993008312434
0.00047283644056281623
0.00042023848310859894
0.0004059203929847707
0.0003252559638779627
0.0003175993814117257
0.000402068182823555
0.0004632720299010088
0.0004931233181901909
0.0004571834909546964
0.0004656233472155456
0.000533149386510183
0.00047230583828896376
0.0004434701565773055
0.0003774632824496969
0.0003353883474052342
0.0004244055887131456
0.0003935115604567678
0.0003971278790052261
0.00038279233255808596
0.0003406032650567176
0.00039022684104404504
0.00041063571395155555
0.00041285235272520637
0.0004579972729729143
0.00046687438024887654
0.0006087188874948988
0.0006459406387017641
0.0006053851901197422
0.0006088418489086952
0.0005887611266676767
0.0006590108060531495
0.0006339708171266956
0.0005881774985020574
0.0006022007158324677
0.000577685206754368
0.0005175365734827044
0.000466083410162209
0.0004326548285278642
0.00038834530003511796
0.0004106734364299186
0.0005756302266483162
0.0005366515943383703
0.000573938267165792
0.000539302045341656
0.0005669433947006698
0.000501520336881932
0.000513148267742773
0.00043522337496944275
0.000421564058767479
0.0003962852116503022
0.0005015564822116133
0.00048036962415804813
0.00042018965790973685
0.00039124706378924825
0.0004312741895049331
0.0005514680677470773
0.0005108874314223082
0.0005221866141792264
0.0005008067231611925
0.0004953418507162058
0.0005412256311914804
0.000529397540545654
0.0005101696971831515
0.0005172308998688235
0.00048657205270996633
0.0004572768256718754
0.00043623917258385383
0.0004098108106331215
0.0004037177992896662
0.00040136077869488144
0.0004249656669933081
0.0003712313665696573
0.00032609205466180736
0.0003597151822198582
0.00031874950381054933
0.00045643707175138036
0.0005209132347649776
0.0005297005127370246
0.0004670478730939911
0.0005141928898479696
0.0004665768217288903
0.0004684935315367657
0.00039597446382402915
0.0003845491657637107
0.00032622737387038295
0.00033589194239235946
0.0003548715666473015
0.00033468361629564983
0.00033609226551474644
0.00039450962898680754
0.00040289669728681566
0.0003314642945815206
0.00029124784084640494
0.0003133538535116221
0.00031289895591555584
0.00035091085349598093
0.0003548788604676457
0.0003089047644606739
0.00031416568780645907
0.0003109417072084246
0.0002806324207508521
0.0002739228355660519
0.0002615480788426978
0.00023484588980725047
0.0002571020927620491
0.0003393406250118316
0.00029811696318929245
0.000272520626493073
0.00029718939449191917
0.00022128326328751808
0.0003069766085011996
0.00026736288893246794
0.00023402985606384494
0.00020106919229562827
0.0002007339313489955
0.0002797129290174994
0.0002970509848689585
0.00031111085208922944
0.00028524409009436815
0.0002553402228417013
0.00033357606009328547
0.0002977624388755552
0.00026184190598932736
0.0002794039219669056
0.00031088203301927255
0.0003055042391821676
0.00036109515048359246
0.00032159783910005454
0.00039703950598754724
0.0003765303527816611
0.00030188380093899446
0.0002544044347647464
0.0002655159368008985
0.00030554941413849944
0.0003294085952376579
0.00038403483696886314
0.0004009861580557793
0.0003939104128920938
0.00040470325434397445
0.0003470435959326223
0.00047540573948633694
0.00039893693991324014
0.00040419571027174316
0.00036693707715510605
0.0003668836182679843
0.00048391886130523347
0.00044997282689446293
0.0004281751569524227
0.0003594979937519093
0.00039613447828896315
0.0004401379064153902
0.00043146739602323774
0.00041400387966366355
0.0004375446302384398
0.0004180854446178472
0.0004997635080801901
0.00044781713809613846
0.0004584723517287731
0.0004508010629188106
0.00042603994094777864
0.00052560199452828
0.00043708316521491467
0.00046881379503042544
0.00043789208363204785
0.00041367463338618703
0.00045342059241493764
0.0004522494180014254
0.0004578211798007679
0.0004988809108154889
0.0004607474743429732
0.0003656431045201994
0.0003656636019444316
0.0003403435552950008
0.00030767834331563794
0.00034582665177651663
0.00040547963412342156
0.00037736734962801223
0.00033194106002614436
0.0003274818058451979
0.0003341260404721617
0.00045256951329750264
0.0004908961681170282
0.0004239290617705549
0.0003852053123547066
0.0003113612747566702
0.00027271206849174357
0.0002079257652730597
0.00027490090235952343
0.0002500112545855483
0.00022372120414591398
0.00027981487572414985
0.0002725726471364836
0.00023588564418211528
0.0002588945938634158
0.00024105933826505197
0.00028908252664801136
0.0003154511689374826
0.00029624990325172076
0.0003001346102058741
0.00027037726784771686
0.00028345324626238654
0.0003198662750692089
0.00034364583363057544
0.00039385056570673575
0.000439732653810279
0.000543451498371035
0.00046738056036984085
0.0004776225747280011
0.00046383744474215487
0.00040619272920572406
0.00035650040059055616
0.00033041698415917694
0.00035029939576225537
0.00040087742509538625
0.00037192481205347626
0.00039480759482679806
0.0004081910838028889
0.0003767060394238242
0.00038277002973634945
0.0004177448902554763
0.0004628844080552184
0.00044871778014665865
0.000446000693778857
0.0004559942578500863
0.00046316875127171413
0.00039738306401526364
0.00031545187573877323
0.00031649852720981944
0.0003277917081436243
0.0003407498704135871
0.00033041408319311224
0.00038070829662341024
0.0003917441856418759
0.000410655938550205
0.0003300223863642968
0.0004062861132413509
0.00037897189814351895
0.0003959806685028788
0.0003959008291188743
0.0003835037780174568
0.00042862418963933164
0.0004282478341652643
0.0003748458590746859
0.0003532628478033731
0.00032594855860380764
0.00033431590284574105
0.0003045257995967115
0.0003321290709448789
0.0003099267865965528
0.0002704513273098331
0.00034486159370907915
0.0002987903247592525
0.0002752873485165587
0.0002122708226352934
0.0002278439013566537
0.0003016106139998019
0.00030960113183690934
0.000314108480836478
0.00028231471126790165
0.00027842607166194983
0.0003403373461664465
0.0003015136473498009
0.00027943521820627013
0.00029954011434180674
0.0002596984493212427
0.00034646166358953597
0.00033135171144972256
0.0003240370426594249
0.000282376062444561
0.0002711884029519896
0.00033642496402029387
0.0004064351316280625
0.0004087839325636037
0.0003945215496433449
0.00040403292805453223
0.0004522409501293698
0.00046460640954054
0.00045102210089706325
0.000440128547289727
0.00043914116334437713
0.00048473230189514157
0.00044292521625776494
0.00040689406002031585
0.0004079127145997109
0.00042630904970686535
0.0004387612697895489
0.000499017951619388
0.00045613944974172947
0.0004412574820492807
0.0004281104865530452
0.0004565449706786971
0.0005274319761130373
0.0005620902519874539
0.0005900902652719761
0.0005963636912647817
0.0006175109955292618
0.0005782434941686072
0.0005941331351113367
0.000603227304937231
0.000559994845960342
0.0006063983781609834
0.0004808759737109291
0.0004898906932316026
0.0004426560532854396
0.00036672540862194497
0.0004366454287325724
0.00046176346404414536
0.0004601311944069846
0.0004737647757148087
0.0004378247238603367
0.00040235500241761073
0.0004155826727909104
0.0004346474364243883
0.0005032659702512411
0.0005067365819704658
0.0004987877273483349
0.0005610603388697804
0.000575821417527847
0.0005604033541557028
0.0004939112360159229
0.00038596080263109513
0.0002991997960701588
0.0003239682957642062
0.0003180242031675477
0.0003234963916599253
0.00032812020523194905
0.0003052188724423201
0.0003133886487995149
0.00025073257453036885
0.0002530203798771122
0.0003492545084210397
0.0003922493309270438
0.0003760113426077862
0.00040073703036350237
0.0003638236398593156
0.00043226450708631735
0.0004067338303685636
0.00041163177690727227
0.00043139341999199097
0.0004458742421470177
0.0005266858220632362
0.0004984428149092614
0.00047394313770340705
0.0004749627568357222
0.00041325082133878316
0.0004144051631544993
0.00042046422047854314
0.0004019737049541131
0.0003323685935879578
0.00031188523245070194
0.0003507943440691397
0.00029855661635045755
0.0003055649660261465
0.00029004923292647174
0.00027221403944740515
0.000510933518732873
0.0005055584620061777
0.000519937148991577
0.00045524372845464115
0.0004139828198054262
0.00042356437967787364
0.0003871793705506268
0.00040520866767116407
0.00033336001002372945
0.00032045562762057534
0.00036890506049288614
0.0003768710281959512
0.0003609849853616558
0.0003396131693585497
0.0003243370088939191
0.0003285860549350327
0.00028543235569331054
0.0002889439413255213
0.0002635752338675539
0.00025040757789831423
0.00033296513887538104
0.0002967657635039794
0.00025920076743249045
0.0002684891383939468
0.0002668595037226827
0.000314835156077134
0.00033287341501903695
0.0002800724408681203
0.0002447870328775354
0.00022481531324014265
0.00039938776565933017
0.0003487118165460078
0.0003371436593200849
0.00033915110190836265
0.00029263098545147866
0.00028889569822696274
0.00027876631781194024
0.0003181870716666281
0.0003280166682157986
0.0003675312382142574
0.0004827563134186034
0.0004332775012460286
0.0004515776738549094
0.00043894950173539553
0.0004138628723014779
0.0004090479227597494
0.0003621266381980933
0.0003188748410706361
0.00028236651069630354
0.0002885804112503646
0.0002999664482520182
0.0002747089786742973
0.0002632282935895077
0.0002323843375987398
0.00027960362526578794
0.0003310524377302785
0.00033904354824376774
0.00035575386032121644
0.00032729758729112415
0.0002898493400761534
0.000345454935244757
0.00032064956986569716
0.0003199571340238927
0.00030735275391209415
0.0003082014482732772
0.00039418434330536694
0.00043514372215103274
0.0004263568498192917
0.0004119846325925924
0.00034258082307860326
0.0004361751972839189
0.00043016435736910856
0.000383466497229013
0.0004102414867686498
0.000325353002465034
0.000305518895094685
0.00027266005919594365
0.0002709879702624142
0.0003060842483961614
0.00032671696378622174
0.0004015318586358078
0.00040287665161322836
0.0004347485376698875
0.00042342893639454475
0.0003670442313054072
0.00041950739302810855
0.00036858647254027087
0.0003922871738644166
0.00037389428090258764
0.00032159723251265634
0.000409715575957052
0.0004299427565730326
0.0004112169216372929
0.0003639849560768083
0.0002860941890656146
0.000316804482036868
0.00035547101979823526
0.0003418553471753763
0.0003255590945199179
0.00028972705774225514
0.0003433522527607809
0.00032482427775388373
0.0003265540321993734
0.0003553270975534395
0.00039083210054031964
0.00040671356407290834
0.0003987147261361254
0.00039696171666024155
0.0003801442109047621
0.00037951093272331726
0.0003142693820763273
0.0002952906299453374
0.0002837533559220072
0.00030404625405259513
0.0003014639143851352
0.00028877742207674757
0.000263771335897239
0.000265685966430301
0.0002803194740370069
0.0002669167201725739
0.00034300446785306846
0.00030984132539809436
0.00030496498741063293
0.00028756408388889515
0.0002648416354552998
0.0002968932111515233
0.00026470777982963667
0.00031656719382543223
0.0003066228579119874
0.000278909069103943
0.000310664825312271
0.0002628952406060393
0.0002676267140818645
0.00021017752038923296
0.00023077127706740917
0.00026877090176018886
0.00028730237336743215
0.00028713585184750984
0.0002734953036173053
0.0002159056402530025
0.0002246054451960126
0.00020844676258963553
0.0002263015146454267
0.00018962546862995932
0.00016445475817813108
0.0002353441882883596
0.00026647408300266734
0.00024239761989185816
0.00025408688426558566
0.000251161576106502
0.00032779218994659804
0.00034364911032407026
0.0003100108005192404
0.00034571928111364595
0.00036244887818287074
0.00032536493882042415
0.00023385869993691023
0.0002708597353875789
0.00024920586864309914
0.0002490664808073299
0.00021177554776148
0.0002349079231118297
0.00022040458924684904
0.0002127329715087422
0.00024540181897310327
0.0003678543607032542
0.00033078861890635557
0.0003630504482756914
0.00038265143571860363
0.00039145223756307997
0.0003075459876551646
0.0002825260987592897
0.0002702571831179125
0.0002518623650293446
0.0002174732036669055
0.0003220607395176581
0.00030995203907804376
0.00029717462444944743
0.0002533254928163548
0.00024217953154756933
0.0002994195560198254
0.0002504868464119698
0.0002743287255857406
0.0002386162135746958
0.00029882534052183524
0.0002933352401478215
0.0002490812543383314
0.00026521146172953547
0.00028628047361839757
0.0002609895451657974
0.00026067011646466025
0.00024943109840754827
0.00023731163804191973
0.00021995449645192275
0.00019377616943105772
0.00023214666232853517
0.00017138782072575448
0.00015739283604829205
0.0001852422629779821
0.00015185967161823247
0.00022244959215789658
0.0002552934988801362
0.0002577715690332687
0.0002676749397195814
0.00026919224744056827
0.00026307725337597034
0.00024622343223498674
0.0002586999729925353
0.0002042288142704016
0.00022299490354343998
0.00023399568836353772
0.0001958933022661723
0.0001956682347209257
0.0001585913717872967
0.00017939007154070142
0.0003022628496059134
0.00032055151850894165
0.0003040123162107781
0.00026460703602075933
0.0002395640952887427
0.00035720379451475016
0.00031163113155856486
0.00029057577952640285
0.0002699631269515084
0.0002497994107776997
0.00030448927989079307
0.0003392464076973743
0.0003408630048652461
0.0003714726164123544
0.00039063038009897914
0.0004162088689117822
0.0003576208146317833
0.0003237584814900098
0.0003254016857077612
0.0002719035921370784
0.0002650230118713025
0.0002893693671999767
0.0003152188433134106
0.0003354584203849104
0.0003347920516636764
0.00029690598406827384
0.0003109681035362761
0.00028664253541065763
0.00028113645311573203
0.0002626334306910155
0.0002641330089765701
0.00025758155518095714
0.00024760379433609277
0.00025558378549872263
0.0002302217689770903
0.0002597186623724249
0.0002539441321431577
0.0002607105505906108
0.0002986377456164298
0.00030976217107812974
0.00026873816880488964
0.0002489718548735742
0.0002258468239736108
0.0001887478075804046
0.00018483714598439268
0.00024508093879303106
0.00022761461619182896
0.00021372519315927116
0.000230804724973718
0.0002536486431497699
0.0002247183702241063
0.00022421241231930774
0.00020339569162611105
0.0002244636389048673
0.00024182917324692976
0.00026428193275796917
0.0002745704118637477
0.000291147816733184
0.0002782391078257465
0.0002692562862031372
0.00020453702733510274
0.00016965576579110203
0.0001596343976993436
0.000172414449165759
0.0001452200922988023
0.00020277257978328935
0.0001833036865540946
0.00014443897390552937
0.00013852981959649479
0.0001324372130319252
0.0001915177158320425
0.00019336975955575053
0.00021325238708190045
0.0002524192269557724
0.00029705700745657424
0.0003787606571465995
0.0003863854998098002
0.0003648763756347417
0.00036602845089709485
0.0003127240325148743
0.0002348807740830847
0.0002038086651936478
0.0002079904468498685
0.00019901316664607316
0.00020179225965390835
0.00019963594060285768
0.0001824930996066847
0.00020078917461829735
0.00019277180020150695
0.00017722184871949825
0.00018847080480063964
0.00018238448252865682
0.0002000607241399893
0.0001642175411167569
0.00014670735143551978
0.00022774382608518862
0.0002444609521408447
0.00024546628576016804
0.00027231228770196157
0.0002906910435549677
0.0002691408300096166
0.0002602499530910459
0.0002286013277511179
0.0002199578489919301
0.0002139711752319657
0.00022446239297319943
0.00022786634173066836
0.0002345499985987634
0.00023070206780038
0.00020530448674044687
0.0002502628795448787
0.0002210642548639035
0.0002272465088487853
0.000239277273920785
0.00026051393760659765
0.00028209662734029627
0.0002454221338367224
0.00022382939850472197
0.00017383095538750582
0.00016566240384026092
0.0002886765877961298
0.00025812082932273335
0.0002604477763744057
0.000246125538374189
0.0001976374338317712
0.0002154718078106866
0.00019664948772937893
0.00017698137678787715
0.00016921478238146782
0.00015723422228924373
0.0001755828958217152
0.00015990912219953276
0.00014807732706774746
0.00013924020570557828
0.00015636911145166802
0.000220366454950375
0.00020919809431819086
0.00022014459552786484
0.00022362435783833339
0.00019595222701722126
0.00015842741170778944
0.00013397675714104992
0.00012250670013999498
0.00012938628953633325
0.0001316449781657612
0.000250525584032913
0.00025811002944259407
0.00022992512489787272
0.00022345793403467042
0.00023030173003724924
0.00026940497234354324
0.0002570851369057884
0.00021498209160707992
0.00020703439778310069
0.00018875366248869948
0.00022426489993912705
0.00021930555411197174
0.00023251010601513928
0.0002153927429402097
0.0002276361872144514
0.0002498701174759456
0.0002578265334205332
0.00024558437336163796
0.00021814484988197724
0.0002263965671769665
0.00028275753851794656
0.00029518969526065917
0.0003785171943090811
0.0003745744791746429
0.0003600758918943713
0.0004452594114178836
0.00041631631457591704
0.00042587971089895835
0.00039633161318360083
0.0004073863401173967
0.000494166066282021
0.0004513671416187247
0.00045720038829299216
0.00046765066125744323
0.0004392812652809464
0.0004011850993781021
0.0003850353300429642
0.00035490466972060993
0.00032324992567914944
0.00032636613338250586
0.00042086523945338266
0.00041459682678064675
0.0004104707629103709
0.00040284642628609556
0.0003959764296362018
0.0003840459023086519
0.00032370873878931897
0.0003164193683872819
0.0002802112202136842
0.00024721725202004463
0.00023833367395095076
0.00021872694848455005
0.0001909781931169121
0.00017865877465238585
0.00018802009365783288
0.00021947863243056528
0.00024298500586038984
0.00022179263210352513
0.00018468309937982224
0.0001563067786963926
0.00014478904665126763
0.00014286635646055095
0.00013261182240316896
0.0001407907303235149
0.00014352758843347462
0.00019136788744726562
0.00019591974106181396
0.00016202955879451045
0.00015569779177018769
0.00014855568172202343
0.0001649792155417747
0.00016168300688658614
0.00016430835524450552
0.0001591659732599685
0.00016064679017205706
0.00019206400130474763
0.00026210351016687085
0.00028660724949838184
0.00032746404296801865
0.00029561231619557716
0.00032471984588091615
0.0003602948356617808
0.0003399299929960435
0.00035078711373916937
0.00030756795523776163
0.0003041475288679296
0.00025371337477972134
0.0002623029189848814
0.00022945051578263217
0.00020207684374397883
0.00018657608389159374
0.0001732587385757288
0.00015002733724568904
0.00015310232042350537
0.0001549194933059309
0.0001975514427583777
0.00019618169941166584
0.0001911486375136066
0.00018963063844905527
0.000159580767408811
0.0002442664737010871
0.00021499130800763607
0.00023338927866058094
0.0002212515316061403
0.00022243663979291557
0.0002358836897271654
0.00023840582370433355
0.00022985406468843154
0.00025430862912994326
0.00028262843930444167
0.0002396234976393107
0.0002195656655846529
0.0002202355991694331
0.00022390819956267952
0.0002148090006007546
0.00025903827626404404
0.0002433172873712628
0.00024255015149113194
0.00022282489405638653
0.000185448874373453
0.00025320161222794986
0.00024977011857213525
0.00023764273511646215
0.0002494197760005308
0.0002594147814298112
0.0002396445722614647
0.00021973044646153827
0.00021743047528199045
0.00020887467859880853
0.00018173582703961814
0.0001600038383151218
0.00015759910334736126
0.00017718085345048052
0.00015670833277031123
0.0001478986380108829
0.0001871468159181343
0.00019177345202357643
0.0001858160971533485
0.00019037424570406556
0.00016365245018078783
0.00016784580224980025
0.00019017760796411685
0.00016796674258496818
0.00015575025036315804
0.00014683361729189704
0.00016372202185624185
0.00016350047896567264
0.00015950854037315962
0.00015240241199501424
0.0001450695876627519
0.00015263407863036601
0.00013819206919752115
0.00014690388396682269
0.00014442580297542343
0.00013090997994121275
0.00014380550560971127
0.0001355503025542767
0.00014066799031158016
0.00012411047061875404
0.00011970420501866271
0.00021014670700258327
0.00019736729735404443
0.0001951862795160892
0.00019181993395569645
0.00016314261209811218
0.0001844163685108143
0.00017241225344593846
0.0001596708845496501
0.0001639713907905144
0.00015252178993880897
0.00016589797885717896
0.0001817947626803885
0.00018439245354614554
0.00019573175811141754
0.0001946942806943093
0.00021357270671998018
0.00019894160693229967
0.00020086928220214404
0.00019249714756585244
0.00020135898972268608
0.00019398153209831015
0.000180531700139774
0.0001583340647141566
0.0001432508802516412
0.00013569263827222538
0.00013387667793400264
0.0001304647301944903
0.00011830664058286925
0.00011011455360445778
0.00010614794518110938
0.00014924982044249626
0.0001461330139532012
0.00017688783476800993
0.00016376512589958252
0.00017884835445801945
0.00019874985857185385
0.00017414318053044406
0.00017907514359180414
0.00017637108505944935
0.00017518753720233545
0.00017244969855770455
0.00015784846939798506
0.00015814704294865253
0.0001544431195108434
0.0001472522882386636
0.00016411596312386953
0.0001595600072571079
0.0001692322688799055
0.0001422530044182938
0.00014670222805769438
7.998655573517319e-05
6.516124182648963e-05
6.419890332556991e-05
6.015930762901197e-05
5.530427284073882e-05
7.672732672282317e-05
9.92284386555299e-05
0.00010141567534944483
0.00010693792103563057
0.00011731733181763541
0.00013621946612866836
0.00015389992872120352
0.00014411430933513784
0.00014114885829922297
0.00013532955861102425
0.00011946608925588416
0.00010871730006571595
9.326058809771011e-05
9.270542489831964e-05
8.536545812579637e-05
0.00011216866133634466
0.00011958368567150206
0.00012062433733533796
0.00012288575794841948
0.00012737332915181078
0.00013519990512651572
0.00012741491013949468
0.00013386755297787093
0.0001284577803763446
0.00013520500760495728
0.00014043723286154134
0.00011741723169615697
0.00011949299230881112
0.00013087431979647967
0.0001140072917951566
0.0001014004495803041
0.00010929794017873105
0.00011430353167511029
0.00010596308954852458
9.79916167671331e-05
0.0001080822256944487
9.143333430970984e-05
7.419393627530644e-05
6.27007764328731e-05
5.116950119747757e-05
7.059888096324164e-05
6.640867766751811e-05
7.597473189429257e-05
8.446618004555834e-05
7.949825919576831e-05
9.292331483049431e-05
8.762182464978061e-05
9.188759366193642e-05
8.087476459269433e-05
8.187594400219404e-05
9.359462004477857e-05
6.622742974015041e-05
6.578302341148831e-05
6.945426340342132e-05
6.255748883041043e-05
0.00010560565809011278
9.796689401265056e-05
9.87062802927609e-05
9.963323327121118e-05
8.850880243585717e-05
8.798820802281153e-05
7.997912014736329e-05
6.084690662447058e-05
5.825165031819825e-05
5.128104537986889e-05
4.649752395123055e-05
5.2430000757899024e-05
5.476657776336782e-05
5.532320468784809e-05
5.676951218377185e-05
8.63612518977505e-05
7.909433610761754e-05
9.073852594281944e-05
8.465848459532632e-05
7.820686817982061e-05
9.76036161398111e-05
9.656684112729846e-05
8.455336797202975e-05
8.318258421476401e-05
7.940096146739208e-05
7.302242099847425e-05
6.668124901767542e-05
7.328299898954019e-05
7.758600419691328e-05
8.047981099038233e-05
7.287817961656286e-05
7.332373214013578e-05
6.920771996167984e-05
6.171657227937846e-05
5.300120137292769e-05
5.140707773833189e-05
5.637727076148631e-05
5.263131931436264e-05
5.2594375191062604e-05
5.541370783801305e-05
7.755700263512064e-05
7.930025278902847e-05
7.659264577815216e-05
8.0339333165731e-05
8.601437111347366e-05
9.350710199607063e-05
8.390113108516877e-05
8.638587856089064e-05
8.197215661770864e-05
8.538556664933238e-05
7.807904336591672e-05
7.16989274129777e-05
6.620937317750355e-05
6.876908675988105e-05
6.339099539997993e-05
5.3748290413029834e-05
5.664244296519591e-05
4.940955214247163e-05
4.351207348755204e-05
4.362385759095556e-05
4.781521382173502e-05
4.043357253686466e-05
4.16577623045178e-05
3.746613210038846e-05
3.846780899119191e-05
3.653923377041305e-05
3.7726496698597675e-05
3.364620595254431e-05
3.542685521073952e-05
3.386898637691433e-05
3.342396383950013e-05
3.038227693093003e-05
3.1940389810014036e-05
3.2497046330104105e-05
3.0122741267391338e-05
4.147491320502622e-05
4.26254787065701e-05
4.2143454687439134e-05
4.025173322664831e-05
3.361132795240458e-05
2.8343960339824793e-05
2.4448732103222026e-05
2.4968176704646614e-05
2.3966751067225327e-05
2.3484593531586093e-05
2.4560682843376154e-05
2.378164781739197e-05
2.5302864529131127e-05
2.6638622158451126e-05
2.6082173687613102e-05
2.7009838036693458e-05
2.2668980460934206e-05
2.1704463784543905e-05
1.9515551297257315e-05
1.9292960488462142e-05
1.7697576467165263e-05
1.881061065363978e-05
1.6213521015413124e-05
1.658453488041196e-05
1.7697609297856442e-05
1.8921949037922776e-05
1.688134105373331e-05
1.6510279689703207e-05
1.4358372740017175e-05
1.3542131481778913e-05
1.5063325329241253e-05
1.424710716941146e-05
1.339379512591262e-05
1.2392040837043031e-05
1.1650016295182028e-05
