2.4435218237597237e-07
8.317895344671476e-07
2.0803654151574965e-06
4.059337690752587e-06
6.515972668104177e-06
8.855824398446079e-06
1.5282501934178357e-05
2.2038687908630786e-05
3.816113913832691e-05
0.00010073475963244324
0.0001436237987435205
0.00021130911309580184
0.0002788555058903067
0.0003406558266754234
0.00039384898017199
0.0004369170895390289
0.0004721388858612525
0.0004854352513383967
0.0004998929161880369
0.0005095503123516655
0.0005127746257595153
0.0005113311356270518
0.0005055346544092591
0.0004993665616863601
0.000488577898077211
0.00047451943297077904
0.0004646999325147659
0.00044102239530090335
0.000428821313880129
0.0004152252597649741
0.00040405121342350006
0.00039278673550729987
0.00037843095053475645
0.00037243130098969194
0.00036061305355140867
0.0003514730913500116
0.0003475159123338682
0.00033582721066396665
0.00032757822916197897
0.00031438419128680304
0.0003007301017989081
0.0002901127016365069
0.0002783866310672899
0.0002653295165989391
0.00027319064655636436
0.0002628550524306413
0.0002594221306571448
0.0002582906944560157
0.00025440243993504806
0.00025562796652869315
0.00025908447502932444
0.0002624684929773737
0.0002660993803749232
0.0002587076732004446
0.00026712783615176147
0.0002730322809404764
0.0002861043608247787
0.0002942416888220177
0.00030718011486642605
0.00031863806432655433
0.00032814178183784295
0.0003358692765750552
0.00034833066829543504
0.0003603888292355827
0.0003744418599358243
0.0003954440566537594
0.0004117557229804428
0.0004347865420176236
0.00045526548653358686
0.00046319109407715666
0.0004708793703625376
0.0005077758046554353
0.0005218352413061647
0.0005318023655419361
0.0005298492390579785
0.000530954229465424
0.0005275910657879403
0.0005226355153262224
0.0005124459509522723
0.0004994911311246039
0.0004710367421987531
0.0004672339498288541
0.0004803041617872137
0.0004913645912138914
0.0005131020776812287
0.0005449341328074806
0.0005684780140825651
0.000586684243533528
0.0006010531398990009
0.0005902105546700277
0.000536041820066698
0.000517420389990124
0.0005149646988940881
0.0005253684352796236
0.0005367932763084324
0.0005603319823064086
0.0005694592939695445
0.0005827364067164739
0.000579530514436464
0.0005611660868173831
0.0005489004010613754
0.0005362729891518035
0.0005356344598678671
0.000516914321893503
0.0005125092315201986
0.0005286575861435317
0.0005296722214107818
0.0006030365127706874
0.0006089919442570033
0.0006084337556521224
0.0005925883835347981
0.0005701661339840224
0.0005638266973637923
0.000574177306017314
0.0005704057373928146
0.0005539855340651204
0.0006554584526763954
0.0006183503427380752
0.0005847511331597045
0.0005369400108178689
0.0005110784704467597
0.0004924028501410722
0.00047839258072988704
0.0004993477380878877
0.0004943256045007966
0.0005512140176056039
0.0005209403171888758
0.000529059201161804
0.0005281452512152761
0.0004992736655971734
0.0004994872433643485
0.0004806693871794955
0.0004561617011893101
0.0005003990546956184
0.0006150588936903948
0.000681021696415276
0.0006877503100577503
0.0007360066757075545
0.0007433848214681664
0.0007514468533392217
0.0007775643456738288
0.0007526885108727654
0.0007736425947440169
0.0008748015145467944
0.0009513548480298899
0.001043947167836361
0.0011117993399626732
0.0011541486072378366
0.0011872339532164905
0.0012100094847639108
0.001216388164391226
0.0012406378223486472
0.0015099488333184445
0.0016662477685201451
0.0017750993548189269
0.0018769059578582427
0.0019377152523406156
0.0019305651939508595
0.0019338947235499804
0.0019311765897213962
0.0019343975665737187
0.0018289978870467583
0.001762781211810122
0.001710965846988893
0.0016805743136941958
0.0016564542598649836
0.0016265801296977767
0.001581705686992045
0.0015328580147530098
0.0014346007984535798
0.0013738120570004413
0.0014042633113960624
0.0013326060045954478
0.0012947238465069394
0.001269944050109904
0.0012244049129202512
0.0012037091572150993
0.0011606647314032184
0.001109947393280639
0.0011707465292203042
0.0011633261679560147
0.0012197445887698292
0.0012044752268349148
0.0012267163520310737
0.0012361530757592505
0.0012757612102830696
0.0013081074366617148
0.0013042250056300231
0.0011790941052299978
0.0011663617516139615
0.0011607289036620083
0.0011547016268767404
0.0011344183401516723
0.0011151380902948104
0.0011360831380557968
0.0011572115257299396
0.0011554470533858914
0.0012123772162008068
0.001437150562290204
0.0014770273790907075
0.0015346086649736578
0.0015693605271682534
0.001584418536893161
0.0015207826317965684
0.0014714224890133136
0.0014357111606565474
0.0013651459616711046
0.0013564537984348752
0.0014095442701605072
0.0014156409533767887
0.0014226054998341963
0.0014375226464856707
0.0014065729594745678
0.0013940165417911238
0.001372784659369529
0.0014268584231252497
0.0013745048323139536
0.0013352792906643285
0.0012695712594925155
0.0012284660557727077
0.0011968784583600148
0.0011591131953350177
0.001101106748280464
0.0010375629776466781
0.0009972817668866412
0.0009799446291492828
0.0009394541338312728
0.0009351542310975014
0.0008996768413018835
0.000857166901218032
0.0008464228480174789
0.0008380999440320892
0.0007925895431918431
0.0008615866642605506
0.0008156271445292459
0.0007838167051143985
0.0007452295618283069
0.0007137171819004614
0.0006838500967691826
0.0006747790571110262
0.0006728756614840769
0.0006921815094185314
0.0007301611298654223
0.0007577093883415839
0.0007920514402505752
0.0008442633148631365
0.0008630051874807447
0.0008684087737389807
0.0008952589848674369
0.000896929398790332
0.0009030656707098534
0.0008611744417914963
0.0008534764769056309
0.0008465015880794287
0.000848061368636249
0.0008373710351606177
0.000833869257879432
0.0008452759959840658
0.0008462255926199503
0.000844886349913663
0.0008530505507983687
0.0008119236393079936
0.0008061083321860694
0.0008007213966793122
0.0007810176542458733
0.0007742464568668189
0.0007678583603832319
0.0007583336202957381
0.0007455025602980281
0.0006449030658830361
0.0005943050793478111
0.0005198364371597588
0.0004748020798993454
0.00040764809285162963
0.00037464805720243994
0.0003319970809547083
0.0003039701999116681
0.00027849339550831435
0.00024994328347419597
0.0002234037744267468
0.00023118899893819004
0.00024931206129156656
0.0002662878939726108
0.00028345913814128044
0.0002977624592390601
0.00032229488580347716
0.0003319858505049476
0.0004227052260605455
0.0004249551951634026
0.00044338607816641495
0.0004350130716976452
0.000430624306221925
0.00041422057770068463
0.0003966865080954287
0.0003759244826308071
0.000360697597292859
0.00036430806629673436
0.0003658586857854071
0.00038042348757814145
0.00039216363410368954
0.000407392315826849
0.0004064863227705205
0.0003974331469461538
0.00039067489932288773
0.00038286969967880544
0.00038268097497074556
0.0003592881212511729
0.0003690038410713117
0.00035982951550901193
0.00036131557264731587
0.0003520364140781371
0.0003424071227497637
0.0003373941824416683
0.0003190839046752866
0.00037516538802923434
0.0003795644501059288
0.00039236476619141915
0.00040645531948662776
0.00041801173396508975
0.00042241014164170706
0.00042699384054346656
0.0004191386131158458
0.00041798759892794655
0.0004097621215074674
0.0004096761078828612
0.00040630616902020153
0.0004175123654711129
0.0004310635825089688
0.0004389847216282664
0.0004359682060231329
0.00044339064266658574
0.00044790026899069234
0.0004900765648871325
0.0004893293403283342
0.0004953221822915362
0.0004991420982063826
0.000494734747065225
0.0004878720822482979
0.0004839748856529603
0.00048093281869149366
0.0004722027214595102
0.0004989259269214119
0.0005156775656020362
0.0005311934244645837
0.0005375866197344452
0.0005445470722625432
0.0005540890053370698
0.0005499523751924542
0.0005458405256992661
0.0005317921343206224
0.0005396795994704272
0.0005282907652326241
0.0005127431076341625
0.0004908998562845016
0.0004711353639377512
0.0004423226611999425
0.00041947171331986865
0.0004004658220301271
0.00038156391720789174
0.00033950525009246685
0.000311219726885798
0.00028781918198089284
0.0002637959198107948
0.00024731197707703354
0.0002326235594874914
0.00022268919850856292
0.0002093209609120371
0.00019988999936516402
0.00020360212715915264
0.00019170124902858214
0.0001826349032178546
0.0001736781040917975
0.00016994502966874867
0.0001651098439514864
0.00015741383949579346
0.00015145005277749472
0.00014693339974179728
0.0001811175071648454
0.0001803212657323677
0.0001858318557684248
0.00018514212693845702
0.00018411394604208242
0.0001797446437939541
0.00017279504833381989
0.00016469732098679321
0.00015336133338681644
0.00013888253707574082
0.0001283198030113288
0.000115494304860664
0.00010556938564761435
9.52917796112145e-05
8.558034019879739e-05
7.685261420991095e-05
6.873757479631187e-05
6.18524928493735e-05
7.12237186766036e-05
6.984202114378169e-05
6.99293839072942e-05
6.898136465792451e-05
6.726778671299322e-05
6.579013847353036e-05
6.297403480222467e-05
6.072613196968942e-05
5.81200783518866e-05
5.479129038614807e-05
5.270910782234319e-05
4.9670855894482e-05
4.6802193219545165e-05
4.345210989274078e-05
4.030287958350815e-05
3.725253672141089e-05
3.4024810103025025e-05
3.092827142485955e-05
2.6651716736679572e-05
2.4108009682507637e-05
2.1771603682525645e-05
1.9789445002581404e-05
1.7931340434112434e-05
1.6418701010162266e-05
1.5043072672963951e-05
1.3696188317711321e-05
1.2404073335859997e-05
1.09491254246243e-05
1.0116633276492068e-05
9.043221516951061e-06
8.292476568744635e-06
7.752963493505653e-06
7.046216700218437e-06
6.293290456651366e-06
5.752105780666578e-06
5.159822795521368e-06
5.787411564655134e-06
5.760166919960118e-06
5.709685284522147e-06
5.806000099792329e-06
5.7598347004542515e-06
5.522951501732753e-06
5.218497635049658e-06
4.915040202704418e-06
4.648021032610727e-06
4.98489132190947e-06
4.985795640860084e-06
5.1219125465316805e-06
5.248674979338583e-06
5.214224746729777e-06
5.383227798970756e-06
5.323246705997989e-06
5.046470949297649e-06
4.567104183718956e-06
4.473125387534576e-06
4.560808404569494e-06
4.748554105145377e-06
5.2739857038135e-06
5.476607162715061e-06
5.23174380524608e-06
5.1277492097014095e-06
5.035230281850715e-06
4.926692538532918e-06
5.274236459780854e-06
5.0269236993831475e-06
4.993889456007925e-06
4.8268556425665805e-06
4.337070342271674e-06
4.0839066734404e-06
3.932791955292526e-06
3.7231032987640808e-06
3.562557306241943e-06
4.840725674603968e-06
5.087687634702233e-06
5.2738623993363815e-06
5.45614086568187e-06
5.46069301131793e-06
5.299624757890086e-06
5.146208406032916e-06
4.913636139788154e-06
4.877014396299492e-06
5.911599650370826e-06
5.484028606779254e-06
5.796466129838542e-06
5.967182321409203e-06
6.158720361687562e-06
6.11369548107427e-06
5.955438683840868e-06
5.604982636392249e-06
5.284862399858555e-06
5.731632337533262e-06
5.441141434861482e-06
5.25873029363229e-06
5.031645436601957e-06
4.70922748325377e-06
4.364794603539362e-06
3.93139352761554e-06
3.752527207965738e-06
3.378253860962957e-06
3.999310535299696e-06
3.788552229664211e-06
4.062753135608099e-06
3.9775254205440195e-06
4.006256690465706e-06
3.914710223995394e-06
3.966428516743771e-06
3.988924780800551e-06
3.902398965358122e-06
6.66444854984508e-06
6.925874129354799e-06
7.457980585168446e-06
7.634904714101543e-06
7.919030413787382e-06
7.784885470278082e-06
7.693946537051974e-06
7.660484401490593e-06
7.558014188097965e-06
8.016096456342609e-06
7.380331512184808e-06
7.206218317274412e-06
7.197062299213602e-06
7.296303955454243e-06
7.337031287054614e-06
7.4513534268356435e-06
7.283896445503062e-06
6.9876066710438695e-06
6.732039838792586e-06
6.25982513237822e-06
5.8380474173789975e-06
5.499160543995047e-06
5.50681526918963e-06
5.621059241884141e-06
5.623152243364252e-06
5.597791272335171e-06
5.2508536218970445e-06
6.714823071427951e-06
6.5191720113430835e-06
6.786464897043833e-06
6.654052357060966e-06
6.59238246103371e-06
6.275946199201274e-06
6.101062225564057e-06
6.096192418197059e-06
5.913996273395103e-06
7.265066714430703e-06
7.275515003642867e-06
7.353160028932498e-06
7.198417981585168e-06
6.9171693848393245e-06
6.446562992769992e-06
6.176708164843384e-06
5.9983911877797035e-06
5.607706216226639e-06
7.108920147568334e-06
6.669490656376112e-06
6.819440085983074e-06
6.697730067485526e-06
6.796627358576714e-06
6.712206918282548e-06
6.822529090962691e-06
6.589618007959503e-06
6.246130270194874e-06
7.331188821709338e-06
7.089648477824468e-06
6.794020095265092e-06
6.40643442145208e-06
5.998219270623494e-06
5.344597213956138e-06
5.138322970648058e-06
4.884412001494401e-06
4.6049646494984695e-06
7.41133473596865e-06
7.3180972654613035e-06
7.81184058565572e-06
7.819372283999529e-06
7.620026399000862e-06
7.309653125234817e-06
6.917476631440998e-06
6.678411148647151e-06
6.209398110546729e-06
8.296396427128119e-06
8.712388912541537e-06
8.746741081120685e-06
8.887334503052463e-06
8.91000235182505e-06
8.941811359450901e-06
8.656167334374679e-06
8.465308542079069e-06
7.900049513396076e-06
8.634688237356002e-06
8.671562015504719e-06
9.099522572087315e-06
9.551802767816548e-06
9.812032321893543e-06
9.556885247972392e-06
9.492151611904614e-06
9.440758546146109e-06
9.073368428339375e-06
9.036299558572957e-06
8.559928036107765e-06
8.430240829096429e-06
8.15030834329808e-06
7.851744177940902e-06
7.492801907837525e-06
7.2619591482566244e-06
6.834635493308637e-06
6.604038270286092e-06
7.720594507912435e-06
7.867672666341203e-06
7.806000781260882e-06
8.163842890411943e-06
7.848743201432688e-06
7.674958936191829e-06
7.425783348328914e-06
7.053083149184173e-06
6.606874616502417e-06
6.930944428530941e-06
6.722890986366767e-06
6.515270507000922e-06
6.239907705523846e-06
6.06585854138908e-06
5.770413753692636e-06
5.363420062872373e-06
5.113505183547199e-06
4.7486525448220994e-06
5.743510376221224e-06
5.753209172538112e-06
5.831446126921894e-06
5.790153751571454e-06
5.755580710691924e-06
5.5013415436223835e-06
5.3253285140883315e-06
5.141588792860782e-06
5.060503362037569e-06
8.423753601931427e-06
9.540424816601312e-06
1.1011822111119712e-05
1.1854132583602409e-05
1.263810544438614e-05
1.2867650648970532e-05
1.3049533497833909e-05
1.3136705195141434e-05
1.2962411121941861e-05
1.263325260205724e-05
1.209898392679041e-05
1.1827445745026905e-05
1.118439673509339e-05
1.0518612414090212e-05
1.002704571332447e-05
9.21206128231371e-06
8.475105962086586e-06
7.661466842792295e-06
8.908462573388737e-06
9.517606768966926e-06
9.587416244501645e-06
9.991789725898243e-06
9.822901099173609e-06
9.397043024868865e-06
9.072654915740748e-06
8.463031312129105e-06
8.064548498490548e-06
8.501273587387378e-06
8.4855721923234e-06
8.765999644288152e-06
8.87956936531245e-06
8.768551047111886e-06
8.533567516620388e-06
8.089501818535964e-06
7.946170980221323e-06
7.81407028776173e-06
9.984839616291518e-06
1.0037916914247234e-05
1.107152979890495e-05
1.1497047957873482e-05
1.2027306861832269e-05
1.2157348421894008e-05
1.2098189498847447e-05
1.222572317638727e-05
1.2020648724670432e-05
1.2289228341681567e-05
1.1740634749637582e-05
1.145321193567134e-05
1.1099470140268584e-05
1.0881693089234703e-05
1.0704587153609207e-05
1.0735591699806027e-05
1.096618328604426e-05
1.0865012108068492e-05
1.0561178473743382e-05
1.0171799350201734e-05
9.576151788882532e-06
8.903348356651992e-06
8.537361611363627e-06
7.89585807592404e-06
7.392106143642406e-06
6.812070325195909e-06
6.406516655117528e-06
9.104251303432633e-06
8.595276810217671e-06
8.719682263439821e-06
8.15888078991861e-06
8.024435301461133e-06
7.541458813840111e-06
6.872442019898555e-06
6.445660594142181e-06
5.990877301490009e-06
8.942595139824963e-06
9.656990120863892e-06
1.0581063033778303e-05
1.1526905512687112e-05
1.2110468942804741e-05
1.2710485062842686e-05
1.2801150074505559e-05
1.3105218792907388e-05
1.3313565666385556e-05
1.2496252219316438e-05
1.2149321286224391e-05
1.151193263177523e-05
1.0715755997564722e-05
9.94335347955044e-06
9.067428205422656e-06
8.07745861103924e-06
7.328474703714399e-06
6.522950144617317e-06
8.171847726880208e-06
8.26243294728358e-06
8.102966048452128e-06
8.156553603644925e-06
8.023807862779708e-06
7.819340066632043e-06
7.483747672721746e-06
7.396966783060854e-06
7.433257796862783e-06
6.5046239936582205e-06
6.3487916702934e-06
6.459874018833673e-06
6.272864154249984e-06
6.419959918809928e-06
6.454751949311465e-06
6.4941022908875565e-06
6.520946735166193e-06
6.434154478627123e-06
7.655362243749879e-06
7.932015217748848e-06
9.016511852286387e-06
9.590935213762295e-06
1.0052248865262494e-05
1.0517322812015059e-05
1.074922066547405e-05
1.0532667308851118e-05
1.017314607799976e-05
1.2075955341365983e-05
1.1842761056388535e-05
1.2383046479068122e-05
1.1988611487265665e-05
1.1636410256336432e-05
1.1117689413194945e-05
1.0424524986460615e-05
9.989380241887727e-06
9.654406134372036e-06
1.1425437988348692e-05
1.220236104744506e-05
1.2619974338063467e-05
1.2648443034510499e-05
1.2748641352418609e-05
1.1998637083877668e-05
1.1284182374454149e-05
1.0675455895273391e-05
1.0019072289991184e-05
1.0316307681488402e-05
9.664990465299136e-06
9.221639116413992e-06
8.824288160652048e-06
8.439529404338157e-06
8.185193793548256e-06
7.914206743095756e-06
7.273068106569671e-06
6.807836465502323e-06
8.813726477228689e-06
9.164570680198087e-06
9.853141105894896e-06
9.790593274796047e-06
1.0015189779354458e-05
9.84691241589667e-06
9.723664104964228e-06
9.511364485510278e-06
9.002227776634791e-06
8.690397832351336e-06
8.811296016120488e-06
8.871080932400013e-06
9.357653264595219e-06
9.327128084292374e-06
9.415739169744847e-06
9.277001618074443e-06
8.857340635623526e-06
8.362849198171892e-06
9.605588719215144e-06
9.50496878344461e-06
9.810069489301126e-06
9.769767679262238e-06
9.88277388451497e-06
9.676449194317534e-06
9.03523724007004e-06
8.404832171657278e-06
7.798010424570614e-06
7.16996076364929e-06
6.669242905419935e-06
6.333165996210527e-06
6.2849609555255915e-06
6.131182999456293e-06
6.178790337012269e-06
6.084544821488155e-06
5.843557634531209e-06
5.56673956872783e-06
8.01329632706719e-06
8.378833984372059e-06
9.322198096238265e-06
9.715786284871628e-06
1.0070359113816732e-05
9.738543461882829e-06
9.80218070552585e-06
9.341824826776122e-06
9.1993190715327e-06
1.2658380596748258e-05
1.2672554669197508e-05
1.3751545724852458e-05
1.3988709378433311e-05
1.3856513770819344e-05
1.3430036086823752e-05
1.2982267898368435e-05
1.2454425782180855e-05
1.1797751605128667e-05
1.3638302731699576e-05
1.3533224947857927e-05
1.4305338941926435e-05
1.4828025511906585e-05
1.5142599711322404e-05
1.5276442344656873e-05
1.542160944721674e-05
1.5209314765487275e-05
1.522744484231349e-05
1.7167786303470435e-05
1.6263641093423865e-05
1.6258072513369115e-05
1.5660224361067162e-05
1.4822456538055978e-05
1.405152100201106e-05
1.307277686603499e-05
1.2350155172001993e-05
1.1578554471893929e-05
1.3869159634546896e-05
1.3831020019100913e-05
1.4254365648757101e-05
1.4190064577628458e-05
1.4078647725289396e-05
1.3898923141471929e-05
1.3406943774155735e-05
1.2725602328398491e-05
1.2061363715183758e-05
1.196019035227208e-05
1.1387406356378516e-05
1.0912978080038144e-05
1.0823291998773034e-05
1.0501582823179758e-05
9.896005452322269e-06
9.348757092030726e-06
8.52566080119995e-06
7.968709639561371e-06
9.573141808195122e-06
8.94578099791239e-06
9.473341788887595e-06
9.606806179970909e-06
9.59315200543998e-06
9.537674455899118e-06
9.498737258013092e-06
9.313193416018814e-06
9.50622761401934e-06
8.359548064444448e-06
7.739012306124701e-06
7.631699071920033e-06
7.659105487795242e-06
7.288637109697717e-06
7.18203595027189e-06
6.871634907054684e-06
6.373788702433018e-06
6.060670389557186e-06
5.433257362857159e-06
5.374337554212418e-06
5.871527227473075e-06
6.223920788903794e-06
7.085631720224769e-06
7.452996249414987e-06
7.64744332764705e-06
7.754653735384476e-06
7.3702611835202534e-06
9.660147547920317e-06
9.29150036063684e-06
9.428785559850427e-06
9.389550018192305e-06
9.507478734823064e-06
9.135437523151631e-06
9.088595293727263e-06
8.946234596141912e-06
8.924778276751808e-06
1.0414023094123868e-05
1.183950589389407e-05
1.2522379719480038e-05
1.3183750788946805e-05
1.3483854116292554e-05
1.3837705067511945e-05
1.387508586006959e-05
1.3915652155787755e-05
1.387376058492986e-05
1.5440649754071806e-05
1.6062434349386583e-05
1.6354756306745597e-05
1.6670031752310313e-05
1.6728963780877296e-05
1.6486045435168256e-05
1.6012701889267565e-05
1.544604057467446e-05
1.4829199908794884e-05
1.7325533671840176e-05
1.725076580296558e-05
1.7349559750476967e-05
1.701662274121639e-05
1.6613830651341478e-05
1.631169956274395e-05
1.5632625325621083e-05
1.5190094787963157e-05
1.4756996284641997e-05
1.495562752347531e-05
1.4321798574901683e-05
1.3907060610251409e-05
1.3910408457280459e-05
1.3779857735699842e-05
1.381566420947968e-05
1.3204880091790807e-05
1.2381826872255801e-05
1.1663960227335906e-05
1.1656131178123482e-05
1.0791651871005558e-05
1.0117820867346005e-05
9.515459987549579e-06
9.190801092432262e-06
9.118646555438706e-06
9.1264940125184e-06
9.035138974140849e-06
8.800171520583884e-06
1.07069879616516e-05
9.831370749523963e-06
9.994101979337006e-06
9.568651580700623e-06
9.524717721323827e-06
9.152023064907746e-06
8.721521946278305e-06
8.304423978554475e-06
7.99641171356959e-06
9.406423003723043e-06
9.09856731051178e-06
8.845572221646676e-06
8.153220091337123e-06
7.167509139749449e-06
6.6406972518401424e-06
6.303877061471675e-06
6.039245491944194e-06
5.805019643788755e-06
8.22536474123495e-06
8.330514327202545e-06
8.85617506460154e-06
9.138567035860365e-06
9.547844927809428e-06
9.826476391001655e-06
9.823171194372433e-06
9.642010349228251e-06
9.038031986272016e-06
1.1943971757732051e-05
1.195938751023388e-05
1.2496624844229403e-05
1.2261442648255654e-05
1.1983528363983996e-05
1.1697504154015549e-05
1.125332507126894e-05
1.0887801791353757e-05
1.0420799618871058e-05
1.1632630714670888e-05
1.195713234918644e-05
1.2120718238350025e-05
1.2442211862165165e-05
1.2377544332613084e-05
1.2234412816759765e-05
1.1591714015067198e-05
1.1338003431738306e-05
1.0793524786171355e-05
1.4281388345543905e-05
1.4912034303938122e-05
1.5068735834528997e-05
1.479352209495855e-05
1.4755165112233256e-05
1.4514127139876313e-05
1.3870668736286295e-05
1.3216372937007136e-05
1.31082348437096e-05
1.2923394235529845e-05
1.1666234568905334e-05
1.114111025127745e-05
1.026475560616392e-05
1.0020529622019135e-05
9.591871411709372e-06
9.174940840841833e-06
9.064746410577502e-06
9.116298111740331e-06
1.1875573298201864e-05
1.2160235404869411e-05
1.2844706885586237e-05
1.3323801075848582e-05
1.377260467600336e-05
1.3768134675287902e-05
1.4126124202870568e-05
1.3856873586147036e-05
1.3478600880817072e-05
1.4496034432095943e-05
1.3671239258224108e-05
1.2720663996271559e-05
1.1873015335030678e-05
1.1196872913409511e-05
1.0266977493004397e-05
9.692940016638295e-06
8.964149218554353e-06
8.487277106915822e-06
1.1446640769182465e-05
1.1794909937679497e-05
1.28254925734648e-05
1.3097479028235932e-05
1.325976354197966e-05
1.353059727782113e-05
1.3129056147156786e-05
1.2499676745311193e-05
1.19613762253697e-05
1.3395932797576761e-05
1.2410032981674878e-05
1.2329498747281603e-05
1.1569750277268292e-05
1.1070250977407025e-05
1.0277891897696457e-05
9.548791365404456e-06
9.193788754715637e-06
8.666016085076279e-06
1.2624876456159803e-05
1.3155339836719985e-05
1.4342241654412407e-05
1.5442524252218808e-05
1.6225909574042432e-05
1.66132602215371e-05
1.7289549462426503e-05
1.7421739596961055e-05
1.7706441768722904e-05
1.931106324868945e-05
1.9924246572496627e-05
2.049593576970552e-05
2.0858743624269847e-05
2.0694491060462193e-05
2.031786764503967e-05
1.985865095638945e-05
1.9306442308838e-05
1.8695521362726642e-05
1.6434216436914593e-05
1.4868032401303737e-05
1.370905769072741e-05
1.3079969970903344e-05
1.2805251984219098e-05
1.1844377657483711e-05
1.1167244895167254e-05
1.0308043621172516e-05
9.483690218583838e-06
1.0049815599062898e-05
9.464468611478377e-06
9.638649902395399e-06
9.654844855853548e-06
9.56829290152869e-06
9.445128751554721e-06
8.993303746962143e-06
8.417222830493675e-06
7.81637506560808e-06
8.22606147909348e-06
8.400200486616122e-06
8.093617067664695e-06
8.360883175039216e-06
8.385184434685296e-06
8.638773048137286e-06
9.03409770907007e-06
9.189562475930336e-06
9.310066629498797e-06
1.1115981001744191e-05
1.1413394753985738e-05
1.1804792299903622e-05
1.245849257542071e-05
1.2990251289898401e-05
1.3235145548785948e-05
1.3200326728727157e-05
1.29081187154025e-05
1.2935434294832954e-05
1.627205476808221e-05
1.5964067653362935e-05
1.6395740819458175e-05
1.6807104166897086e-05
1.6681196393243965e-05
1.6841579249364457e-05
1.656193946008442e-05
1.613389818829564e-05
1.5619588072679136e-05
1.849604267126908e-05
1.8748657094237987e-05
1.931449239883357e-05
1.9684096586266495e-05
1.973186609182897e-05
1.9780880643365143e-05
1.936115382064455e-05
1.901019528596233e-05
1.831239759051178e-05
1.727152417904568e-05
1.668795662311422e-05
1.5767985945728387e-05
1.5042070772087937e-05
1.3996725052682154e-05
1.3206596565371157e-05
1.229393327069112e-05
1.1817463071526176e-05
1.1056692688666633e-05
1.0885017726392131e-05
1.0228407160544388e-05
1.053314900175412e-05
1.0453863802375316e-05
1.0718983975826174e-05
1.0921115791001686e-05
1.041026423250022e-05
9.826904112347985e-06
8.998104336995186e-06
1.134791894365539e-05
1.1217913481841906e-05
1.1498337189752791e-05
1.1886365533255302e-05
1.1956664504118841e-05
1.2384728386666687e-05
1.2452125390132924e-05
1.2641869446640661e-05
1.2233682362026683e-05
1.4269624894119433e-05
1.492925324940165e-05
1.5184107081473509e-05
1.4806331639959811e-05
1.4440722604956446e-05
1.3745857963667076e-05
1.2737096398090682e-05
1.1827746132677309e-05
1.0944877160985511e-05
1.2262930754489225e-05
1.1805903908566384e-05
1.118584112116552e-05
1.0637173164171258e-05
9.848755170617272e-06
9.119130307173887e-06
8.434985941574782e-06
7.672630578071462e-06
7.050573944329344e-06
9.30796149103039e-06
8.84810407433291e-06
9.51065355052708e-06
9.855577904117252e-06
1.0241267245455479e-05
1.0677621155384672e-05
1.0891980549267351e-05
1.1154419382764534e-05
1.1076345149995699e-05
1.2247556103986068e-05
1.1851967410749728e-05
1.233984113353246e-05
1.2886800805309197e-05
1.3526538901516403e-05
1.3932292188481787e-05
1.4059922502437567e-05
1.3677257212516554e-05
1.3284703538863867e-05
1.4283887741794232e-05
1.4113043760814242e-05
1.3688652101786252e-05
1.3149851122532505e-05
1.25537978381131e-05
1.2108093358555797e-05
1.1392206137801314e-05
1.0570043743718917e-05
9.522697566444721e-06
9.780261790737649e-06
9.162120866412983e-06
8.746367541964176e-06
8.080395715057583e-06
7.650003082245865e-06
6.8150576041695744e-06
6.2469385468053396e-06
5.873903110364171e-06
5.75752898398541e-06
8.671547411780302e-06
9.847681660006748e-06
1.062131824062999e-05
1.101778939213982e-05
1.0852001276067968e-05
1.0509798178348332e-05
1.030021410560749e-05
9.827131257244647e-06
9.604917437828993e-06
1.069381757314712e-05
1.087515691549493e-05
1.088217296754003e-05
1.0563718932132485e-05
1.0444960180257927e-05
1.0028326995431759e-05
1.0008293219492947e-05
9.974637295329888e-06
9.768247063679606e-06
1.2715229188594412e-05
1.3267810767531528e-05
1.379116063369687e-05
1.4115513446050213e-05
1.4341631658603268e-05
1.4086300694002394e-05
1.3530577569096268e-05
1.3027194590439913e-05
1.2751513991868218e-05
1.5453590146312063e-05
1.554161895275936e-05
1.5809273802592006e-05
1.5527035857553403e-05
1.5155678099993586e-05
1.4480240241369711e-05
1.3911629154524712e-05
1.3331487532951184e-05
1.2732412085426755e-05
1.3818509198705924e-05
1.3036951444370425e-05
1.3115560755906907e-05
1.29895087114203e-05
1.2798433185237657e-05
1.237406921715609e-05
1.2277792871234328e-05
1.1787125490161388e-05
1.1711300164171612e-05
1.3468458810875872e-05
1.3896439613329743e-05
1.4095435005472629e-05
1.4196672864689692e-05
1.3987131392486511e-05
1.3447153888599135e-05
1.2994182319473712e-05
1.2505954888910852e-05
1.1937479333261969e-05
1.247847758030245e-05
1.213870561883395e-05
1.2192567540434729e-05
1.200319526182023e-05
1.1695560392036163e-05
1.1234482128976502e-05
1.065636302025147e-05
9.98424878254457e-06
9.39925288766219e-06
8.769526376740918e-06
7.913813306178937e-06
7.498411414529112e-06
7.144471651745817e-06
6.730240759418395e-06
6.504063586197474e-06
6.257780136558995e-06
6.190901443694299e-06
5.992697112155159e-06
8.254558968717576e-06
7.698996966331323e-06
7.714851171162798e-06
7.465177695564888e-06
6.832878376733389e-06
6.333177771203674e-06
5.972031740422226e-06
5.624847743833845e-06
5.023702875946357e-06
7.111214868048068e-06
7.2426447783177e-06
7.794654600012935e-06
8.159263593545033e-06
8.487609367104965e-06
8.3090058928785e-06
7.993084701422333e-06
7.681348950737063e-06
7.240531341752958e-06
1.027419581451616e-05
1.1363931589755954e-05
1.2431960477768832e-05
1.3041071729608967e-05
1.375896892008841e-05
1.444546346640549e-05
1.4578745991183826e-05
1.4484259576773988e-05
1.4423647319327671e-05
1.529083483069079e-05
1.5558404033969837e-05
1.542464597243633e-05
1.5417111503707965e-05
1.538656095128735e-05
1.5224781336865621e-05
1.507788858725269e-05
1.4583001210865327e-05
1.410355079960675e-05
1.45289242204671e-05
1.3742517669276894e-05
1.355486985427812e-05
1.2906519264546517e-05
1.1892552538411322e-05
1.1086595804301815e-05
1.0491710025140667e-05
9.822665319218143e-06
9.10292515247666e-06
1.0493109669150061e-05
9.463833220386344e-06
9.311185552442143e-06
9.237215463347005e-06
8.485951934586944e-06
7.772018940609434e-06
7.295543798161409e-06
7.08161301506121e-06
6.844508096578796e-06
8.044206238219419e-06
8.614651064140515e-06
8.6660493942916e-06
8.962064146337075e-06
9.06097493694822e-06
9.256388380705423e-06
9.314764833270242e-06
9.286038961746729e-06
8.81402016388404e-06
1.1814577573811077e-05
1.162703957433394e-05
1.1819669776552474e-05
1.2102541906555798e-05
1.2548869748825728e-05
1.2668164379570222e-05
1.2585949320991819e-05
1.2054525478233966e-05
1.1825208441854032e-05
1.2095750326213686e-05
1.2157186401110575e-05
1.2477925960022648e-05
1.2677888882039225e-05
1.2500726026573534e-05
1.2515186453386975e-05
1.1725670602429786e-05
1.110922550112357e-05
1.0254366422295665e-05
1.0978353202048876e-05
1.0967501405388772e-05
1.0854345607655861e-05
1.085612245261639e-05
1.088510588159291e-05
1.0804412780036894e-05
1.0828861463462919e-05
1.0648179576058124e-05
1.0339830778139813e-05
1.5810949018999385e-05
1.6577978259091142e-05
1.7521593891717018e-05
1.7729110882220742e-05
1.735408636798043e-05
1.691630627365358e-05
1.6187788879849292e-05
1.542767352586552e-05
1.4423542970423239e-05
1.5317846350283916e-05
1.4239024058079632e-05
1.3512445431070963e-05
1.2736728812263925e-05
1.2020679840338593e-05
1.1045793629386979e-05
1.0498606107642012e-05
9.71750918102858e-06
8.939328540441667e-06
1.216923772850124e-05
1.195651392089571e-05
1.1638608078473436e-05
1.138280116532394e-05
1.0861536741771966e-05
1.0486679515767305e-05
1.0022474110449845e-05
9.681934071182397e-06
9.363235829539402e-06
1.0841833553498155e-05
1.043795322013327e-05
1.041996000606267e-05
1.0429140416003506e-05
1.028085575169509e-05
9.767709262141524e-06
9.437784016139656e-06
8.61072026043026e-06
8.228564617418918e-06
9.232378321326104e-06
9.626117494032255e-06
9.805277333965704e-06
1.0120532610297503e-05
1.0378562263803424e-05
1.067632341935589e-05
1.0578329171642015e-05
1.0347754830782543e-05
1.0198984518558532e-05
1.197072440635026e-05
1.179331269617264e-05
1.2237507104845952e-05
1.2307073016508798e-05
1.2678614721158699e-05
1.2457903231278199e-05
1.2148387227173091e-05
1.1666144950752884e-05
1.1019993849370567e-05
1.3547201308222195e-05
1.3685006763033942e-05
1.3870921656307743e-05
1.3793272610798005e-05
1.3756602856086368e-05
1.3238008029675153e-05
1.2301205230958855e-05
1.1361638821697801e-05
1.0661857777987215e-05
1.1403127573255088e-05
1.1686587926279172e-05
1.1683341728193407e-05
1.1608269163712343e-05
1.1506778947173044e-05
1.1353878589192928e-05
1.093666342819051e-05
1.0146059395147369e-05
9.69226248250057e-06
1.287893018275836e-05
1.3858563000622617e-05
1.482854381871547e-05
1.564482038910238e-05
1.593390884521306e-05
1.6047682688532926e-05
1.622898720448992e-05
1.584057749015165e-05
1.538604740513184e-05
1.6085295199078993e-05
1.5205609275406466e-05
1.4758418264452734e-05
1.4190842126859072e-05
1.3502001544128356e-05
1.2687119510954417e-05
1.208133319129618e-05
1.1419419418086469e-05
1.0797275649879003e-05
1.1592138297720227e-05
1.1291191201842173e-05
1.0880935227821934e-05
1.0538443049109659e-05
1.0093637643451205e-05
9.793238922137453e-06
9.499898781734444e-06
9.395294016268179e-06
9.187859605968343e-06
9.072323055482563e-06
9.789145189098148e-06
1.0209807690550475e-05
1.0602965514683584e-05
1.0871191094321719e-05
1.0882282159111829e-05
1.0530052959093127e-05
1.0406845507452873e-05
1.0079562888296844e-05
1.0525876917302822e-05
1.0635584760460906e-05
1.0634659478492193e-05
1.096411498396434e-05
1.0855069858400889e-05
1.0829890305593525e-05
1.0562099850247845e-05
1.0007062503783866e-05
9.751481669695655e-06
1.3290643717746558e-05
1.3608263903596578e-05
1.4332683221804926e-05
1.4103484300892746e-05
1.4010922930937124e-05
1.3492092139936081e-05
1.2811092896295718e-05
1.2530977076481427e-05
1.1701929889824216e-05
1.2676013654454353e-05
1.1030138003655652e-05
1.0342892514892034e-05
9.60537954018034e-06
8.772911540646836e-06
8.215548301495658e-06
7.853021990894028e-06
7.809845293562049e-06
7.608388293997236e-06
1.129466765714931e-05
1.0940655797879322e-05
1.112606914613359e-05
1.1259925068854489e-05
1.1200962122308238e-05
1.0804253324864424e-05
1.0310911326538464e-05
9.81946550720042e-06
9.268718844758377e-06
1.221179623116055e-05
1.1969814171738426e-05
1.291660929347297e-05
1.3397809123531982e-05
1.3763790891008548e-05
1.3836151145762651e-05
1.3663088561141435e-05
1.3412362735095878e-05
1.2910738485440447e-05
1.616156441420092e-05
1.5685298838434833e-05
1.610593498043604e-05
1.6047790996641495e-05
1.5828460084046553e-05
1.5279518046667623e-05
1.4623879904618928e-05
1.4030810474988964e-05
1.3597479156386372e-05
1.5117077543982706e-05
1.5288920879367383e-05
1.5169543544841643e-05
1.5271804550623267e-05
1.5262238548345476e-05
1.4904447681145705e-05
1.4305943156499322e-05
1.375455426998262e-05
1.313812104952501e-05
1.2305093970809905e-05
1.1716884230371219e-05
1.1022457727461435e-05
1.0185849456735616e-05
9.52682284775359e-06
8.630330701215143e-06
7.918674986184909e-06
7.00927587764358e-06
6.479216005701863e-06
6.898740618608733e-06
7.651471974714924e-06
7.715546368126884e-06
8.050017884805474e-06
7.971581226358677e-06
7.936058847040498e-06
7.890952543133956e-06
7.72965424666187e-06
7.537558735418913e-06
9.212277688581493e-06
9.580611420268208e-06
1.014383362831849e-05
1.0480229569330252e-05
1.0410550101337717e-05
1.0198546008884901e-05
9.864296560192625e-06
9.439832510802797e-06
9.072559771671509e-06
1.0673859412607139e-05
1.0134427319666195e-05
1.090207623605581e-05
1.1341903758599093e-05
1.168843392165376e-05
1.187024733361196e-05
1.1647603160048361e-05
1.1712216509116742e-05
1.1512586773541456e-05
1.475836128532856e-05
1.5658518375853054e-05
1.6632371817337318e-05
1.7287775289513072e-05
1.783209162448982e-05
1.773977801204604e-05
1.727062134535301e-05
1.6561684689502607e-05
1.5781768512440467e-05
1.7100484538456655e-05
1.72807645322077e-05
1.7403940589370303e-05
1.7230127162200386e-05
1.685719470642178e-05
1.6155728966406153e-05
1.5442782091773006e-05
1.4778686077781961e-05
1.3896773160330086e-05
1.4202286507367676e-05
1.4192661653804512e-05
1.4325709344634733e-05
1.4048158763430979e-05
1.3710986538872728e-05
1.3227995389998944e-05
1.2720442520149388e-05
1.2212100163687797e-05
1.1287902132938117e-05
1.1920954186610561e-05
1.1219499304026802e-05
1.1425405159052394e-05
1.1124972676375672e-05
1.1494868157583957e-05
1.1711094366862786e-05
1.2136688569122288e-05
1.2129372365021738e-05
1.1927419222234624e-05
1.531148711107441e-05
1.5867407698645476e-05
1.657364801756652e-05
1.652097129152173e-05
1.6296908224015036e-05
1.5826705939656277e-05
1.5172083030699883e-05
1.4413757260412422e-05
1.3732421269917614e-05
1.4220416145038926e-05
1.4212804028840287e-05
1.4135918369611946e-05
1.3610408842067745e-05
1.340828837349124e-05
1.3182294457895799e-05
1.2999783899736219e-05
1.2509421720844793e-05
1.2002184984057989e-05
1.2172229913936501e-05
1.2181918453260774e-05
1.2108165717716196e-05
1.1983106545199835e-05
1.1545897996269374e-05
1.1171395753473544e-05
1.1019110148215245e-05
1.0753371277252527e-05
1.0387968954734979e-05
1.0273160419181507e-05
1.0454342356365915e-05
1.0393709989165582e-05
1.0791750474991293e-05
1.053944454052376e-05
1.0443317310144868e-05
1.011870338348316e-05
9.810871148915651e-06
9.293769585502274e-06
1.0793934919835339e-05
1.0253873096898954e-05
1.0525127121042225e-05
1.028454003444637e-05
1.032875843572132e-05
1.0425624399875657e-05
1.067952121799416e-05
1.0738648546654082e-05
1.0640702764431406e-05
1.1106753135078128e-05
1.1120665207365493e-05
1.1006845884859002e-05
1.061240555712193e-05
1.050538553754394e-05
1.0240286302836057e-05
9.932466549199504e-06
9.608227020099942e-06
9.249968774547097e-06
1.1547546812629574e-05
1.1296922210486024e-05
1.2212076154286486e-05
1.2448141220579049e-05
1.2748367439066092e-05
1.2660741575939061e-05
1.267915486027745e-05
1.2640104622717408e-05
1.2529272021770762e-05
1.5165326054334546e-05
1.548311246033686e-05
1.6586102832705736e-05
1.705067019110664e-05
1.7099936322692276e-05
1.7055120557377644e-05
1.666037146071752e-05
1.620962686572942e-05
1.5762524640226576e-05
1.6534424234462726e-05
1.6239221230134914e-05
1.6027006703166824e-05
1.5722521601587825e-05
1.5353127778641946e-05
1.5104211706792464e-05
1.4987861501618252e-05
1.4906060339446992e-05
1.4692516175381442e-05
1.5115464424929016e-05
1.4587465534043004e-05
1.4113194505528119e-05
1.359315561371434e-05
1.2834764333174436e-05
1.1870882539833809e-05
1.0747473469678488e-05
1.0007830375110333e-05
9.491659182431112e-06
9.675694019354147e-06
9.457823677861266e-06
9.406673141174533e-06
9.297553897747805e-06
9.34338022619336e-06
9.396310652436725e-06
9.309382290328329e-06
9.246120161380411e-06
9.180614109507657e-06
1.1636374854430452e-05
1.2093520761068422e-05
1.2380700704498034e-05
1.2470167362923055e-05
1.2502002954889546e-05
1.237137436634918e-05
1.2185645886364774e-05
1.1833905650288274e-05
1.1497422259470466e-05
1.3666317015034589e-05
1.3784411478099088e-05
1.3733207726697682e-05
1.352117026031235e-05
1.3052692952234432e-05
1.2624947635133693e-05
1.1915782375398784e-05
1.1473715525284458e-05
1.0906770111476212e-05
9.82071613676825e-06
9.276073859556921e-06
8.79450759891758e-06
8.34705448763409e-06
7.994061057712685e-06
7.701778425473109e-06
7.049767895950893e-06
6.616656520310319e-06
6.101796011509455e-06
8.436248398650685e-06
8.435167579727579e-06
8.691471411414055e-06
8.747142064608901e-06
8.651815487148082e-06
8.381460013709287e-06
7.963753791370095e-06
7.512172819151122e-06
6.957236910652138e-06
7.86958436566488e-06
7.936907484493396e-06
7.37971912571508e-06
6.8434734721936335e-06
6.213326226924515e-06
5.808593759492807e-06
5.409004270056543e-06
4.896088979976497e-06
4.558006168458404e-06
6.9264765336849735e-06
7.098674648034357e-06
7.066991935006028e-06
6.82836264146817e-06
6.623516224474776e-06
6.304515107454898e-06
5.982530024575155e-06
5.572656056916437e-06
5.187675068589325e-06
7.534430738553508e-06
8.051820875947568e-06
8.489412672490399e-06
8.764840887861107e-06
8.937649356048866e-06
8.88597824827333e-06
8.680627902361126e-06
8.479751963983161e-06
8.099133820499037e-06
1.1089358356099437e-05
1.1286638894855549e-05
1.1227601773722353e-05
1.0861432023506955e-05
1.033678372854334e-05
9.817085552571078e-06
9.124218307347856e-06
8.633897038635252e-06
7.941312014519165e-06
6.321689582015828e-06
6.0374432174807145e-06
6.691363920210941e-06
7.173198956992197e-06
7.880373345461196e-06
8.549721933006354e-06
9.065324953517357e-06
9.446893863172976e-06
9.52055432021865e-06
1.0847135897779025e-05
1.1263792578694257e-05
1.1453384012844507e-05
1.1589855068950805e-05
1.1700761537689979e-05
1.1719944649633686e-05
1.1778255450131998e-05
1.1713745285517072e-05
1.1343060348839434e-05
1.3283548358253471e-05
1.3976539837843352e-05
1.4500378574878286e-05
1.5190568293810583e-05
1.5601706095634217e-05
1.5735048160490987e-05
1.542363294427328e-05
1.5154346687481053e-05
1.4730517722252635e-05
1.3161663652969732e-05
1.232391696150368e-05
1.1557912812545851e-05
1.0918049157910608e-05
1.050184927370907e-05
9.923204374042627e-06
9.152484655390356e-06
8.323982928096373e-06
7.504453547614345e-06
8.50613687679245e-06
8.294441411657003e-06
8.31637973055571e-06
8.575586749216608e-06
8.759813570256744e-06
9.093377543228784e-06
9.233536007984636e-06
9.363686984779161e-06
9.528456635325817e-06
8.069943651750799e-06
8.00422957010794e-06
7.726777269394667e-06
7.517616810150892e-06
7.07770814369424e-06
6.651669812116839e-06
6.274430957711755e-06
5.891946698489828e-06
5.354505255423989e-06
5.216568721988942e-06
5.110024998328727e-06
4.862145918741066e-06
4.667680366983485e-06
4.348659270200518e-06
4.3120615902575e-06
4.122022095752305e-06
3.936294262718902e-06
3.7004410091284832e-06
7.076458181901939e-06
7.607929818156062e-06
8.192752371714941e-06
8.389295320057543e-06
8.458116957548666e-06
8.346117718354524e-06
8.172952701182808e-06
7.908622652195655e-06
7.778081077385466e-06
1.0411403896793134e-05
1.0280124310497432e-05
1.006467673773309e-05
1.0154942378242215e-05
9.9798389500292e-06
9.70516131018964e-06
9.420505194684517e-06
9.254841069762776e-06
8.877728386518828e-06
9.559958219095582e-06
9.581240884315885e-06
9.640651481284515e-06
9.439390974183627e-06
9.47289350948488e-06
9.283985871524361e-06
9.111579072992775e-06
8.616531135734163e-06
8.083385411676817e-06
9.49030153181849e-06
9.245391280406412e-06
9.445900246033165e-06
9.435630397508846e-06
9.35320268727141e-06
9.017277713897228e-06
8.749738650901905e-06
8.507893600315241e-06
8.099445536966627e-06
1.1233772006335331e-05
1.1512029180839927e-05
1.2233307266028338e-05
1.2549371111041987e-05
1.2667512758440152e-05
1.2471770077788273e-05
1.2246787373754468e-05
1.1724155344666772e-05
1.1266177622622945e-05
1.1308403955367572e-05
1.1044456743372019e-05
1.0645582822392446e-05
1.0288946920441864e-05
9.946380233870824e-06
9.540901472110743e-06
8.927141939920645e-06
8.466135536582171e-06
8.031076640077761e-06
8.771367907323426e-06
8.792320750315209e-06
8.584547023329067e-06
8.515205765583992e-06
8.405773102307524e-06
8.207393206821483e-06
8.14670645134778e-06
7.936417781146454e-06
7.788005191950093e-06
1.0198171122192305e-05
1.0115468795294753e-05
1.0415302184036868e-05
1.0379767314819732e-05
1.0555414908383161e-05
1.0432754785616466e-05
1.0315815426456452e-05
1.0038458163287612e-05
9.822493595412964e-06
8.981818004465155e-06
8.387291095009797e-06
7.86813903141593e-06
7.317943347662615e-06
6.603315512116367e-06
5.910551633780483e-06
5.499093030971202e-06
5.069316540404103e-06
4.6550312141947645e-06
5.6335726435067295e-06
5.458787602628636e-06
5.688590418941821e-06
5.6708353763949964e-06
5.590645252922985e-06
5.260196293923737e-06
5.0708997045696786e-06
4.775722562057342e-06
4.439739056218469e-06
5.535742640873255e-06
5.839691872303264e-06
6.247527287610004e-06
6.475736061513324e-06
6.705384385265815e-06
6.722420512584803e-06
6.7172827098418905e-06
6.620203637925764e-06
6.606456559060294e-06
5.890461644360002e-06
5.817731919500187e-06
5.422603937684513e-06
4.979540577060537e-06
4.7949366277128346e-06
4.390217581361044e-06
4.12620166929894e-06
3.7858608869252774e-06
3.3361201967960175e-06
5.371767473760255e-06
5.4631008381423745e-06
5.893343717248691e-06
6.119233290151382e-06
6.427758059023664e-06
6.397830738898032e-06
6.36600121446161e-06
5.942599131023237e-06
5.588511044323285e-06
6.816349572857829e-06
6.614706444574389e-06
6.661969585168286e-06
6.744291471606004e-06
6.930341483556753e-06
6.952111472824498e-06
7.018735230665422e-06
6.92469438697032e-06
6.785111565849518e-06
8.312544590594874e-06
8.73435034314474e-06
9.74701791285159e-06
1.0239640133524341e-05
1.0780650073887302e-05
1.1130079425734126e-05
1.1166742727442011e-05
1.1189900887536966e-05
1.1059341534028383e-05
1.107979408268631e-05
1.0544681822686116e-05
1.0355506879025704e-05
1.0021174011377528e-05
9.78702871646761e-06
9.341591343361953e-06
9.03709836227041e-06
8.513164451362321e-06
8.033259158178947e-06
8.999932870323562e-06
8.854406142413668e-06
8.657049123400873e-06
8.509334735938745e-06
8.35541735474413e-06
8.040178873746536e-06
7.574646356569384e-06
7.231902755689966e-06
6.735680052921674e-06
6.971944559470486e-06
6.932903172463267e-06
7.052735447327447e-06
7.0605066012094e-06
6.954468737103747e-06
6.53606455465855e-06
6.127717976166076e-06
5.779794711095516e-06
5.370529391686743e-06
5.516305225039832e-06
5.743009875938445e-06
5.953400184297367e-06
6.341011872471724e-06
6.677464715690139e-06
6.866101524444196e-06
7.127956971665171e-06
7.262590268385554e-06
7.259130095403728e-06
8.032089807519918e-06
7.734751735519891e-06
7.838708969774025e-06
7.871007066062094e-06
7.673746396479241e-06
7.363643494362857e-06
7.106064701236257e-06
6.789014042392126e-06
6.592007816127391e-06
6.3594614555407775e-06
5.865344460851187e-06
5.5498289383080425e-06
5.1125512326605714e-06
4.793996939597366e-06
4.423539020706147e-06
4.124254658196692e-06
3.84621093921502e-06
3.5957120633343654e-06
4.955518090954097e-06
5.257733550969647e-06
5.7039335052221645e-06
6.207168210612044e-06
6.555327396456577e-06
6.547216338385367e-06
6.604514279155156e-06
6.421948855038913e-06
6.209884840942976e-06
7.841991709399498e-06
8.092623492860836e-06
8.320463546429502e-06
8.390508966193362e-06
8.445046987235915e-06
8.271055121461712e-06
8.09045529768254e-06
7.906600037674353e-06
7.800442460126466e-06
8.776440308420236e-06
8.532601232962439e-06
8.776313844332547e-06
8.644990680494307e-06
8.609692956960581e-06
8.312219429322754e-06
8.101946930958939e-06
7.57961110569068e-06
7.119894272826814e-06
7.100892831404533e-06
6.766556919683295e-06
6.659632283530519e-06
6.325540045012747e-06
5.825959691253626e-06
5.411706061959237e-06
4.984312907227865e-06
4.468496618364946e-06
4.127740704373585e-06
4.477636830401403e-06
4.544331613751167e-06
4.571821121314084e-06
4.697905654973129e-06
4.793355990632312e-06
4.845787034058142e-06
4.9017002124115804e-06
4.9266911884858585e-06
4.7634949840281975e-06
5.72471287925761e-06
5.729197006135854e-06
5.664383208728266e-06
5.759619275211164e-06
5.681595834355938e-06
5.547383883515638e-06
5.453231774156936e-06
5.315957225519603e-06
5.120422526407587e-06
5.598190498861456e-06
5.254883298754298e-06
5.331047902192587e-06
5.3020706566079485e-06
5.204746535650244e-06
4.933107753822745e-06
4.772277934533162e-06
4.4339503758526e-06
4.140149587212566e-06
5.4231434450623685e-06
5.462944556599652e-06
5.573363262864576e-06
5.47694693351767e-06
5.279963416787355e-06
4.963264814655834e-06
4.726964318307108e-06
4.38796017500896e-06
4.095373625539005e-06
4.687590796292514e-06
4.946271641225083e-06
5.123146046159249e-06
5.153583279054348e-06
5.212442999329115e-06
4.9673323447828425e-06
4.720296372084874e-06
4.477898379797925e-06
4.314139700645813e-06
4.5362950407501145e-06
4.547580392101e-06
4.469602212797797e-06
4.3405024156440705e-06
4.1810714768526945e-06
4.060075788287958e-06
4.039841662626037e-06
3.935059017001764e-06
3.880505248127565e-06
4.529494209995163e-06
4.724486667727841e-06
5.034619735542063e-06
5.2659276969923765e-06
5.2363884894648166e-06
5.257675384312269e-06
5.122649655276642e-06
4.902591775952099e-06
4.664967891351458e-06
4.291576893041577e-06
4.108106017213092e-06
3.876937840619514e-06
3.7140279323690108e-06
3.575791048145117e-06
3.4018701495243587e-06
3.316117257782775e-06
3.2238444670057285e-06
3.033914088261231e-06
3.8083028373216346e-06
4.062966065367478e-06
4.146869569002375e-06
4.158519455303186e-06
4.170244709179907e-06
4.119056383077864e-06
3.968583883622853e-06
3.683962592039023e-06
3.3969581421772847e-06
4.388880823873006e-06
4.6561034355096835e-06
4.975532119396208e-06
5.099189193982664e-06
4.969998852235928e-06
4.87889531365664e-06
4.623520213220536e-06
4.349595707318933e-06
4.1176144077321495e-06
4.899863485732706e-06
4.76314936623842e-06
4.8855500142496515e-06
4.997824171277768e-06
4.944933306004948e-06
4.811342445587672e-06
4.774795125100646e-06
4.639462496644793e-06
4.4861491764564404e-06
3.968804588742997e-06
3.744973957905287e-06
3.5084514948459195e-06
3.263215396033054e-06
3.0694896366497476e-06
2.8889525546659325e-06
2.756798602007122e-06
2.6321808750712547e-06
2.4164217863765107e-06
3.727498530298832e-06
3.836659670082553e-06
4.115917021670398e-06
4.108454452610873e-06
4.1204965992049166e-06
4.040558243722425e-06
3.914572524063326e-06
3.6837730806769834e-06
3.543914051134704e-06
3.3730957025172845e-06
3.3917433283257537e-06
3.6210632878333117e-06
3.8014981902739922e-06
3.966440290228637e-06
3.9949965281160875e-06
4.050363984599555e-06
3.945842930007771e-06
3.892064777024938e-06
4.683151873640773e-06
4.711391063801761e-06
4.938773379968041e-06
5.015178252206738e-06
4.973090670900664e-06
4.907141954117247e-06
4.668934082667397e-06
4.459749189486666e-06
4.177842470668408e-06
5.46707771812099e-06
5.538507119669987e-06
5.461518346936765e-06
5.393480618634519e-06
5.149353534718266e-06
4.885292365114526e-06
4.455496682456576e-06
4.071107891649132e-06
3.694564488636274e-06
3.9332842003999905e-06
3.885531956152395e-06
3.6743899632364866e-06
3.5008486614855894e-06
3.28195376404091e-06
3.0279279042074763e-06
2.769101831810733e-06
2.5796800872486096e-06
2.3739777576048045e-06
2.491149911949452e-06
2.233095503909732e-06
2.090292647544857e-06
2.0142137013474217e-06
1.9106804061935683e-06
1.8398726363318692e-06
1.8026903038701076e-06
1.7488084259588208e-06
1.7907965099082076e-06
2.496945373422607e-06
2.5507926855924134e-06
2.8005289214381302e-06
2.87397574081182e-06
2.8881609640507614e-06
2.8205235359507295e-06
2.728112763019297e-06
2.6838200976585906e-06
2.6217331967165327e-06
3.606893872133635e-06
3.6476584991807777e-06
3.971570032842949e-06
4.183805205917786e-06
4.423000991390092e-06
4.5584429299005684e-06
4.6085837647427964e-06
4.5970888199322315e-06
4.48250045214292e-06
4.2960822816346765e-06
4.035420187363539e-06
3.7769277422001067e-06
3.5760146269904382e-06
3.445748924819098e-06
3.2439770991123994e-06
3.029462772293559e-06
2.8158026076416953e-06
2.6049392940367683e-06
2.9171316728579843e-06
2.9696055510041643e-06
2.8925143664855325e-06
2.8228115295006165e-06
2.7316630125886347e-06
2.57251236877287e-06
2.4387825333360403e-06
2.321635279122089e-06
2.1986396390709372e-06
3.391584888455716e-06
3.419484853009393e-06
3.6152926062549756e-06
3.6280071766069237e-06
3.6708658148710783e-06
3.5980795739480973e-06
3.4708923204568995e-06
3.2654604714810573e-06
3.1000050265313965e-06
3.5260034338759137e-06
3.4535831026226948e-06
3.547886061697764e-06
3.504408667754732e-06
3.3899706941472172e-06
3.23766419554094e-06
3.0113990941991916e-06
2.7399627612216502e-06
2.4922557537382635e-06
2.3474296630613594e-06
2.5580449728496126e-06
2.5598025915640416e-06
2.7100638761407772e-06
2.751618373221023e-06
2.7427416817788937e-06
2.668566690267293e-06
2.6159460535067725e-06
2.57482006033105e-06
2.741268731135827e-06
2.762353716647292e-06
2.7731918285871323e-06
2.6851174871113712e-06
2.6684530689265443e-06
2.548018740749495e-06
2.471183069790904e-06
2.3695290586982314e-06
2.282370143827312e-06
2.5091244439815e-06
2.364149078945846e-06
2.3364890199509873e-06
2.3039367228279816e-06
2.3564730519114815e-06
2.3548448654476793e-06
2.3723112295107622e-06
2.405904060940766e-06
2.4062579640742083e-06
3.6267648163157603e-06
3.768099446663387e-06
4.129140341908152e-06
4.351618320530744e-06
4.520301990309852e-06
4.588407929729991e-06
4.54454497446691e-06
4.481117686212046e-06
4.407776549506601e-06
4.406211088651996e-06
4.211074236134089e-06
4.010938090653274e-06
3.872336303528939e-06
3.74509723445796e-06
3.5554206446524413e-06
3.31264738428748e-06
3.076796593483956e-06
2.8510298536534466e-06
3.4074947825052343e-06
3.4550638358640083e-06
3.671707477758322e-06
3.7584627012475215e-06
3.836870787873645e-06
3.7232800585462523e-06
3.684504279649229e-06
3.6311773028931544e-06
3.5041929901971266e-06
3.1454456967145173e-06
2.976817838880841e-06
2.8609629416203016e-06
2.7000471987427483e-06
2.54749464047918e-06
2.425734407794519e-06
2.3102116972897178e-06
2.1435867122870165e-06
1.9843964826949424e-06
2.26883911079501e-06
2.125980823139704e-06
2.1231776183335935e-06
2.064550724909589e-06
2.025403985621604e-06
1.997589401990933e-06
2.0020911350577973e-06
1.9699283808381865e-06
1.9006420553265816e-06
1.882202018401175e-06
1.8488844834120095e-06
1.8486960316594339e-06
1.7830546336381851e-06
1.7358709995772622e-06
1.6673524908013626e-06
1.6028100975602477e-06
1.4876415199483841e-06
1.4190996725145342e-06
2.048323940438476e-06
2.167485212270716e-06
2.221577331976389e-06
2.3340989334700292e-06
2.3369319496048063e-06
2.330753969983222e-06
2.2637975068695834e-06
2.1777624256543043e-06
2.0803922732645185e-06
2.385866300458203e-06
2.3093785840781647e-06
2.2331168262837566e-06
2.1557820007742327e-06
2.1056511859190094e-06
2.0103494265017412e-06
1.926256622960907e-06
1.8477876236200531e-06
1.7630756624654737e-06
1.7261025164965177e-06
1.6988616248410235e-06
1.6871116310355312e-06
1.67817190751678e-06
1.617432612312614e-06
1.6313292074521662e-06
1.5998007992705435e-06
1.5723915298159217e-06
1.5179364349880482e-06
1.735783636825201e-06
1.700855996880552e-06
1.7378228204173214e-06
1.7080338870369823e-06
1.647821602591682e-06
1.6051565499413096e-06
1.557736520799459e-06
1.4596859206684055e-06
1.3836647594686419e-06
1.5419577858656697e-06
1.5521170670488612e-06
1.5579175402399026e-06
1.601579983749099e-06
1.6111383021081802e-06
1.568762838600933e-06
1.5084354781483032e-06
1.4615234064398321e-06
1.4409054779831561e-06
1.7606182763205358e-06
1.8484425878116043e-06
1.8938213760917352e-06
1.9082243224555162e-06
1.937581089459855e-06
1.914858362076828e-06
1.8759409958252865e-06
1.8015171538310883e-06
1.7357587510314435e-06
1.991635320482587e-06
1.9646714253479146e-06
1.9553016159400014e-06
1.9562091867880486e-06
1.91886489299935e-06
1.8397772834147984e-06
1.7830122739108688e-06
1.7052432207398556e-06
1.63125784179469e-06
1.8143713838290888e-06
1.8184280624358933e-06
1.8227980225027447e-06
1.793417794950584e-06
1.7586438499510714e-06
1.6840138285065247e-06
1.6173610520526259e-06
1.5418026926431956e-06
1.4681376696406965e-06
1.7056428553282326e-06
1.6358772100986495e-06
1.5883789494657064e-06
1.521889470391449e-06
1.4434340922801426e-06
1.3712181154144268e-06
1.2942466940289694e-06
1.2054518116120562e-06
1.0916869103651875e-06
1.039310937016518e-06
9.304474364145003e-07
8.625304776063289e-07
8.279834204233563e-07
8.091883499372295e-07
7.62032231692515e-07
6.871893443864775e-07
6.786963413662492e-07
6.724942645724785e-07
1.2867853456684242e-06
1.3879790485721368e-06
1.5233918436033132e-06
1.6130405829961928e-06
1.6784522065798234e-06
1.7052630942396353e-06
1.7100331779640456e-06
1.6718199682016013e-06
1.6258128050456285e-06
1.8409865348588278e-06
1.8771351951347222e-06
1.9000160523979547e-06
1.8693873325196404e-06
1.8376044621762371e-06
1.7751274120399474e-06
1.7107282889032138e-06
1.6399894155278915e-06
1.5632498036814722e-06
1.5162082689940492e-06
1.4934478027438941e-06
1.4376783480289e-06
1.3946644238555871e-06
1.3452918381416621e-06
1.286371974131813e-06
1.2255868894693115e-06
1.1819429148119136e-06
1.1082228796214646e-06
1.354548967578912e-06
1.29902110197376e-06
1.312509447182063e-06
1.349279780081755e-06
1.3565870592376518e-06
1.3819119559888844e-06
1.365212389046618e-06
1.3527005421190452e-06
1.3106215146518758e-06
1.6232581758860788e-06
1.5985361775027518e-06
1.673303814860183e-06
1.6841837171191765e-06
1.6412131359034794e-06
1.6369548371987153e-06
1.59488605109919e-06
1.5630621581002348e-06
1.5250101147110588e-06
1.7772694593339063e-06
1.7135522084267249e-06
1.7042179400289677e-06
1.6319580675630436e-06
1.5820304544728163e-06
1.4938789535499207e-06
1.3935198012116248e-06
1.2734716695058722e-06
1.1915665397322486e-06
1.0609305135826785e-06
9.761827670634855e-07
9.258898729168872e-07
8.688172096929478e-07
8.206762247509136e-07
7.623762871691116e-07
6.937623549871062e-07
6.114028645403947e-07
5.722774314756818e-07
5.803485616807439e-07
5.074553713987521e-07
5.169201114278654e-07
5.153008034341779e-07
5.122329536024375e-07
4.833303726780381e-07
4.623016886105397e-07
4.1883828335144723e-07
3.803151469651217e-07
5.106398938748621e-07
4.88246351813299e-07
5.092962801803132e-07
4.920952024936472e-07
4.816687138817809e-07
4.457954373728985e-07
4.461879805593795e-07
4.33515149390476e-07
4.2191349359047214e-07
4.702757117509805e-07
4.969165788372675e-07
4.646523934470321e-07
4.64061121428995e-07
4.4977212056096795e-07
4.0890337275393817e-07
3.9547176431497373e-07
3.6861984791984845e-07
3.3957687418820306e-07
5.943054912037364e-07
5.997087211483247e-07
6.061787348908534e-07
6.112477995211068e-07
6.156635055333337e-07
5.991111237857087e-07
5.940263177781784e-07
5.63149091047744e-07
5.455555864559912e-07
5.989518620276968e-07
5.775363175042337e-07
5.901134197286055e-07
5.988923522695769e-07
5.849175703341521e-07
5.580869763293981e-07
5.337621323673411e-07
4.929916614738855e-07
4.530052866478878e-07
5.955427985928034e-07
6.356212335148815e-07
6.621491140981525e-07
6.706875980426044e-07
6.596119665411019e-07
6.52804058898783e-07
6.252944595296265e-07
6.193652530785105e-07
5.995695651104251e-07
6.587146759686928e-07
6.392397389271848e-07
6.412955409567348e-07
6.335531626058961e-07
6.2182665621937e-07
5.924876166878089e-07
5.900169925655682e-07
5.881915100469764e-07
5.74015067644773e-07
5.894767185747352e-07
5.79696071815917e-07
5.838403104374738e-07
5.702095305434781e-07
5.569883286033155e-07
5.411865108207199e-07
5.206878025344885e-07
5.13370558093916e-07
4.810070467607448e-07
5.411369499701277e-07
5.389641328989296e-07
5.636745001509285e-07
5.580417266747887e-07
5.443849914418758e-07
5.400106153786177e-07
5.188493525875548e-07
4.945053478809587e-07
4.865171511391688e-07
4.883552257955416e-07
4.740497766175187e-07
4.772261835033929e-07
4.6644175198490004e-07
4.596719763767223e-07
4.5847712561224136e-07
4.3625640407803e-07
4.265431744609605e-07
4.162767856953999e-07
3.6934954808465963e-07
3.6001039890421764e-07
3.4248909031777825e-07
2.9939631697374545e-07
2.935308531638624e-07
3.0317015372598014e-07
2.8003273463559644e-07
2.837714968973192e-07
2.7797826196342586e-07
2.7466317261751186e-07
2.462575373646586e-07
2.7080102225947167e-07
2.21922429685412e-07
2.2164035661837062e-07
1.9276491496666076e-07
1.9330287130119655e-07
1.8513086324900206e-07
1.8688250691859702e-07
2.106935731022482e-07
1.95931466014785e-07
2.045073348945864e-07
2.1857149176223326e-07
2.31068665989862e-07
2.3101805646548998e-07
2.19525752148354e-07
2.0717415035419695e-07
2.2200905233383156e-07
1.909291489034052e-07
1.8273054362997465e-07
1.946597366802e-07
1.7273902609525816e-07
1.696271291734136e-07
1.4454532858053648e-07
1.4959738482662168e-07
1.242838558777924e-07
1.1630925726986919e-07
1.4900494804168516e-07
1.6395830654686556e-07
1.761830215180357e-07
1.7893519709826782e-07
1.9417179255350097e-07
1.5521905865154813e-07
1.641373922270489e-07
1.558571318680283e-07
1.512299326108601e-07
1.750512411853264e-07
1.657393799397226e-07
1.6903472914248516e-07
1.7034420271774464e-07
1.8127124248792916e-07
1.6633875668261759e-07
1.3294888592673212e-07
1.321746637657623e-07
1.2285780128560966e-07
1.4585470731210446e-07
1.3237224570568518e-07
1.4103712657847792e-07
1.3979215649895844e-07
1.4291539708484897e-07
1.335159512545799e-07
1.176910720796886e-07
1.1743964650778078e-07
1.17345502675278e-07
1.1152345091892248e-07
1.2143128408327832e-07
1.1184741472930907e-07
1.1463452903605988e-07
8.672906155527437e-08
1.0943972405233557e-07
1.2100587500070737e-07
1.0235296526326559e-07
6.92512046842704e-08
9.327041722301085e-08
6.21523503970047e-08
8.035000446152433e-08
7.11634535006035e-08
6.893077803945062e-08
2.86677077143006e-08
3.98980754174227e-08
2.7447394445756724e-08
2.824513765281778e-08
5.8470882492150074e-08
2.977659687535866e-08
3.826455059600679e-08
1.580797766638421e-08
3.262453916449312e-08
4.2656795959680395e-08
3.262468830517074e-08
2.1598006382464586e-08
2.8278488105413972e-08
5.693223911101423e-08
3.439271800152276e-08
3.962003139873029e-08
3.999213154632347e-08
4.317508585702667e-08
2.9021838338950946e-08
2.902188572233716e-08
9.327592383183016e-09
7.30159141608359e-08
