0.10479312008158087
0.05363320586424981
0.0276704967907379
0.02954774015541266
0.028406403776279055
0.028782192882452602
0.04915474165564653
0.01848659663518925
0.03120773189648051
0.01972513883413544
0.02350833648029811
0.011144943658529343
0.013478556981154485
0.012015297237696716
0.012596727192931586
0.008439216856342214
0.009551871940195421
0.023294592821038466
0.015403361736619908
0.00944372379807085
0.011498684431234708
0.008527820777534412
0.01148673250723938
0.0094317341940108
0.006772195448073011
0.008035868020362364
0.011988352440440971
0.008556359105824064
0.008242778452590822
0.006635393963960653
0.006866429368308903
0.008622787348175799
0.0058045328350550705
0.007808341734313479
0.0075161615046286274
0.023323999390258934
0.00947099356978905
0.009413921965313017
0.01073792673501743
0.01287834162967596
0.010271020399079449
0.010990548817233343
0.008382490164198213
0.009824788484457732
0.024431211321362237
0.014234468105031052
0.012565940235929782
0.01359450038662268
0.011549123315603727
0.012097488608766692
0.017185880678918717
0.011367620763035987
0.018831012583091344
0.028240613841410883
0.018693535494400032
0.014181451909324343
0.014599803803256648
0.012177882850101983
0.015443761427319019
0.010955911162080162
0.00940196927767797
0.011075679345829521
0.02088683957713788
0.01373392742797415
0.013099541186759302
0.01008359958680664
0.01138391747572174
0.009833625327565456
0.011318134174153472
0.008735252500960109
0.009086183176224324
0.021749670801010545
0.011257806957321507
0.013345483152606826
0.012037957218712961
0.013791295916907479
0.011987320348845244
0.013225149606929092
0.011894954436060054
0.010156711934153573
0.02143525314197158
0.012702700078236371
0.013649899660199399
0.009385368893999258
0.009971547315139915
0.00976328323372445
0.009035162442773956
0.008901047988683023
0.011204356482324889
0.022132031752667324
0.008207585419983341
0.010275155667586279
0.012963297194735608
0.008692480061260666
0.009344700794740833
0.010794725812422877
0.007851923453538325
0.013984324344261197
0.019956540212637753
0.019061007212520065
0.010885874302115116
0.012557570602369346
0.01339971911243814
0.012133314310977123
0.015836104835363643
0.011767107166309404
0.011172497920230692
0.017196445691513688
0.015026171603851609
0.012413679715347499
0.012832744698993674
0.012376016847174142
0.011464031527557202
0.012623383334091492
0.013544583451815348
0.01299046947725646
0.027807392820111233
0.013423140803748493
0.014361969095905001
0.012061007429597054
0.013393553859614512
0.01067456707871849
0.00856153398364548
0.00922490364854242
0.011016338358288295
0.018201787160021132
0.01380948906474792
0.011021540527943772
0.011644828900621127
0.011224355379641336
0.010098775210087651
0.009664128312151122
0.011981765626468131
0.012174121497039088
0.01539742894837237
0.01036840424224313
0.0110191500254789
0.01409849667256643
0.011597370444626824
0.009756075791444604
0.012126531711350579
0.008118241050898192
0.009682596544318803
0.017268530431033716
0.01236868734394155
0.012152876630206073
0.011156254072177681
0.011564892418053982
0.009890187353269193
0.00911829111161597
0.010534531735053027
0.011169286665113765
0.021135389990815955
0.0150291902546363
0.012586608316266287
0.012086141490192572
0.010557416337896235
0.009816360825036256
0.008127671681668098
0.010688788991407988
0.008341846248501157
0.016381138667438153
0.011035527306283027
0.009773453321871938
0.006722247147973594
0.008869474978012151
0.008803663209078298
0.008438854639154959
0.00933199501200252
0.008486491596491081
0.029718920490385527
0.018474363438053296
0.012321398159039647
0.012226559368903522
0.009652288314480227
0.0090733209526738
0.009899488786691965
0.010004023588784718
0.009160153846579073
0.02270041071484069
0.010336298628629958
0.011399355116980658
0.010491799967090874
0.00931865198933918
0.010666855514544393
0.007923255201217661
0.0103038992671946
0.010050422353217268
0.02208170202977685
0.010748748075403465
0.014346849986297098
0.011447066394354976
0.009014136893671802
0.008065088472449515
0.005975675091059954
0.005943107529912973
0.009809722893682366
0.016296950459665387
0.010436445513356823
0.008836085799937226
0.0069341522634270075
0.010216754059149702
0.00875481301267448
0.007560268045867081
0.007600693322489596
0.008691636363127087
0.015426447740751428
0.00860418840811663
0.00781515985721267
0.008485149222748947
0.009269106168462268
0.005980573044949602
0.011159622697567095
0.008024110887193594
0.007324213041738505
0.017955938456084106
0.010038762662266325
0.009875110328413782
0.010094074604086553
0.008037605041953153
0.008254034858379009
0.006923296071021703
0.0077651535689049825
0.008005546742179829
0.017161671572619407
0.008247009804454702
0.0071510053348653535
0.005131926691291379
0.005853374405951856
0.0067791171488923085
0.006978480380898349
0.007366851858930361
0.005108693701090494
0.01315689621429238
0.008601108670018526
0.007420159565581092
0.008534605840727766
0.008533984806398715
0.007550004774621759
0.008670410500585318
0.006666304733879288
0.008103007264681423
0.017761095448924936
0.008298336151545564
0.008001205710269042
0.007022179785077465
0.007228792518754219
0.005043867433844541
0.005610963879975463
0.003934412548809277
0.005021342575994691
0.016039917648502707
0.010135416895578392
0.007700137812303306
0.007912783076609538
0.0063789130752462085
0.006998217580257975
0.007120553467226052
0.007046843550931174
0.005973256108641747
0.008446349820193105
0.0057982520334479435
0.005894469743891433
0.006977932027256455
0.005062742471527012
0.004261748207955313
0.004284275137225778
0.005149596091560599
0.005497527848207807
0.01055189946863243
0.005847194144683483
0.005909466324440409
0.004839797377120497
0.0045887623684291575
0.0047808906917982796
0.005620103454431464
0.004004374789973736
0.004731718978282397
0.010231028514991733
0.0068571593089196145
0.00595725599127393
0.005303697213219174
0.005341970708214617
0.004397720673760942
0.004240423520665261
0.004892365085365622
0.00400101429917971
0.006155203964445617
0.004882552271845067
0.004557215942484168
0.00435618854307756
0.00401455332150225
0.004263824808529462
0.00360831337374032
0.004049648761602608
0.0044923316901436736
0.010576911513000869
0.007039977436589845
0.006272068454420473
0.004153341762649366
0.00502901244965213
0.004395354853592756
0.004077579204231533
0.0032120063620910593
0.0037325982803295297
0.0076706104789214915
0.004939393487592988
0.004352942564659297
0.00418757986493506
0.004217788996209292
0.0039429508974912104
0.00425844248802209
0.0037677516303977246
0.0034078096170186544
0.007313789030887101
0.0035038083910502484
0.004067869660098624
0.0037990391309631203
0.0031263129745604827
0.003315719260713594
0.0033907625827654915
0.0029278161586691843
0.003331394995956902
0.005621815241633101
0.0038800452834577798
0.0036736004174075508
0.002838293845469426
0.0042589647908874316
0.0038541157139073204
0.0030088398689453607
0.0032095884077176628
0.0024973708935472384
0.0060914666849434616
0.004054029445848683
0.0031441897332641073
0.002293193701643464
0.002623849381519825
0.0027026623182568247
0.0021899052994238466
0.002018538182798729
0.0018086601986732845
0.005629881443146159
0.003021693681648542
0.002230703153234653
0.0021559310917044277
0.0021913514485356086
0.0017773586533451483
0.001868143252971946
0.0017744594939869249
0.0016489415958904408
0.00563609092466014
0.00333969950002298
0.0030793907672249598
0.002532606822158329
0.002425606939077421
0.002281284799644982
0.0017254190499533819
0.0021430200871193792
0.0009325032574178414
0.0028139821973880838
0.0018969397438514495
0.0021502881956363914
0.001744484023453358
0.0018398688180762698
0.001765280221505235
0.0015763229937419505
0.001327619302390011
0.0018810260692451765
0.0024890552680361896
0.0018672027531272757
0.0013713399053546821
0.0019054262819911988
0.0013378980963445876
0.0016420148797866379
0.002147590558664191
0.0015029709323549308
0.0011731055671772106
0.003047448077893146
0.0017325652769006742
0.0019889646327777505
0.0015194662689949564
0.0013438350893861444
0.0013803245575883037
0.0011592710061640464
0.001157139656597286
0.0009788779358187822
0.0027184813058546676
0.001567513430155054
0.0013476384003479292
0.0013742999219924857
0.0014794227320049974
0.0011240463763222397
0.0011149077829247448
0.0009013468172606316
0.0008797295090446058
0.0016222431630227617
0.0010236030946376782
0.0008647691896843879
0.0008238697173346814
0.0007083821568591059
0.0007862667067812943
0.0008371936683775719
0.0007342080925967812
0.0006126797769221906
0.0009088745146339955
0.0005815415956274337
0.0003438132911397569
0.00055986175914458
0.0005346636455875204
0.00046682775008997793
0.0005225321680398177
0.0004517081485479641
0.00032097731716763765
0.0007507463644811094
0.0004253345836977364
0.0004792259298026253
0.0004873999201415233
0.0004308537252909046
0.00033628175727159896
0.0005362439411982314
0.0002926713008522103
0.0003544201909843163
0.0005264734145962122
0.0003652115992720876
0.00037352441179225266
0.00031101025019006817
0.00031080035655189626
0.00034949177117338736
0.0002641285454822908
0.00038879840414960895
0.00034867640420961795
0.0006159876628387519
0.000408203352490713
0.00037048050122954487
0.0004145777221588044
0.00046870517894174915
0.00040850672598316643
0.0002762233299692092
0.0003911538231821561
0.0003777193185636756
0.0005581092321033082
0.0003605352911809974
0.0003839021217073625
0.00030184390303835
0.00031124652298228063
0.00039735818443767
0.0004244776817701477
0.00039422905331051075
0.0002844963087292557
0.000601284543656048
0.0002991545685939912
0.000392313952709195
0.0002302186329080904
0.00032670777490677576
0.0004155909238617411
0.0003043120945021648
0.000321658552650758
0.00038438060575572686
0.0008481033003870666
0.00040317717668475543
0.0003895762720239878
0.0003941684867351665
0.00039672567326120195
0.00032550859198501354
0.00041545331284271694
0.0003308066093918923
0.00037594670327260865
0.0007494731580800374
0.00041794206012912247
0.00036046249200656107
0.0003679897782953583
0.00036850606641692556
0.00035650007570737753
0.0004319813442432479
0.0004028480552136214
0.00034588838252243954
0.0006555564334008222
0.0004046382693359792
0.0004106623820431016
0.00028066694201607804
0.000290294419725468
0.0003729291837219701
0.0002899634576291597
0.0003172029491450624
0.0003305175223816771
0.0005551335472961278
0.00034273758668901206
0.0003388432638107265
0.0003058365000243425
0.00028419873158415756
0.00023937802017189516
0.0002928414299883061
0.00029255784489809684
0.0002458500734898347
0.0005608195363766657
0.00034889034193065325
0.0002803371570741709
0.0003917202290566659
0.0003536927117061744
0.0003511285243092248
0.000376590293223721
0.00032576383940963313
0.0004098410498970849
0.0005414254382178615
0.00044603303438751256
0.00032714169565238306
0.0003225585041351842
0.0002994681844466962
0.0002473632250284517
0.00030723768536184803
0.00038310268608977285
0.00036409706877300803
0.0007477317107107994
0.00043889360048960947
0.00036293295312225343
0.00028114409196737804
0.00039656015630318503
0.0002795983871317092
0.0002673885729576364
0.00036243553913349526
0.00035757384219604074
0.0006894263047580699
0.0004380873331896012
0.00036176296977622234
0.00029492025825160863
0.0003607723119733632
0.00036641933828605796
0.00035120168972679964
0.0003317044133973219
0.0003063044206682768
0.0007696904161963186
0.0005284562033878282
0.0003636881356415495
0.0004986591521447757
0.00041335815638961194
0.00043464665333301287
0.00028834286640937
0.0002719254055389713
0.00032383056160169873
0.0005136159061655833
0.00036489662747956865
0.00037361969608677194
0.00033748390331862034
0.00035729244242782543
0.0003196178532721604
0.0003628255667626287
0.00026635395974214295
0.00033437640451961697
0.000561459319991885
0.00041560181501259987
0.0003730435530660731
0.0004891392744543123
0.0003685542691453205
0.00039705357632866824
0.00041629579617248434
0.000437228993109505
0.00041556982215680045
0.0008106832139933049
0.0005276337957112175
0.0005010391365988388
0.0004913049013232646
0.000471279311968561
0.0003921787557710021
0.00036683033994311056
0.0003149573194656481
0.0004208703161901028
0.0006686996369066695
0.0005076375444802405
0.000414981564727327
0.00036727433965709364
0.0005232259932487523
0.00044582128055561937
0.0004872474071005131
0.0003346217128638978
0.0003189303876668439
0.0005354875534842985
0.00041443807184992444
0.00033062324514432844
0.0002513473726464776
0.00034007477282102847
0.00044381402099899844
0.00038383038392856466
0.0003221902243485418
0.00035017248251328025
0.0005637049209214663
0.000551545174485546
0.00047784558168077854
0.0004324444865345027
0.0004432574861705252
0.0003995606089988907
0.0005031461432368279
0.0002897536769629158
0.0004308048807795038
0.0006252270189218732
0.00047125018398134946
0.0004223102274001039
0.0004523776774992197
0.0004185655841086198
0.00033801150111988836
0.00029831923464682634
0.00035842167087724226
0.0002733491460931145
0.0005607335010398793
0.0002701771088311878
0.0002897581471665892
0.0002669218730291037
0.0002491593476039419
0.0002778038739040908
0.00028989499201193306
0.0003154074662350653
0.0003137381555576953
0.0005719219179244258
0.00030697379569675067
0.0003158345511222943
0.00030284624861490433
0.0003925551169385796
0.0003152594299230698
0.0003301134914035151
0.0003706594209810044
0.0003090807732631762
0.0007299334317916252
0.0003986522133536876
0.000345583167789663
0.0003745727147308084
0.00036642603047103964
0.00028878414791467133
0.00023546772880684522
0.00038675034684241096
0.00036294764328810504
0.0005931412113705945
0.00042327133553213714
0.0004540591109870915
0.0003669576049240327
0.0002494381846118726
0.00028903152191683324
0.0002681442599564407
0.0003425288667551453
0.0003331426272458372
0.0007065268253178444
0.0004839192802521357
0.0004104806117736323
0.0004401739067475927
0.00036636362935410895
0.00035053134356493026
0.00032234387045806945
0.0003015989643237847
0.0002882986905493995
0.0005215244317981388
0.00034654625174534905
0.0003727268544402328
0.00022105788545388137
0.0003381047569955642
0.0002848528747315704
0.0003616029324395699
0.0002731723592469737
0.0002477635090355903
0.0005214398278758766
0.00032371740628692164
0.00028831747708541177
0.0002689541614674764
0.00026657835217644595
0.00037968217447632174
0.00031482202758624706
0.00036214340037923605
0.00035983414128842867
0.0005166224574779404
0.00033245345486133406
0.00035153484628467783
0.00029610895750449193
0.00029569263799469685
0.0002755956752597173
0.0004128226310478499
0.00030866507931878083
0.0003299848932670865
0.0006379297106549889
0.0004143737110429352
0.0003595491121004719
0.0003433559920025577
0.000344212415362897
0.0004846819728745695
0.0003821292067133493
0.00030765099570166475
0.0003430436950208707
0.0004809049082015571
0.0003458896602046493
0.00040295381978291245
0.00037298593310668393
0.00037782124671468967
0.00030595278478834435
0.00028098238387257217
0.0003341490006313839
0.0002995139682558933
0.0004943948542389812
0.00028727253463529094
0.0004319436347180651
0.00025170327053251705
0.0002988878998106027
0.00017829511704600703
0.0003498495911795497
0.0002557314201879929
0.0002631269782149283
0.0005037989689367264
0.00036715054988416203
0.0003323049786192385
0.0003829390415666177
0.00032953542267144043
0.00029985742934317234
0.0003142364976163135
0.0003479467660012251
0.00026384591875713755
0.0005737659871390238
0.00022411047516094536
0.00024398118958067721
0.00031623518416282
0.0003662489280721317
0.00028052562718628154
0.0003840827743633219
0.0003077975432895212
0.00032072647065787196
0.0006591593128425023
0.0005435772757833288
0.0004215625478379288
0.0003837325272827259
0.0004029407643907037
0.00030660321420876847
0.00039749062440592434
0.00042804554972633883
0.0002997201329252486
0.0005355444091701257
0.00032772829828217105
0.0004044163070021601
0.00031345132061187555
0.00038004753115404474
0.0003717661059719849
0.00029848293237966537
0.00029381148609159595
0.0002781556264805218
0.00042880939805329355
0.000279691034283646
0.0001931629215959895
0.00023550523968471956
0.0002333717485861896
0.0002445138592306935
0.0002610614372435947
0.0002563507199074868
0.0002558576297973057
0.0007111901963839742
0.0002812832381533407
0.00031524563527802053
0.0004114716149774872
0.0002467853954665466
0.0002314215072718967
0.00029993231122823577
0.0002588877868882176
0.00034708615648374223
0.0005207238678750592
0.00028210682004766585
0.0002554850313642715
0.00029630400405919894
0.00026876197483910116
0.00036589364237979454
0.00023407466045900934
0.00027249104665164845
0.00033510924531533103
0.00043897346436929036
0.0003074256007648709
0.00033008377704756865
0.0002576281012928391
0.0003426922592656552
0.000328922651425091
0.0002731872216328713
0.0002848855492957999
0.00023633248872311145
0.0005155504710377199
0.00029923196024272595
0.00027825326488088476
0.00039839225765388896
0.0003480249633097419
0.0003930269253799219
0.00017461113026351948
0.0003546975427930426
0.00028470661580527875
0.0007160109261601495
0.0005759296710649356
0.00044297401588639046
0.0003257655307405619
0.0003314135864964897
0.00035878593531251236
0.0003796505827090388
0.00038093356309519625
0.000257991126579291
0.00043547612421468375
0.00033326162917384785
0.00036519579157350235
0.0002490765914670591
0.00029076651707787393
0.0002602650717031269
0.00024114062372294808
0.0002460657227391507
0.0003356347783282132
0.0006547699408840079
0.0004050450971470367
0.00038846317847130617
0.0003575120945633942
0.00029654950070977855
0.0003631965361708467
0.0002976394138363794
0.0002847843788941723
0.00022978902856040463
0.00048132256575280025
0.0003616034337747835
0.000351696593198684
0.00031338692160030234
0.00034787249536618296
0.00030228619875569915
0.0003352350571471686
0.00031223712169640224
0.00030982497844176033
0.000737409994312547
0.00038591725445275856
0.0003135617828959586
0.00036097037392452053
0.00042121209635044847
0.0003714125901627147
0.00027152808332760105
0.0003771228440211214
0.00026970655866622584
0.00046742179704445906
0.00031734792814860175
0.0002548252168124043
0.00030353926248464694
0.0002421045332753195
0.00022242075654157586
0.0002624059421253991
0.0002762986877557271
0.000220509145743979
0.0005898477520093528
0.00032249047080716597
0.000327420885835561
0.00032203444654904705
0.00029594155157680797
0.00029781993744750797
0.0003058936959238485
0.0003346321911513754
0.00032213449662154425
0.00044457025938650233
0.0002614323634516226
0.00024298444337729426
0.00031123409487570665
0.0002700509686719937
0.00032501492546044085
0.00024455356477535273
0.00020197486012900266
0.00025032084511189133
0.0005947565971255204
0.00042739011556817524
0.000375621777687149
0.0004015444302928841
0.00026324666072491794
0.0003212027992552989
0.00021353181218350942
0.00032739052195626493
0.00030610100814453504
0.0006300798651005194
0.0003680686447689882
0.0002795342506301496
0.0003081487975127738
0.0003704606304484703
0.00027639840139442943
0.00027336847024967374
0.0002474958267105961
0.00030212061386915957
0.0006349734034810649
0.0005849782742315873
0.00041303167847170694
0.00033016034919605805
0.0003685898624846084
0.000322697233836916
0.0002502329628953764
0.0003644681943850335
0.00036315358661582385
0.0006492526673577433
0.0004220020596095791
0.00037136446035461516
0.00032976032548505087
0.00039358370739087133
0.0002274105266323475
0.0003371544055047502
0.0003017470783142814
0.0002795435798790122
0.0004582189893991173
0.0003631705145494938
0.0002513638628935161
0.0002855531390748351
0.0003266224105732949
0.00030474196482032116
0.00035050949784809553
0.00034538825397443005
0.00031588027624499703
0.0005840435932190177
0.00038682690785296603
0.00032989063025971454
0.0003479513795938914
0.0003346701026130535
0.0003663285954834984
0.0003000553445783312
0.0002580093915418521
0.00032366849452078813
0.0005071356854477327
0.00036728854102428956
0.0003897947331133043
0.00038889655005015913
0.0002808311187288747
0.0003727562807799439
0.0003126748417394138
0.00035751230653255876
0.00026648874075066995
0.0005221026047815316
0.0002631689765887639
0.0003472983506246118
0.00034310373660944216
0.00036255901838546387
0.0003055878972655168
0.000323847003631608
0.000276851835519667
0.0002908071983617172
0.0006153546246033447
0.0004691468282213821
0.0004360867248846834
0.00042566172497038887
0.00043030889178827974
0.0003321372082674298
0.00032750300655492635
0.0003046686038020335
0.0003047676908110108
0.0005256946118019157
0.0004041748936077855
0.00037699389819257945
0.0003972534740844694
0.000358121069456253
0.000408335321445379
0.0003260028421153801
0.00028407888205859516
0.0002514072908114335
0.0005208633524245447
0.0002805518366276809
0.00043935281130796797
0.0003726050177475723
0.0003274761198106585
0.000226980963863164
0.00021452887113281377
0.0002674402600360683
0.00018213061351617148
0.0004226727502391324
0.0003223321383404747
0.0003555277804568632
0.0003239953660864366
0.0003555794074800711
0.000298859406025844
0.00023827581209951313
0.00027198220712528067
0.00031994817919097295
0.0004423957102177149
0.00022476420335652099
0.0003237091024840225
0.00033383732171960676
0.0002704223437169626
0.000316662642988445
0.00028032560420363786
0.00027657888052998647
0.00024402169343857555
0.00061403857567448
0.0003706313084398415
0.00036422171466063565
0.000308650730946201
0.0002924769799411205
0.00023750046269572028
0.00026186819545399214
0.00023755580493392932
0.00035419758834741305
0.0005246993738841047
0.00041094904402040107
0.00038813283279737454
0.00032167858681970887
0.00032049634543377824
0.0004067382502845432
0.0003529083196651169
0.0003439657670957261
0.00031238892421064224
0.0006647437889608344
0.00045973687831684306
0.00033308923256594633
0.00036423707320557664
0.00031896731901909486
0.0003408989804245997
0.00035977138891988257
0.000381769595388664
0.0003279602451952722
0.0006523663565045311
0.000526760648917331
0.0005084377035352403
0.00041058581380303694
0.00039628891016279204
0.00034764801209182634
0.0003500778160107747
0.0003423388279204397
0.0003270216967523737
0.0006659630017738785
0.0003187734987941814
0.00029304560645574936
0.0003087586880875339
0.0002343778560947957
0.00041714472829684605
0.0002704995712953278
0.00025836787927879947
0.00023162312704948319
0.0006329040341394413
0.00037669530792334895
0.00034517469297207405
0.00027333722298708086
0.00037693848008251877
0.0003698497424223849
0.00031962160213026
0.00035000798743009
0.00028171222679692796
0.0005801411113913227
0.000340539657784618
0.0002941606807265749
0.00032783803089656157
0.00025842581380819743
0.0003461709414420965
0.0003139833908514405
0.00033262736752200003
0.00020463982159031388
0.0005303319967537436
0.0003363133134786384
0.00031450691269280115
0.00027201031807825725
0.0003234143498544136
0.0003000557588911623
0.0002090671329949363
0.0002372553196279421
0.000211362453834823
0.0004285621304167925
0.0003813720158089494
0.0004069581548733814
0.0003442860771430026
0.0003050921875176481
0.00028931200552195096
0.00020592036373133296
0.0003292613798527691
0.00023975123451892624
0.0005261059811530053
0.00038209640271914553
0.0003602792659099214
0.0003554807017693503
0.0002220540926434995
0.0003628047952605146
0.00040146323336135814
0.0003673470244541165
0.00032571596874512727
0.0005563714559721278
0.0004748175457276749
0.0002584634794302288
0.0003605947447530999
0.00027547596235668286
0.00034056336950772433
0.0002645610437211362
0.00021597934673760083
0.00026227578618766154
0.0007475422869103876
0.0003718912579566638
0.0003925136999142307
0.000313584568813888
0.0003421722442897237
0.0002931261322146819
0.0003081606998563772
0.00029718480305499444
0.0002108972417853558
0.0004797997508213085
0.0002604874173382264
0.00033571501300479195
0.0002204044987307
0.0002710129674407273
0.0002506868733702771
0.00023384038506405258
0.00024109449704809175
0.0002574409067837028
0.00063603523887732
0.00032452154560207343
0.0003592916197895052
0.0002959059305651837
0.0002999773451138741
0.0002455263074609015
0.0003324777386317247
0.00025663838625356326
0.00027029956747405423
0.0005944411160835165
0.0003355452353526142
0.00026414208985076255
0.0003592905361499863
0.0002825097287246815
0.0003157208172190415
0.00027800491250876803
0.00020893073754416698
0.00022724984595899684
0.0005409731590856044
0.0003295867846931085
0.000286790114063144
0.00027586289644042876
0.00039341398658873216
0.0003303225503726893
0.000207447342949448
0.00032769178909285894
0.0002820774067861479
0.00046407729796241876
0.00027209906938519603
0.0003007682334369313
0.0003153327553565586
0.0002493707345235808
0.00027809706453690776
0.0002108639786761553
0.0002588365533444481
0.0001919730098539816
0.000515281653604748
0.00042040817169549684
0.0003355102242334994
0.0002719278927987084
0.00025551820010687247
0.0002863073342434336
0.0002617925896799595
0.0002618066726871647
0.00025051905374726976
0.0005112321234173079
0.0003693697570603007
0.00037036635802803496
0.0004255846121511457
0.0003385803508580558
0.0003021202426563644
0.00036039916265783297
0.0002821714729874232
0.00026189335663851995
0.0005851256910566343
0.00040589574820455027
0.00039385138674340214
0.0002942412750464138
0.00028004911323001465
0.0002004161617938946
0.00021608789725147126
0.00027761811191092333
0.00020992898802098543
0.00041859890617836727
0.00022331757401997793
0.00027809737407096067
0.00025753235483479673
0.00028892048754207455
0.0003351550445366928
0.0003261326075513514
0.0002766111767780734
0.00024315454946495166
0.0005409345892455244
0.0003151461506522592
0.00032208328387756677
0.0002315260325457737
0.00027547429824797346
0.00030834756035823507
0.0002703597524448527
0.0003053213443818773
0.000224365013844398
0.0005610879974231415
0.00023765893482932023
0.0003238335275645538
0.0002747845714964317
0.00034192361678492164
0.00024064269741788652
0.0003225382462624034
0.0002574619349750348
0.00024634880876424
0.0005349671966067661
0.0002170299889676978
0.0002789681687377768
0.00022469214923628858
0.0002818027931641569
0.000252775036823544
0.0002181081405985732
0.0003020097930979352
0.0002444757096968381
0.00047602712770729793
0.00030118394618499836
0.00028894322385766163
0.00029784895798074223
0.0002375981585525444
0.0002325056822767314
0.0002554156884490482
0.00024350273445095905
0.0002462972830226702
0.0004207418421673273
0.00030483881072432143
0.0002465088011715523
0.0003766299403821061
0.00024879337548351974
0.0002544139315667564
0.0002151004234668622
0.00018974294869352002
0.0002337460399335953
0.000456471521864572
0.00038232569783452246
0.00026900929175251024
0.0003353202966454651
0.00023276756427888137
0.00023219564145147512
0.0003237179942943118
0.0002795705062629635
0.00027763481313534505
0.0006881401741601528
0.0003608892463249868
0.00031270354565493465
0.00031156211932078056
0.00023686360932667738
0.00023000541309008916
0.00025054034135261663
0.00023760438939295268
0.00021916918548709274
0.00047518331827033273
0.00033236442408338064
0.0003151182391284959
0.0002362402098467524
0.0002217677336129056
0.0002577208466776036
0.0001860330774159451
0.00025648025127115374
0.00020458585626662845
0.0004813746355041546
0.00036336614649867664
0.0002961909720764617
0.0002685701102907437
0.0003410757597584433
0.00034729657003228654
0.00028530777175164544
0.00025319237110214154
0.0003112847847055988
0.00036697828543738
0.0003273130066268947
0.000309759576755839
0.0002357441952791265
0.0002095164124139092
0.00022440659482895074
0.0002152893939267954
0.0002849097795715948
0.0001674380035245466
0.0004465443173528885
0.00019371411070360638
0.0002551183153774084
0.00022835301291357
0.00023027019850974792
0.0002594304644333195
0.0002161453023012074
0.00019751319163240427
0.00016092437957570228
0.00041347062228581596
0.00029156352292402326
0.00020707738161293866
0.000253754848219811
0.00018518715951472474
0.00022081197110361035
0.0002782578797511547
0.00027484523746742145
0.00014632774989991134
0.000577696272634415
0.0002965332209258031
0.00036162952992437584
0.0002655500645064808
0.00026927808949667783
0.00024909229644655943
0.0002847878173751436
0.00022010248177323298
0.00022628538214470038
0.00044630671672569994
0.0002774144307072458
0.00021749975217319394
0.00034568443212998855
0.00032067734965464476
0.00023535248125848042
0.00027172205749478406
0.0002997662691504303
0.0002138251414011432
0.0005115525819578741
0.00024534268053544154
0.00033418959257592776
0.00026068594437833685
0.0002446713512023797
0.000281886752197698
0.0003181436388805859
0.000279468123534529
0.0002457135477005076
0.0005692753322013714
0.00028434430953571267
0.0002599834392052021
0.00023943524943097807
0.0002296687385842011
0.00028018936899804173
0.00023010835537870262
0.0001805663864764095
0.00021615769047635274
0.00033818011388671385
0.0002891189403511841
0.00020911465905789603
0.00023428916696817487
0.0002100010774084557
0.0002216371459044149
0.00022630360451742236
0.0002235340737052805
0.00026198056370275666
0.0006339453539639632
0.0003348273713704848
0.0003377109615388601
0.0002600920043706155
0.0003257683573010225
0.00024379690340487183
0.00022790631204854672
0.00023390282904050584
0.00023229749782457254
0.00038233740953680525
0.0002943733750017809
0.00032603245394206284
0.00029199350074450147
0.0002427922513879936
0.00026472395259992675
0.0002120491909967105
0.0002289824624857647
0.00016484944241549392
0.0003005118336822576
0.0002589031673379702
0.0002311170865527968
0.0002522044296761728
0.00019735925420822265
0.00025722578758959026
0.00023295709078955523
0.00025549447819042583
0.0002643060767440704
0.0005500706124708369
0.0003594191609693945
0.00040393176310325594
0.000313192259530759
0.0003250060976282986
0.0003266126335693622
0.0002972934850772455
0.00024677154501938006
0.00021951265781048018
0.000555083673092053
0.00036210720701733255
0.00029301461389896874
0.00029979811630976015
0.00030118402383996654
0.00027550793954211227
0.00026924222328120445
0.0002584034120755801
0.00029071356131939006
0.0004477068410120335
0.00024812180422778286
0.0001990449521501086
0.00023921915016192783
0.00018615207209333575
0.00023318696399571198
0.0001901782071831831
0.0002024276531897443
0.00018801087438839595
0.00047115242719443767
0.00029668706581243185
0.0003007607158051496
0.00033724377270238204
0.000322369814995731
0.00029503587829691385
0.0002630559633910159
0.00024977946855603105
0.00024484673253758756
0.0004706481283431048
0.0003396828217506197
0.0002366344677872048
0.00023824056034500927
0.00019952314470150987
0.0002539686999381384
0.00026299079364989114
0.00018378345005115333
0.0002201518429030159
0.00025449380232838586
0.00018509957146137885
0.0002599793454721468
0.00027423601321911907
0.00021631665815214596
0.0002713724175843841
0.00025478615473905426
0.00014677919024315772
0.0002331738133665559
0.00041123897111327163
0.00020275336528109169
0.0002846799538049829
0.00027537484912164187
0.00028603523919362413
0.0002330153405835096
0.0002571033625420636
0.0003208547600240188
0.000290153100161285
0.0003701039488412395
0.0003208647960020547
0.00025094334499185437
0.000286214981593658
0.00031261424565861483
0.0001931693240157227
0.00022559497958357072
0.00023126183736827373
0.00015877244517091115
0.0005608335518254346
0.0003118662759691061
0.0002898397518029678
0.00023548170630352207
0.00025355303825666325
0.0002594871149339201
0.000250671728957303
0.00018230580299314806
0.00022789900078503008
0.00042012919575249114
0.0002342183815228614
0.0003640089171637119
0.0002390064164700035
0.00024229783410518674
0.00026190923391482095
0.0002094973259868488
0.0002605090168005206
0.00017654543489377145
0.0004901406705398999
0.0002388306001781835
0.0002838189124142339
0.0003123294015778714
0.00025360953148485967
0.0002295665352414441
0.00021513582881739572
0.00016400523289245537
0.00023659725776978125
0.00030867527592102725
0.0002514878581742464
0.0002870033630202681
0.0001744661591752336
0.00017791813541794083
0.00024824633324223376
0.00022061540612275239
0.0001799380948642211
0.00017689295644805642
0.0004110581577460549
0.00024985479283453965
0.0003279609410308678
0.0002494370418963806
0.00019960872670597975
0.00023812124946472955
0.0002224425735125484
0.00021955930468957376
0.00022314357555982062
0.0005033308541277802
0.00030430224713548054
0.00029295796229036
0.0002984799155228843
0.00019798087636007202
0.000290177891940834
0.00020232084549415803
0.00018057802919978883
0.00021041248784552246
0.000525551500899271
0.0002993761250670968
0.0002848623771196182
0.00024179792122088465
0.00023599495173687296
0.00021475453723778396
0.00021271974359555413
0.00020539038633744222
0.0002396049190039639
0.00042611394391280235
0.00023801154074856636
0.0001732794750294505
0.00024170866172007753
0.00018094509291933773
0.00018723101854778402
0.00021087310736700812
0.00018850759577184793
0.00019707432472929387
0.00039038819163060725
0.0002434505852702658
0.00032660815026544943
0.0002138107415852723
0.0001604668081518745
0.0001905245160340955
0.0001944747940620363
0.00019439249934131468
0.00014827814597022842
0.00047036378425824874
0.0002716006275638314
0.0002627467846161356
0.00029272763976288525
0.00022446985192455362
0.00020152909025550607
0.00020032251120872074
0.00014555986179445984
0.00021788753929984555
0.00037381913867639107
0.0003114739652844579
0.00031278183329913015
0.00023540612543204085
0.0002565908490406123
0.0002697086888466338
0.0002554195326063515
0.0002451009264306344
0.0002240078000493125
0.00031165229588430923
0.00024803971499624426
0.00025878852039018643
0.00026139194758883995
0.00023677621883369442
0.0002249852042862643
0.0002463178229399493
0.0002529805695529586
0.00021073873462933976
0.0004990153864973543
0.00023173882345336083
0.00030248466969423426
0.00021696972178500448
0.0002887391078924922
0.00018112505653259208
0.00021178801665138128
0.0002327351213420314
0.00015772024548708064
0.0004486027187364619
0.00023197204832121223
0.0002153783628709772
0.0002648734146844604
0.0002241686732839226
0.00023804171417720474
0.0002047799601876191
0.0001875196196749009
0.00018410309559357634
0.00034751079760916316
0.00022199295099653568
0.00028635799283747195
0.00025764659234958176
0.0002547636931304766
0.00019792365444523216
0.00024941755749780344
0.00020627301383801643
0.0001435289158931923
0.0004923205683840962
0.0003149690372992783
0.000276062879718169
0.0003348275403998414
0.0002708261133107556
0.0002026094504982162
0.00024913153509513393
0.00019537087100923386
0.00021014110960459255
0.0003457390950718969
0.00026284754765311657
0.00025392639372210475
0.0002263390638111933
0.0002334959956323104
0.000188753003599486
0.00019189813884895704
0.00021943301452659935
0.00020582704286350678
0.0004396029094352434
0.0002091444539765601
0.0002680425941129468
0.0002166063967341885
0.00019696539461550077
0.00022867787885291697
0.0002733916644714819
0.0002026525231242856
0.00021926573183108367
0.00037042543908834047
0.00025745873138674274
0.00022371944878338954
0.00025930941898960223
0.0002701055894990068
0.00015971150720070642
0.00019246455260425022
0.00020697934346152253
0.00014781597958004399
0.00039576225526996746
0.0002408921663400061
0.00021435207250949058
0.00027321614548830007
0.00020161680214071139
0.00020405136473694655
0.00018889858474610807
0.0002512493213591899
0.000215485091198436
0.0004490539225984112
0.00021493860433489516
0.00026848340998353467
0.00023751138918802253
0.00015206129371607457
0.00020729616941704343
0.0002105045800135871
0.00020289873205521294
0.00022464850037005947
0.00030891111391273773
0.00016871643984496285
0.00020471464517867575
0.00017963600727161205
0.00021359986492861164
0.00013551892927801998
0.00017356655039358257
0.00014877895037805478
0.00018351289995314983
0.0003964257767437238
0.00023723420457419272
0.00023750952405828912
0.0002345964505992082
0.00025146979644935627
0.000176811933249228
0.00021808358746296496
0.00017400296618328158
0.00017273831871762767
0.00034451313546281253
0.00016764270786356775
0.0001786085240959973
0.00016224046380283345
0.00016140243955719687
0.00016820898412755385
0.0001365340650148567
0.0001850160688766009
0.00013810570862039093
0.0003257042085543403
0.0002172983478194993
0.0001742790618202581
0.0001950281676109431
0.00017105767134070317
0.0001735045758442464
0.00019053643169047993
0.00017374389025760092
0.00018533797196066816
0.00048452725991332866
0.00020905609866109042
0.00024581133337519444
0.0002613457633234291
0.00019718485894755502
0.00020259360649654406
0.00020098081986987755
0.00018280993530161597
0.0001111839023916454
0.00030778114026805035
0.00015493572342601368
0.0001473410166838018
0.00016038406512536676
0.00018367477578476462
0.00013825917907775908
0.00020440403876148351
0.00021962924682626705
0.0001792870998815862
0.0003677566988606034
0.00022187054606591396
0.00022053094213094062
0.000208666182668217
0.00017024329865717962
0.0001691061446774184
0.00015575269951823755
0.0001882161559473929
0.00013694257561408806
0.0004263674407762103
0.00025224420693530986
0.00032533470171648704
0.00019899426210892137
0.00024326468845312985
0.00021668752406848638
0.00022073536381075014
0.00016356010174141451
0.00018221318098409582
0.0004557636290313699
0.00023854089828222435
0.0002675741356607228
0.0002908158078059355
0.00019065928843677027
0.00022266873517696976
0.00022670406502617107
0.00023115674955111903
0.00021214945833927985
0.000348494623742306
0.00020338234719566208
0.00025093156880173664
0.00024212327650377738
0.00020805369352224458
0.0002576867564342501
0.0002040582477470717
0.00017167175035371512
0.00013369989807266222
0.00030528243078347886
0.00023330278552542236
0.00020729087900039583
0.00021077630177808261
0.0001961765597074645
0.00019969625941076576
0.00015287101989081359
0.00018688677671745046
0.00015202559709225262
0.0003828064453997193
0.00021700763250097295
0.00021030985730437676
0.0001998560728238163
0.0002221594007595876
0.00020159373896252517
0.00019443248098557813
0.00021885442965919517
0.00017429693788911037
0.0004988024088617626
0.0003225646943082681
0.000305461500300741
0.00028353529713136537
0.0002333589459005663
0.0001999765304624386
0.00027594715126584476
0.00021544910357269522
0.00024203221348654115
0.00020873734199212705
0.00018072379326684827
0.00021273753696410977
0.00013568574645343511
0.00013943283917942234
0.00016639035955218792
0.0001430795808762772
0.00017640032828944923
0.0001534303983189761
0.0003320418881758196
0.00015119880969440163
0.0001736929970251224
0.00018152188862041892
0.000140900664228294
0.0001345685521327609
0.0001570316065357686
0.00012183705645955974
0.0001659919929532901
0.00034544235816806503
0.00020647931349393692
0.00014211344039703403
0.0001566727094381267
0.00018789046929443347
0.0001860867240442991
0.00015692611952428996
0.00011405321707044674
0.00013376254701559425
0.00027216379521367905
0.00019180873292342515
0.00016707195225383479
0.00019880160784314512
0.0001438415534084558
0.00015202992409379807
0.00018331496502659673
0.0001771585890626825
0.00012666831117943056
0.00033684739748742496
0.00017794326170166033
0.00024674688511758865
0.0002151059392567201
0.00024489381993694076
0.00016165337059326386
0.00016654683282881736
0.00022018762770438952
0.00017143515456910835
0.00044557898896608006
0.0002590863614958178
0.0002787336218064589
0.0002710170655755221
0.00023202714831406878
0.00018401784748912683
0.00021556114521903552
0.0001617121569121974
0.00012218915986368227
0.00036254976105922366
0.000273342864740337
0.00023876891510575074
0.00015354848130107884
0.00022000584227321873
0.00023045089169832465
0.00017096876688199402
0.00014381834216820746
0.00018034416039950903
0.00039454125758034067
0.00018536767126883116
0.00018262287900097686
0.00019573777726045245
0.0001797406719395284
0.0001190438648521382
0.00016550541718914356
0.00017587858954342533
0.00016114952164970512
0.00039325078815853187
0.0001873146602441437
0.00014532643959862325
0.00013009092006543838
0.0001564196093565833
0.00017341652507552084
0.00015573858538901685
0.00016871780491510235
0.00017047614774363024
0.00036980344276198504
0.00014517260601288942
0.0001532672984696456
0.00015500348264354107
0.0001737088218587259
0.00015035835072346656
0.00012529722123551357
0.0001473821500710295
0.00016768643573313635
0.00021416686013719794
0.0001561585374461683
0.00015635560442848312
0.00014721348554469607
0.00018768771907841483
0.00016319645357616144
0.0001740992787339487
0.0001321590898409866
0.00013728052760679968
0.0003665044563055073
0.0002065558726610976
0.00021612482534983304
0.0002105768591653603
0.0001954090970728306
0.00019003992109513037
0.00019251819112918326
0.00019135011826240176
0.00017134501218081722
0.0004402126641958114
0.00019192731050021703
0.00021522223041893393
0.00019205140071718819
0.0001840660748021641
0.00016583372806400567
0.0001599171576252794
0.00012641460215136372
0.00016820449249539278
0.0002732869364594655
0.0001513294401754431
0.00019148692373880996
0.00020411229208130985
0.00017446990250268423
0.00016657467741593778
0.00017840114417724438
0.00016257818405624502
0.00015224424690481888
0.0003311835524085419
0.00018035356529006596
0.00018417578524259888
0.00016181468101686837
0.00013868121760569272
0.00015217172415048945
0.00014263671994058333
0.0001358022042401552
0.00015110395262365537
0.00031264864073150074
0.0001900034489792879
0.00017004963702384554
0.000163522555637328
0.00018127980328480877
0.00013791250136163915
0.00014275409526229074
0.0001321050021953924
0.00010526310154215462
0.00032898345584256116
0.00018142862108594014
0.00015001911706589906
0.0001388105962703008
0.00013833983697846258
0.0001806967373114741
0.00017463806929250505
0.00013613052284190883
0.00010314283891447163
0.0003020153931829234
0.0001824531466308653
0.0001544875211926798
0.00015331830399037822
0.00015502409398321476
0.0001307672349241406
0.00011266128473414831
0.00012290231628203394
9.506458854115342e-05
0.000222552889438194
0.00015113478737021756
0.00014765009997748613
0.00012734097785156967
0.0001436691522255302
0.0001632425709323098
0.00013330512868060514
0.00014224194655778336
0.0001737378391041713
0.00030662505524203034
0.00016459517333605037
0.00016389672940027585
0.00017584314109188518
0.00017856389917163216
0.0001468750992427583
0.00016167033060294198
0.00014243768986950753
0.00015000823338362615
0.00029478746827354057
0.00020602412948447557
0.00021103737871164542
0.00017650273171019302
0.0001668352865263876
0.0001323425300404995
0.00014984052591280754
0.0001489042919503879
0.00013046729140834908
0.0003007501487689321
0.00021077859283220944
0.0001621550682961946
0.00013116724459445397
0.0001295993072510461
0.0001542933866494895
0.00013073458279723622
0.00014806204847139903
0.00015559016386421456
0.00027890221198629097
0.0001583989380646099
0.00016535614172928528
0.00015397478788316786
0.00015404365257173938
0.00010573187200286948
0.00017177640694212234
0.00013879505945802337
0.00013361025310292497
0.00022257374210703053
0.00020652799799548716
0.00013495847023687203
0.00012361923108302828
0.00014677828687986844
0.0001554769968001723
8.443348694338027e-05
0.0001301480558795313
7.874460814450831e-05
0.00022273673124157604
0.00014649904926233864
0.00012692155451324278
0.00014038937330772895
0.00014628209494437698
0.00010775313425548459
0.000120209234365594
9.895320497580635e-05
0.00013507018075871547
0.00021474168349646728
0.00011515529360850629
0.00010391277807799257
0.00011981585919403598
0.00013752894368263409
8.698105821731283e-05
0.00012752436898956875
0.00012477562901296184
0.00010445248118499465
0.00016583893377282102
0.00014112235924450533
0.0001663464469670792
0.00019117799246774774
0.000127147879610805
0.00013072323281165192
0.00010026998597358107
9.973234248916398e-05
9.373681773710755e-05
0.00021143964091002978
0.0001511324627175357
0.0001037758652810564
0.0001383106007663003
0.00011090031647751146
0.00011679255386897589
0.00014105704838979615
0.00011669199120476365
0.00012439247395078695
0.00026250782520298677
0.00012947590836184463
0.00015296488684496954
9.557199167747317e-05
0.00011320385618579433
0.00011962675515454957
0.0001284941112554216
0.00013769179102956887
8.23432982107882e-05
0.00021478620341899488
0.0001293364598008165
8.627633255535208e-05
0.00010624859494931112
0.0001263548902403543
0.00013107116588906027
0.00012107356083631955
0.00012388325667436517
0.00011335018240747624
0.0001735087415483912
0.0001478438435786039
0.00012251701470933525
0.000153936029860311
0.00011823941708703444
9.114103761060052e-05
8.833533861244055e-05
0.0001455166565712883
0.00011765273556998902
0.0003139477695705681
0.00021232711116083775
0.0001748836030344965
0.0001727095145075992
0.00014380012679035843
0.00014373987739684405
0.00012390139563562603
0.00015542004919973063
0.00014832222734548615
0.00027328357306093126
0.00014905835770211636
0.00017264236772181933
0.00011117337965300992
0.0001230464206170935
0.00011481500265426058
0.00012729414237185754
0.0001311402139793461
0.0001137047243861375
0.00019322493894784288
0.00014914725999023233
0.00016488411222179904
0.00012487952670726265
0.00013337359958556528
0.00015641084302702102
0.00013998982147585658
8.869125617252015e-05
0.00012868495281629763
0.0002261657217452555
0.0001392759337207104
0.00011192334140880646
0.00011229508029466203
0.00012638394264243065
0.00010782155201948295
0.00011354835256194725
8.735477269040221e-05
0.00011699792491784467
0.00023253222913424739
0.00012965903822037265
0.00014705838559203916
0.0001535280600973344
0.00013094621035543246
0.00012124002409273192
0.00012439163305130868
0.00013778375647649754
0.0001223240116412298
0.0002631756250973353
0.00013776971450808146
0.00012194444722461568
0.00014578050463754397
0.00014016403175359733
0.00015249066467550571
0.00012855936178311834
0.00012628475149122808
0.0001014758186405153
0.00022852586687835942
0.00010545438184047423
0.00013277328850510735
0.00016778968359927485
0.00014358814006823869
0.0001208898335399553
0.00012952527897230914
0.00011379436444374392
0.00011282230520408784
0.00028676130258325534
0.0001786008944908604
0.00015238358456539077
0.0001299543593059272
0.00013697638750686974
0.00011210547300659883
0.0001424382066738543
0.00010701759959155897
0.00014025410696829265
0.00022936762555634705
0.00018484371266597188
0.00011839656704183014
0.00014718565594273384
0.00016426187218832934
0.00011127560678012583
0.00010545208009751673
0.00012580680560585485
0.00011693898138681597
0.000258241510875181
0.00013864456494225899
0.00014927770010056496
9.682803992769325e-05
0.00011383217576062803
0.0001286885372919467
0.00013249775742776436
0.00010257712218260555
9.230115342975089e-05
0.0001890554213507861
0.00011756804229531238
0.0001065218799053652
0.00011993891414722998
0.0001121739601269761
0.00013851127916521638
0.00010862221454794788
0.00010744815124764503
0.00010440363838648728
0.00020136199405791397
0.00014933182290590894
0.00020089726527426527
0.0001556876951010573
0.00015739150876825284
0.00014263432243527479
0.0001116866157878032
0.0001435375961434225
9.053942627313624e-05
0.00019746018427163723
0.00011084236011588765
0.00013034491955583966
0.00010645705177265378
0.00012187709188746533
8.82915353710645e-05
8.541161288138267e-05
8.611791288721445e-05
9.776005026512647e-05
0.0002601387366450574
0.00012388492278336068
0.00014338774729953633
0.00010882405886173915
0.00012163875911337255
0.00011364311905633858
7.533882566308036e-05
6.9350408142039e-05
0.00010722075408406529
0.0003028124901639459
0.0001884174164590524
0.00015449548927691262
0.00016392912388362376
0.00014171728368539058
0.00010251210169575084
0.00012377935114937707
0.00012384924800629634
8.852966277155103e-05
0.00015943504807784445
0.00011402122975625646
0.00011017423985794948
0.00011144801204441277
8.863773896567184e-05
7.9506616124497e-05
7.30222713913693e-05
8.453134294747178e-05
8.945087798679459e-05
0.0002657106347620304
0.00014898731285873596
0.0001185788419477873
0.00012353045765224008
8.65627131129996e-05
0.00010406412223753255
0.00011490995095413071
0.0001059414125918764
0.00013114257305877787
0.00023019389661245538
0.00015269519058337493
0.00012013778297802221
0.00012736730508719607
0.00011053612026249568
8.868523635117479e-05
9.313592265923373e-05
8.584252024000966e-05
9.929800959198023e-05
0.00016198464117858418
0.00012351099793472207
9.332088876297338e-05
0.0001545132014057488
0.0001128381911385233
0.00011464671155573579
9.924847315512905e-05
0.00013135194964922269
0.00013670968312944935
0.0001846441539605535
0.00010671977035298
0.0001384556292222523
0.0001354059787580992
8.592947523267824e-05
7.786511659514524e-05
0.00010032651812651123
0.00011214586595187904
9.440256400041912e-05
0.000207062650610798
0.0001483747807053877
0.00014053559692369286
0.0001190442364299527
0.00011743789404571804
0.00010933706032035592
8.684656120247849e-05
8.350042063127724e-05
8.24280885207391e-05
0.00012245730000294848
7.359657703290798e-05
9.418106916331064e-05
8.618462473658046e-05
8.082745627360123e-05
7.299605008031071e-05
7.80845148901614e-05
8.002517161483399e-05
8.819054324939545e-05
0.000160913248280909
0.00012425604911611045
0.00010096368616979214
0.00010722459509998325
9.547800058692365e-05
0.00011234757401026121
0.00010893192597970211
9.587796692528061e-05
0.00011170608863105092
0.0002045844586482408
0.00015147741676496638
0.00011493963260073455
0.00010336207829719257
7.776293827730732e-05
8.98086760668645e-05
9.884708957560735e-05
9.583565309822545e-05
9.493228570743074e-05
0.0002323003652422971
0.0001053157691037936
0.00010959903119141576
8.517042937575965e-05
7.981554009569632e-05
8.60714045963067e-05
8.061901751420547e-05
8.078554877047674e-05
7.104753414690735e-05
0.00018539417814091537
0.00012924023940030923
9.353165524492895e-05
9.62402069900641e-05
0.00011628337713563625
8.000900276959645e-05
8.158067066806807e-05
9.442854834008867e-05
8.529328593270785e-05
0.00022114568320715248
0.00013665441483769812
0.0001328084482903832
0.00013598701645222054
0.00011878953265453982
0.00010503752121622408
9.174932024528054e-05
7.699308444167182e-05
9.19164485839898e-05
0.00015806900441489005
9.278519644814387e-05
7.755828063128827e-05
6.628050438092052e-05
5.503722239283575e-05
8.83562548282712e-05
8.902243629685265e-05
8.858594221386439e-05
8.583950568220061e-05
0.0002437669408740893
0.00014601724662721067
0.0001296239236991102
0.00010312999708406039
0.00010982281261675783
8.610387780555135e-05
8.908426096543454e-05
5.2487989232635965e-05
8.323614086472314e-05
0.00015613603754571545
0.00012261841333780537
9.645732616477741e-05
9.324332503087452e-05
8.729124753178058e-05
0.00011425624520788732
8.253685712294583e-05
6.858508632353158e-05
7.112748641752731e-05
0.00021676551261028937
8.377601799069912e-05
0.00013750601296062757
0.00013102022194745299
0.00013021990434658784
9.679396506189543e-05
0.0001038239710243123
9.067588870568567e-05
7.836443060578716e-05
0.00011979089462048538
6.71931648221563e-05
9.409988374715642e-05
7.827204505043093e-05
9.236045205756332e-05
9.684451522727741e-05
7.151387032765031e-05
6.368350975584185e-05
8.372936900985303e-05
0.00010223450493852895
7.506276173871325e-05
8.162254782222911e-05
9.112769332448986e-05
8.862033269036739e-05
5.933615592270048e-05
8.527448813553423e-05
6.067631162322855e-05
8.129368133901035e-05
0.00013280239151403428
7.670840871418233e-05
7.952044619270428e-05
7.895235611870217e-05
6.643634285503908e-05
5.539239992844172e-05
6.285705181817537e-05
6.0113001732700374e-05
5.2683448520639395e-05
0.00016490719359853502
8.953319467458567e-05
7.517432510961026e-05
9.616174076782858e-05
5.994719626025893e-05
7.962903513608582e-05
7.58819485748001e-05
6.691208237730897e-05
5.8847461421606044e-05
8.930953486402557e-05
7.177209040498206e-05
7.789749994551862e-05
6.762186682281739e-05
7.52543432769718e-05
6.223349276690477e-05
6.497871319450519e-05
6.320608444265926e-05
6.87298039245488e-05
0.00018130993212192679
8.298837697398265e-05
8.821183561799755e-05
9.972675405015657e-05
8.586828621730983e-05
5.721230004861874e-05
5.938720571949006e-05
5.3964484807558025e-05
5.4434190402897375e-05
0.0001712278152438818
9.928845062414809e-05
8.251660031472802e-05
7.9503323489985e-05
9.108478158749761e-05
7.337702211942298e-05
6.761923195398357e-05
5.6639221415570805e-05
8.723507784743194e-05
0.00015629850329370055
7.361250717671732e-05
9.851923547064728e-05
6.862541683245562e-05
7.599353003806639e-05
8.670555449842477e-05
7.887100112140101e-05
6.521428516907975e-05
7.077135148909753e-05
0.00014308689110484975
7.020553213567004e-05
6.81657370212738e-05
5.752015800298582e-05
5.40056506718313e-05
7.432881581540419e-05
5.4875783691646977e-05
6.020018872993539e-05
5.022380060374366e-05
0.00010479808489368084
6.257654871349949e-05
6.374896834816847e-05
4.653894861350093e-05
5.614804521936559e-05
4.5267109427210354e-05
6.401595952691402e-05
5.885917657418165e-05
5.812274774352494e-05
0.0001435276512029656
9.475057062945248e-05
7.292100800001714e-05
7.302193668037186e-05
6.709553795253748e-05
5.661734373052314e-05
7.088195669825618e-05
6.117279190914658e-05
5.4845069709489884e-05
0.00011330671518408424
5.946648916008942e-05
6.67661752778849e-05
6.616460588697572e-05
8.367776886606377e-05
7.20606809868295e-05
6.194706800508944e-05
5.836519002289436e-05
7.038700260800252e-05
0.00011244794008634448
6.65086221764394e-05
6.416554120218094e-05
6.031436813164272e-05
4.8527748813138196e-05
4.393990655133959e-05
3.9854661103089944e-05
5.432374473466602e-05
3.992260908451027e-05
0.00014356824798144617
8.328700974819695e-05
7.15658209810291e-05
5.475450807930395e-05
6.23559275002165e-05
5.331554362430492e-05
4.433970213097144e-05
3.0677016297131414e-05
4.879505517541889e-05
0.0001218723082973541
8.067721708544528e-05
7.06283535700255e-05
6.155337819875794e-05
7.642325246779791e-05
7.240462733217749e-05
5.877497873802586e-05
5.569496414038038e-05
4.8595771431078486e-05
0.00011594443642530777
6.179016041428947e-05
5.174257089711805e-05
4.876223300751722e-05
5.9244854832188193e-05
5.4959204094269805e-05
4.404152201203643e-05
5.7036733699509385e-05
5.107627764796588e-05
9.54548742943038e-05
6.189549735711585e-05
5.57333619502711e-05
5.653770465359569e-05
3.798222860424889e-05
4.963843325027437e-05
4.886843775844127e-05
4.377755922120694e-05
4.635740959886438e-05
9.445942545623903e-05
7.838385094366117e-05
6.378105624912988e-05
4.967873469100212e-05
4.431990205804138e-05
4.1305393824485174e-05
5.205938414619562e-05
4.633136493708633e-05
4.120584517309034e-05
0.00015094294115637166
6.95765754530157e-05
7.1318874930511e-05
8.106629105505165e-05
5.008101231848857e-05
5.751732127262885e-05
6.106829314455649e-05
6.394897909926941e-05
6.770153878797362e-05
0.00012263651284599885
8.491760496712047e-05
0.00010005881260706201
7.687861436263358e-05
5.992913354833901e-05
5.3698494710262786e-05
5.668052324564736e-05
4.371690433531998e-05
4.7770488330299495e-05
8.321197695041638e-05
5.895880755811714e-05
6.240931094660319e-05
5.835567118301149e-05
5.544109082607393e-05
4.7133175675596456e-05
3.135527970651458e-05
3.798799753473305e-05
3.152273678725827e-05
8.619508208314452e-05
4.552568142548513e-05
5.296277125874887e-05
3.591192573413758e-05
5.9864638915894605e-05
4.093696196956233e-05
4.37836100762334e-05
4.676589388818677e-05
4.6933225276365846e-05
0.00010505196789536824
7.269082681963229e-05
6.649373382816284e-05
6.920771304887646e-05
5.6478166264485846e-05
6.394682411230067e-05
5.614131747727449e-05
4.980995342216656e-05
4.495242847288159e-05
8.732413039050233e-05
5.985655395267795e-05
4.712811736837262e-05
4.8701981654827684e-05
3.4466271035855474e-05
4.180132633464802e-05
3.6676350898022965e-05
4.062886788580736e-05
4.4313236772456954e-05
8.628517854433286e-05
4.9507573821386456e-05
4.796755571002835e-05
5.275793530430057e-05
4.374801358560059e-05
3.8221002276611725e-05
4.006367041775622e-05
4.37825745956083e-05
3.8222221180034866e-05
5.46382643724849e-05
4.033431654371624e-05
4.589661175131487e-05
3.993359231205985e-05
3.155837253673837e-05
3.775681628628712e-05
3.407200570640766e-05
3.1157060665678305e-05
4.0236135527231235e-05
8.780909866422628e-05
5.534569753536094e-05
6.392287015563142e-05
5.23642702536404e-05
5.487666987729804e-05
4.5697695938252095e-05
5.02206509125702e-05
5.022137104610982e-05
4.231492738969532e-05
6.211336607272798e-05
3.708721999525806e-05
3.74221919092417e-05
2.633291097934977e-05
3.377061590567867e-05
3.792537987192881e-05
4.087362892427041e-05
4.117587994011305e-05
2.9349445419446125e-05
6.194860008392711e-05
3.765813821515033e-05
3.524593926240166e-05
3.8294481075105326e-05
3.517904020723068e-05
3.1259160181954445e-05
2.857897464602695e-05
3.055592894245528e-05
2.747369644848866e-05
6.081109537468128e-05
4.653878273776368e-05
4.610330880364795e-05
4.7410745084150724e-05
3.987236287040001e-05
3.786258788978864e-05
2.6101894491585524e-05
2.771075613271368e-05
2.7007539794738677e-05
5.032907238426374e-05
3.123027583571481e-05
3.726252845288931e-05
3.531928939198212e-05
2.62387285308641e-05
2.1279612465751134e-05
2.6909678151201226e-05
2.483236894264879e-05
1.8364713423003625e-05
5.2916193316962935e-05
3.351170272224274e-05
2.6407382807185222e-05
3.391405227415503e-05
3.267426820949534e-05
2.7245409659533253e-05
3.066374336745744e-05
2.546947105203594e-05
2.362637036718295e-05
6.6352446501832e-05
4.252548571795469e-05
4.0480777595524915e-05
3.025958400276659e-05
3.0427057830845664e-05
2.342363070364151e-05
2.4864530198105967e-05
2.9555774695726315e-05
2.643955236396909e-05
7.630022775802286e-05
3.813270381980455e-05
3.870214776815102e-05
4.2923981628535864e-05
3.045898677326039e-05
3.0995068701323714e-05
3.431221664358299e-05
2.4561463117980906e-05
2.1445231692942883e-05
3.719421579681906e-05
3.920518162487316e-05
2.6070114534256397e-05
2.4696599593226562e-05
2.3289368255947678e-05
2.137933863183492e-05
2.2954395580772848e-05
2.2921012248198105e-05
2.4931680827570955e-05
3.8067671586175994e-05
2.7042911873517186e-05
1.7190989039822944e-05
2.6205403312885747e-05
2.111193831185456e-05
2.014028023541139e-05
1.8632341871570485e-05
1.652116369447134e-05
1.8297170171725308e-05
3.183537291955838e-05
1.8263331436069207e-05
2.137980144933607e-05
2.2083466858999476e-05
2.1245650589741057e-05
1.4845100756513707e-05
1.3236598706171066e-05
1.7224269437973428e-05
1.668810764566657e-05
3.5084994992094486e-05
2.6238179875892405e-05
2.077611941898979e-05
1.6151730292643885e-05
2.080949470559206e-05
1.9402087966252028e-05
1.5280379891690255e-05
1.1426842322812317e-05
1.6821938971747923e-05
3.9106069432876544e-05
1.631947349826412e-05
2.0776489806685485e-05
2.037441472147974e-05
1.5247378665633195e-05
1.7157524911754357e-05
1.5448587953821123e-05
1.2063997091772434e-05
1.7392453062745637e-05
2.8384531107485652e-05
1.7627453357791926e-05
1.6588732577599827e-05
1.8599681271840173e-05
1.859990567334323e-05
1.4243232110425063e-05
1.5852019753426356e-05
1.1026077007261291e-05
1.3707208332642109e-05
3.0329901183841395e-05
1.6589141753210878e-05
1.880094288906951e-05
1.193068113398041e-05
1.3338211946332665e-05
1.3539262386347276e-05
1.3840890286278875e-05
1.3237635838670419e-05
1.1997668028681264e-05
2.2453966519996463e-05
1.6321040975431203e-05
1.2198843563035546e-05
1.2366433718579582e-05
9.216193569288668e-06
1.320431798625169e-05
8.512460868653064e-06
7.104908600377914e-06
1.3673565606102914e-05
2.728009113025037e-05
1.3405339668518123e-05
1.2198854192457971e-05
1.487993201881869e-05
1.390805808420622e-05
7.1048328815955475e-06
1.045619718028535e-05
1.2634588953421364e-05
1.045620488960292e-05
1.9504726075559968e-05
1.4544667780685446e-05
1.3170627489914667e-05
1.2232276110555781e-05
1.199770180335512e-05
1.1696089481183925e-05
9.752321530086297e-06
1.2131773039862393e-05
1.183016824945716e-05
1.8063496037173938e-05
1.0891753431212326e-05
9.182609050017538e-06
8.210732848792853e-06
8.043179002155169e-06
9.149081467409446e-06
8.88100032638514e-06
7.67453972785814e-06
6.6691419572443655e-06
1.1763159934637046e-05
8.914534746745106e-06
9.149158121615502e-06
8.646481756627277e-06
8.881062234026848e-06
7.1718841229968745e-06
7.775124628209961e-06
5.965402941855218e-06
6.401074790727584e-06
9.28324967628437e-06
6.903803144286872e-06
6.099494961817162e-06
6.0659879619295914e-06
6.267067495345027e-06
5.5968026505384915e-06
5.730872016523947e-06
4.6249215439033745e-06
5.362237221889242e-06
