2.3134256348399127
1.8473707793843797
1.4299688781719595
1.6232204615697488
1.24111237570766
1.7307947974889542
1.4656478714851844
1.33206500137817
1.5908417710428677
1.6182228946826738
1.3546940927301214
1.32284254910436
1.3457260561871427
1.2758647020809324
1.2635808834733278
1.2374960746811146
1.1526760716492972
1.7770088131676858
1.3956179147665868
1.2704890429932412
1.2439351292208436
1.2531200050338784
1.255485100275768
1.413299526197749
1.3045132837100974
1.36850406752134
2.094068892998995
2.179211895740085
1.449591299888439
1.5741904644068292
1.6740338421547365
1.4692373281317082
1.4401210162212486
1.2081562945964248
1.299061295201925
1.4736360546818883
1.4563160027969744
1.4598088892219845
1.3570175411880754
1.3323902348287273
1.3426594361443438
1.5267864169957381
1.447857542018313
1.184760674422681
1.4258223632583216
1.318744558226308
1.2246280223677604
1.2990955015662762
1.2624471242124822
1.2582356529102074
1.3936295927373188
1.318501177357497
1.3836880190435246
1.4681209564563444
1.3953411719829516
1.248499968531758
1.3594337980591389
1.4609328426380128
1.1518062892494056
1.285613771002733
1.1916238613696832
1.290752845595956
1.3427157459406662
1.65982163104331
1.2954545769098063
1.3780278703421898
1.2933891096039944
1.266520111263298
1.2880645076037145
1.1958901581699002
1.3302941433025537
1.3326490209990636
1.2389669476171126
1.3407531268922128
1.324520406876446
1.411763260096881
1.495407874611909
1.2738924988289597
1.2193927196555399
1.3252690364237214
2.2008464325766885
1.3667066677139217
1.2478146829163879
1.2418932590041472
1.3337502536859802
1.2467473814330532
1.4924752522176852
1.4481304623035836
1.5569271994450078
1.5655376713981752
1.487756840463986
1.2977789424892183
1.61605825581463
1.4364834291742947
1.5012911223855203
1.3428951430981062
1.5757617045277896
1.355315571401218
1.6689173213673563
1.1399240641632715
1.2296385314550682
1.236824676789242
1.2669282064925473
1.29599758201194
1.5594637338171744
1.2879656248799722
1.401497161035692
1.476781497164994
1.510342670444289
1.4779501830253587
1.3640736598427783
1.4033158169927518
1.219536268727814
1.5242382868604334
1.3738192125256705
1.306359003784127
1.4285843789948343
1.4436890462850844
1.2241162066263362
1.2183666677340579
1.2321985390091854
1.2267323170737743
1.2758761760194677
1.3718715885950183
1.1335976207494889
1.513568250000682
1.1185116187022015
1.196290326061276
1.2668152470560259
1.3343352051815482
1.4623760971291648
1.3866470433051388
1.3404931287950679
1.2373142775439196
1.392992758290384
1.3798096034917504
1.2989067015935811
1.1854206058902705
1.1968312160847188
1.2579542245456865
1.2059244037721608
1.272089300292392
1.6015865047670892
1.513324089648589
1.5578986091621714
1.387987572038702
1.3171296068970475
1.5658294247276336
1.3596871553694918
1.372016887339299
1.3087014424044454
1.5436533055036916
1.7811767548010093
1.4733598765577487
1.3340388926223161
1.2567245167120689
1.1826818766770866
1.3098339781160107
1.3674018902129739
1.2482439907885605
1.2606468702384788
1.6307003145946801
1.9390761329977952
1.693819643502762
1.6398091402805848
1.7878868670430113
1.538509785952042
1.662960490177506
1.5309754877887847
1.3818836712260842
1.7907923266560197
1.405673442493331
1.4467544815692612
1.706264575021545
1.5174883788166518
1.5479875109250203
1.4038569348820535
1.5463507064160733
1.397375160984552
1.7771030724898973
1.5712569835757049
1.343551862315143
1.4182084198554217
1.4225854662343382
1.4241643082252582
1.2995327914276276
1.2455875734293171
1.4264341870294426
2.0147599725139216
1.7911217932362804
48.76366087964091
1.4585044587656812
1.6633369320123002
1.4370703199878225
1.5614806861759918
1.416227209510413
1.3652904411637354
1.29958879564578
1.3000309813617943
1.3002000513685228
1.364816237134561
1.3158889008164323
1.2720681411862467
64.6266923923086
0.014362807156138559
0.9999481584481493
1.0002105391240745
112.0302960708545
0.9937664399172593
0.010163762906448602
0.9999735617566234
0.9631812108853113
1.1721119007704675
1.2217646826805548
75.86562232224237
1.1682645316801674
1.3553142754743517
1.4975503320151948
1.3166108840243218
1.2765275972682615
1.296413370181349
1.0404285246343858
1.2275061291821983
1.3728617585448328
1.3033908056965997
1.3565529899085162
1.2709155856363967
1.1783931845740456
1.1485128629234709
1.0644707522089687
1.1791047212174248
1.0490217375296396
1.1923090491418205
46.09311180384197
1.2081550028918422
1.1239038668346721
1.1122754595408768
1.3189122818875054
1.3107195191969898
1.2188752317264904
1.3603010671386533
1.2597548234310705
1.3788706040978282
1.3690711904975108
1.2700281956988875
1.4155112545246484
1.5685870468940362
1.6715430937759121
1.5788937805629988
1.545921753320654
1.492261453091825
1.3835893547224831
1.1192988763689822
1.1630221406794794
1.2408631605118028
1.315684962375214
1.3735145998814697
1.1830240984813924
1.2049263549263551
1.2859061864652894
2.1055330949048976
1.6702106409004684
1.680946425093461
1.2723082834978487
1.4369923224020316
1.3610409695888186
1.3622457730948287
1.2596756683193584
1.2525612243735156
1.394985169262552
1.2195525593193943
1.4703469714226352
1.4688641117174377
1.5128439618566678
1.347278098458784
1.4460380932337142
1.5707731722489486
1.7443932131727224
1.5488353598001632
1.290026143585384
1.3302876169222817
1.4846572919277587
1.1983390099379505
1.2395575622283008
1.2717196041440035
1.5026729839546817
1.3096696541792876
1.5617000913559809
1.4873247144127584
1.3662552948470057
1.4950177868960342
1.3321383431000808
1.6866139572713454
1.78621809670898
1.637889909730475
1.5819586795027611
1.6349772925627208
1.464239980924459
1.4742973854506443
1.476764294145099
1.2819861206138272
1.3309330906322037
1.1244872054907546
1.417480831554821
1.2905460799005513
1.7581773593861245
1.575106461165989
1.6932846551456777
1.5776392652815459
1.404567568654265
1.413949130464586
1.5545654119465098
1.7450216015271645
1.8137744727821992
1.801306110822546
1.5635823618749458
1.5070599128974616
1.4109666588584293
1.1114585532334185
1.2341063742519565
1.277832469314819
1.3023426913710066
1.2478377988359293
1.576403679388675
1.3581853332619085
1.2993020953570147
1.263990463470127
1.1180696848834104
1.2267448545475448
1.2403556539810587
1.1715217011300445
1.2988681031920002
1.6018803480077513
1.3299224411951664
1.6291978833761063
1.7915623473375561
1.5637013097465764
1.6445849705304572
1.670302152630068
1.3616600535084162
1.3454130162703406
1.277193045477402
1.3711678391212632
1.274294529851482
1.3504333261237969
1.4943507314679738
1.5578758949880864
1.5506494396068136
1.3656514097673913
1.440793372046653
1.5161085906875786
1.2927431306835582
1.2282790343213126
1.4543707570551156
1.182616511862282
1.4665672541523127
1.2940959973334019
1.2394657282699058
1.5866589819010648
1.6307965737700927
1.5119739487666857
1.4976837465000026
1.302393316024231
1.2073625106474342
1.1261027851606988
1.3504432098903518
1.0648166423242482
1.2900932600984099
1.415694453994672
1.462553298687212
1.3582487460010402
1.2323776084135087
1.588717958845128
1.3194939959376588
1.5652603056065026
1.3338626091022747
1.3356075497623836
1.8232368025295929
1.5628163445163208
1.9504361901760552
1.7835222856530453
1.5127307900202223
1.4628209679327602
1.2476537000374701
1.2029620644454617
1.299587345254456
1.6075050709939391
1.4796836370295725
1.3322656996438578
1.2078061721819575
1.1904245830415936
1.3226285141178529
1.1278360445205715
1.1265275691795396
1.1973218566633852
1.2953562346168823
1.2576778651179206
1.3841892119916472
1.4054099847507517
1.2880044638545565
1.2831666438324774
1.3561127007568836
1.263221643781412
1.2301945563167174
1.3513417208015028
1.1820328570505967
1.2140336126238291
1.1557193923145626
1.175686630565194
1.150378014458357
1.2166969272935475
1.143867499007703
1.2039978535014977
1.296386596649172
1.1493957640321755
1.1286102341972062
1.1232618430356107
1.3025145839219627
1.217266679886769
1.2331665150136284
1.1828404733338054
1.173206262763756
1.5261155472051993
1.5406598024795721
1.2101650708672707
1.3412805895878113
1.254364429896392
1.2912047063386105
1.2299846697744943
1.3475325245649605
1.3435833581462706
1.419351961950166
1.165481243547101
1.2636248072918335
1.1540146651656646
1.3003488976319744
1.3405497351839148
1.5473337086784986
1.3298078909316793
1.3077847601386996
1.5522629795147669
1.3150301598159742
1.2501659125188627
1.3399250266533667
1.2671773600053586
1.4257648623759844
1.1984333344305
1.3310126361959123
1.2803449704364445
1.7164151501701406
1.4011380351475058
1.601907084077201
1.607373397581546
1.5013630532391828
1.4262141383836302
1.4262346038777696
1.3312565303200365
1.227284818544432
1.5308624274140352
1.3814150304670851
1.372601585538606
1.2916186082276568
1.3365650969528118
1.395575344371704
1.2632504596690293
1.2812341735167543
1.3564841498559466
1.3165973776783761
1.2074052459228883
1.3395666369841963
1.4569296185067797
1.307455012853361
1.4980036082931645
1.3677365622397977
1.2837359003129436
1.2433207394413515
1.5161009573542314
1.3167006721074885
1.4799665157338542
1.2805984004569293
1.3828467153284512
1.71029885057481
1.4877262139400824
1.3433832738067286
1.3349774595598005
2.0366569315173595
1.453292737342166
1.4323100020708879
1.3430419297747573
1.2573292092523252
1.3524863587160938
1.329123516039485
1.2548438822324333
1.3340963258371217
1.5480669530439892
1.2678457320718286
1.312799138937882
1.2876283404936744
1.2964187184425766
1.165277480943212
1.1666969123480657
1.082040580293137
1.2191293428212941
1.1795358936084355
1.3228589234755703
1.6111771700356716
1.6139645806650644
1.707492271322174
1.2734292448996647
1.2813125564233432
1.2525049380498625
1.1609970780274605
1.3963610417410584
1.410488060809282
1.2093724902867222
1.2042178889359543
1.2675934328851193
1.2379581693932176
1.2533092406605317
1.2705741723732022
1.2240344116856556
1.3291198402413504
1.2121137206427115
1.2242384964354418
1.2681709322792025
1.2579525897962862
1.15617429880622
1.159142847679963
1.312274480527597
1.2297932169678831
1.6536494252873168
1.4773792780122184
1.3253139302898524
1.3502946064360144
1.3393161200278776
1.1322497229405213
1.285613947071427
1.198579623053834
1.326226627855077
2.0078012673731354
1.5359731688845095
1.6653166765319354
1.7562402852701753
1.5558493265731512
1.4216013071895546
1.2960002906237444
1.5444243437894132
1.347978213036221
1.312435765673145
1.3602015113350183
1.4878182758174707
1.1557186626712548
1.1237256093443584
1.2458292971694476
1.2708157820837254
1.1737232206316182
1.4091335953532684
1.3135157916918818
1.2362752994362074
1.224712746323733
1.2579597322952978
1.372516657497334
1.542904981163747
1.4347540199653237
1.434632256411987
1.3043230944254949
1.3975352865696733
1.220968220968215
1.271828261639446
1.1962447158899732
1.2937705098861478
1.1964537244179685
1.3635497319832908
1.3034043400357531
1.4897483991980072
1.3777185410848958
1.3438213982635878
1.2678497240192599
1.3255705066873327
1.228705927562669
1.2090290547995484
1.2367458866545111
1.2383661971831383
1.2555714223895067
1.2369326341806015
1.174563715839742
1.1422823638645414
1.118636346380174
1.124606421689641
1.173787551541354
1.1842509231216751
1.1575037512606332
1.1529155981715045
2.4684022868383817
1.4533187336960733
1.4375227952439718
1.5412246135193166
1.4758097413723983
1.1524388272941732
1.2278332883248375
1.1820005157445759
1.0913345078177137
2.043564043879815
1.6305824496695764
1.8412883068538437
1.7928848831246353
1.8227490137207496
1.4709130937721404
1.3588616468983603
1.5024271844661279
1.5247605879038937
1.50812141591855
1.3899853925331467
1.2680225113897103
1.2621524304861493
1.2599031150354687
1.2334980917224556
1.4034886681946563
1.3292736380714578
1.4310864545920357
1.730231548087717
1.347419586177643
1.4496195526862212
1.3393278471542585
1.2221948732374233
1.1948719638795602
1.1192657748458332
1.426884422110495
1.2409129889834563
1.6956140846662822
1.3617851548545346
1.3600790395497944
1.2562440031401905
1.392746821908032
1.409826849561429
1.368325367269673
1.4280592965797627
1.2135960080357049
2.0185314685314077
1.5172819878702775
1.5909959324540737
1.5247758376592768
1.7292094807507818
1.6173782716772203
1.4314387057704214
1.3841873822130173
1.4111908447072121
1.627159437342885
1.4974072095288642
1.4973968640584463
1.3433189017667335
1.2120100405484242
1.3149024862289733
1.4358609954996606
1.3369724214207945
1.3189713592751813
1.4790758236433346
1.2907556578443524
1.2746893394375367
1.3591076226842516
1.3153422559351837
1.430000678287951
1.3594952059727643
1.2871772737973877
1.308254442783621
1.5814696485621735
1.577339642481575
1.2713954409187824
1.4780709219858055
1.5959056820483162
1.3962996120558822
1.3465980560320763
1.3370075999303674
1.3576199773918316
2.208150847514152
1.5496135799060788
1.5369138788123313
1.4539078770059204
1.2781378903947704
1.145274719116848
1.2372414185041931
1.2580433355220106
1.300949812382678
1.1943486825905647
1.392626899713697
1.2386933473422368
1.2252449594874653
1.2719373833118213
1.4667967831444073
1.3295737052835501
1.353988703080258
1.241015977493506
1.459267070920136
1.392455980570678
1.4688293974485194
1.3066535265288726
1.3742113340532172
1.2806441481312425
1.3025654331398913
1.761024516331156
1.8054100507446798
1.2969712452809325
1.308296092586267
1.367499209611209
1.2085931705172361
1.0910045999204971
1.0396728886727353
1.2630763531035123
1.1424702058505671
1.1546444121915596
1.369250929996574
1.2577826104467245
1.332223925806758
1.215692084814908
1.2480052704781044
1.504813533975183
1.3180754367823524
1.438511034938973
1.4917828685260788
1.650033032371716
1.4782977084535218
1.3134592877445428
1.3627936110240693
1.4964175397254957
1.3755677368833614
1.5289043167445142
1.593141421233546
1.6918870661755545
1.6157774708509325
1.295219319862009
1.4070071086609528
1.5938553178147634
1.5432670411416596
1.3600262314192635
1.4967948717948643
1.440616533645742
1.472501419173835
1.706333223120575
1.4901755852842358
1.6365065614270855
1.4276012775255564
1.369060732907332
1.1809351782428472
1.3359651077649177
1.244384978502108
1.2039862853697392
1.6278757497092464
1.387488896161677
1.2901581307528154
1.4665917449939456
1.37405416688414
1.4509312950273259
1.1975133367751287
1.1477478839176696
1.2011314310112693
1.4948052685364104
1.2125498483247585
1.2608130465609906
1.3712154453708072
1.2660950718919528
1.2173084112149197
1.339975509295327
1.3066147859922208
1.132236112360305
1.2397450110864756
1.24686770736571
1.1888172043010294
1.1909966561860565
1.2165827625100147
1.2510852378898876
1.1928526358056044
1.0720418066441852
1.2377213851441338
1.2176187647317802
1.2903938766489476
1.2016976177077456
1.3450498252880478
1.2968290379165472
1.2313456717692155
1.3332930878357077
1.335772438116007
1.4359270134227307
1.3671593220338325
1.2495692625775445
1.207157396710139
1.2365849010373067
1.2315185911124742
1.146646740145669
1.1028643996049199
1.1889428918589766
1.1140532081377346
1.0666287015945364
1.1743915397459879
1.2615089177671162
1.2302920260251393
1.256924522702545
1.181815599613677
1.2222878187287443
1.1867570358211195
1.1805110873947615
1.6564538146518684
1.4690124745290878
1.4905869631519502
1.3782981345582348
1.4452649467016967
1.3960635130665686
1.356163400100515
1.2791947936456514
1.3769920985669961
1.503481504507369
1.456363059346158
1.2465004865633347
1.4851777925630258
1.4642932201252055
1.4186214363045966
1.3702460850111529
1.27647700570658
1.3893609852880968
1.5117832778936406
1.1817503935485907
1.1768074630733374
1.2534827025772013
1.306480059168264
1.2299491303420538
1.2466445097788692
1.2902872322763188
1.2271007409742376
1.7081621556307571
1.4998510796723503
1.6722403287515804
1.8633759194735102
1.5699418007532282
1.6030073295793343
1.4779152946519414
1.579841850584151
1.6736066328880264
1.413494427893705
1.259466779967099
1.2296555968851566
1.3025851581508552
1.2548198883814385
1.2667107185087028
1.3803170848886357
1.3289535246411777
1.428126748740951
1.578154102538898
1.5408569736771578
1.3692972457121415
1.41757304956204
1.6046827603639937
1.4233927354870537
1.551211173346919
1.3073429220287367
1.4419354838710465
1.4545699131369945
1.4907533124210381
1.4176246795136438
1.3690690822744305
1.2160277290569979
1.4208719709000948
1.3059528306977055
1.4109512030581688
1.2452629633052081
1.6281836917215264
1.3623382007462093
1.5206707445685943
1.524159395887466
1.5648456057009694
1.4168014012394494
1.513941825476292
1.6903594114336995
1.829771304111138
1.5621730860675298
1.3829308969618166
1.2054897924171573
1.2870370370369704
1.1950210428704677
1.24061832954634
1.1763015551048561
1.3143158826935675
1.3276677933365357
1.4478235419327217
1.455915853418488
1.2716157205241048
1.3401563937442265
1.4007823397415515
1.216287326443831
1.301051418695047
1.1948252558409185
1.225346020761221
1.2882772179897526
1.3439017193744955
1.1777208242725512
1.306760287393959
1.4103452505059113
1.3907158123663854
1.5204889737238545
1.4902322314411904
1.306975234208211
1.5731215409150172
1.4362339977313092
1.3518765302011204
1.4126059003786164
1.3616029521251432
1.295793935441752
1.237577430649029
1.1716451685902145
1.2783489510225248
1.2839601740383393
1.27266850300744
1.1559931328685926
1.1340142223070253
1.1293813162435247
1.10838176953595
1.1424729117036425
1.2839096959416023
1.2033798677442458
1.473061113982619
1.3125017810834445
1.5276375567894358
1.4349407607566103
1.6044640977046762
1.2550557342379174
1.657093218958541
1.4156382978723754
1.680748919827057
1.3883445240467718
1.4486398700772378
1.3078404660121674
1.3833139473406344
1.4155155798265535
1.3844703128046407
1.4634800089344895
1.339551719337241
1.1130343692323599
1.6378137855762374
1.2421378012723454
1.2629214523897516
1.101263608937014
1.244516820580469
1.1597692804130995
1.3304092374230827
1.1653030488053089
1.4510810168684714
1.7074989116237629
1.486391012277063
1.3999694718631055
1.526348594741745
1.40649771128724
1.5919016951663307
1.5253246753247327
1.4927951874649572
1.5693017404068588
1.6279359354201381
1.9055375862203945
1.5067967014345218
1.4199393589372924
1.5139136203345052
1.319304408923305
1.5066498581784011
1.500294724432631
1.2804062198650144
1.3855571093110814
1.4746420235917703
1.495581026030413
1.4010549481257946
1.4785395981550307
1.5657724628311591
1.708699763593289
1.6315316933021495
1.5524700988038553
1.45504751326665
1.6818434374613993
1.3908406879383952
1.625651194837501
1.5394243688564573
1.9164260305502563
1.3996029928232017
1.4696821411853904
1.4356328846784057
1.925588596930694
1.5792927451696193
1.7170441157218879
1.7174232192143375
1.4830260791366172
1.4466293631762122
1.4291984394396293
1.4747872533043185
1.3978054133136582
1.7678256019336298
1.3317485737162953
1.2425994219076002
1.1170007623661342
1.1540173502293953
1.1337294373254307
1.3788386961536214
1.2528220594570723
1.296127212105831
1.453485782166552
1.3032775644541554
1.2239431166180523
1.3170606372044544
1.3695627179703207
1.2876207053751734
1.3115930388220247
1.2540421484707336
1.2950253467772426
1.8966942148760226
1.608372935053293
1.4303569969773924
1.4046369944152695
1.3273911827012534
1.3347317653277135
1.3498154264620035
1.282512426570234
1.280930690631591
1.2832281435559905
1.3022248391302362
1.1713713584393752
1.2110469346916677
1.2389068540446244
1.2940412285216807
1.217606980635875
1.3109104253757118
1.114687031228582
1.4048064270378613
1.2038031461241794
1.195598365788929
1.157762413576295
1.3153279671176221
1.348244985673331
1.3171804629402935
1.4985912360050846
1.5766974396287807
1.518535160638077
1.5150295496230592
1.2870772718685028
1.4555910901643543
1.5324094550100098
1.3642410404051633
1.3563989093022264
1.2592253588978006
1.3960272569367536
1.4749061269347818
1.576623772951564
1.3097932311490486
1.3073216858789511
1.3205306967507529
1.2996309364480514
1.2487578398632653
1.3897081617288876
1.2945281726323237
1.3334946171525612
1.3292757939720057
1.3158827539195643
1.2835883395071301
1.3323861842521643
1.2791157498946812
1.3504030016675388
1.2745730281340268
1.1827610619468172
1.423420274267294
1.3005936319482523
1.2937432516906278
1.288427873435526
1.269120774363815
1.311488464691351
1.1790525957059974
1.1929718125816495
1.2336024829659509
1.2827046263345026
1.1650873208552424
1.2413908823377324
1.192908564088815
1.3080113512332994
1.1749418153606974
1.3897575964493298
1.3496026767043374
1.2409492464923495
1.4469019482592904
1.4718728975830526
1.4109259424292593
1.4949065751484445
1.3093272252703503
1.2530971585217285
1.2560081988214147
1.2585620080833766
1.4347576896133911
1.4668888183645201
1.2442069422111628
1.3054690419833395
1.208005071085781
1.2271885027343332
1.2591720891595308
1.4182854484123664
1.281165759625676
1.6147997708692277
1.7934257792884425
1.339432373427687
1.5422290015584714
1.4355337527994938
1.4901523597176258
1.4484527881631748
1.3620138411105636
1.213965980304424
1.4485465531186763
1.8009163920923374
1.295260876065268
1.345841552364724
1.184928953146312
1.2892160701699453
1.2308505018489162
1.4883030793540972
1.6292344868461779
1.438873499538188
1.8550673000791855
1.3151195280968817
1.3531394042685547
1.4090597378848164
1.271262435196898
1.3642979590516167
1.3235526056383893
1.3190749650784201
1.4447195780807491
1.249858035207304
1.393254842825621
1.3483809124405033
1.396065039631505
1.3399045998865777
1.2935068733547697
1.2828316911864397
1.2636228102870726
1.1702707485400468
1.4734896161107365
1.207383153197543
1.2846878097125773
1.1921820596575743
1.2104124826201428
1.2517198374704042
1.2902999149439915
1.2747855100095369
1.5147142048669486
1.3609978088656918
1.269074282171523
1.278073193618989
1.2412018779342777
1.2658480764340572
1.2339954133788225
1.1962174940897492
1.3770772107933629
1.3565802990526514
1.804176154255889
1.2979290195068904
1.4301040832667076
1.2989410314063594
1.4759346317437145
1.5186062246279304
1.439296794208876
1.5717640152625054
1.379123484386884
2.0438292964244313
1.975822203452689
1.9862208929714655
1.6249825929536126
1.3707886861666034
1.4968321621933185
1.2712150433944374
1.629603803486277
1.3114774114774377
1.664608901375068
1.3066533820437165
1.3027200126513472
1.1455524657679386
1.303451382632227
1.3116146310522023
1.3718192766402666
1.56718305406254
1.3481550243676688
1.42012336411995
1.351454577904813
1.380992095148337
1.2952943160734744
1.346687101258267
1.2859018306469312
1.3483898602079418
1.341707008591636
1.3512267859563534
1.4834363548876643
1.392733907111347
1.3799157031824607
1.2471969236996134
1.2313258140029932
1.2463540590787865
1.2098745181661292
1.197965187546012
1.132205662014029
1.390588683558836
1.3792702765512266
1.3376050897524754
1.4732911186880924
1.3245481049563228
1.271288994693143
1.3450830140483792
1.1860269360269442
1.1999553770637326
1.6273864651880368
1.331020424163988
1.1965019778173627
1.2114532645798513
1.137651269814183
1.1715032373819738
1.3620808188832432
1.2858237238932648
1.3556334091162625
1.2131040637012882
1.2978102742840492
1.3731842695744865
1.3405346790675428
1.3505224132120157
1.2001985582940755
1.1991530753428246
1.2997482220946046
1.2853883015136622
1.481870362592793
1.3858084889012443
1.390810595132073
1.3532141867554153
1.4535282372001208
1.4171393123006077
1.5039951626137822
1.3063860818834814
1.5984467293810123
1.6830562599792624
1.5711409793355646
1.6113770455303902
1.353526805714453
1.4923766816143427
1.2879951799970462
1.3924195715754695
1.3002164000309375
1.2641748633880465
1.680765883376681
1.597770412774886
1.9248751882085005
1.4344712507819584
1.5489939094906404
1.3828764173962154
1.3366588688590837
1.2793691862257064
1.2261930352536388
1.7610465116278626
1.3597865955319586
1.253056904040555
1.3055317156901882
1.2178416821274016
1.3197287249254317
1.3857488572196894
1.6407553290085624
1.4199922724511174
1.4898609194183088
1.221924735980842
1.279502222222266
1.291696900590845
1.2728112491019294
1.2282270606531158
1.1262706043955735
1.3163360953844094
1.3203975765256206
1.452117779604833
1.3607479964381963
1.274044668215769
1.1671197411003724
1.268751630576566
1.166666666666629
1.1023668639054254
1.1671242520238598
1.2154066084019088
1.32617779337173
1.2597650047634583
1.191460429698079
1.2448463760504755
1.2026861622945209
1.2223689519827037
1.1767459418649193
1.3035057612159398
1.1567713813316938
1.8404771065795091
1.5208805181389204
1.5376049063913202
1.2485514107176183
1.3211688092016536
1.4129400143678486
1.3348028531800702
1.3139755766620012
1.3428293158024631
1.2718285466878285
1.365412799218369
1.162544302842967
1.1464856283986038
1.2268695350231873
1.1967962702848116
1.259076315139617
1.1662212372075038
1.151191908680061
1.5478480863707949
1.2767012763705299
1.2768949214580347
1.217680639373721
1.3033811644399718
1.1833869168689182
1.2923853596970345
1.2673511444763303
1.4007342781571732
1.6515968772179006
1.4472379886480233
1.6003938528071455
1.3322113629913
1.3360493727562817
1.402876207053753
1.298712342079781
1.2955589586523406
1.50436330482351
1.7804459124692005
1.5330122785088416
1.5190312920445683
1.4483617468974188
1.4399713865596437
1.2199727218480247
1.472173981686176
1.719042274597801
1.6530599939705666
1.6156230016233004
1.7450201600770687
1.3249322060933861
1.4189322931825992
1.4718609529515876
1.3216835776025282
1.3529751959901861
1.2695965047544868
1.1588498837407737
1.8768118788545123
1.4787374787373526
1.7103240595083826
1.5134489815807983
1.3865929509330859
1.333583152214707
1.2942393436775925
1.181090256870114
1.1338875371722583
1.3541853573662266
1.2835420686046553
1.3701793649249812
1.4155844155844586
1.4227415064480087
1.3299558514871763
1.2689977973567892
1.3353758021827165
1.2858476823665834
1.3043781034273214
1.2123257520175645
1.18142919836169
1.3054194506310282
1.2207777940529647
1.2443977083182634
1.3376302031367955
1.1628791392264344
1.4827678619286013
1.4309222759389773
1.2913332092562322
1.366971863930946
1.3366205063647172
1.5585585585585238
1.297163695299681
1.7109815540476925
1.2508655126495836
1.4115188953486846
1.6341003394943805
1.281548491433943
1.2707323429763233
1.353252492035583
1.7828344752973715
1.4024358974358877
1.5170660297401983
1.4003623188405394
2.0438472418670166
1.579467024539857
1.4283867631850313
1.4600860752465148
1.3607378129117174
1.3079002563505808
1.5302154014297544
1.3054636544097025
1.4543180396838293
1.287108183924753
1.3859850873613635
1.3064101594980726
1.1617870310129088
1.25
1.247070809984599
1.1339231852001836
1.2959225700164763
1.2938927904702329
1.1761877828054357
1.9500873589270056
1.5058403361343966
1.313870923974376
1.3276439952558365
1.383644722684248
1.228227813104803
1.1532182103609365
1.1855571278586274
1.255229739090282
1.2896956719226942
1.2323107997222704
1.2023263583077988
1.1978453780412726
1.2124111135547562
1.1870918936136683
1.2394219914201547
1.0863353164379126
1.1389503713540106
1.9289742498403797
1.6441947565543646
1.7444714459296908
1.5292017923597396
1.4930946925127166
1.5059320656589006
1.3185327157535758
1.3137093454095508
1.314454171877788
1.609400940785792
1.4103557231678248
1.3674661105318595
1.4255991017859926
1.2329170549860582
1.2696435886930342
1.338609160154431
1.3311104375063647
1.4249032946511568
1.6852046751231748
1.4195238095239404
1.8830122827036362
1.5655289313504648
1.5509037650924369
1.792360933094333
1.5646007542217173
1.5605285927791441
1.666695471828737
1.799343320336548
1.5371533752150757
1.3517732438724581
1.4773987844167242
1.4007551066507737
1.3850407096852466
1.2327324452225303
1.2625175619526294
1.311843906891774
1.3644392363095126
1.1339597393530552
1.2382787616256896
1.1389691490353335
1.111756863013145
1.309702113496441
1.137477950970163
1.2766834799895959
1.3991735537191046
1.6207086614174586
1.706507612328321
1.587680587169548
1.5029345372461538
1.3916662747494812
1.417234066302056
1.523941630139304
1.5815836659147142
1.6349362764418103
1.8568379326118276
1.5678906917165243
1.476524449639519
1.80558173630747
1.8858038266991834
1.6688646312407167
1.8451720022828855
1.5110329908056999
1.4760425909493013
1.376196684671366
1.4674993936454297
1.1849837848462157
1.2140515222482382
1.1733978157127325
1.1351586557771733
1.1321984435798482
1.199003215434161
1.158793225361236
1.7572000262416707
1.2907236405335984
1.376553987987227
1.304282245603682
1.2171394085696914
1.2545446177918689
1.2316038242561222
1.3015145798523504
1.180676827693137
1.306210727620373
1.5120171673818352
1.4359930953838536
1.301457141171701
1.4587133796437441
1.544122281752307
1.4019725443156479
1.398305749470813
1.488173710740448
1.4775897892549241
1.3616713792019872
1.2946063160466297
1.7776063330203031
1.5404311728179998
1.4641819941917391
1.6222503406659174
1.776838459971489
1.5158775981523116
1.9573385306696987
1.761150990858416
1.4396347649645642
1.2789546743918998
1.513993993994004
1.3760387397621012
1.2966979109233263
1.3150544522741192
1.3908901858186906
1.4566490103149743
1.8228899891865527
1.5774928774929107
1.5185984381422803
1.4194835793625469
1.4433308023285776
1.4503092112402036
1.3888420223835278
1.447952534830754
1.5120248625388748
1.539500778464099
1.3721823342793344
1.4901138091989852
1.5348972244801184
1.4489580275902807
1.4551873981530499
1.6246382802810833
1.449331311181586
1.4698673262872852
1.3035727802589425
1.2094367059544024
1.2083506832721205
1.122062025981904
1.228026853923995
1.3388196176225804
1.2383440879760745
1.241291304737256
1.226168530580584
1.2360759834256005
1.2268444542398511
1.3746995720732962
1.3916472486106375
1.3406505687486254
1.3971550651739482
1.4665261275070827
1.6614929785660721
1.5521888238852983
1.4951918796189985
1.5617863251814381
1.316383366945126
1.429006433868632
1.2961275626424111
1.4437769099830704
1.3591865818900006
1.6447305018244602
1.9036416371254206
1.5860105059442526
1.4419309335979085
1.6580719964665518
1.579417131022313
1.4995500502886097
1.5493227990970746
1.441761940688319
1.4295107214785172
2.1025126076674088
1.6392630050568773
1.640201158183539
1.4559705186731506
1.4253665037759475
1.5431623686174862
1.3635537377868356
1.3547264008410451
1.3515883024081592
1.3274651632804895
1.3367811845830713
1.3593680035819906
1.4978509506811903
1.2165167416290594
1.1754613343208389
1.1793076369347275
1.3983021602594707
1.3048203554532787
2.024309974110394
1.6995982872025015
1.5513727965374522
1.566864948226383
1.5968003820440648
1.4834905660376576
1.58366120218568
1.6041282912558412
1.2474264481939277
1.8403344614772277
1.3578230434508975
1.3769937167712918
1.322691724057427
1.3450072177243053
1.1892252300307822
1.3114785992219098
1.3359496482781728
1.5653966831020159
1.7666359577635493
1.47725239176836
1.5571082832382785
1.7380857348127179
1.7072008471583673
1.5978943932100254
1.5837559088957311
1.5605034905856998
1.7941585535466604
1.6172875436552363
1.5682467438142835
1.380435707599415
1.406481951039582
1.3718659980795724
1.306316985232483
1.169700364043654
1.2487712065957561
1.3097486711050672
1.0993983250670663
1.1876837843597188
1.208303056726279
1.2466200934815195
1.2149614847748083
1.33247422680398
1.2128374251862835
1.3992763255058667
1.1793558346781807
2.1176958750304213
1.3837324568268978
1.7097793405697965
1.4195951417004087
1.2982890234271882
1.348156787181198
1.2352283019872312
1.45061075875019
1.2606781153676359
1.5535465924895366
1.3981194817108238
1.1872637109048005
1.3085984121217877
1.1454642012261838
1.067231870185444
1.241192058734116
1.092288123616205
1.2061893594519282
1.2802096038307953
1.20099451621901
1.1837321024868201
1.1650550012791892
1.2295942224762568
1.2785201488235594
1.3035398230088118
1.3337180630608374
1.2115821721514732
1.3971608689736932
1.3701207817115362
1.2446111527881665
1.1807898586056378
1.135331010452938
1.3736280565623373
1.2015443586468009
1.1691001105230197
1.1885315415227686
1.6421489016155162
1.4575149094490563
1.5847999999998716
1.445707070707081
1.4087599057615041
1.456231884057972
1.447464527330264
1.4094958836132454
1.5297831013272294
1.3542473240719968
1.2558409279204787
1.3868227606861092
1.3690265486726287
1.28528512974582
1.1536627762603147
1.2109067371487607
1.2523259724245959
1.1296823276612733
1.4541767114377264
1.3384649462842686
1.24823867721063
1.2088521579430855
1.1890424281719345
1.2690037771482643
1.1936744262565482
1.1521086146821466
1.1649455368510502
1.4932587004137858
1.2838462685824303
1.301443498218117
1.1938116701180839
1.362993916303258
1.2323667711599355
1.274010327022211
1.2437011772472812
1.3717696361675207
1.2405578417924046
1.2890243232855232
1.1608295832517723
1.1828773261637962
1.1645803853270085
1.2060249307479354
1.0971880131363236
1.1681697069072052
1.164910987042996
1.3132625731575103
1.2996246246246934
1.340484250809429
1.3491524035706537
1.384359330889478
1.2592848207738259
1.3257857384250564
1.3074056823474136
1.2691414088077513
1.3777977124916583
1.3550364963502997
1.4487703800644964
1.1665297741273157
1.3252136146910591
1.3179274894235986
1.2809958839473536
1.3325819221464745
1.2373123659756369
1.5082740131275765
1.3336095135977475
1.1942420629663333
1.1497390420766205
1.1934762181753569
1.1836832518454745
1.1694403169887697
1.1847722561488307
1.1699428162974312
1.5859022187314142
1.3798240351930289
1.266230498238738
1.3054505669385812
1.2060341616559553
1.192038539553644
1.2583588201751543
1.2480370235556872
1.1953968999531692
1.393196238131833
1.4295094095344747
1.28632924011056
1.2444811023239637
1.221082042163936
1.0744158559869743
1.1596835498984204
1.2272940514168136
1.2299231097820815
1.2193422519510129
1.1759221726792837
1.2237079535464483
1.3845713782784492
1.1476070767917166
1.152599126138305
1.1767971246007065
1.0677096164900355
1.1850498338870419
1.440616533645742
1.2731022378236196
1.469016716327365
1.1014413924395645
1.395602982772032
1.2212676284650537
1.2694836503899918
1.1765496521188612
1.3236076345432592
1.7043124779073522
1.579904955872452
1.5654730493781848
1.726693548387266
1.5025809479117864
1.3643347255370446
1.327668360864043
1.3651047362665256
1.3633998993119223
1.3834333733493762
1.268558382256946
1.2510721024644724
1.3522436329337149
1.2247969271457964
1.5256730910695564
1.3534635879216255
1.2669537136708
1.3755394441568582
2.3360014073360498
1.8218716937580024
1.7429935461054678
1.8591104269627001
1.6968353777964815
1.777054372690694
1.5194294986765116
1.569669695168867
1.5045759609516742
1.7724341751744985
1.4214236860104725
1.4073327319998328
1.2680361813425818
1.318337408312966
1.3613771517998527
1.2337102517648073
1.1367845424716299
1.314261884904029
1.3938595131026854
1.1908812521265806
1.2375180807023602
1.2565519700480863
1.2893641618497078
1.319168838110334
1.301965497737372
1.2487587616821878
1.5303582540667038
1.52256380510448
1.156362892781714
1.2536608093718125
1.2193120182700403
1.4871083795533853
1.2945502684416044
1.2830012717253385
1.254594731938663
1.5880603842636511
2.1191836734693243
1.5767918088739594
1.6494845360822916
1.3982334869434132
1.6029102667746447
1.321271393642964
1.1774307462920115
1.3630845515944081
1.2645831401278185
1.9406407815212952
1.6771916508537916
1.508408796895527
1.536480997969334
1.341298771432239
1.2586784698070324
1.2213809034909462
1.2388532788617546
1.3235668789811577
1.2770798117775848
1.2157772621809517
1.243668962722787
1.1598094852046685
1.3352011584714154
1.1906622788975265
1.1516149766992592
1.2466527358561614
1.2737602395843401
1.3574962889656668
1.345425428213496
1.197704504743535
1.2164825715986378
1.36344466362829
1.2465211459755725
1.1967827580822235
1.309326788219016
1.4016129032259161
1.4439584472391078
1.3195569761392023
1.3096207215542763
1.3541813779885665
1.358281922942329
1.4280394304493065
1.4917922497311467
1.211793440334808
1.4008039419084257
1.6507470651014085
1.3699317022563149
1.298959791958084
1.3753791956159553
1.5731002814400759
1.5660628019323837
1.7202410231186973
1.468583125667474
1.3417829457363921
1.5060819629337456
1.3175166840138934
1.4219424247799695
1.3288607280409004
1.3875739644969434
1.1774715229925867
1.344591811516535
1.3533627342888672
1.506041426927433
1.8416420361246912
1.3595022624434425
1.4959839357429352
1.4943441456289237
1.6961158866604724
1.7548554164869923
1.852972212451671
1.466245791245934
1.456509846827196
1.6624416661865196
1.2996130157517725
1.440654231781827
1.2380102730466531
1.1836444554331853
1.190684492637611
1.1888980324679965
1.2180197723188033
1.342452183189659
1.2943301555443325
1.1894711767508879
1.208960988798748
1.4134409151261185
1.3318579462611588
1.4815732118089724
1.4482665587480905
1.4632248615497527
1.3777088370818011
1.2495877610846349
1.4445119257948311
1.2968216915064894
1.3351425503996972
1.1765845557708126
1.259135455443159
1.3308984110249484
1.3666873352970552
1.2862481885439463
1.3819013726488465
1.2207550462450636
1.209061135371248
1.205181460428491
1.2344039888683036
1.0953863257366159
1.1886293521374416
1.246291301416225
1.2064770189255805
1.444361137144779
1.297770588649266
1.2430381611904695
1.408269166387568
1.4560338484181967
1.5644626487222846
1.5417322834642875
1.5980910763568084
1.3795620437957081
1.4910329755094056
1.3174767953101638
1.162228915662721
1.256259019890616
1.156386256612905
1.1295201344370838
1.2885445411450085
1.3932508625765112
1.215660200250473
1.246701177425923
1.207925435254212
1.1085382731820301
1.1485728530473667
1.1342510811962947
1.1193555837856943
1.1602728581263229
1.0663309710307247
1.1113264844608068
1.387843375322304
1.5035211267603659
1.3590286004400802
1.4353988868273795
1.3873511293633771
1.3054821382896484
1.336710421989192
1.5027434842247698
1.7078802687839818
1.672757330548959
1.5384423986065594
1.7206564986738084
1.555246393790726
1.6181374862357858
1.4289183050050793
1.3817520059559698
1.4654683902954997
1.3233706131893768
2.4210526315788274
1.8254537779653608
1.9823106014394944
1.735242548217286
1.6575649059980953
1.5266237565829845
1.4704445530041255
1.5158730158731428
1.3521110601194832
1.708049252060607
1.5290865107706846
1.4667884044741644
1.3536526366715405
1.4703130622524183
1.5882667379391375
1.7512555803569452
1.896986301369565
1.5629082342865148
2.21791883740084
1.6312040952591642
1.3786234118663607
1.2505959971169809
1.243192434772786
1.2360276901150027
1.2588652482270009
1.21392836839118
1.131463414634261
1.326748166259291
1.3085191998161088
1.3425925925925832
1.423534021156938
1.413396879284419
1.5348430838051732
1.2957028942705644
1.27948094079482
1.366594555615867
1.6253816321480816
1.3181324647122046
1.4022100245559033
1.3609103490697818
1.3824483523987228
1.364229885057323
1.6653095312660704
1.3262569832401268
1.251566445337914
1.7066317626526204
1.172637543410592
1.1890919420510777
1.2810385810933835
1.243180808529614
1.342590046741546
1.2536123567511317
1.24254037777173
1.273622402890746
2.082536400448085
1.627259710041162
1.5850009529255416
1.5613711758200037
1.4776025236594836
1.6369452219112115
1.3888684113528196
1.3292410714286287
1.427214671688097
1.4537465309898134
1.685817134628929
1.2358795051101015
1.5828869047618093
1.3035844030027768
1.485252525252615
1.3780403057680042
1.2572220023744254
1.4064506713365876
1.5969445366986927
1.545504273504427
1.3365125804565245
1.28455521830491
1.259796190707095
1.1752365017054294
1.2125188083058738
1.2007462230106403
1.1650137277973032
1.219399277326121
1.1414103525880614
1.090095713691149
1.1159717314488071
1.250749850029869
1.0990427098675195
1.0832740775855407
1.14116597745877
1.1858478690883503
1.4660316319197213
1.1865452408932238
1.2456509695291547
1.4438022626658975
1.312832985870169
1.2552797332346552
1.2183410613087706
1.0920118343192207
1.1300935383293753
1.446294754371461
1.3834448693434143
1.334409842368479
1.1765992757995465
1.363122256120082
1.2993121985929197
1.2953857444271062
1.199099504727765
1.3070769809902991
1.3531516183985175
1.283844850310784
1.4536219081270103
1.2433787945446206
1.2318037974682086
1.3240483654277044
1.3429321663018086
1.259722083375144
1.2676726757140606
1.180315290178693
1.1871649563485864
1.164166001596439
1.1395561656371427
1.18422248477694
1.1096551096553722
1.329873467773809
1.2851059711605581
1.234816318995928
1.6199324324324662
1.3448154965379755
1.4195701161381211
1.4120164327283706
1.4877071571663039
1.3613469426693077
1.3811379579111147
1.4742009381479582
1.2760368186989863
1.577623680397564
1.2986932171746326
1.3934747521330553
1.4898521310523563
1.7166575192095246
1.7074613284801905
1.5281441817945993
1.6463742166515065
1.6390763765547371
2.4210197339051667
1.696092619392131
1.7188922962548623
1.6344410876132363
1.5345635910228028
1.703307585660626
1.727616130679142
1.5387299371948342
1.3849890937934872
1.5823017408124755
1.364586031252565
1.330731344670806
1.4644114196326186
1.4016748483976322
1.4381253291204115
1.3855533619789877
1.2345289214447774
1.5304130460654832
1.3748740681036644
1.3247436234551213
1.3120509849364295
1.4584498094032086
1.2071778140293874
1.2846415415129042
1.415783977323226
1.1726989079564627
1.233772632097494
1.4411681582666893
1.4669063939768665
1.4057212822792176
1.5039236201932384
1.3929058663027343
1.4368421052636777
1.3939393939395934
1.441518316904648
1.239904319684522
1.3815239737381475
1.3619081147685315
1.444223623952262
1.4462034054303534
1.2676327693083727
1.2870584210074802
1.1604735568613982
1.1608035868254365
1.2164095892955378
1.4953089615012252
1.1083732057416902
1.2444426216063955
1.2853443314790416
1.2652978247612918
1.4077026723557386
1.3896522112496112
1.3861041644014258
1.4843673067450427
1.5464196728416657
1.3514588859415415
1.23508267433464
1.2526210127144164
1.3638290750864184
1.2567698780881797
1.2756901374196163
1.280557834290795
1.2980552712385267
1.1226757239075467
1.2593153153152121
1.063578564940941
1.0778170793330697
1.1240000000001804
1.230139667289156
1.2431580018313277
1.2664881483684753
1.2154424522848206
1.6871821848150526
1.364638325460469
1.3480774525098556
1.4162844036694053
1.4425545923401486
1.342390670554008
1.43793761935033
1.191218305503657
1.2889033942555124
1.3378830574144243
1.3735412376187812
1.4245554782955234
1.3393310753597774
1.318680171243781
1.2243103970902927
1.1842586246288598
1.149142857142976
1.318499353169292
1.6320674074980843
1.5442572741201661
1.7439222042143296
1.4083344986711093
1.3457559869635076
1.6584192439856396
1.4784036787657138
1.8210415938481723
1.4539764921381446
1.3496432212025178
1.2143442143441439
1.2684721813365245
1.2417884943988442
1.2724491632176602
1.2750070975680485
1.2893927747888048
1.3435201986437715
1.2289601349927721
1.6019777503086938
1.335076530612377
1.4997292174382386
1.5068031456746631
1.4553548715340676
1.1666303637549398
1.3261819116134959
1.3567662565906637
1.346925133690162
1.6888297872339662
1.1426080572636608
1.2745036898448119
1.282738396198057
1.235682372055262
1.3131138694008628
1.413327526132784
1.2928200692041796
1.3548683756753577
1.6011808399201577
1.331049994887823
1.414918414918542
1.46904007862863
1.475234950469736
1.5262242828165469
1.679794001817723
1.7247719704648876
1.3636731391586487
1.6205659625351503
1.3832737669764903
1.3281974569930552
1.2020411181775694
1.3595681699462456
1.3930228561606468
1.4285714285715916
1.2773672452311784
1.283244070389803
1.6438533895557914
1.533758926639125
1.2428556690398334
1.3431404958676452
1.3145209881500188
1.2884062599809258
1.2589943193770934
1.1987212016645843
1.198895027624456
1.3771291961353314
1.3862683438155852
1.555213998581047
1.257293762575415
1.4317811787695724
1.3938710283889453
1.6837665298683129
1.5442659693685399
1.3460725607607837
1.3854229759742924
1.5136790958064157
1.448295012773464
1.262645914396492
1.444665885111316
1.3495881814620811
1.2683544303799485
1.202773722627726
1.2125410655623625
1.6201651455887054
1.3353640847112387
1.36578947368435
1.36637931034476
1.3132592401136605
1.243161336629959
1.2572186921900126
1.3937535926419757
1.2883365636755832
1.7001649144502775
1.7379867170202965
1.505038092897695
1.44492995758945
1.3584329349268895
1.5626506024098525
1.580029368575497
1.5282756489492098
1.4605594198608638
1.4562915910466505
1.633299629254679
1.5235115020292527
1.5263240118736097
1.5583544762597563
1.5509822263801736
1.4870249455886493
1.37034659820285
1.394890735611514
1.4845010615707501
1.1851959642995824
1.302900618164723
1.2569635896946831
1.234687415181675
1.3627954779036955
1.2362138178747666
1.185426419703071
1.2781551270818807
1.3191489361703315
1.229178364215066
1.2719894491225432
1.22632749782404
1.3456561922366046
1.2351598173513259
1.1682568995588978
1.2479182038578158
1.1419327906488173
1.2007892511509821
1.179363645488372
1.1557840616968604
1.1161442468312532
1.1773628938156877
1.2541941455515204
1.1417610953730422
1.1775756850543804
1.1239554317547658
1.4370971592265218
1.2267762639343145
1.2586961809782307
1.2499416296987262
1.218508132360828
1.216416236824188
1.1416896624920283
1.1035889923615967
1.147440482272377
1.756145004420732
1.3684715319559546
1.3820699577375342
1.3490101310530864
1.3197224177812887
1.2465919085307908
1.2074296262114979
1.197889481447631
1.2900791687280266
1.3044145873320185
1.2394526795897143
1.16087560806112
1.1873447664105703
1.2159050863387248
1.1399953139641525
1.2012315557101598
1.1594547273634674
1.2001110956812204
1.458770467693225
1.2615119927135392
1.3305403373082016
1.312873258128801
1.298757689060214
1.2771410173855777
1.2410972694096498
1.2279984166774403
1.2706852431052131
1.7237605703866608
1.6577271850278483
1.4657618753851953
1.5602500538902284
1.369077306733259
1.2792961437665558
1.2430041814088149
1.358624867484214
1.2494949494947143
1.8466798159103184
1.4210398445094918
1.4755534509289185
1.4083431257342247
1.444206519152648
1.249944059073539
1.311622683885513
1.3780560524750392
1.2973617923902914
1.3386345564011661
1.284498480243059
1.3115996025832528
1.3337623337623856
1.442190016102727
1.4001372683599527
1.5954276382931734
1.5922606034104754
1.6191319751998339
2.276994270603659
2.0274044795785837
2.011634199134912
1.8448106246920244
1.7846780351237002
1.6563668078739366
1.3577371048255396
1.516833062456515
1.2145048203327773
1.3399348887684739
1.3587657784008498
1.3077130528587826
1.3349832775917092
1.2965774220259263
1.4157801418435765
1.2931112793337924
1.447992412266888
1.3057218895537355
1.3778106907230094
1.564067694167819
1.4742194213687487
1.5029967036257619
1.3551623240909751
1.322830905636109
1.358937659033047
1.2387096774194835
1.2821109123433483
1.3464746019717921
1.410227055905222
1.2980557225893807
1.2481650466180274
1.3717698154178348
1.400731558625705
1.3020646319572213
1.2694083088544488
1.150533386013399
1.1728865194212084
1.181079789775699
1.2846700083542804
1.2208530805685702
1.315242946707981
1.1391733723482556
1.181346115438383
1.397461724415891
1.1364155251143155
1.5877567351294875
1.4419525065958958
1.3674656077152074
1.4355971896954678
1.25
1.4376567538517018
1.421501087744694
1.3508844953171564
1.3055613413865137
1.910523640060751
1.5785627283796924
1.644598570828446
1.364267446108665
1.3197890212935612
1.4260838019227446
1.3135060855912546
1.3709908069457584
1.2621112756506685
1.2317034700315146
1.2093095907532763
1.2795846694151798
1.1758615360839162
1.190688066105295
1.1831007994980804
1.1360740291261018
1.1687979539640398
1.1591947217049994
1.161454745832837
1.2119000841986365
1.1603128054741296
1.2098523651700828
1.173572973873117
1.175958510835286
1.144518927444191
1.1090754154237423
1.1155891980364812
1.2497251452802893
1.235420547356295
1.2027600849256073
1.1835561081750725
1.3010718285074914
1.230626450116204
1.1146037982970478
1.0624999999996696
1.1076178960099052
1.1278873917229928
1.1789019906176614
1.1608728749048824
1.1865159979684932
1.2109081811357123
1.208208752378584
1.2502997601918968
1.201719373657027
1.1530465949821864
1.391286561668909
1.1996695775310393
1.1676584734794115
1.1990740740736874
1.4801189149015435
1.432631967514672
1.4003228410020747
1.4748808214156273
1.5472275334604753
1.7044161473845156
1.460882647943158
1.2242350061202651
1.299684542587532
1.4650158364527268
1.340261958997257
1.302216671869567
1.2618104236509131
1.2539728402198032
1.6546403449058078
1.371538810712962
1.3190652980997013
1.5669213704705078
1.4958634953466046
1.2204481071337199
1.213864720740853
1.1345616973757093
1.1888462673355298
1.5741521171983683
1.278122065727718
1.3157274690750096
1.3605657589184412
1.3460825220214927
1.3103942652328524
1.4179646936661714
1.3701996927802538
1.3989743589739303
1.5575153374243424
1.3122395833325287
1.3783098591543363
1.2947339398953472
1.452548330403384
1.2825877051823202
1.561745919090928
1.530235988201036
1.6324921135644401
1.3341269841273748
1.2430095128277285
1.1720134433240212
1.316529178124505
1.139449541284235
1.269963247578271
1.2143082256539497
1.302776848444833
1.4029684601108219
1.4961870869353697
1.2990810359236502
1.3783151326053436
1.2896674282817546
1.2437238493726426
1.2510595861386884
1.2492903225803915
1.331463825014489
1.3464210208387049
1.1589374155786238
1.1658921933080975
1.1101898319879302
1.2001266624445535
1.1351892649712532
1.1908758338717282
1.1979289244528586
1.2001525940998266
1.213118751524485
1.1434525115156386
1.1867776236712013
1.2336471156161672
1.1887824897394181
1.1962095875141399
1.2435297786085726
1.1800267201076324
1.134658664664999
1.1321566939302694
1.5925512104281776
1.2476635514010337
1.2405004633924621
1.2290748898677621
1.293639406982143
1.2472160356340478
1.1712989222922847
1.2596281540497152
1.3627240143375803
2.2482536270830984
1.917677089982202
1.6672873991294364
1.4643570952687688
1.5814889336026285
1.5799438990157637
1.594936708859213
1.3394225103121058
1.2870056497177316
1.8914660831518024
1.4503922473466182
1.5129749768310348
1.332776617952816
1.3476881232995326
1.3861967694565374
1.2957067052562588
1.452840020843826
1.4517374517366477
1.7243040685235524
1.2291786329699546
1.278363298203343
1.2038961038973013
1.1702274293604797
1.2831412103735647
1.261606484891463
1.2403100775196476
1.3014642549519728
2.1570048309189462
1.340892465252937
1.3958333333333852
1.2552858261537234
1.3854515050147933
1.4106433677532444
1.308339709257287
1.395270270269765
1.4440528634368754
1.567434210524567
1.4239423942418679
1.2467532467527827
1.2919655667129177
1.3602573266623144
1.2307185234034956
1.2318435754189032
1.3524011299426664
1.318524096383398
1.6766070245207525
1.4251908396955013
1.3287250384027494
1.4592833876214586
1.2120967741915951
1.2013473053888846
1.2144026186592756
1.286270691333843
1.1840000000001527
1.3672922252015125
1.1975655430717702
1.1443494776847032
1.2142857142861945
1.1630218687859823
1.2692713833197942
1.2340182648384848
1.2573726541536472
1.3082386363620389
1.397104446742542
1.3301662707846396
1.2751677852332692
1.2435105068001246
1.3080513418914248
1.335358444716664
1.2929427430075202
1.1745406824149225
1.2282608695672401
1.8238095238110137
1.3092436974811996
1.3241279069790237
1.22840409956248
1.1993865030686635
1.191369606005916
1.2303149606315524
1.307692307688919
1.4417475728099052
