0.00040307253471887127
0.0005115648613960733
0.0007133261333509712
0.000782645011746026
0.0020624897235267154
0.002319539704467559
0.0025915217960950972
0.002914391413089367
0.003205372262473147
0.003616460140635448
0.0036859118352475344
0.003803461941974218
0.003903127198223833
0.003945052498102816
0.004080648812588702
0.003899563305768948
0.00393349762648016
0.003745922019508474
0.0037420578770078474
0.0046464603816747056
0.0037245113791772332
0.0035534520026326397
0.003361718584290608
0.0032401702918191146
0.00484455172204681
0.00438801898108161
0.004328872999379236
0.004244528914598937
0.004480200506845393
0.006445772978472783
0.005233769935217252
0.005325248995317412
0.005327467157590409
0.005405613329057539
0.007909978581134541
0.006472491377513108
0.006154371918605897
0.006280427977535649
0.006331542807032269
0.008981532555271265
0.00743786776609978
0.007116388837537343
0.006955920298399772
0.006834591030710803
0.008347335967322579
0.007020716949190287
0.0066974338015233885
0.006713254937681842
0.006750024135837331
0.010313879184700512
0.008817030045003319
0.008230196396177
0.007924355834434127
0.007874467859799736
0.012171042408892798
0.00934171356898731
0.008630877992593834
0.008631647889869839
0.008400237488922374
0.011884242360417524
0.00985543568277927
0.009487945879266433
0.009205709104777813
0.00897789287694179
0.011479145584657518
0.010166466910799839
0.009719173377513005
0.009727539877509236
0.009231289554469096
0.015820316113585975
0.012361626026793927
0.012592555583672034
0.011876422481198943
0.01131971199923112
0.015253976632830285
0.013613696804418905
0.012621917470381319
0.01255405556753404
0.012424866715441933
0.01821392734939101
0.013711877635486407
0.01227115069805767
0.011755065664237237
0.011511099717112307
0.014872124063849124
0.011022214531768715
0.010664261455211132
0.010425422056092138
0.009852412806050457
0.01749140396368641
0.012637553625024731
0.012145836874115773
0.011264784425511772
0.010630267681839618
0.020755049796028092
0.016303280201258794
0.0148161147275267
0.014275172991262235
0.014085371069877315
0.02189126048280191
0.015367742251608741
0.015012060668179969
0.014651805032575333
0.015056631559236224
0.020898119115829956
0.018208299306096236
0.017970089788988314
0.018085136090136948
0.018429033113696286
0.025240420794767248
0.021990301294338873
0.018955116960510957
0.017303509147161847
0.015277403102770593
0.021277881914519233
0.017574627625826768
0.015892362522218786
0.015305731813026916
0.014180834137908544
0.01953053667753923
0.015360065146268177
0.014580878184206784
0.013529814104534278
0.013499469111102747
0.018229164212168563
0.015099234986181105
0.01456039791405859
0.014835039704109083
0.013103834631000719
0.021277256099583145
0.016097847831519383
0.016216666405396526
0.015625303133635544
0.015218624768000927
0.017143749919911924
0.01434056362044425
0.013490541592488936
0.012157038243119193
0.011953119832217026
0.01553625486460078
0.013639871231342745
0.012366568089193635
0.011925672140081651
0.011802735630624431
0.01859598822641872
0.01527436630071649
0.013944472311897691
0.012826088527559001
0.012595204346176699
0.016035657178398464
0.012479413099313089
0.011489916593088458
0.011233393714202676
0.01089995573425309
0.01625871705160989
0.012279455213175439
0.010801755272412086
0.010602688599662397
0.010513402926395141
0.01663219773383984
0.013047750777482917
0.01263633964249625
0.011776233808279612
0.011722021904223896
0.017646258356084705
0.01325887486351148
0.012657307548300597
0.012025736604788473
0.011740475319386639
0.017024632685583886
0.013969573127421104
0.014061470651492502
0.013618823855725961
0.012841019719805434
0.01704451246502022
0.013825801417999885
0.012677572549144814
0.011143846131414979
0.010442900642632428
0.014327517462132216
0.010888111737189564
0.009894927729335324
0.009174536077599223
0.009107676051092119
0.017034624105169295
0.011783266430943119
0.011274276003084296
0.010087326442422327
0.009755981247548676
0.012964143112765747
0.009462887919070587
0.009064020611719773
0.008550456635333051
0.007599885433936797
0.013389429419087913
0.011215709526320288
0.011069188398369687
0.010500104499914436
0.010497359763394944
0.012554341212581836
0.010144261651504439
0.009399097739826858
0.008376793233488443
0.007710820666662121
0.011317555248626803
0.008933347394956697
0.008343257130736453
0.007361747639279804
0.006953471315018425
0.008757043394107478
0.007342448160396038
0.006473132697017198
0.005734757221475219
0.004998520632654512
0.00759890583513156
0.006181679982112983
0.005642863965065168
0.005206374168981772
0.004892727185631669
0.006557894780975616
0.005431523704476298
0.004690641405610564
0.004183995283990426
0.0037129670097590045
0.005119761944247196
0.004275797120896479
0.003994792413463798
0.0035758446550509526
0.003239078459052019
0.0035438756094976574
0.0031476690568554597
0.0029235884488126493
0.0027306086383682374
0.0024679604672531124
0.0027499058781951073
0.0022906217925814654
0.0021449180869865894
0.002019848104438262
0.001971318819288164
0.0026317593457042534
0.0023647130853273217
0.0023457026961790604
0.002234587759531289
0.0021785337286937636
0.0032441545534825644
0.0026908824618706684
0.002589997624803988
0.002550483723589057
0.0024843601448053198
0.0033029061602843934
0.0030608307285140885
0.003094598126306111
0.0029878483511318753
0.0028555968212549345
0.0038256973735903733
0.0037572794216280065
0.0037382677250007313
0.0036691120119168464
0.003597731165538034
0.003911042706500971
0.003595604077079907
0.0033958879938407586
0.003131331029894764
0.0027725553635904814
0.002960892078373179
0.002488170962242007
0.002365498161986003
0.002317163670826992
0.0022137873979537074
0.002910441082121708
0.0025137949698722166
0.00242714811896563
0.0023881463822182174
0.0022306944727899227
0.0030315913150736696
0.002622637486731468
0.0025598212841555336
0.002518397998685596
0.00235806267970838
0.002950904448071613
0.0025071583496368353
0.0024016101604976254
0.002158960336297226
0.0020738507701465203
0.002627537826754533
0.0020751433121635188
0.0019291771679373151
0.0017279554521609072
0.0015625141108302058
0.002152298611286033
0.0017423156342419408
0.0017280087030369143
0.001634008982586043
0.00159715211430098
0.002698464229889085
0.0020479375724071795
0.0020013719349883234
0.0019045702696895755
0.001785143078902117
0.0025248336438962525
0.0020924890372142958
0.002079514154684573
0.0019883805070787645
0.0019216387176502602
0.0026036265095963976
0.002197037941993965
0.002135848152878368
0.0021594655864375857
0.0021827445340480093
0.002937258784066473
0.0027214146953591398
0.0028344950637219563
0.002804295359400614
0.0026373401501885237
0.0033264591004757444
0.002837173423959276
0.0028193556985458496
0.0026354948839539863
0.002359320221203171
0.00255650370283729
0.001966821822850536
0.0018674531019014918
0.0016945883650840681
0.0017746435498994842
0.002677598240766123
0.0021617529928153628
0.002066863503264515
0.0019216305993029973
0.0019214611351777084
0.003023881821273439
0.0027414502515067237
0.0027079378650230177
0.002673520113795159
0.0026223082440401243
0.003105383741516337
0.00272091240344943
0.0026515604478204893
0.0024893295130324206
0.0023299484028964377
0.0027821021886058573
0.0024047295897586707
0.0024252635289006585
0.0023484995094113495
0.0023339881782031228
0.003064370613141353
0.002468823129490454
0.0023329522578969127
0.0022067615220321417
0.0020249368890061328
0.0024815666703011025
0.002046567490185289
0.002011116020791267
0.0018576160676615303
0.001820264452060296
0.003184552354835885
0.002469307828604236
0.0024019116293763094
0.0022721819642654776
0.0021084921463730036
0.0028910997901742054
0.002306199407866312
0.002083309436952769
0.002080548661888909
0.0020055888897812547
0.003191030480005082
0.002671980770565691
0.0025651198370833634
0.0023893663050842087
0.0022734184088101
0.0032877642316341783
0.002841712080670014
0.0026463845399872085
0.002538702857456724
0.0023127899469099792
0.0031448975418657894
0.0024635159255083487
0.002314280807547212
0.0021270014762390394
0.0019628298846112143
0.002584913766269634
0.0019633632603349932
0.001991947162228737
0.002003647418492113
0.0019002148490560662
0.00325675959467619
0.0024201176676805517
0.0023373380627909135
0.002212615842666033
0.002135148792624702
0.0032910394194141323
0.002695103664729853
0.0026515911312506913
0.002590785180984328
0.0025029338045933734
0.0037645598040478025
0.0033111591567742183
0.003241490274576791
0.0030748666095464817
0.002905819333048654
0.0035658341762083495
0.0030475008472232896
0.0028722461852610224
0.0026461880298846484
0.0023018571726892913
0.003022139776715209
0.002556706257131308
0.002380111650949861
0.002205682840382598
0.002151569208690909
0.003047221309712611
0.002469570612853219
0.002423659732594659
0.0023550359670889173
0.002289308333706535
0.0033894963735388926
0.002941435815244088
0.0028466842932346774
0.0027691610073505937
0.002473735562810467
0.0031197785636653238
0.0027201982108881672
0.002566131226916718
0.0025306190395699966
0.0023829946985915577
0.003449979269111445
0.0029048663208363764
0.002657466688146832
0.002471258779480552
0.002302833906384102
0.0029181890977633754
0.002434404894059228
0.0025423102977470175
0.002471350401718122
0.00246947954248134
0.003166608206827491
0.002659907407241963
0.0025035289182256545
0.0023936355319162713
0.0022081437955446246
0.0031729874336380408
0.0025342137481265594
0.002332021146537671
0.00205634641092468
0.0017771004088847696
0.0026882898387166542
0.001983144678543017
0.0018999724252367356
0.0017743301666740844
0.0017119066549627347
0.002762604276378383
0.002526755533452898
0.0023982599071029893
0.0022795550814967134
0.0022330616675452918
0.0033326797745607036
0.002897441637387804
0.002708863277753476
0.002601031589680947
0.00245118601959427
0.0031081983216764077
0.0027021163876037335
0.002538082558851364
0.002403705845733703
0.002287037448753165
0.0033641416874297726
0.002867075122903707
0.0027036048398146515
0.0025030921863184526
0.0023179319482038016
0.003140744853241487
0.0027556028469418923
0.0026520810961626093
0.0026153618440182586
0.002528474974764742
0.003341424413334073
0.002974586012773249
0.002902539855740538
0.0027145148184150084
0.0025054034863890313
0.0036466166934392592
0.0031212322309543145
0.0030895649546841164
0.002860468074405867
0.002745647451239637
0.0035366307144718053
0.0029216045478897873
0.002592736927062792
0.002275899614757756
0.001943660128195444
0.003332955802662175
0.0025254375872120027
0.0023362903856137796
0.0021489186536941475
0.0019669169118877307
0.0027913969320127415
0.0022933117172476546
0.0021825886665042447
0.002143523622501228
0.0020338419351922194
0.002806571533045065
0.002277102009922838
0.0021643107906699614
0.0020251197459980486
0.0018211193713508769
0.002775423866632835
0.002085361591965334
0.002008876733370583
0.001966949956878989
0.0019539734942674645
0.003135225811467715
0.0027615652719185715
0.002679596764221339
0.0025401600362752992
0.0024176966453689675
0.0031518213143715687
0.0026117747444428757
0.002505410612686265
0.0024012797834525573
0.0023896853893576216
0.0036834308894810415
0.0031528374388155034
0.0029487315186879615
0.0026742134032870938
0.0025604111093627544
0.002961948073302468
0.0025031342912827394
0.002212556624801061
0.0021276015717584702
0.002028966735875322
0.0027259439300790726
0.002328697635751677
0.0022326547474502798
0.002015816247025734
0.0019755860257431395
0.0028515907910422822
0.0020926820966721995
0.002065155058442758
0.00194024709350751
0.001956495714347971
0.0028474818049128775
0.002321546721108713
0.0023263703760826797
0.0023071325106914283
0.0023007793820553125
0.0034357049662771828
0.0028874609237692435
0.002636728536534064
0.0023773466420215087
0.002274953752960472
0.003463814538500004
0.0028103702816443723
0.0026902027488113285
0.0024234230193864374
0.0023151829399915636
0.003197246471634988
0.002709989136725263
0.0026807698278355054
0.002573821664158047
0.002472578602747989
0.003704666434947932
0.003322887064959332
0.0032292467931593666
0.00292306028100438
0.002738930419531143
0.0035330606069125187
0.0028006833555730267
0.002633212171234668
0.0024228108065220506
0.0022043473493380773
0.002811055059759089
0.002493761025631224
0.002333509197956082
0.0022010428851965066
0.002069192793323301
0.002672048821650053
0.0019349703525110144
0.001719538432516249
0.0016825220177699933
0.0015622080066616485
0.0027461057336508336
0.0021599632517970042
0.0019596940273371916
0.0018024575797020979
0.0017458542266446141
0.0025781966455344944
0.0020064852332031214
0.00202536054339764
0.001965350144191503
0.0017737378783998937
0.002651403111179439
0.0021492717206683764
0.0020012994877029715
0.0018361042117245045
0.0017517275183833961
0.0026314372846208446
0.0020483456793446856
0.001965135105038809
0.001790300346186966
0.0016883737282536312
0.002712477381091991
0.002039053970355988
0.0019304998925001858
0.0017657329749316052
0.001566543743753446
0.0028970245789787215
0.002318637662592113
0.002308210119741533
0.002067226969591957
0.002014994470051859
0.0026639008297864295
0.0021687011539940314
0.0021909154834388665
0.0020699764610569073
0.001907248747826343
0.002870866420764576
0.002225638311792237
0.002158003332360982
0.001986379095194396
0.001983833990655657
0.00282305226449212
0.0021945880101895882
0.002068073618796659
0.0018375777744494978
0.0018789194820404435
0.0027119077082639062
0.00211405693939194
0.0019990236157621383
0.0018168209162213163
0.0017970678881832631
0.0031020011628464313
0.00267000731937091
0.0024663587532362205
0.0023521483355884885
0.0022261006543450286
0.002773410987606374
0.002181838878411415
0.0020004356248232926
0.001869919548598813
0.0017898005337901861
0.0027322345134987948
0.0020251280877946775
0.002085764178781799
0.002001117615523996
0.001920096289954915
0.002939235785907963
0.0023472726959890083
0.0021928409576821403
0.002043363045573329
0.001940281452094098
0.0027225539041265986
0.0021852859701077996
0.002079648740044926
0.0019590690047413474
0.0019233512231088162
0.002692886422473521
0.0022679738151475557
0.0023117881928919237
0.002132423475311792
0.0020657304999671337
0.0030937517631062987
0.0025354723734300625
0.0022568650299730052
0.0019892913523570743
0.0017944333450912342
0.0025036803935697518
0.001900207149973386
0.0016847943541295548
0.0017018771710462482
0.0014723036035615162
0.0025852071289654607
0.00190952010964055
0.001724127826475435
0.0016185080519397579
0.001590064057423562
0.0023551801446829125
0.0017874093046454653
0.0017251822400638189
0.0016455092382261184
0.0017464531910813931
0.0027282605612972887
0.00235746765339376
0.002240578838334837
0.0020871976612113056
0.0019773876411264776
0.0028808585807717445
0.00225915434252961
0.0022379122313417755
0.0021192783274638083
0.002095944738855268
0.002785527944911925
0.0022300142770870744
0.002009339809661627
0.0019036057391929797
0.0018271273766124689
0.002409096959112655
0.0019572416997017334
0.00188775168763721
0.0017824125158941734
0.0016700769145978646
0.0027205079650809236
0.0022884754230679204
0.0022972813527566993
0.0021267497587449005
0.001981179692675384
0.0028966057257812303
0.0023034026542090966
0.002103770645232584
0.0019194448581625223
0.0018001165263187345
0.002447457189404734
0.0018159048020644259
0.0017441744914380647
0.0016492363010946647
0.001558258875155888
0.0025123397129098437
0.0021978612616679444
0.0022343586653510664
0.0021769140061624935
0.002126315171650968
0.0028238328359878524
0.0025634190430629616
0.0025036662097110943
0.00244837726704728
0.002362602917801299
0.00311400025334684
0.0026097553576234192
0.002520734567413891
0.0022792654165585354
0.0021129415823989656
0.002859379893236372
0.002258614057518313
0.0021224271332375383
0.002031981918094801
0.0019659871398158223
0.0024169799340111125
0.001882949838593692
0.0019149027557938995
0.001898112432701341
0.0018203140516235563
0.003183509272471907
0.002520450656309807
0.002541235536148314
0.002441098677303177
0.002246966441314177
0.0027776213662202157
0.002243528282906141
0.002061330350830926
0.0018771410487216538
0.001701127451597652
0.00249286430675801
0.0018791187705067547
0.001798840761854262
0.0018062944653232454
0.0017693450978872223
0.0025548507724597563
0.0019344968241467848
0.001882495102529291
0.0018154652403923667
0.001740948103886271
0.0028489296819138935
0.0023323968349489308
0.002232120119265043
0.0021593659542532913
0.0019482547101925313
0.002747761138736366
0.002252075443993805
0.0022116114514335464
0.0019509085769085568
0.0018584217281452904
0.002351407008314898
0.0018506408264511067
0.0017384805405649872
0.0016812465397264362
0.0016607174794762009
0.002345839205917475
0.0019160943475366597
0.0018993217215880758
0.0018204788171376838
0.0017932941820141665
0.002658314970899497
0.002250871114325152
0.0021015795712335094
0.001983516152107196
0.0017920860628048223
0.00258302585202379
0.0021309066829898536
0.0019634816475547845
0.0019652798179551514
0.0018714912150034463
0.0026067105766914606
0.002268656093935283
0.002105274935333165
0.001888228350412841
0.0017011811332006135
0.0023161936681499956
0.001750616350807208
0.0015984875069205533
0.0015231818546987872
0.0015120159489475547
0.002446043582084093
0.0019375675018925603
0.0018735458747734229
0.0018200585662774633
0.001735859415316414
0.0022157359196777644
0.0018375876567980416
0.0017954360461647058
0.0015662515671369542
0.0014709523559223892
0.0021017289980147036
0.001726516307535421
0.0017123640733764463
0.0016414573755679524
0.0015402774743462021
0.002480363229403555
0.0020691391414724577
0.0019036953248662842
0.0017310553650718454
0.0016213485442916106
0.00195496054225158
0.0015816361663376632
0.0015691944068182968
0.001526932204584338
0.0014406256877108115
0.002105039821340605
0.0017630484886417383
0.001769916783356779
0.0015961537353582382
0.0015091240912152727
0.002378241030306783
0.0017420129436056535
0.0016055697838737093
0.0014865204385449352
0.0013854561571371078
0.0023809745378052054
0.0021434967203253874
0.0021125242186040734
0.0020320778809317552
0.0020928349059713834
0.0025109120680919927
0.002200586287828076
0.002208933075358822
0.002227595467579666
0.0022185227922863183
0.0028159354774799287
0.002445967314741609
0.0024861301749352304
0.002386926057533729
0.002230543468938512
0.0027863585106938653
0.0025025521281814853
0.002382574882818571
0.0021154415901750733
0.001917751892571845
0.0023293866923419383
0.0018828627652215703
0.0017343082446616505
0.0015820580676605572
0.0013830120157562673
0.0020647554313599583
0.0015587441352520705
0.0013834104484089598
0.0012385824807904895
0.0011661567873728852
0.0021918445974368765
0.0018204905559739341
0.0017788976930613021
0.0017362763488664179
0.0016547968293596726
0.0018757658125480774
0.0015848004185357084
0.0015569363355844507
0.0014111978728076904
0.0013319118054593794
0.0018440944493857516
0.0013875715965098435
0.001286827083158093
0.0012223006691357053
0.0011075030920055535
0.001928077738396478
0.0015066175163813767
0.001575611295959786
0.0015290856555528918
0.0014491532730919227
0.0023272459246953987
0.001947553925297247
0.0018012898706800018
0.0017388044785804106
0.001627533743617929
0.0021383524292716504
0.0018121901678547626
0.00169576426379561
0.0015743852100880238
0.0015126909716052322
0.001980893996655229
0.001593181316947367
0.0014269719293113292
0.0013525473575509346
0.0012111480300386179
0.0018810115772540735
0.001419891040131814
0.0013509037539735245
0.0012094487353666327
0.0011011779954519544
0.001928558124165749
0.001579106976587552
0.0014992208230309929
0.0014110728250585382
0.0013005326568715525
0.0019192683114243084
0.0015599288429118277
0.0014317161287448108
0.0013314312317931577
0.0012313427856919911
0.002026575850611505
0.0017786157331601226
0.0017740761666054975
0.0017628190347882778
0.001624044677185266
0.0022838296929398954
0.0019064484296863608
0.001858073468343657
0.0017446164442799564
0.001700325390533545
0.0021334848270023648
0.0017854269960196542
0.001751224719996095
0.001704433197066547
0.0016160843030701838
0.002179117354606408
0.0019574140393894984
0.0019591474688235356
0.001899320151228627
0.0018536611511832805
0.0023295069011935524
0.0020013488643824736
0.001876512069307151
0.0017672532390846521
0.0016132379604349417
0.0020651734260045524
0.0015513976594262323
0.0014389872004894942
0.001370777448709343
0.0012672383751446755
0.001861366835092844
0.001484181443949805
0.0013712810351510678
0.0012908507752779931
0.0012067984849219817
0.0018608182273077822
0.001563087980133656
0.0014711372442917261
0.001394459087801408
0.0013280372831946296
0.0018365491071434792
0.0015254910073138873
0.0015128608486941486
0.0014261065004545206
0.0014129023806085787
0.0018804669743504334
0.0015840968604981674
0.0014719095168589519
0.0013963236512205275
0.0014025620806133346
0.0022312048638425835
0.0019274054965874885
0.001887082812685723
0.001739395275141016
0.0015978716126644138
0.002076429385058424
0.001704287232400386
0.0017141389505710548
0.0017318375686787295
0.0016344339831134858
0.002111972357872164
0.0018180806344420253
0.0016870598838876526
0.0016179683470957413
0.0015425353824272548
0.0019473773899792285
0.0014570360159601341
0.0014033524214519951
0.0013188308418704883
0.0012642756995736135
0.0019518153491084591
0.0016216163359742983
0.0015062311693728903
0.0014240150439272692
0.00135232815224667
0.0020460661631580904
0.0017391664993999891
0.0016700733590145323
0.0015860853944972965
0.0015019460100365416
0.0015116251316295262
0.0012409124418717918
0.0011433800685578947
0.0011075205892544136
0.0010819673277382127
0.001804465031315321
0.0014855730342621582
0.0013667403667100755
0.001337156970876655
0.0012748592157881236
0.0016088529681700123
0.001340909433793204
0.001239249001797555
0.0011402546139388048
0.001074681475433152
0.0016739175609759333
0.0013342847500817123
0.0013923845391113948
0.0013948116413656528
0.0013842068933985865
0.00180624747635412
0.0014725969651843047
0.0014053374605207194
0.0012464420246620239
0.0012051959510763037
0.0017199472282680205
0.0013216377823101208
0.0012012702070422457
0.0010791687006253734
0.0010306656375924576
0.0014170357382781865
0.0012047197678523094
0.0011522773746194777
0.0011706289446054609
0.0011730872721429674
0.0016635366843557925
0.0013571346313973939
0.0013304700027157103
0.0013179823258731493
0.0012678768033258412
0.0016992149263863614
0.0012744201494490947
0.0012013888057324624
0.0010920436297987958
0.0009984446799317366
0.0015626137960616261
0.001282195737077681
0.001250410857166271
0.0012141849696834447
0.001157316905223765
0.0017222980575102092
0.001357525033915287
0.0012571357107485704
0.0011877953185388775
0.0011316245489589977
0.0015937358230293415
0.0012706422133058736
0.0012224648652408444
0.001162662614253787
0.0010913354251862722
0.001723151914782908
0.001500324730391747
0.0014771057281399613
0.0014116594014916993
0.001347037536902638
0.0019147786847662819
0.0016735125537141588
0.001705240576223595
0.0016151206222520262
0.0016650606544720509
0.002105089440273604
0.0019465139881181964
0.0019903259167028727
0.001966106958955885
0.0019036085181384729
0.0022743453835447187
0.002069051399564463
0.002007242138573034
0.0018919992587136103
0.001827677867699504
0.002064236396563261
0.0017837952868763852
0.0017098100035870564
0.0016316397623755779
0.001579235424010972
0.0018798964737316685
0.0016408384466295592
0.0016094770162111084
0.001508633431124846
0.0014422333436921436
0.0016732480669790504
0.0014611330325115608
0.0013911577398356416
0.001273936237730144
0.0012052482683837622
0.0016620694203457478
0.0014516280482861268
0.0014434178563907656
0.0014322632316499957
0.001358678240915904
0.0018690109897040483
0.0016321200196099063
0.001616665350305607
0.0015565823617182202
0.0014742002449108873
0.0019194438129767496
0.0017148920399835848
0.0016826791192746293
0.00160623770642526
0.0015478651828110905
0.0017570633260345153
0.0015426944067334798
0.0014988704664928598
0.0014504819668423408
0.001434294019595702
0.0018192635001780335
0.0015954626344203797
0.0015202158176821317
0.0014535497001310486
0.0013760518331933196
0.001557256396195372
0.0014075951178972154
0.0013430306538707016
0.001268603734163351
0.001259308686045339
0.0016295377537577586
0.0013916545114539079
0.0013576292730519083
0.0012885265517562174
0.0012100225934038313
0.001622271395998226
0.0015257201830312787
0.00154178548507397
0.0015610914924816125
0.0015431125210813134
0.001711499453161581
0.0014568390928802058
0.0014274652538300294
0.0013475304024795993
0.0012841666678747993
0.0015624582693726833
0.0013982541909317082
0.001365894300124583
0.001330631656658052
0.0012633736864563119
0.0015891465916473117
0.0013416754190116694
0.0013260529312351524
0.001247576226537266
0.0011830326088846735
0.0014087098171113716
0.001095962197046559
0.0010312064613512706
0.0009089103023203892
0.0008744187146713454
0.0011824434549071456
0.0009775840982036328
0.0009357245719324051
0.000870600435430513
0.0008572523473162489
0.0011694951641200847
0.001027061119874553
0.001004538540009217
0.0009279260942981774
0.0008935953867675408
0.0012981455813454834
0.0010228504881186003
0.00099019524861646
0.0009569956311585286
0.0009142988412045473
0.0013576058304064177
0.0011065614913847764
0.0010519495825589056
0.000991677991469533
0.0009485794268713422
0.0013461469150804588
0.0010740035081107152
0.0010067205077177927
0.000964480492275979
0.0009045819436754654
0.0013860194234220965
0.0011485741245855
0.0011223550835743547
0.0010874166627852268
0.0010274496930146252
0.0012226430831605867
0.000994693277802642
0.0009538329779578511
0.0009192833765611466
0.0008681947383592165
0.0013134924103370632
0.0010994547519192265
0.0010891969535146108
0.0010159446016722797
0.0009741847432989869
0.001289069225665118
0.0010126257060011155
0.000971807101058379
0.0009253232969481139
0.0008487354877989945
0.0011829746426204582
0.000985151264741368
0.0009333057415128072
0.0008271058893504253
0.0008157773107273177
0.0011872447145432276
0.000957355565063258
0.0009229372402106095
0.0008581457928730752
0.0008174895051406587
0.0012110117034026507
0.001042436774942472
0.0010113628570821527
0.0009572539806932008
0.0009006481781465914
0.0010373509186091827
0.0008673529719182764
0.0008302280140082768
0.0007591040749473438
0.0007507633958377002
0.001121427751915108
0.0008666906820320461
0.000855762043444632
0.0008199143598179281
0.0007756653057890513
0.001050834250408777
0.0008841278977644158
0.0008250187929033145
0.000755541622567869
0.0007394289471501387
0.0010827028393103134
0.000953989463588373
0.0009345564757686852
0.0008657430790211953
0.0008308648693967117
0.001140832224825263
0.00098120652548948
0.0009185057426130861
0.000884083886298526
0.000844543491078492
0.0011129268060235396
0.0009377177336680626
0.0008808355472646333
0.0008532283520668085
0.0008419211639726824
0.0011296990562757354
0.0009972544842195739
0.0009611331660052329
0.0009807449280104228
0.0009667054349547919
0.0011789049473077697
0.0010071691017663
0.001001367171392414
0.0009751266806259564
0.000948504446428935
0.0012219525325762616
0.001113261949522668
0.0010789987162939131
0.0010647912656685644
0.00102315724699567
0.0012034169373491726
0.0010676850389759016
0.0009773198042776223
0.0008968223464052838
0.0007981851231430175
0.0009550748590072674
0.0008077724720331159
0.000779608257910891
0.0007215625715049146
0.0006790292905036658
0.0010434788098805342
0.0008990924225237429
0.0008413404622991231
0.0008051395731674974
0.0007835916750044786
0.000981576496168738
0.0008089497001322058
0.0007788100993544392
0.0007137736092909989
0.000694771113358967
0.0009895584162455003
0.0007915633488530663
0.0007834438814157991
0.0007657426937268467
0.0007360221531942194
0.001045329591686968
0.0008194071226679592
0.000778728581633553
0.0007498134264003146
0.0006719851730820112
0.0009751674050415134
0.0007921022774680198
0.0007439775178539653
0.0007137530981205254
0.0006802043843912901
0.0009204295338686807
0.0007963359994012182
0.0007329638972944526
0.0007045333875374581
0.0006219965485234797
0.000727909593415524
0.0006421380080249231
0.0006161319967388471
0.0005811616146812781
0.0005751728817585406
0.0007939190082525053
0.0007180257357197304
0.0007057027203673369
0.0007174085771333375
0.0006913842177202334
0.0008991592361717662
0.0006935031096681425
0.0006407636783230467
0.0006062323561865431
0.0005735014165161793
0.000648197526069442
0.0005875824385571376
0.0005592436863489307
0.0005396017980995134
0.000533123762047733
0.0007686018345346052
0.0006473940427940116
0.0006404658840124741
0.0006199419310206792
0.0006021760621010653
0.0006957785652713496
0.0005812383484345986
0.0005666381270869371
0.0005366350565411829
0.0004950452882094116
0.0005943623186187665
0.00048627635099924416
0.00045079888501943754
0.00042446930926579973
0.00039472254228547035
0.0006759007519329838
0.0005214997777945318
0.0005107583551545456
0.00044981415818179984
0.0004184278262890186
0.0005836665377265656
0.0004824994971836841
0.00047434708684177554
0.00044208897128141477
0.0004165681661040262
0.0006308171287279688
0.0005065419932047656
0.0004972471814820834
0.00047707494248374927
0.00045151648939747974
0.0005955154098593625
0.0005366831636937973
0.0005628768561910105
0.0005454706138547146
0.0005349713939024347
0.0007257295175849955
0.0006294875875216463
0.0005957106912239364
0.000591453659157577
0.0005734266246452732
0.0007550535270806236
0.0006659270559766491
0.000645962201004106
0.0006092789666342133
0.0005881305066229791
0.0006882492400327901
0.0006151729808723202
0.0006047883507896165
0.0005788584853628687
0.0005448096225442774
0.0006963846309768828
0.0005869489508352661
0.0005677419612732233
0.0005392945719797321
0.0005104701920352818
0.0006979468903061601
0.000558951652825492
0.0005126114313230148
0.00046169498444690086
0.0004380707724754588
0.0005465304092352387
0.00047448682205045525
0.00045008009517170293
0.00043203610106626577
0.00039655872697328293
0.0005197878671015077
0.00046112709024846607
0.00045128703999992745
0.00042000308415945687
0.00040264877796535525
0.0004988614217534494
0.00042783748295266525
0.0004153047526333981
0.00040494588740068053
0.0003803316032322987
0.0004930935012005221
0.00038439334379962204
0.00035553899782745095
0.0003276930650801049
0.00028794749432712317
0.0004394549487642613
0.00033211348996993304
0.000332394757933173
0.00030739753600106504
0.0002988294057330285
0.0003760282142169605
0.0003158416192570235
0.0003046797493781923
0.000280456262570028
0.0002491288476131804
0.0004150513063397188
0.0003407652415800567
0.000331296965910365
0.00031086961138992845
0.0002964047908395568
0.0004121110257305663
0.0003291043962830903
0.00031870611690766745
0.00030815455435714856
0.00029220856029120093
0.00037529089720891585
0.0003250569895516603
0.0003056634859146437
0.00029457452940058704
0.0002894452636910184
0.0003849000642132211
0.0003417941744664915
0.00033691898324239924
0.0003249244092269068
0.00031829379721239195
0.00038421205333666835
0.00035108691761108257
0.0003422077782909028
0.000320297875358365
0.00030388552770165385
0.00035105159412604275
0.00029866829401275943
0.0002957708031551916
0.00029052191240917997
0.0002844658287944346
0.00039555824731633946
0.0003469117963300748
0.0003548512422689422
0.00034702877484762084
0.0003512924748242244
0.0004314125964649733
0.00041670650098853346
0.00042561532272461977
0.0004188740479348225
0.00041484028526386394
0.0004604609767506427
0.00044778760455358894
0.00044462204704547465
0.0004371484605509726
0.00042833584324839327
0.0004574946464426293
0.0004183820558394707
0.0004022446729580192
0.00038526565389777445
0.00036256237298523745
0.0003566197500919979
0.00031470771533298025
0.0002976042526111641
0.00027566235294430695
0.00025666455274947
0.00029224164143975265
0.00025654027015796987
0.00024877174707066326
0.00023771825637815426
0.00022870607449820788
0.00026023574240139366
0.0002214876614627827
0.00020996560165937269
0.0001969830408681463
0.0001886124498449033
0.00019845116799153365
0.00016231772829849138
0.00015560091817104108
0.00014575372869588582
0.00013577380649656005
0.0001603464539144268
0.00014400597241707704
0.00013299546471349618
0.0001272954368863554
0.00011993903365026228
0.0001433550565561037
0.00012774262226402692
0.00012036744546188238
0.00011250147158228567
0.00011160750405779357
0.00012688244820642115
0.00011184270943390454
0.00010100155168277759
9.489606543901194e-05
9.492949984260833e-05
0.00011892034286410659
0.00010416041595780743
9.796512880840988e-05
9.149199926512779e-05
8.456448011620368e-05
9.215498992770364e-05
8.31004331361845e-05
7.756706340464488e-05
7.26759925752553e-05
6.742100824710813e-05
