2.2966130750428827e-07
5.955658849622375e-07
1.0570176103588679e-06
2.0218359191957263e-06
8.921087230787899e-06
2.4494717241417262e-05
3.984136805231554e-05
6.334496488820823e-05
8.779662470470412e-05
0.00012064317191552843
0.00015621777292438164
0.00019973991079130668
0.00024513475286524404
0.0002924531886184069
0.0003471071430726254
0.00039650786269105405
0.00044698961330063593
0.0004933304729364698
0.00053420818508945
0.0005882503128720233
0.0006264304808921488
0.0006635604582074865
0.0006987454334193714
0.0007300486073403652
0.0007631669935906844
0.0007865023808447265
0.0008072234416014158
0.0008281822608302924
0.0008376431523227774
0.0008523901712221927
0.0008686229642668855
0.0008810588862027786
0.0009012245671315709
0.0009183511374105093
0.0009394842273725621
0.0009797113869049186
0.000990515560096204
0.0009905466296360307
0.0010028786516427086
0.0010277108854622114
0.0010389345568957385
0.001051840914021842
0.0010594290929408572
0.0010506217806439456
0.0011162791107616236
0.0011245025164732644
0.0011311074616486207
0.0011408437894458705
0.0011456924039690438
0.0012125768416950064
0.0012519471878845053
0.0012635269786874536
0.0012837293677284837
0.0012981360040720726
0.0012899601601560262
0.0013440998987898735
0.0013784131013437123
0.001386847275404048
0.0013893876525165852
0.0014126576318866213
0.001443644620095045
0.0014411788437390174
0.0014357000885034563
0.0014406642466024383
0.0014431528106302605
0.0014553645508714496
0.0014486489972043515
0.001472981304698042
0.0015018987794627144
0.0017231985766259423
0.0017572448547691281
0.0018502580571554468
0.0019426041016455322
0.002023655135898502
0.002069628145309958
0.0021177948334599062
0.0021724271442071876
0.002258535049076146
0.0023629085723808232
0.0024095871201473434
0.0026026227808579874
0.0027731986570286304
0.0029049449839123184
0.003060915115060303
0.003197984014364641
0.0033582364193284445
0.0035396266481418567
0.003706772989603539
0.003841124984732553
0.004141579534698153
0.0043614092857164775
0.004546581183115603
0.004764383636890078
0.004988970926152966
0.0051971594890548225
0.005375394884800971
0.005552216673167631
0.005740122034299617
0.005914725340995266
0.0058673507307405995
0.0058504142242062395
0.005965027712961616
0.006015462215918404
0.0060531743345912225
0.005978285453440712
0.005988617237716145
0.006049632857840131
0.006116212790089525
0.00617631514964314
0.006194288856515876
0.006218615814547255
0.006287164156038653
0.006447767364259742
0.006649158610410804
0.006773548152567014
0.006903049219778242
0.007061195239183021
0.007158777420978949
0.007230901881147815
0.007341418747819715
0.00738035342710052
0.0074457144561008845
0.007514540136637118
0.007544888294307507
0.007761797603317587
0.00774525989280448
0.007831799581690075
0.007801894494326372
0.007840336525714366
0.00780557905300705
0.007705504197768191
0.007631538915069667
0.007629297613032055
0.007618917047948334
0.007441313844643431
0.007428211450260518
0.00737034509866427
0.007393289222299377
0.007407034637648151
0.00743698174037488
0.007460666111271929
0.007556254073479637
0.0075677157023205065
0.0075920594643889465
0.00751251159315551
0.007436449816376055
0.007419490713957826
0.007429127025861084
0.007483495529279425
0.007554491279383855
0.007639996060637272
0.0077803218890208775
0.007789780083966776
0.007795513229901992
0.007731891297852763
0.0078010136919947175
0.007826147395486675
0.007858159719865454
0.007839923039437445
0.008014859739056262
0.008016313798998377
0.00804930984917602
0.00808652167113802
0.008098129026586185
0.008095741266836182
0.008092300737459281
0.008136150959440848
0.008166218160756737
0.008134240237476765
0.008141853809745619
0.008124316402417705
0.00807468953392395
0.007990510334817869
0.007935616814458164
0.007802574998228223
0.007800269634093641
0.007765954047352321
0.0077559981927788875
0.00777737913405109
0.007897439957047859
0.00791565305785998
0.007913701254373032
0.007894993837419727
0.00781975371065001
0.007897562271452064
0.0078894814085456
0.007883564500083708
0.007863722869382523
0.007856648401421381
0.007928052282268925
0.007949372584638906
0.007955315043290355
0.007939163083929711
0.007913468994760127
0.008017333963501846
0.008047084928153805
0.00803396418399043
0.008005217401986928
0.007966544815772794
0.00801924022777569
0.007961705675637176
0.007909475329537773
0.007849983496431465
0.00779762721459718
0.007779552921237889
0.0077021020414105275
0.00761420305016848
0.00754149527758334
0.0074777173108501625
0.007379504703280973
0.007303569896370633
0.007239490602902673
0.007180102388484805
0.007114447426953652
0.007034002845290127
0.006985160391550676
0.006934840780329678
0.006882716246772856
0.006836922177103065
0.00680219561975542
0.006754437310514531
0.006714503398065802
0.006686553352346842
0.006648358785429426
0.006598169425121382
0.006559756494477212
0.006523612968555111
0.006483966202628882
0.00644744600882848
0.006416034933842836
0.006382521329576573
0.00635399358116902
0.006324596188134999
0.006301783312428202
0.006269025891041621
0.006242773856027188
0.0062124121698225124
0.0061840869724526125
0.006155922040504264
0.006120016996914513
0.006093076565220145
0.00606470141986014
0.006037335906383043
0.006009234890601258
0.005994088285413018
0.00597056417268747
0.005943676537829616
0.005918081943400801
0.005890307288758096
0.005877972136167599
0.005853778399160777
0.0058274687329506756
0.005797229010203118
0.0057699320822671915
0.005732661909044621
0.005699565459669063
0.005667676637883003
0.005638743188747203
0.00561053202103136
0.005572889138608499
0.005540588243704023
0.005507847415798655
0.005482261733027402
0.005456012085352986
0.0054423172297173
0.005424637657665703
0.0054051760265183095
0.005384529844025853
0.005366982411327779
0.005345434411180914
0.00532370229634336
0.00530197961672584
0.005284380403284905
0.005262211152174143
0.005239644985252388
0.0052229540387459614
0.005204242239486264
0.005181768592208688
0.005158765792193556
0.005143478396849913
0.005122552504399437
0.0051018986910408345
0.005079837444406419
0.005061618015577303
0.005041407219958872
0.0050218317034094765
0.0050016276780151326
0.004985587903122144
0.0049650783202408845
0.004946952120092151
0.004927187673393731
0.004909504926084774
0.00488943988542646
0.0048700985012203515
0.004840496093947678
0.004818524778666454
0.004797920320268421
0.00477935425537203
0.004763562448461788
0.004741536544873461
0.00472546735108645
0.00471368031165421
0.004703427459141188
0.004691238908498581
0.004662780724464336
0.004642177377368729
0.0046250479858526185
0.004609767615463231
0.0045979839953423475
0.004609471834162297
0.004605255194281611
0.004600586486684059
0.004595109297161939
0.004585594856116231
0.004588338787517858
0.004578700032272398
0.004566755030464354
0.004552133203260633
0.004537415812237763
0.0045276728723683156
0.00451457532604612
0.004503594536901057
0.0044890978224580175
0.0044766504807947395
0.004462036103884602
0.004449868138918623
0.004440427194253676
0.004429845131808603
0.004416998156986148
0.004406682756239614
0.004401888677144105
0.004398024223927849
0.004397648997404046
0.004394098647098358
0.00437157385701411
0.004356407510880833
0.004341520824704034
0.004326692019676277
0.004306769843308282
0.0043201502905950845
0.0043127506088259104
0.004303806315865952
0.004296999316374844
0.0042844296824523995
0.004264997202104957
0.004251392558944665
0.004242767102828404
0.004231877130267584
0.004223152783128685
0.004219208317259502
0.004210581901185374
0.004202112527694429
0.004194505244246065
0.004184115514945373
0.004155560135384921
0.004136583257502101
0.004121176412777135
0.004107605018551838
0.00409875910729775
0.00407273429241885
0.004063916785611886
0.004055637022170076
0.004045743575841834
0.004037997770045331
0.004028477898371226
0.004022918151604188
0.004010463016003148
0.0040064285758788796
0.003998321757470904
0.003992329777744454
0.003988666707479585
0.003982426193183588
0.003973228419871515
0.0039701133947354006
0.003979261714241293
0.003979031658000889
0.003978506144294833
0.003975605696184088
0.003970568211753527
0.003954055763906785
0.003941546828875716
0.003934961369185774
0.003936588721533701
0.003933001779496886
0.003932553378904694
0.003935158405711997
0.003935730157283125
0.003932585113304043
0.0039237111084754585
0.003932249447273779
0.003928834032915938
0.003927799084346067
0.003924713519902889
0.003917053013836096
0.003923562997969163
0.003925646251101069
0.003922887961982471
0.00391741320016821
0.003908214660169401
0.003886007321868089
0.00387135267174867
0.0038589153172092724
0.003847083931236269
0.0038387604952397113
0.003812544050263772
0.003792311479325755
0.0037705344295133106
0.00375336813671175
0.0037393279754082864
0.0037291452303118908
0.003719958659655623
0.0037188115943758665
0.003716088064497608
0.0037112820089987976
0.00370057871328746
0.0036871746980794992
0.0036756245962488343
0.003663292667198658
0.003658563402103912
0.0036492605954933214
0.0036466480686649346
0.003645351536895456
0.0036451824613684806
0.0036420843414782527
0.0036175868157791026
0.003604748710856194
0.0035860835162247174
0.0035774096905711317
0.0035702553167166117
0.0035912023440683497
0.0035971621696655924
0.0035969955028574314
0.0035985547275521044
0.0036046854931675635
0.003601308365304727
0.0036011599476634027
0.003594822537264246
0.0035882810879606483
0.0035835837090200987
0.003576914425810014
0.0035669240770989747
0.0035617415542242062
0.0035626039028935877
0.003561809594630814
0.0035821272260314454
0.0035908111809347353
0.0036021945009161263
0.003610964925054308
0.0036174687173160932
0.003634342416420176
0.0036347596418275156
0.003638223800543148
0.0036393590515202663
0.0036347879783981446
0.0036272537662245742
0.0036247185008909167
0.003618750075635899
0.003611809904145289
0.0036106815282061877
0.003612247794953387
0.0036060027347075796
0.0036058869974348543
0.0036019553481714843
0.003596177955685633
0.0036148003392839274
0.00361558363761548
0.003609355308734321
0.0036026334727781804
0.0035913193609803883
0.0035824485958313476
0.003574323482735852
0.0035691969549439258
0.0035697283780570673
0.003562447994549188
0.003574573251261361
0.003575913167246211
0.0035739052865706978
0.0035748466807229338
0.003570182219600387
0.003561327984527874
0.0035603512511076696
0.003557044743937687
0.003552879533808108
0.003548812122573876
0.0035450188447406043
0.0035325280870164974
0.0035262263082026083
0.0035181027683764965
0.003514406153624105
0.003523173368820424
0.003521974237032732
0.0035198959695324516
0.003520252057990581
0.00351530434570657
0.003514408785751768
0.0035121491293338305
0.003506823518973426
0.00350302847022184
0.003497024098056399
0.003495665767539026
0.0034913531194093552
0.003491704468609306
0.003491913186165097
0.003492263916296633
0.0035045046730478027
0.0035077593062375944
0.003501852066481631
0.003503647918805929
0.0034995863543067353
0.003492625080317669
0.0034831393645470767
0.0034791275984035496
0.0034776831860729254
0.003479052400167222
0.0034764220805518706
0.003475340143176135
0.003467613646532274
0.0034675183728063966
0.0034689472269108204
0.0034656721683695864
0.003464764217897557
0.0034627968826834964
0.003463194936707051
0.003461980830773169
0.0034663312752312462
0.0034652565632399246
0.0034653287122114644
0.0034586279847420806
0.003452764448666731
0.003444797205486783
0.003435684347112621
0.0034253512933252804
0.0034168562697228393
0.003414055872521853
0.003398013503914568
0.0033930683912047864
0.0033867249533929946
0.003382785526830151
0.003376846400393936
0.0033809678787881424
0.003388670944583352
0.0033861152773725254
0.0033917109708214662
0.003390214589045264
0.003386410163370297
0.0033890627591171806
0.003383872876594883
0.0033843519753915703
0.0033863146187825747
0.0033978577711111036
0.0033959287162489025
0.0033943423040257658
0.0033860298397172875
0.0033810125842050824
0.003383310424679145
0.0033748300762791966
0.00336709423717192
0.0033516809159418993
0.0033388017209000807
0.003336558989352231
0.003330332914327058
0.0033253181290941384
0.003319866360873802
0.0033073647094084366
0.003286847579409876
0.00328029895508139
0.003267139008740065
0.003252869430133401
0.0032418876960010677
0.0032232362105072327
0.0032123150229205187
0.003206790920706681
0.003206737048714377
0.0032068450549909795
0.003210449562672913
0.0032117917493680666
0.003211579153265547
0.003214919358916741
0.0032151233450682607
0.0032327784994842226
0.0032345942781539824
0.003232100068527779
0.003231547985679215
0.003228739250568051
0.003228735018399617
0.0032251732714068974
0.003217570628566026
0.0032138093208835252
0.0032097012848687602
0.003220045087286403
0.0032182010701629665
0.0032139025406041086
0.0032145728909888966
0.003215207961182422
0.003200869805613443
0.003191779550414794
0.0031879216069979704
0.0031812922299995147
0.003175503670153639
0.003170985822577543
0.0031710386232694644
0.003170834495733501
0.003162951200661154
0.003156232873465109
0.003163790400742102
0.0031620549881762913
0.003153650109712244
0.0031457272669178633
0.0031369680906584633
0.0031327768175943025
0.003127369667627124
0.0031192081494457644
0.003114746045678594
0.003111052083992561
0.0031237213440361805
0.0031288289452264047
0.0031267225617159743
0.0031263137724878765
0.0031203918038172737
0.0031329354927245763
0.0031306236930877104
0.003129820874895275
0.003126955914111393
0.0031145292157984663
0.0031036774178535816
0.0030806125647267453
0.00305871169386854
0.0030448890234230277
0.003024415784398805
0.003012850794596451
0.003003588194174767
0.0029904412148524418
0.002982303045799689
0.0029742521178672304
0.002977701234807616
0.002974263495352315
0.0029706538696105057
0.0029681956815951656
0.0029657733871691645
0.0029770168240320334
0.0029759878838273857
0.0029739488716690353
0.0029667123197476427
0.0029604253917197587
0.002950029585128238
0.002939966913932738
0.002927328417489051
0.002920647373257375
0.002917233630734398
0.0029055392007398574
0.0028953914765126186
0.002882752847330556
0.0028794804159914516
0.002870092204634328
0.0028852530712468174
0.0028832566413437423
0.00288049096605899
0.002880846584572921
0.002887381214498196
0.002871114135096666
0.002870497740620002
0.002871575813651241
0.002868885354167954
0.0028621034910588884
0.002872726017958274
0.0028666544308772607
0.0028618389085600777
0.002849564153759797
0.0028448116238623603
0.0028285331261172263
0.0028197948200597224
0.002806556306718843
0.002796839888634449
0.0027882456182260268
0.0027774741475900025
0.0027650255645637898
0.002758403948206255
0.0027484577669589314
0.0027426319556047877
0.0027418209446562827
0.0027399953481353173
0.002734882475249106
0.0027260014517639856
0.0027171024866669345
0.002720301155832351
0.0027205526233590543
0.0027225057311044444
0.002726385612094422
0.0027268511007710826
0.0027520745358475805
0.0027595997936393103
0.0027618865698779294
0.0027627631547662854
0.0027626839461353963
0.002739158925923938
0.0027272297835699106
0.0027175607770467485
0.002710355820002902
0.0027068950508298043
0.0026887948906311604
0.002673051447180054
0.00266542373842601
0.0026523902564215317
0.002635444599244896
0.002621887664833065
0.0026072597283171473
0.002600660857414155
0.0025956487543575984
0.0025845919970043053
0.0025730169358768144
0.0025548873414826287
0.0025374513282608833
0.0025260025084703837
0.002516982106199539
0.0024983703105533515
0.0024801343313080107
0.0024591244738370118
0.0024425829966175246
0.002429585772586112
0.002408771393993107
0.0023967044914941994
0.002389831825104843
0.0023753918069881023
0.002367229719647324
0.0023412552686557227
0.00232559889574192
0.0023100925436922806
0.0022910208587700767
0.0022772400206841343
0.0023119764300412486
0.002318558228654053
0.0023159196575717224
0.002304859047881662
0.0022880722165107433
0.002263402968815801
0.002245640401802861
0.002229783411745794
0.0022086351748594035
0.002195778515132218
0.0021471518348280083
0.0021243070366698115
0.0021097499433707536
0.002099940001554998
0.002092834242036424
0.002080436007323247
0.0020841242316089153
0.0020857494183567707
0.0020903474811002245
0.002096699679954643
0.0021003645820886767
0.002107261574676452
0.002113395407123598
0.0021178310841404755
0.002119224759204062
0.0021172933393751813
0.0021121618403062963
0.002106635500856255
0.0021060965624770194
0.002103649458987715
0.0020956618363131506
0.002090403678653464
0.0020788823062166117
0.002062406456778428
0.0020527240275825275
0.002015034959325848
0.0019979362794961485
0.0019846481611729147
0.0019724136793410007
0.001968558022221589
0.001981777251389879
0.0019943342044405786
0.0020034739809042996
0.002012373989951475
0.002020892521754124
0.002011866571313088
0.0020131728543636186
0.0020180227217461814
0.0020258729007711605
0.0020315228117345954
0.0020201342513386047
0.0020200173528175758
0.002021411948605062
0.0020254292504234793
0.002034859106441383
0.0020384548671314924
0.0020442716675813668
0.0020506076891733736
0.0020569513755927912
0.002055057363254015
0.002070844928716779
0.0020740577342015184
0.0020807819390757333
0.0020766045549930464
0.002073532637685343
0.0020897782485097484
0.0020909877738308344
0.0020859570850404715
0.002082342732916837
0.0020718559380697183
0.0020749909578695264
0.0020717409943312713
0.0020688919407079527
0.0020594499878750475
0.002050884499973557
0.0020389869980013712
0.002037624226355656
0.002034220319418376
0.0020300229141612526
0.0020229701303052326
0.0020145447493281673
0.002011455262961347
0.0020018347279121542
0.001995155489904052
0.001992797992164855
0.00201091998949551
0.002017576988303534
0.0020258805702955125
0.0020278900359429614
0.0020266522990274377
0.0020459628549131382
0.002050194843799375
0.002053836963717754
0.002047987211982036
0.002049984342874046
0.0020317411456787825
0.0020193053378958583
0.0020093764193210677
0.002002196890933856
0.001995051583786502
0.0020136577599991026
0.0020159029075229973
0.0020151008905572518
0.0020174384158012835
0.002019793388813192
0.0020209229458981568
0.0020202831395813585
0.0020231847672947815
0.002024568617412503
0.0020211453323925647
0.0020069263381741306
0.00199981004053405
0.0019885174326673234
0.001980795972887531
0.0019747760773370054
0.0019867544394645744
0.001988888938897174
0.001991172157929492
0.0019965350301000247
0.001993983836632561
0.0019982375304052865
0.0020024553574946188
0.0020014449139399205
0.0019953552922044675
0.0019858482416519586
0.0019814060119758303
0.0019660482689066255
0.0019548270081128044
0.0019369150289128853
0.001921510295927668
0.0019142689125977157
0.001894046852548655
0.0018761133517275555
0.0018535421722275197
0.0018341249439489797
0.001829520520886945
0.0018164593680299295
0.0018054176377911456
0.0017928747579398078
0.0017814260545736423
0.0017750673393909988
0.0017695478989259552
0.001771913684055146
0.0017734411223756241
0.001776927787434692
0.0017920045940018172
0.0018022133613147283
0.0018057818560402018
0.0018115216523222194
0.0018190801820098343
0.0018360255786272664
0.0018411303902645434
0.0018448280196517773
0.0018447987022595811
0.001844958657877799
0.0018434850307096104
0.0018365647460687126
0.0018317492412803361
0.001820500936116858
0.0018093449550618688
0.0017918057683713863
0.0017729909083667732
0.001754254379685998
0.0017336504583197558
0.001718521710277289
0.0016968740858804424
0.0016811186143271234
0.0016686638941787735
0.001654243578970989
0.0016457465586949835
0.0016290365367856842
0.001619336203758399
0.0016091317626050095
0.001603021850279984
0.0015950728039525813
0.001603528325623416
0.0015992862140439732
0.0015988230156852613
0.0015957406321230145
0.0015921897968237152
0.001604936533938024
0.0016042060634607266
0.0016041074659567944
0.001591658171421168
0.0015779051371676775
0.0015900585107064085
0.00158818481340898
0.0015853694785335874
0.0015779419938495155
0.0015625642691717405
0.0015465247787346968
0.0015327315538970349
0.001518760050750832
0.001511801694936382
0.0015012063732623713
0.0015128105817923084
0.0015137946018246961
0.0015121957857010657
0.0015067747354245752
0.0014979130496564133
0.0014971069606140668
0.0014894788286110422
0.001480486385545497
0.0014729598418315572
0.0014668021598726667
0.0014602865431729373
0.0014511382111255622
0.0014445676333974674
0.0014361357029683464
0.0014287374671955095
0.0014226041787359154
0.0014170995279744075
0.0014130149539855275
0.001405768994354564
0.0013976973183676051
0.0014014505837355517
0.0013998674290755496
0.001400467720128727
0.0014019984916178758
0.0014054615209449076
0.0013909891713719108
0.0013874553727565798
0.00138260103947615
0.0013825295008450835
0.0013785348126156617
0.0013760608654040734
0.0013765197506058681
0.001378061263905367
0.001374041680416428
0.001373184684634143
0.0013834521338505663
0.0013837937071003183
0.0013861012107168281
0.001390143473545991
0.0013922126045904707
0.0013914656477619742
0.0013852711113214351
0.00137753437967425
0.0013767059684831797
0.0013769703568243738
0.001374446783940784
0.0013711295448661912
0.0013706671194585831
0.0013670262333168326
0.001365060151054324
0.0013613032314393522
0.0013533406111676774
0.0013464111320605537
0.0013365086604465878
0.0013270279925675025
0.001318552184859244
0.0013078453788250143
0.0013033725679715152
0.0012993861317273044
0.0012900124969350635
0.0012753774187052227
0.0012625791517628063
0.0012560654104988164
0.0012493855482844749
0.001244848917205378
0.001241601956164745
0.0012334170733072612
0.0012225826805356377
0.0012142481821626266
0.0012084384351481634
0.0011955043749283403
0.001187688740257442
0.0011817556800119418
0.0011736737090490823
0.0011688226049182157
0.0011471131528274572
0.0011392323691475565
0.0011302318956722443
0.0011242201568347774
0.0011172241402963945
0.0010998538835297522
0.0010882032287958857
0.0010829032568775983
0.0010824735800657906
0.0010824187597120178
0.0010881501302126245
0.0010856557092486475
0.0010884905453891537
0.001091324211055127
0.0010896861195683505
0.0011043402006666572
0.0011152446186147296
0.0011229628524803228
0.0011257182693252981
0.0011324931031882301
0.0011384006258700937
0.0011406091943892698
0.001143026574115958
0.0011450889193221202
0.0011473523412890477
0.001138839945917891
0.0011368432193528042
0.0011374624885647257
0.0011367784282574826
0.0011318926829756797
0.0011285257619482595
0.0011264820886817302
0.0011229943197483114
0.0011197127078608673
0.0011177034024455713
0.0011147162374160818
0.0011113073082174374
0.001107220302938538
0.0011037672167703851
0.0010990919788105376
0.001090134731235897
0.0010897136553026387
0.0010929827941565681
0.0011000360028115158
0.0011057536554385577
0.001120396582037009
0.0011330284973230613
0.001142891420982664
0.001155599835093642
0.0011618159294673597
0.0011817561780332365
0.0011909332102942834
0.0011981142713526586
0.0012055384541060604
0.001206634254405608
0.0012174619870102526
0.0012231013770514448
0.0012281683558065751
0.0012308838095104534
0.0012297587838524453
0.0012283972557669766
0.001221446140060702
0.001208444004939831
0.0011980480395967208
0.0011909572830418906
0.0011931838011575715
0.0011905590352327615
0.0011881190771778193
0.0011859804945304813
0.0011824219005758232
0.0011968589122883092
0.0011988828726326812
0.0012021974571045132
0.0012028204112763923
0.001202692202228522
0.0012056696463957559
0.0012047840458261838
0.0012042155113307393
0.0012053487968722537
0.001205354541613584
0.0012045614696049895
0.0012084066702454889
0.0012094390751253565
0.0012112391209165552
0.0012125747714728946
0.0012125719572946459
0.0012087028843346978
0.0012070204767622517
0.0012055972693971076
0.001199918026222812
0.0012026605311596054
0.0012018565434647438
0.0012025118980161945
0.0011987145233768727
0.0012002593984866714
0.0012012755717640286
0.0012012377998444179
0.0012017693654681652
0.0011999922850593253
0.0012021666587328705
0.0012108426269865807
0.0012119176134156955
0.0012150057872517537
0.001213956462206119
0.0012151734966346624
0.0012179277611290916
0.0012207354304767089
0.001222329842642742
0.0012203622062089607
0.001219880567646378
0.0012233423901829629
0.0012238295821681182
0.0012188841687564478
0.001213761866709276
0.0012098280287118667
0.0012100004120117263
0.0012030823743905393
0.0011954742720789225
0.0011861630246656693
0.0011782689579291244
0.0011762129425106113
0.001173514410827576
0.001169049390374909
0.0011692124099676269
0.0011650093510681126
0.0011607586519857976
0.0011565151489888043
0.0011523133797059118
0.0011472799884647712
0.0011403223615648532
0.0011290164700750198
0.001121397781683971
0.0011102453320626527
0.0011022717308744017
0.0010942064830346968
0.0010810263067838179
0.0010716646293854675
0.001062880099217776
0.001053644717647978
0.001045386139137522
0.0010418007758146016
0.0010392520761511505
0.001036776916181645
0.0010346429452132368
0.0010319245575175667
0.0010273417809790566
0.0010218170772206571
0.0010203129661959826
0.001018581952686315
0.001017622173088563
0.0010090251057159353
0.001004398401131462
0.0010066602579777953
0.0010111413026774744
0.0010146860694705572
0.001005661907004941
0.001000068937278837
0.0009934130799645554
0.0009891601184994633
0.0009831160381468713
0.0009668885840025963
0.0009553697037154471
0.0009503084938210741
0.0009450036984650995
0.000938280925077789
0.0009297023907596084
0.0009207606979645609
0.000913097984023051
0.0009042774632221955
0.0008982447995451986
0.0009025611740667389
0.0008979289268003508
0.0008948955457305412
0.0008894043330475948
0.0008864899018106229
0.000883315989685176
0.0008817708253134598
0.0008835264666564595
0.0008881450802450332
0.000890456943513134
0.000897087073650586
0.0009019848416299001
0.000903240501658416
0.0009079163587302637
0.0009124277128890132
0.0008975720529952495
0.0008910338063064865
0.0008852052087504907
0.0008818663679873555
0.0008801426464012185
0.0008923312601528915
0.0008933818358333299
0.0008921702428761267
0.0008902052536295857
0.0008894660074115619
0.0008952692015465046
0.0008972782960548669
0.0008963834212809187
0.0008961800620636655
0.0008951432964483572
0.0008960072147007927
0.0008938635539542674
0.0008910755552184626
0.0008847857550966805
0.0008821473620475538
0.0008692302114578799
0.0008646633210813808
0.0008587363932591104
0.0008541737564402703
0.0008520414662851049
0.0008660382542563589
0.0008709266142723509
0.0008762589900460127
0.0008776742620588635
0.0008769229615196706
0.0008738132450937818
0.0008720503773460695
0.0008705697257427896
0.0008707035900998985
0.0008716800277561823
0.0008637111126853749
0.0008594032542502845
0.0008570425506725507
0.0008563351167739677
0.0008510869139835295
0.0008583951793610764
0.0008588585556996901
0.0008583601312615938
0.0008562161446966614
0.0008542168809633169
0.0008561128236686112
0.0008553133042102861
0.0008563969603708171
0.0008558965161885511
0.0008558538790744678
0.0008535666316830768
0.0008519157363567964
0.0008515254839865922
0.0008522327235747409
0.0008499263206858164
0.0008376162640110597
0.0008308235351630372
0.0008255487243587956
0.0008213362252236698
0.0008192568843815831
0.0008281829502089005
0.000827383573942726
0.0008282144455882923
0.0008271441461559902
0.0008309882615633076
0.0008446386108018563
0.0008510652894772899
0.000854733897144514
0.0008588118894582249
0.0008606203534603942
0.0008672324716441476
0.0008664443829019883
0.0008663399822518997
0.0008667271946794571
0.0008649266873247928
0.0008692304315750575
0.0008710217304904839
0.0008710280035092557
0.0008687007996765469
0.0008662541710277183
0.0008618488155310105
0.0008593047415191927
0.0008586391221712099
0.0008572952779029945
0.0008554352513858207
0.0008536351128437695
0.0008521449184753037
0.0008491006465618634
0.0008448606656286742
0.0008395659466050698
0.0008302060972889542
0.0008242790595315223
0.0008177190519661502
0.0008129711559025665
0.0008087795659874184
0.000812364249614298
0.0008097366961731805
0.0008074373680985862
0.0008058836972191283
0.0008062549167701042
0.0008101466765725421
0.0008119437286501169
0.0008117457017822719
0.0008107696677188079
0.0008097046927518432
0.0007984400652601029
0.0007933366421182073
0.0007887014303460718
0.0007852662728361779
0.0007816679341659385
0.0007845585859925944
0.0007830718382327975
0.00078206582233398
0.000781847538207273
0.0007804202960824027
0.0007811118868146142
0.0007810980272540456
0.0007812175880145824
0.0007806493910303158
0.0007787368894482307
0.0007853925822813968
0.0007877867130119959
0.0007893509962716297
0.0007896463766757639
0.000791966260264874
0.0007956999351192035
0.0007962189194954764
0.0007950783716124346
0.000794869103882762
0.0007940376002141218
0.0007968313595251127
0.0007959558727505803
0.0007966435789479871
0.0007957822092233461
0.000794393404148931
0.0007937275415801211
0.0007898170457780705
0.0007861579140790446
0.00078001309056893
0.0007742176247029698
0.0007638665736185458
0.0007553674403087147
0.0007479704997772413
0.0007433679462856665
0.000736289713999339
0.0007244400017221817
0.0007174336257267617
0.0007098329153621912
0.0007047742971223066
0.0006993402967419201
0.0006934631110664135
0.0006889298580402192
0.0006861742587476986
0.0006852723743816535
0.000683233832791253
0.0006845343699608277
0.0006832348406188625
0.0006829870622607579
0.0006816831452057244
0.0006800197468401766
0.0006825799606142757
0.0006826648841228892
0.0006830924045058732
0.0006819367134327786
0.000681045124914171
0.000679720646861886
0.0006793663608477356
0.0006783848831106159
0.0006783415679634154
0.0006788388745691741
0.0006817624448753524
0.0006827644124466502
0.0006838095806274814
0.000684718401471406
0.0006858513832958183
0.0006896164523837701
0.0006917375770273856
0.000694142760043952
0.0006960095682588526
0.0006961260934586288
0.0007069243616215561
0.0007093869491852066
0.0007126241846432157
0.0007134233931578252
0.0007147233884670937
0.0007125353534103245
0.0007106675524723665
0.0007083758303200397
0.0007057127316468573
0.0007013528049802071
0.0006931003758491364
0.0006863301039343012
0.000681308973487483
0.0006775112149662757
0.0006728140650159902
0.0006708372877839557
0.0006675046051917595
0.0006636475014821187
0.0006605552032872702
0.0006574795277413079
0.0006568659502812105
0.0006544187831493125
0.0006528664580375889
0.000651377827118363
0.0006498313380237961
0.0006509328502279565
0.0006526811457121164
0.0006524582910573865
0.0006529606603249523
0.0006530280951652074
0.0006486248895754005
0.0006472621807619283
0.000646166125398485
0.0006455366404532981
0.000644734717733833
0.0006418836531489703
0.0006408078894251044
0.0006391400824880747
0.0006384739350004452
0.0006383648899394857
0.0006352975920497339
0.000633251655772918
0.000632979724761612
0.0006323168332323649
0.0006316851237635945
0.0006296116508596979
0.0006290699491933643
0.0006278039009183945
0.0006272064077804765
0.0006258424633638999
0.000624363497718145
0.0006243184237572621
0.0006238976953619227
0.0006232023103800947
0.0006227838782099683
0.0006231157530780791
0.0006227145806173156
0.0006231989533153238
0.0006227489946762962
0.0006224069697618374
0.0006219778954632613
0.0006211076431653448
0.0006199643441415902
0.0006196180580725089
0.0006189713206653577
0.0006166207306807517
0.000614321836218229
0.000611930617496702
0.0006093795414539964
0.0006078186262475025
0.0006069230479952119
0.000606256724154447
0.0006049856637517515
0.0006043429432538668
0.0006029421402758534
0.0006027542947980899
0.0006021810073678084
0.0006018741556197884
0.0006017809526103255
0.0006012792035641988
0.0005995063500181303
0.0005981909324977409
0.0005969882849291999
0.0005958223423085311
0.0005948932993078906
0.0005916596290208056
0.0005898850502753173
0.0005879719566785716
0.0005869443920587176
0.0005864783945238227
0.0005869656922200873
0.0005866694986646561
0.0005865269098345561
0.000585798697904685
0.0005855959624551329
0.0005863704471236026
0.000586258764591057
0.0005861141125233186
0.0005855178480717052
0.0005848816005955433
0.0005842548321110099
0.0005835192399524987
0.0005831225549576169
0.0005829873815065645
0.0005825199027158701
0.0005810886959073618
0.000579894461456991
0.0005790166367101059
0.0005779914149430613
0.0005773775756892844
0.0005778997987841611
0.0005777556116178221
0.0005776857911045461
0.0005774416791765359
0.0005771241885896335
0.0005788297677368198
0.0005792629002695726
0.0005794448197143123
0.0005795090389837622
0.0005792908369484191
0.0005799663546647325
0.000579759637512636
0.0005795674431992389
0.0005790612513214003
0.0005782699128469774
0.0005765023395451393
0.0005751015327456242
0.0005738327814357052
0.0005725540870916559
0.0005713990698508329
0.0005702398816265433
0.0005691793045725423
0.000568011280134744
0.0005668437198563931
0.0005657423279998064
