7.748583037481506e-07
1.4305020955067571e-06
2.4437611582283496e-06
4.1722415761250505e-06
2.9024564257554328e-05
5.4111960745705727e-05
6.78734150678624e-05
0.00010481150345279124
0.00013691756263859329
0.00016132991132812406
0.00019639943893022888
0.0002288474546468661
0.000264673381493089
0.00030638818471878654
0.0003433937316085326
0.0003958067348587849
0.0004024348499054933
0.0004300615973207966
0.0005069458967675325
0.0005578184739433791
0.0005758857553090639
0.0005951679784873309
0.0006512392521432065
0.0006810604702118567
0.000826694366656494
0.0009093583292728487
0.0008668484619057493
0.0009136817964653139
0.0009223638283138595
0.0010617994363527523
0.0011277450469275958
0.0011291357469909165
0.0012227221937290522
0.0012213352683758236
0.0013388212520794997
0.001267902979396918
0.0013164141126428923
0.0013463757501422796
0.0013262659261059058
0.0014835444692410178
0.0013755445259019778
0.0013754606904006362
0.001404351087416157
0.0013096872043038541
0.001368715509172065
0.0014774949789459928
0.001510105768997288
0.0014343580998770432
0.0015203967966201772
0.001695361751845796
0.0017059294362538765
0.001804465572948592
0.0017648513650558484
0.0017619753810879575
0.0016679155632381617
0.0017167052033376109
0.0017638085731159342
0.001675737321466
0.001856564603684452
0.0017881007273894485
0.0019093712674361574
0.0017718399190448072
0.0017644567714586216
0.001721114096343657
0.0018998233938718064
0.0017699704127607826
0.0016119262719555627
0.001871317744112506
0.00161559845206417
0.002363337843295043
0.0023826307959627776
0.0022637031520387173
0.002447304501881183
0.0026637712332844513
0.003015708204083581
0.0029698422171307655
0.0027914800514043563
0.003059566036535316
0.0031688834819633615
0.0032256478449734062
0.003203375630683476
0.003364248253282659
0.0035332150977919986
0.003799927047504517
0.003930011538983134
0.004121777563339272
0.0045422949197801415
0.004572314877432516
0.004642984787479923
0.004601511385685906
0.004640059010279563
0.00451642063331292
0.004960730235979271
0.0051204477201280876
0.006739885087647729
0.006839939364179491
0.007159403960033814
0.0075310111450462985
0.007867822037572731
0.008212886301907231
0.007891974651437447
0.008755983161907094
0.008751680129945781
0.00863619433201209
0.008877272627860693
0.008254557355500784
0.008043024397458657
0.007768370230156199
0.008177986474520454
0.00903277494909177
0.00958695797876152
0.009471296723097128
0.010074182670483496
0.010564055648826709
0.010123007588219497
0.010714075316325178
0.01084420052290154
0.010923239277226493
0.010989616776249642
0.010564370104976151
0.011300510505113137
0.011064461099215259
0.010587579079992892
0.010635925415246767
0.011926242377248073
0.011868554671313144
0.0117677320676596
0.011292740605100748
0.011095262804884098
0.011470545783914547
0.01045857956968789
0.010615870943315772
0.010491815137813571
0.010723638571282624
0.01124157080478005
0.010268183532720812
0.010342485508583068
0.010515048782976473
0.011268470649785233
0.011363233410247269
0.01168020419507931
0.011508017110618728
0.011136353045141944
0.01081257750072196
0.010082797805889665
0.010368359813402055
0.009971706301873998
0.009641097387252015
0.009913477000723052
0.00992048016673626
0.01042193408671181
0.01026986918433932
0.010258142501551774
0.010667653698623734
0.010704210835224142
0.010508842900490159
0.010226676810466056
0.010405538902596392
0.010328958952782744
0.010839396093161978
0.011225234127587401
0.011157689294500873
0.011368135422450954
0.011346532711992624
0.01138405655072108
0.011428115062615986
0.011622786543740616
0.01168565159292888
0.011601925640886735
0.011344219867051945
0.011198612254533419
0.01135562715101222
0.01121107695922474
0.011117761530608356
0.010973250869078263
0.011146601694464742
0.011246514869356537
0.011438028979451956
0.01112181658397261
0.011298569337296508
0.011133787754738285
0.01096942815957715
0.011117828006741085
0.01100154694071097
0.011235175437092414
0.011101438311455016
0.011102133671928464
0.011140531988676615
0.011403789839165943
0.011668247640907129
0.012051995426365323
0.011563285552400993
0.011655423008521208
0.011915913995317612
0.011966323902670868
0.012019074207700174
0.0122615880314983
0.0120395802662562
0.012364581969399558
0.012359233185760344
0.012324692613472426
0.012328433041066966
0.01263581927054981
0.012415763193076981
0.012532301156052235
0.012691021421365507
0.012686882330284704
0.012474578851966794
0.012315736901050338
0.01180878317672163
0.011487548809926548
0.011605125861471798
0.0115843414436011
0.011531297458720767
0.011376076444370414
0.011367963462563253
0.011119034877251337
0.011222069327644309
0.011259113276974072
0.011401850635211534
0.011399111108662343
0.011198202372680694
0.011097998853653429
0.011010901813631223
0.010845872142589027
0.010713512244785003
0.010682149310755631
0.010554568343185838
0.010458077785007989
0.010436960709068169
0.01027556054660319
0.01019895940802093
0.010074403237733686
0.009968524169070866
0.009998649444431072
0.009705626374464836
0.00965900792464742
0.009642850309405163
0.009648561466879674
0.00971854597574297
0.009706471609360692
0.009793043939173487
0.00973490493277552
0.009688687727892057
0.009618802952932687
0.009501955193215884
0.009405153530666054
0.009347201419186811
0.009250395571211496
0.009123202364357829
0.009097357271783449
0.009007175493918527
0.008918571812651899
0.008912801813402734
0.008889366393780282
0.008828409902008252
0.008796269589241583
0.008700890637190754
0.008589154632023168
0.008446732497529115
0.008370614516939141
0.008290190046196601
0.00823573710407492
0.008154843035222577
0.008094009997995985
0.00796010943210367
0.007847665553033784
0.007819349105164028
0.007769483310129763
0.007827204229848552
0.007747189681789717
0.007684120740974289
0.007634523512532814
0.007538289106427106
0.007526271852189516
0.007512601457553592
0.0074240669455297
0.00733556820117445
0.0072354223089772605
0.007138677723828016
0.007100301769726751
0.006999719367017612
0.007016482496008087
0.006979993691155124
0.006778274846536979
0.006828451255113774
0.0067562973272449495
0.006741314239606204
0.006634704450361442
0.006673904544238075
0.0066673777493037895
0.006613173969096484
0.006504461414427943
0.006454662757651125
0.00635654117567038
0.006280097082881411
0.0062346665828879565
0.00613214587933584
0.0060299112046000095
0.005878559112554974
0.005779048851760546
0.005784119425260496
0.005707858788511503
0.005723423014603124
0.005612325060876541
0.005511489395789437
0.0054927025047031884
0.005477382058621317
0.005435688752417145
0.005543795245662564
0.005444242409275435
0.00539566160458164
0.005398377953245533
0.005397821431853584
0.005636804877838137
0.005559240269026183
0.005594111553656845
0.0055771037516127555
0.005577654828079177
0.005571531945244704
0.005680631538131814
0.005643947089227241
0.005665996377361569
0.005615560461439902
0.005455733508902413
0.005370268780759903
0.005334013799724752
0.005329514531603749
0.005292161958156392
0.005296558219698107
0.005269357688614928
0.005264012377693709
0.0052250918527886265
0.005322837239677064
0.00514539108689737
0.005259756416742022
0.0052726242804667965
0.005143974934360376
0.005133146091569268
0.005097989669377663
0.005024584018079903
0.005061484765601201
0.0050271480752803474
0.005020857835522732
0.004881687370915534
0.004909604286540263
0.004943227923047991
0.0049654544862171145
0.00497210826906329
0.004943337111532021
0.005079080063215146
0.0051734659499898675
0.005193880015696526
0.005242011161378341
0.005234053424504004
0.005217307433718482
0.0052606366482558994
0.0052247778298283795
0.005287767102856105
0.005457881375490422
0.0054801053591695195
0.005468816081864226
0.0054067309201355235
0.005361864401499065
0.005278427957294776
0.0052084165833084966
0.0052427198807889425
0.005271370222133661
0.005275211859687328
0.005163556682312969
0.0051500722203587776
0.005186010871588951
0.005187533113939656
0.005200753686247858
0.005134065122291862
0.005119928297222972
0.005113877702716313
0.005097763702491001
0.005111484437446644
0.005134828054431325
0.0050769608103742175
0.00509259302017365
0.005158858341393448
0.005178962703098147
0.005073233372718498
0.005026525565662357
0.004996880160946635
0.004987221792038815
0.005011486316013119
0.005173719682082926
0.005143619316965883
0.005226586170760326
0.005278664453136888
0.005261669971634167
0.005210542739312363
0.005238748836468928
0.005213550159012674
0.005229244653686369
0.005219805038248611
0.0051074569263931105
0.0051211210672257555
0.005121423745518083
0.0051880209845730964
0.005160747536230527
0.005118286199727672
0.005158469834218289
0.005129419315021663
0.005152282573207426
0.005134138897818976
0.005173919396919408
0.005203884338890465
0.00522800934405985
0.005161818434283271
0.005227260762686453
0.005146060675758533
0.0052220098210515485
0.0052311514051976106
0.005190287622563708
0.005251186664853528
0.005213286632852399
0.005282796821709437
0.005407863877582684
0.005416201597362404
0.005451804606749458
0.005574526683195644
0.005489163331961163
0.0054803217192397205
0.0054368009323599665
0.00543251859428812
0.005420725331572286
0.00544309624565392
0.005413805690115122
0.005415567328081174
0.005418556083090308
0.005483701789813151
0.0054027608560676225
0.005455313772324295
0.005403472250085073
0.005374528008195307
0.005408784937939146
0.005378838195000749
0.00540444159114309
0.005439271661658292
0.0054366007634646185
0.005475747761150102
0.0054965232361227955
0.005477742799190236
0.005440184598157893
0.005477452690428878
0.005389626374043123
0.0053717586928772555
0.0053453701986041135
0.005357583091173292
0.005377721581596813
0.005256726184206546
0.005270081937982438
0.00529756184649341
0.005265611831812141
0.005329916903885498
0.005516105031860621
0.0054279995399235505
0.005407277942602103
0.005378218469760307
0.005410879808744499
0.005512133305680394
0.005385327320273205
0.005382292237711312
0.005402928866662232
0.005403421683069797
0.005285468464771556
0.005243762065012282
0.005231760958364274
0.005257022662238117
0.005208157340370429
0.005397689568690124
0.0053680824033146435
0.005360340978113764
0.0053569868906538105
0.005341286824011655
0.005236539465293619
0.005334664100891873
0.005272293011415229
0.005295404079539858
0.005315124159899907
0.0053515160930992
0.005359473507070381
0.00535953232677963
0.005388170480310593
0.005295880158052551
0.0051846958901857355
0.005319580084344409
0.005362045931859203
0.005367178500067538
0.005398946611677707
0.005319661976893055
0.005502144516124549
0.005539154206122411
0.00555161251915088
0.005506564302785633
0.005544525721074102
0.005615247269165874
0.005599992123617507
0.005573107215189653
0.005543208675959966
0.005735095386365007
0.005695969380544505
0.005774588543478611
0.005711131147593213
0.005702218605590908
0.005745200275119004
0.0056757936610919765
0.00561656717017902
0.005609008938766055
0.00560606659222962
0.005711398472044063
0.005636921359813708
0.00564833486809988
0.005624417400288217
0.005556166418967668
0.0055855034475559085
0.005513495744706613
0.005468228152362759
0.0054837096861759214
0.00549773033707735
0.0054926427285623336
0.005468258501284172
0.005526421450975594
0.005486373216899722
0.005523947802696125
0.0054106412272785275
0.005443726349350702
0.005308306903327209
0.005299291948900343
0.005267589498596301
0.005345954419375862
0.005303529346273032
0.005256373135005068
0.005211142164508228
0.005214655390411597
0.0052136560141794845
0.005106902916436366
0.005139947590122411
0.005101326555911556
0.0050754235837992675
0.004825746528136063
0.004853410603546374
0.0048031035955938325
0.004799087944279443
0.004826926933827864
0.0046684102154790465
0.004673187406766319
0.004650113073636542
0.004569568582206714
0.004644343731655295
0.004446605050355757
0.004531982295608642
0.004458062953090949
0.004492050899433671
0.004548627130875064
0.004742210474403701
0.004698822122332447
0.004789429801504872
0.004842455756693308
0.004944122678371357
0.004835656865867671
0.004881940543958492
0.004844020070826267
0.004841983871502041
0.004827218937245922
0.004888990394702882
0.004998614026722679
0.005164212558269309
0.005122469732720348
0.005162081705560384
0.005280421909140252
0.0052353863480648286
0.005257823851061136
0.005277408812641919
0.0051858922699547
0.005206004819863296
0.005176335561142667
0.005094830451095397
0.005085959353187443
0.005029437402471027
0.005075744279838177
0.005022024953427789
0.005002024442302872
0.004969504022848871
0.00493892572645471
0.004881589272966144
0.004845436314338903
0.0047709687010490135
0.0048290585755041025
0.004838953277629586
0.004837432186195188
0.004889964186816012
0.00498138777456722
0.004937713365561909
0.004935849529371068
0.005052660670291795
0.004917417373789968
0.0048730012971657955
0.004815217908614936
0.004782717905986151
0.004793655840355723
0.0047982180238686075
0.0047920783242995256
0.004749299840067187
0.0047754681809053425
0.004762528794281155
0.004770533221632249
0.00480999737792815
0.004777602671172838
0.004757118569887817
0.004640081040358742
0.004598462453752766
0.004579549821502258
0.004537514675314887
0.004494602066774272
0.004576159015830591
0.004472913943618836
0.004492390765747765
0.004568697921092489
0.004566769518275273
0.004605862430576197
0.004701062377782376
0.004666850665196539
0.00462326445928372
0.004567476671282294
0.004592049519105155
0.00464164893802532
0.004578919162104759
0.004531600352818204
0.004512705516307183
0.004581094627291477
0.004578346334085484
0.004489799643250394
0.004506031604304435
0.004450490796871954
0.004522490671636369
0.004443241426271835
0.004417634050564467
0.00439775100999325
0.004337998276475354
0.004221683816712001
0.004259264234054041
0.004146665136205785
0.0041152502663286145
0.0040725749749142455
0.004101512715957203
0.0038603795373884585
0.0039530064609572335
0.003996873605248862
0.004036854401705812
0.004159564602147115
0.00416983294608941
0.0041783885907788094
0.004155927345932133
0.004227134358462669
0.004181097029861007
0.004172066427986405
0.004232998516670384
0.004272023196185927
0.0042517916136875136
0.004089259732631322
0.004069168889011463
0.003978555114282648
0.004037270134809013
0.004023498572363271
0.0037906102946575495
0.003704979069667036
0.0037141405813149032
0.003638799422535443
0.003659639023922474
0.003745889697092828
0.0036870829225973223
0.003619638441104831
0.0036244481929774584
0.0036708984064725684
0.0037510441548623927
0.0038280738408942084
0.0038195430990195733
0.0038798205750987585
0.0038756329686557237
0.004132765927337034
0.00412962378825296
0.004090087233278106
0.004102120707150637
0.004166320956944681
0.0039674978314064475
0.003955404567617835
0.003994504734354963
0.003915244165578678
0.003871458298167747
0.0037584145063115273
0.0038093956791546615
0.003752928347298018
0.0036961260485543937
0.003747010309938357
0.003640097308241382
0.003692889151521239
0.0036023094168341884
0.003613962503625835
0.003576098101097845
0.00359749812447808
0.0035238610377717203
0.0034941510544796743
0.0035263466625965736
0.0034840463231636484
0.003538344169485673
0.003569261116730869
0.003543233066294757
0.0035423271424676714
0.0035646988178750904
0.003462559453255331
0.003391260430293739
0.0033220475873203775
0.0032714961056570005
0.0032309417695700155
0.0032420170156546003
0.0032191306739944208
0.0031678303707460397
0.003072273106472564
0.002964773772642595
0.003045698289008156
0.0029232086456844534
0.002919810827057632
0.002864802132948137
0.002860141497935986
0.0027999592559540846
0.002780229741456691
0.0027425088640941034
0.0027669932350542666
0.0027365300933556414
0.002528324997210421
0.0025749301049211065
0.0025904161359765767
0.002639448595701739
0.0026898644488446014
0.0027422311460904374
0.0026009245336949655
0.0025802527337018986
0.0025467940865632715
0.002557149655992362
0.002718082771207081
0.0025791682901774647
0.002586270434196171
0.002586713218259536
0.0026110825950143943
0.0026664289308209084
0.0026606591714772956
0.002664254308318324
0.0026710198022836945
0.0026202731116923323
0.002633154951175862
0.0026374547957944113
0.002666284580819143
0.002708516510245267
0.0027778642520409577
0.0027938471698786406
0.0028119903234742156
0.0028543712088970226
0.00284070865296019
0.0027982030252592795
0.0028790237945301523
0.002805072724701615
0.0028208340853749744
0.002800915925400974
0.0028349630001491227
0.00276821375189156
0.002840594779312818
0.0028500237132610667
0.0027758615983727885
0.0028120857632500935
0.00291780499128613
0.0028092043639892732
0.0028585720181670098
0.002849240469864839
0.002899582217318727
0.0029718919439684064
0.002943960827430036
0.0028876612148258894
0.00280932551464651
0.002860521014015836
0.0028563302451717963
0.00287245644832996
0.0029207415107019006
0.002962083787622174
0.0029187642124977003
0.0029948322301925636
0.002919710072673135
0.002892047473137462
0.0029036734251062586
0.0029280786880900925
0.002937595618553649
0.0028946029144349544
0.002930857930383142
0.002903784999521713
0.002833466295155179
0.0028464213268135407
0.0028848768889592146
0.0028904532338921303
0.0028923801054551008
0.002928686492653377
0.0029845132548495497
0.0030934284696801017
0.0030821578757210893
0.003044515574999091
0.003060466886597736
0.0031052478274086817
0.0031122586914371637
0.003170197240445899
0.0031658994684992683
0.0031592049191341677
0.0031208630391347347
0.003111849759830587
0.003043586468484091
0.0030855241488206226
0.0031371730414663066
0.0031211675519667195
0.003048236244259326
0.0030171135440397075
0.0029840426754504734
0.003036930722800013
0.002955808880218864
0.0029520589776893947
0.0029769628373053306
0.0028762029382497873
0.0029008845290379973
0.0028353308497804566
0.0028382518572120517
0.0028236332218096252
0.002790183684320517
0.0028115373531068908
0.0026949559821522044
0.0027291762880518123
0.0027913604272514748
0.0028433433375598303
0.002757577999880019
0.00264308543770614
0.0026703044084005413
0.0026692260364840907
0.002680445121717091
0.0027090380825724424
0.002747220846598691
0.002747122413051507
0.0027607315063143535
0.0027646779045779365
0.0027885474918859228
0.002781213735052662
0.0028036805407220776
0.0028104660745518696
0.002873850760356716
0.002888957133298848
0.002971197496640864
0.0028770163665775192
0.0028325485708627024
0.0027965524445252533
0.0027451988797794875
0.0027086492509410093
0.0027317534209097276
0.0026778297103008256
0.002645334149084571
0.0026426691647458383
0.0025654712490069584
0.002763347469280795
0.0027476499685946155
0.002828851918714669
0.002926232976685793
0.002874761507280993
0.0028706373275141
0.002858598774926292
0.0028443305273991846
0.0028748515185775926
0.00306337166168641
0.0030670192233901304
0.0030055749235961605
0.0030027279631969417
0.0029597140459812613
0.002822958127854079
0.002754493284695855
0.002716661430709595
0.002724243323833881
0.0026657905901885702
0.0025273910701808216
0.0025339118501002656
0.002494852184359495
0.0025227831405285764
0.002498861950142611
0.0024890160063576385
0.00244216482582937
0.00240414661264258
0.002415817991906855
0.0023857826069562014
0.0024301794305160193
0.0024449880606577574
0.0024814049399739693
0.0025179262352984194
0.0025357378879263667
0.0025751603422386753
0.0025219240922752604
0.002542449264483009
0.002515919230528613
0.002546314374815303
0.0024193893680632544
0.0024798349128792533
0.0024807541642190216
0.0024740385984598793
0.002471295307202315
0.002425843456004605
0.0024158796047923257
0.00242197212457315
0.0023426058586228926
0.0022837347569245985
0.002253281872134445
0.002295756923703245
0.00226666105107812
0.002225385116523394
0.002174232704766633
0.0023275288937089295
0.0023034326077107734
0.002273902002045787
0.002250319614803902
0.0022283757970901863
0.002268038008044137
0.002241504800824443
0.00220365724819616
0.0021819299683119293
0.002180825983458076
0.002089517996694708
0.0019273380017015547
0.0019055156409468607
0.001950670135251917
0.0019511412902590902
0.0020236874521443035
0.0019444059217799587
0.0019449904982737946
0.001984788025421977
0.002053143519880824
0.002050926639994665
0.0020484757013327455
0.0020566025417000497
0.0020398908613380416
0.0020451023781629103
0.002128416031736957
0.002088404464951805
0.0020781860501498306
0.0021012212058417468
0.0020575595171627966
0.0020465002507189353
0.002052834379006199
0.002030289695747723
0.00202054031810252
0.0019747656811158316
0.0019175832639838273
0.0019227431299012367
0.0019144668791149827
0.0018766536914479664
0.0018599800298850198
0.0016794297128766157
0.00170669141220166
0.0017065660356183408
0.0017122103634523488
0.0016855179491148356
0.0017371934879326428
0.0017067482754091646
0.001683680966362502
0.0016126642451277707
0.00167070041297582
0.00148978699810141
0.0015835394198559663
0.0016011184975566475
0.0016434422410950109
0.00160815185049688
0.0016689771399059502
0.0016922032563557873
0.001668901416268907
0.0017035663586770374
0.0017164747965365571
0.0017625577268641204
0.0016797657448222325
0.0016919826798035616
0.001635053832945978
0.001644879838642392
0.0017179305404078546
0.0017338333634683123
0.0017114847232300575
0.0017251242739673228
0.001715643166802942
0.001767037177606067
0.001828861486796848
0.0018101757418907858
0.001846782813814925
0.0019025184450484928
0.0019204835929622778
0.0018835305902807201
0.0018197387263162315
0.0018043946803546376
0.0018366081392451104
0.00176368596564263
0.0017498171985542456
0.0017666326519451764
0.0017521413110915844
0.0017325463963806951
0.0017012375981522035
0.0016378972122994126
0.0016152019891502597
0.0015640780712534593
0.001520656717828577
0.001577407186654976
0.0015316712589507132
0.0015709336961855765
0.001547822533275201
0.0015550609271256634
0.0016321606074117877
0.0016987062780290047
0.0017613927698764274
0.0017504455977562841
0.0017019165854342644
0.001763383392996344
0.001846626217762159
0.0018227775276943576
0.0018117431358644685
0.0018121632255264928
0.001754718457181833
0.0017798119377304565
0.0017482121594747254
0.0017191731632517052
0.0016819778177399802
0.0015874322497922027
0.0014974672244011447
0.0015047071391034407
0.0014555843180228533
0.0014547666218758146
0.001585172168935868
0.001556205923271132
0.0015551728291923392
0.0015374068696349535
0.0014643919894774397
0.0014857486549042461
0.0015508170357119726
0.0015587293906878191
0.0015743531223675574
0.0015107414053253314
0.0015582443635850467
0.0015205510163295128
0.00155476102343117
0.0015227165117476522
0.0016002784090081322
0.0018064245515508625
0.0017829847348207399
0.0018050585880375982
0.0018499161121297396
0.0018051138318346896
0.001778767815619522
0.0017169348733789786
0.0017489624531252085
0.001749653714369031
0.0017599171968876281
0.0018426960611757305
0.001796292117894997
0.0017913932140288312
0.0017961715418431312
0.001738653579739917
0.0017407264872169915
0.0017019758238333608
0.001706415244795369
0.0017402447694643802
0.001710177690077558
0.0017170537639404199
0.0016877838096683068
0.0017098556072521
0.0017124205432421003
0.0017330221379432257
0.0019084084496187132
0.001892393638008553
0.001897187179186163
0.0018896794497579303
0.0018802380924789657
0.0019581218511789933
0.001984426355869579
0.0019674760954434566
0.001949211863831421
0.0019314320550296597
0.0019329645347278914
0.0019473152535285285
0.001898730768897575
0.001922823082891417
0.0018802540081393774
0.0018800408775287909
0.0018682267707373376
0.0018320179805942232
0.0018244844015743254
0.0018110485550885478
0.0017886287649693103
0.0017631188226894345
0.0017422467502760928
0.0017074820750086364
0.0017033276317717165
0.0016636397210956937
0.0016798773822383946
0.0016998302745403263
0.0017211814790991365
0.0017634625522524499
0.0016938540199102345
0.0017719366589726234
0.0017994803374791152
0.001821271794105534
0.0018381081813291702
0.0017582519243780116
0.001764062742192639
0.0016877622305960338
0.00166602524206849
0.0017322754779481567
0.0017295066174184016
0.001711281745400795
0.0017146647466731884
0.001697983380459844
0.0016655419758395092
0.001687134925578877
0.0016605500632121916
0.0016893724287765691
0.0017065612053701385
0.0017316468686901822
0.0016940450091456406
0.00161711343816171
0.0016555707577844453
0.00160156494368691
0.0015753365118884193
0.0016406662643249307
0.0014968042149275658
0.0015168060386840897
0.0015445165736932163
0.0015249337772919535
0.0014287342639786875
0.0014100700747187182
0.0014030348947524668
0.0014166213507560439
0.001400662202581879
0.001449832672859212
0.0014378163329210028
0.0014286891825082326
0.001375993344991315
0.0013746954681917497
0.0014472729667431882
0.0013870677058249344
0.0013544166185987527
0.0013385418921663809
0.0012871024716351205
0.0014039187982694123
0.0013220684912086662
0.0013379009946233803
0.0013451044816936318
0.0013924148746021054
0.0014055072353037544
0.001389674733139793
0.001379618122828672
0.001401534427947015
0.001408285481276319
0.0013746225999112258
0.001399188708464497
0.001372113163853869
0.0013496560931886199
0.0013418453405901623
0.001335766631243906
0.0013081868279733735
0.0013063687630942356
0.001270197491006846
0.001249753052899102
0.0013322924755630621
0.001293775249541429
0.0013603507463465193
0.001372395822800622
0.0013884420842739677
0.0013138325944087464
0.0013522174830911265
0.0013659612629259427
0.0013673326544442004
0.0013569053905351203
0.0013482408355939331
0.0013706613287025955
0.0013830426763015962
0.0014196478607387468
0.0013858101250195356
0.0013946551701901398
0.0014176206916462497
0.0014052983493591745
0.0014251565931254133
0.001411089408857177
0.0014809383055324457
0.0014251069123283442
0.0014214971473625745
0.0014246280209594191
0.0014222030987625408
0.0013529247038399812
0.0013624880689964616
0.0013543298722681041
0.0013445813815838954
0.0013161320910778415
0.0012645611985538125
0.0012553455365996863
0.0012509294913809093
0.001280498907982183
0.0012465381350211322
0.0011879628518048876
0.0011709540781414149
0.0011358372479348174
0.0010943163781903004
0.0010717798198568095
0.00112828554470246
0.0011890108685360615
0.0012096313673032278
0.001240297406374255
0.0012673759993330402
0.0012264055869079752
0.0012217756429682997
0.0012168492135917748
0.001232179105464705
0.0012171554186692177
0.0011653321255181942
0.0011536758629293775
0.001162387061231422
0.0011610020791100709
0.0011600411862401655
0.0011721554857158133
0.0011801707627540194
0.0011867639848700637
0.0011615773226900262
0.001139821549510068
0.0011247351508138809
0.001123448809034632
0.0011016887049353802
0.0010727691350167136
0.0010872936261471077
0.0011038993284148283
0.0011081012868244641
0.0011113394970971855
0.0011238716434227888
0.0011495739458984987
0.0012051382097995824
0.0011377850281655442
0.001147748862042416
0.0011119230100169225
0.0011366132162565826
0.0011363437825133449
0.0010856047033958626
0.0011178563986637318
0.001090969705963524
0.0011051628501346053
0.0010904963004096557
0.001091229315470109
0.0010904055045513304
0.0010827540487765865
0.0010998964955062445
0.001155016947655903
0.001221483044124316
0.0012582134518251658
0.0012442558204978466
0.0012434781313559963
0.0012523931686579197
0.0012415402370038332
0.0012186318977573584
0.0011988212568295692
0.001216641031670313
0.0011584243177633663
0.0011489351621538388
0.001163409177651309
0.0011974278258162063
0.0011857191819880455
0.0011615591022358489
0.0011630176910864807
0.001200217748011038
0.001210708418651548
0.00119490049122514
0.0011273684780267526
0.0011518994200976364
0.001146992559003792
0.0011300659590237029
0.0011729376696312944
0.0011768623778226092
0.0011988415029968106
0.0011912316810159048
0.0011909242995176079
0.0011964804018644757
0.0011675274665087915
0.0011885201200482727
0.0011731691764371146
0.0011637673738974924
0.0012003058821321673
0.0011736053224710964
0.001216193566313749
0.001190913539653562
0.0012274057751412327
0.0012195195621952338
0.0012894517753599514
0.0013006740101518853
0.0013384869097341062
0.0013323285047911974
0.0013581611973216877
0.0012914593467156003
0.001301516860447349
0.001266964992077876
0.001265805187073618
0.0012675331379055992
0.0012535516808796473
0.001236054789043599
0.0012208595524649038
0.0011944829948652013
0.0011922037092228937
0.0012056840715907106
0.0012326206298249145
0.001232736497881014
0.0012216654361243543
0.0012105499986713691
0.0012223384193905413
0.0012686578852569425
0.0012667330009112452
0.0012375802745061807
0.0012346324280398534
0.0011631625044603343
0.001200316392654453
0.0012169077497108487
0.0012151306912213597
0.0012055654513755073
0.0011840072029500276
0.001162009107175981
0.001152533996702319
0.0011105339750064737
0.001090670307279683
0.0010748314668835924
0.0010760025040232755
0.0010744326050663724
0.0010659946873345291
0.0010705277480017813
0.0010260946265884475
0.001033536426526684
0.001016514518040346
0.0010241571062633403
0.0010201312670204007
0.0009792898845902296
0.00098650485992247
0.0009751736122315002
0.0009564654228920081
0.0009526154624561732
0.0009440096107101499
0.0009537041888295571
0.0009464595834298755
0.0009538611544988104
0.0009621054154676532
0.0009792276874824378
0.0009615723127257536
0.0009683774080789572
0.0009980196272303692
0.0009869758036905654
0.0009906400562780721
0.0010080867569555638
0.0010182502865424257
0.001020777121448419
0.001019763843606637
0.0010570730863793888
0.0010155234199697779
0.0010192462084569153
0.0010091564606785747
0.0010128361624699284
0.0011304637025273897
0.0011298183260346462
0.0011330324431019388
0.0011380660200336233
0.0011292469684125344
0.001098345135741681
0.0011054301512851404
0.0011141761501520043
0.0011043102250888088
0.001102665744756499
0.0010750975060801016
0.0010745589713527226
0.0010641336834517413
0.001060428212073202
0.0010592364378742953
0.0010359473860314108
0.0010536654660263304
0.0010619392170802217
0.001065398422393506
0.0010743252576637804
0.0010537233426097213
0.0010088876352203125
0.0010167811132204077
0.0010166035863896819
0.0010178395958497307
0.0010195804510939367
0.0010462120610236778
0.0010232077698541797
0.001000305466345483
0.0009835740262526193
0.0010109590685680686
0.0009999963619425865
0.0009973667803572083
0.0010076396832589222
0.0010095617023516362
0.0009709158307632563
0.0009961816264957906
0.000981925275333983
0.0009637536161298462
0.0009659942106069239
0.0009824963317026855
0.0009603739813410707
0.0009508909761596539
0.0009404005525388731
0.0009306142511794647
0.0009516556913581718
0.0009371006473323909
0.000923032016693799
0.0009322443886352332
0.0009355936794640679
0.0009396675678782626
0.0009522942145485768
0.0009506974666591319
0.0009648537837502239
0.0009621451400286179
0.0009759864610632337
0.0009705206195582057
0.000977902914925263
0.000989229150021078
0.0009865222239773958
0.0010188198238090718
0.0010312957023164808
0.0010369366201170868
0.0010396992840874136
0.001038952107212581
0.0010253171115761311
0.001031545190616395
0.0010223344457230307
0.0010174600701641967
0.0010163457979265138
0.0010111791867964597
0.0010076692478851092
0.0009997402212854592
0.00100508268577247
0.0010003273788025072
0.000994213633231463
0.00099516080393783
0.0009986887772062592
0.0009993404235841992
0.0009942902250074555
0.0009812014339471754
0.000990355636668051
0.0009902461778404676
0.000981557089776825
0.0009826746236748182
0.0009695793382367223
0.0009763919012578433
0.0009699909561399782
0.0009694085868240943
0.0009644767871867533
0.0009589099375191631
0.0009542828003171163
0.0009471226250342701
0.0009506564693698486
0.000948843047017934
0.0009561355434365634
0.0009616040301689913
0.000964188750481801
0.0009705885097320291
0.000968247025702296
0.0009733478965802896
0.0009839145291300555
0.0009850943591992298
0.0009882678985351687
0.0009873803692585445
0.0009839829731684915
0.0009827574368493546
0.0009811718180974703
0.0009757714430718908
0.0009762442536713914
0.0009649817212168218
0.0009701492055557254
0.0009677431092171751
0.0009678040109727883
0.0009694442828932199
0.0009693872460845688
0.0009830594634482458
0.0009883478709850678
0.0009944535373642516
0.000999147452860634
0.0010025560101803773
0.0010063128274280019
0.0010050780916216182
0.0010079566661382842
0.0010057902484239705
0.0009974571767149502
0.0010022103559545774
0.0009969311516541386
0.00099599308069152
0.0009938254179624525
0.000992832322258688
0.0009903708952207547
0.000985029245696718
0.0009802771385438596
0.0009762305411207037
