-6966.979212454747
-2992.8242119602073
-1514.114753749672
-934.1853135984314
-670.0230763005675
-575.8192742394954
-440.02386600572436
-362.74716508128444
-266.83543302002823
-208.48150351532806
-167.91762192486462
-139.58833727302132
-118.39452098382887
-103.36922676357943
-93.02434954820994
-84.2107550215162
-77.01594906746314
-71.39512564619692
-66.47664995224527
-63.50977172238081
-60.52330923394902
-57.43085103353055
-55.13988219362333
-52.84583256084718
-51.4039423417876
-49.30265895687507
-47.33255613981366
-45.97717811758342
-44.491540552726924
-43.258396552875524
-42.1707640055198
-41.09324892096017
-40.46307062117874
-39.9201123924791
-38.933135089590856
-38.059302654787516
-37.115151805909214
-36.307479992165774
-35.472704784201674
-34.86488712669127
-34.247110266468
-33.6747671091365
-33.258042994006395
-32.61318718493377
-32.50309350224138
-31.648424679630956
-31.241376794188668
-30.618425787116728
-30.011850392302026
-29.156648395826313
-28.335280261779165
-27.50832224223246
-27.156109054518048
-26.044632821843365
-26.562380843719737
-25.69620032328613
-24.817483788162573
-24.062320436340368
-23.2793885524598
-22.63889847019568
-22.087686164109993
-21.441141915858672
-21.280292782273143
-20.53750173556022
-21.07888328258888
-20.262628514007407
-20.14509383578464
-19.65085331824047
-19.551483639699754
-19.274822410851133
-18.921447076542293
-18.68369286935305
-18.24249873985787
-18.55416518206914
-18.952636254216003
-18.8614663808376
-18.66974782190714
-18.337234226177937
-17.937841053040938
-17.581237290738404
-17.124172455564874
-16.786297890185132
-16.347503713053314
-16.243259547891107
-16.08273920480549
-15.936580927062172
-15.788458402631802
-15.557555064450048
-15.283964353058078
-15.075167928186005
-14.861228228470397
-14.774695201621306
-14.65462932355822
-14.329857044610518
-14.620575296063967
-14.343032827735387
-14.759270547146308
-14.665564049991628
-14.49978594678973
-14.242257788872914
-14.103171723888229
-13.90858463023548
-13.717523788858237
-13.499893658946013
-13.427659434613583
-13.280202864509418
-13.007594590279837
-13.023676243576366
-12.783952425064536
-12.559058071384008
-12.468238333056215
-12.17938932785038
-12.254642769287205
-12.28478286469215
-12.171893264742023
-12.114838439497499
-11.939952696856777
-11.680697722359612
-11.549880162263008
-11.357797733066535
-11.35966937989176
-11.16887773738865
-11.064651147642197
-11.011194726833347
-10.944317233829295
-10.859803525396355
-10.790880611172424
-10.767752578984624
-10.723354592815253
-10.758416078241096
-10.695326925756591
-10.75564456367458
-10.55597944791171
-10.562102246502763
-10.479396078128955
-10.498339168608194
-10.430332157686415
-10.480723692805592
-10.425302046671153
-10.515842711448343
-10.464397542798435
-10.504369845381527
-10.495250301578281
-10.497780626610487
-10.478319614843903
-10.526140888562074
-10.503940567611386
-10.479072132167227
-10.497667797059215
-10.447779207072125
-10.464771036884786
-10.42212254847202
-10.46033567746818
-10.390226657947988
-10.460995279660501
-10.469703237855304
-10.457098391141573
-10.473893825208897
-10.468484302959746
-10.451764218045138
-10.422908725365069
-10.388635260874482
-10.366322197772924
-10.316541996167134
-10.289077612309002
-10.213926888784822
-10.231238281321863
-10.230528973401873
-10.211430112776807
-10.199668126575563
-10.157991961319171
-10.132279212516353
-10.088362012757715
-10.063873038557745
-10.075444565997232
-10.041693451069042
-9.998335639471383
-9.97799346336956
-9.918263095216034
-9.916795988055494
-9.838653251156028
-9.84970119542001
-9.780807232906179
-9.788802396102275
-9.756754325223653
-9.757246542178322
-9.748445309729435
-9.728924568180615
-9.726739165114106
-9.708267637976402
-9.702263781269112
-9.692990831760882
-9.680304434092996
-9.665628940258552
-9.680189904209179
-9.673960206050298
-9.677108808560952
-9.659997141702803
-9.646357153390433
-9.625108092433997
-9.601672379363805
-9.582775584829568
-9.575650727618116
-9.57071757420549
-9.530377242515607
-9.511597082507981
-9.491507618751458
-9.480513092482566
-9.464197365927674
-9.451755416013185
-9.441933088745168
-9.428592648769904
-9.421519618919646
-9.413320748045571
-9.405921289624006
-9.401061321861388
-9.397550040576082
-9.390837803729925
-9.382358176823367
-9.357690009915515
-9.351177817195227
-9.347877030342836
-9.341453308112634
-9.333620575094718
-9.322416295905848
-9.315260618419417
-9.311582310966084
-9.309148355559632
-9.30792187586178
-9.31801833978388
-9.31987884904927
-9.319976674153695
-9.318912936400315
-9.316665102703494
-9.311601175206825
-9.308614919158368
-9.30606835364312
-9.30479614733461
-9.303677159347462
-9.302820927568437
-9.301764424097955
-9.300718124199742
-9.300726980777117
-9.299151882367951
-9.295319859263637
-9.292981709374446
-9.289541296881422
-9.286248003989407
-9.281759508065296
-9.27374529233904
-9.26871140959341
-9.265383425951047
-9.263388661214494
-9.261414514381322
-9.268410166066502
-9.26856188481129
-9.267597785705195
-9.265235107164196
-9.263497384512936
-9.262679276891742
-9.261243271010247
-9.260770189226983
-9.259670543175364
-9.256905023554204
-9.252555499611365
-9.250519162147294
-9.248289968100867
-9.244686771779644
-9.241790276508112
-9.238328673603196
-9.236010369676215
-9.232643640295555
-9.229428714689258
-9.226470955326723
-9.222206577230557
-9.220340247072665
-9.21856059167071
-9.215112018320514
-9.213445191074586
-9.21337892162244
-9.21049658000301
-9.206181870837021
-9.201826772247005
-9.197829825653871
-9.19517577976521
-9.193291168609793
-9.189771763264941
-9.187100761179392
-9.184492846669752
-9.181228292335696
-9.180393370934304
-9.178564409894935
-9.177548874828032
-9.173264972348292
-9.169442361470498
-9.166207850639987
-9.162437316669765
-9.15819219502064
-9.155023538086192
-9.151101434213237
-9.149376258685582
-9.147750260282612
-9.14564631804563
-9.143363591950408
-9.138251126593405
-9.13511227107893
-9.132599963510334
-9.131001262657986
-9.129274057000357
-9.128614925355
-9.12714448763404
-9.12316207763543
-9.12052964981435
-9.116106292526233
-9.108705685083427
-9.105121288775097
-9.1035555269724
-9.100953480468105
-9.09786137675007
-9.093620836073605
-9.089107234004143
-9.086329583311239
-9.083809183238582
-9.081059043348368
-9.077724160877962
-9.07506834716072
-9.073387521740816
-9.072239227974455
-9.069560303998136
-9.071015403647161
-9.067168090750208
-9.061252444708847
-9.055657252910486
-9.048608004502467
-9.047040667213091
-9.041561352442347
-9.035500391313759
-9.028730768466362
-9.021616073984127
-9.017014441485976
-9.012878023617976
-9.00910167169138
-9.006041554024577
-9.00317749874148
-8.99776464004164
-8.993019622629175
-8.985716165131656
-8.980031165783974
-8.975961597003339
-8.979036385509689
-8.977443545096882
-8.975416173550082
-8.971576372174047
-8.968361547293203
-8.967816017815094
-8.969265419547817
-8.968025987342614
-8.965275548360227
-8.961933665031117
-8.959400636033044
-8.955180390941113
-8.951519906865945
-8.948408592895202
-8.945721380338679
-8.933012065382814
-8.930096284925114
-8.927619979728735
-8.922517635580663
-8.918113212155605
-8.91175408220443
-8.912202341575048
-8.908925294878138
-8.90602318455032
-8.902263814738607
-8.899050827930289
-8.897452802709553
-8.894222026336243
-8.890085199591683
-8.888320529123629
-8.889759517136568
-8.888965639711088
-8.886960845663962
-8.882840867390023
-8.879774076788891
-8.877385103850136
-8.875424846787089
-8.87183530434443
-8.868223501519877
-8.865001844201453
-8.864085679176824
-8.86021091796361
-8.857490057345684
-8.855685107735285
-8.852975049985345
-8.845426546016984
-8.840503712265535
-8.837550042458897
-8.83431067570828
-8.83126032955804
-8.830239358684533
-8.827501966885823
-8.825365307765715
-8.821007458394167
-8.817919519702523
-8.8143365591712
-8.811703418782406
-8.807881258092129
-8.804931483756478
-8.799627460486654
-8.798750517990019
-8.794151662936837
-8.787717976087396
-8.783680594119687
-8.77906097896532
-8.767851436122273
-8.767354619990101
-8.76260082295666
-8.758306686059544
-8.754403187463826
-8.749919149298323
-8.7466134731231
-8.74294244954161
-8.739470000001118
-8.736400779171584
-8.731625839544723
-8.731866853245382
-8.730030800913124
-8.726980876330986
-8.723064344062628
-8.719938514027241
-8.721615533841872
-8.719569714596007
-8.714382583263665
-8.711264913461093
-8.706111906285187
-8.702897400607176
-8.701159744421043
-8.698931753292166
-8.697786235197274
-8.693887151555801
-8.695964485684463
-8.693401583605693
-8.689796342789144
-8.68776445619756
-8.691276169611362
-8.691098293105217
-8.68978281305971
-8.687308547540692
-8.686782187106202
-8.685293270584395
-8.690559874363741
-8.688108351164587
-8.686221128147482
-8.685060613147357
-8.682060352870835
-8.679782350956694
-8.676165273810032
-8.67344361244111
-8.667575608630045
-8.663412501029747
-8.660490529415494
-8.654442564852832
-8.651192339549304
-8.645412745116806
-8.64456435613551
-8.640782586867164
-8.637794692391894
-8.634755427641648
-8.63009378144318
-8.622804326436455
-8.61850253363948
-8.61855671922481
-8.614199332887651
-8.612799747801253
-8.608479476659245
-8.60760133994456
-8.602289874135968
-8.598680306064406
-8.596093089406834
-8.588870375837896
-8.589062030938248
-8.583839422033924
-8.581667329663457
-8.576660812209118
-8.577087292359678
-8.576678699045422
-8.570595830768495
-8.568995174361993
-8.565864204027223
-8.56980153720296
-8.568291375600154
-8.566443632011786
-8.562674528164388
-8.558334079960604
-8.560487810168862
-8.557502694442007
-8.554326733647734
-8.54863277568248
-8.544092593637467
-8.536939242924618
-8.529107933202427
-8.522583823030889
-8.517317310508613
-8.51182827043946
-8.501040637860418
-8.49663862622115
-8.491706805602211
-8.487544933556505
-8.484579139525204
-8.489360638774532
-8.486105094076613
-8.485399179729077
-8.483035314239396
-8.482069327562332
-8.48085041722021
-8.483668988379204
-8.479129441153395
-8.479130361274798
-8.478311532218713
-8.474482616206032
-8.474094768241692
-8.472436245664142
-8.468092249893548
-8.467281056552658
-8.463617024042149
-8.464404592178685
-8.459217958018694
-8.457198174676027
-8.454487724582613
-8.449629371619254
-8.450672066181989
-8.444813106520416
-8.441219555829042
-8.438343453634005
-8.43178361871053
-8.43069645895576
-8.426870431727439
-8.423349339075882
-8.419598926165355
-8.41857114121083
-8.413845473305356
-8.412009397595524
-8.406355843126944
-8.404942511586802
-8.402708193242722
-8.401821845152625
-8.395212210916455
-8.389097508644932
-8.38438417042193
-8.382706615189907
-8.378194491697574
-8.37738156783945
-8.37441865101098
-8.37075651108957
-8.372708296722372
-8.362846576153238
-8.359636343522856
-8.353847519038471
-8.348780284272848
-8.342304576414433
-8.338069831287138
-8.332674252231238
-8.3280720167028
-8.322277171199389
-8.319741969913455
-8.309832220086136
-8.307757704388823
-8.302594470188085
-8.3014962684922
-8.302416268318796
-8.297706397369613
-8.294136560218504
-8.290747487059953
-8.288671937072516
-8.286107957723813
-8.284684698057523
-8.282091581634491
-8.278664977533733
-8.274166000865145
-8.272703922659339
-8.271306277171986
-8.265712545102629
-8.262539742595614
-8.256811274311412
-8.254367242627314
-8.260400569094225
-8.255768764047817
-8.254702971369158
-8.253062084130038
-8.250155949938907
-8.250691709819666
-8.24643716863043
-8.243559179356964
-8.238230463426458
-8.234194407686852
-8.233027475762569
-8.225747050349655
-8.220099734704256
-8.216117704891314
-8.208000521028653
-8.205905864907383
-8.200467340968423
-8.19655159427949
-8.192182625916452
-8.191262848982742
-8.191856257517646
-8.18796159836897
-8.18698186413134
-8.186094128875482
-8.185240883711673
-8.18226492244888
-8.182241788372474
-8.177817874118306
-8.175173176913317
-8.171406305328174
-8.167923800316924
-8.16527099214824
-8.160341247226699
-8.156999299833565
-8.15128523599224
-8.150439231360505
-8.14471142906372
-8.1416214905029
-8.13809736080155
-8.133884453580972
-8.132103349989805
-8.128274588076172
-8.126053935103576
-8.122362577962578
-8.12269356506003
-8.122356667723839
-8.119411906026667
-8.117913758696897
-8.117633760956714
-8.112208824692503
-8.116685960172553
-8.11190648228894
-8.109746106005979
-8.109487712491385
-8.105374151868594
-8.102392958726465
-8.097240090956882
-8.096383454835358
-8.094305124875872
-8.095151257151507
-8.090078790572631
-8.088537859713263
-8.08484034647101
-8.080936438523675
-8.081965353014583
-8.079236921422552
-8.076468590902113
-8.075676437691707
-8.073870675686093
-8.071870594088372
-8.07348943273231
-8.07070920013068
-8.06756269394637
-8.063890153683952
-8.063155381187968
-8.058259209714983
-8.052648572653194
-8.049433206976419
-8.045318202279955
-8.04077131675094
-8.037223153566801
-8.03364508120099
-8.031127467229092
-8.027482243910669
-8.024207831951673
-8.021377438364063
-8.01757734260591
-8.013444703865979
-8.009738330046561
-8.010896203511718
-8.007979988127994
-8.003441585890974
-7.9997477335177285
-7.995235834871336
-7.990836074254715
-7.9867423789428456
-7.98437155607674
-7.982333203047823
-7.980512697846418
-7.9750325560469735
-7.972179804055106
-7.968992605412771
-7.965736491213869
-7.963391106560693
-7.9646687599409125
-7.961530557088178
-7.958238388249811
-7.955915237776978
-7.953767510586921
-7.952273208382863
-7.9500053059638525
-7.94768938425724
-7.9450088380541475
-7.943796438579966
-7.944518502695023
-7.942859727743241
-7.939350642106137
-7.938238357465896
-7.937172340893665
-7.935702804217269
-7.931231442530259
-7.928488774900977
-7.925116961641491
-7.922368078192409
-7.922396995421388
-7.918738233314628
-7.91406953293322
-7.910800472033169
-7.9058251499875345
-7.905326042440636
-7.906220321493668
-7.9000484798116215
-7.8987619291964295
-7.8956443220005355
-7.894985358275156
-7.8943623956704085
-7.89121956948957
-7.890736647638595
-7.887082383876007
-7.882608373707882
-7.881100941712204
-7.876904478488224
-7.874200835981846
-7.872173925220868
-7.867283493492237
-7.8668343858740535
-7.863218048187781
-7.860300012141964
-7.857309079427202
-7.855566472609416
-7.852136444477406
-7.850325935128847
-7.847163689375068
-7.842967854393674
-7.843498485498682
-7.839321511581884
-7.837994121990515
-7.83535954782277
-7.833792376619752
-7.831136295143064
-7.828234958671832
-7.826825864052633
-7.823183546000789
-7.821257967561307
-7.818495373620044
-7.8191072020587
-7.816102964286479
-7.8134799582972425
-7.8101170221230145
-7.812982286156244
-7.808122184515887
-7.807279601608275
-7.804229100796712
-7.802858243896915
-7.798467575736193
-7.799758252510434
-7.797650419900048
-7.794816605584741
-7.793714906920333
-7.793681479860463
-7.794105947079527
-7.792271585505324
-7.7903549786674615
-7.787192736416859
-7.787291299350434
-7.783491836247403
-7.7813346664528895
-7.779951699599588
-7.777510046236777
-7.776131533909767
-7.774157884682734
-7.7711324340540875
-7.7673633891840606
-7.763621140042333
-7.759656703506364
-7.755359151139084
-7.751833017752489
-7.7496810602397685
-7.746263757583592
-7.744043512539439
-7.745039087419667
-7.743183241129845
-7.742005570208175
-7.7408719688602226
-7.741364331368331
-7.7373168545730024
-7.734840630094922
-7.732812884879677
-7.7288324434562305
-7.7249744732311
-7.72210622605098
-7.717552100823736
-7.714365656206245
-7.711048669124148
-7.705502881928502
-7.700579732854764
-7.698368150008424
-7.6943609506774715
-7.691440433146188
-7.68813329316282
-7.6851615654622005
-7.680903828089274
-7.677689478810754
-7.674794416190306
-7.672579535730014
-7.672229220936706
-7.670146826769934
-7.668385394201785
-7.666254690897003
-7.666656364279839
-7.664279281143826
-7.662888758303566
-7.659754792571235
-7.658880864444392
-7.6542862639793325
-7.6548209167489505
-7.649506953827743
-7.648764141776924
-7.644346942447222
-7.638483692547845
-7.638404541215028
-7.634278996744222
-7.631657325014579
-7.627501834953106
-7.627408019927653
-7.626506470958672
-7.624170582402077
-7.622158802697645
-7.619092974780109
-7.616913835539775
-7.613435293847116
-7.611593036198186
-7.60832974275909
-7.607831934537137
-7.606287069722545
-7.60614268729233
-7.603690504214053
-7.601210323706336
-7.5993096764436565
-7.598474608988488
-7.596632197973917
-7.597240080054946
-7.596479319492209
-7.5945050074645435
-7.595624199727737
-7.593789074610213
-7.592690343373434
-7.592711739401248
-7.590617713834463
-7.590743072075171
-7.586780805923616
-7.584177663028444
-7.580556119326647
-7.578959089575842
-7.572836765448297
-7.569938083884662
-7.564222795943669
-7.5616519381292076
-7.558975331334043
-7.557317941397587
-7.559168387390372
-7.556327656111982
-7.553494170477629
-7.551403473251403
-7.54871442523083
-7.544627620222663
-7.5439159615105185
-7.540662398292857
-7.539401478429273
-7.538404973484852
-7.538599162175565
-7.537274223137369
-7.5349846748940585
-7.53250553703851
-7.532891138106088
-7.528896163898936
-7.52748253485683
-7.525436650762891
-7.524834407111008
-7.523876523775804
-7.523114448935201
-7.5207618290079346
-7.518790498339772
-7.516964827796591
-7.511098165990412
-7.510506877883647
-7.506344506420015
-7.503546934279323
-7.501645833649354
-7.501467947422512
-7.50092569855538
-7.499305180248595
-7.498370335226132
-7.49637836017076
-7.496119459572664
-7.493994274086371
-7.492219417144504
-7.490593323003591
-7.488876778625688
-7.487764424394565
-7.486352569386878
-7.484702493214045
-7.483103309311951
-7.480874480692479
-7.48050850946299
-7.482449066675247
-7.480903845885035
-7.478951204606223
-7.4782175270824975
-7.478665590097401
-7.474795839406709
-7.473015769178425
-7.471518021755404
-7.470107287073563
-7.467336655563366
-7.4692532479636595
-7.467691347271115
-7.466985565367815
-7.466595266039006
-7.469131156321164
-7.467089033640597
-7.468549312397942
-7.467589289665094
-7.466837146921202
-7.4659439066667295
-7.464681463532583
-7.4599685512674485
-7.45756058751016
-7.4549464825079
-7.4544699652239155
-7.452726573504478
-7.4492997601054265
-7.4464977016408245
-7.443798446843047
-7.442960338155623
-7.440426597598484
-7.437297064691538
-7.436034382883054
-7.433065514977978
-7.431450858176761
-7.429091638941243
-7.426195360595714
-7.423786576247817
-7.420326420894219
-7.419050474755027
-7.414748889454879
-7.413789985436595
-7.4116852063624075
-7.409618159257645
-7.410638536186708
-7.409345544125678
-7.4069195912071875
-7.40525451214458
-7.404095997149688
-7.4028950609108035
-7.404647492088089
-7.4014974990373625
-7.400321235374381
-7.398476278272469
-7.397654647103092
-7.397488661942602
-7.3961813514912125
-7.393994897823517
-7.391788059221996
-7.388154369501289
-7.388862096108289
-7.387043100168734
-7.385490258053637
-7.384492845596147
-7.386816836132939
-7.386218420605112
-7.385043517973139
-7.384476096392597
-7.3849541764424345
-7.38404273716699
-7.384274414032414
-7.382911776630648
-7.382166829686849
-7.381719096842664
-7.382116613953545
-7.382055937520607
-7.381021104601811
-7.378941856352767
-7.376610282394648
-7.37395866373371
-7.372530962890387
-7.371757508001537
-7.370353601324486
-7.367313289871439
-7.366172864808414
-7.364229677409626
-7.362380471166326
-7.361271393127067
-7.359325245438374
-7.357526303840847
-7.356452624690289
-7.354254292241363
-7.351874651104784
-7.3498560357291005
-7.349977715974909
-7.349042402636423
-7.347287172607509
-7.345650865134007
-7.343345109682445
-7.342972458800219
-7.341976838378208
-7.340589767702284
-7.339170132330646
-7.33748920558759
-7.335400664284655
-7.3347967795172355
-7.332799916815552
-7.331207198845804
-7.329261788454384
-7.327889138673161
-7.325947549200459
-7.323871064012742
-7.322022856720906
-7.319794307531281
-7.31884403723175
-7.317458154616063
-7.31607896187634
-7.3145948380877295
-7.3135706165985965
-7.314139517050603
-7.312383809633704
-7.311389624930827
-7.310099572192834
-7.309183952093994
-7.306724743579613
-7.306667349919099
-7.305669254381085
-7.30479844923918
-7.303674563817478
-7.303843875580326
-7.302411117866967
-7.299999430104514
-7.299760053841212
-7.298306401897966
-7.297726330060443
-7.297807439143164
-7.296162436062856
-7.294474591815549
-7.2938699369496725
-7.292019825615958
-7.290735238051162
-7.288838441631226
-7.287305539581671
-7.285942444347303
-7.285178219779734
-7.283929312526172
-7.281953939156265
-7.27953607508837
-7.277899975773594
-7.277070341607401
-7.277115071958449
-7.275676521253317
-7.274917835283252
-7.273581036386556
-7.269850892799159
-7.269210413233612
-7.267006457122296
-7.265111177766715
-7.263121691783949
-7.261068518421806
-7.260417441958895
-7.258568077308913
-7.2574576973304135
-7.2561171994221265
-7.2557809732204115
-7.2556900155751425
-7.254445135708324
-7.253380455737715
-7.25268161376705
-7.249784001567659
-7.2483219434454265
-7.2464451328232995
-7.243992359689771
-7.241428498876583
-7.238433250512262
-7.235527579540946
-7.233197356444128
-7.231092136791306
-7.228815595424567
-7.226282513455215
-7.2252347686563825
-7.22412120475848
-7.222550641286057
-7.2210328119933065
-7.219730417147407
-7.217419689630309
-7.21575808092566
-7.213988006650334
-7.212557659198094
-7.213661667017177
-7.211782126029187
-7.211186443430989
-7.21073325812264
-7.210598844065484
-7.207766667881227
-7.20853335734421
-7.207666272232141
-7.207054650556607
-7.2065182374315
-7.2060776008911
-7.2046610171835725
-7.203820101074768
-7.203622188856894
-7.203361200444534
-7.203668013201617
-7.202312124875391
-7.200219534598446
-7.198689189730758
-7.1976010308036225
-7.198884841248344
-7.198118213400821
-7.197329871168218
-7.196848596558335
-7.196283214268873
-7.197231091928433
-7.196495967870803
-7.195409134453657
-7.194536591833615
-7.194769779161987
-7.192150602946938
-7.1919374442279915
-7.190556190731406
-7.189462550899245
-7.188854676018593
-7.187851477376707
-7.1884413269058784
-7.187036295407431
-7.186041534713103
-7.184795332929668
-7.18334946137608
-7.183384461898854
-7.182794781646595
-7.181667857068343
-7.180949767437672
-7.177695085192561
-7.177440587135117
-7.176718728415781
-7.175836214472267
-7.175248431676755
-7.174726624512298
-7.173742513037659
-7.172447902147105
-7.171110979361603
-7.170206814938363
-7.168099299529681
-7.165690724977394
-7.164116560628221
-7.162506976917712
-7.160916491700125
-7.159757057783306
-7.1604217014755
-7.160244538577945
-7.159658651140003
-7.158640629169977
-7.158390103725349
-7.15746488554597
-7.1561348527658595
-7.155031346763932
-7.154000885173058
-7.152465897301314
-7.151720251470829
-7.15069336088535
-7.149187264719596
-7.147911962736549
-7.1459495408279725
-7.144964813824031
-7.143332477028323
-7.141408466563335
-7.140121583907874
-7.138426243478432
-7.137929339758376
-7.136375820806999
-7.134387156535431
-7.132620963939688
-7.133514370944513
-7.132397647153326
-7.131350914058496
-7.130261544394399
-7.129294796135185
-7.1276351509136555
-7.127133247447035
-7.125603268231463
-7.124147343431443
-7.122621892101894
-7.1217539298916215
-7.121170430253346
-7.120668138969494
-7.120957564313341
-7.120178246099135
-7.120954968465787
-7.121684476089437
-7.121681230617792
-7.12125480137312
-7.120802465743663
-7.119089692438372
-7.119083206227121
-7.1185455404144
-7.117742111645898
-7.116439762232593
-7.115513692221321
-7.11479646144693
-7.113334587816997
-7.112381487430766
-7.1113328541911125
-7.1116810697002215
-7.111352270515081
-7.11089989770994
-7.110327233581561
-7.109685441724323
-7.108371811895416
-7.108275459346202
-7.108064656837698
-7.107100039247842
-7.106008371829416
-7.106226161459138
-7.104723232489655
-7.103817000984425
-7.102614001644733
-7.102121425471975
-7.101327508104027
-7.100511184715765
-7.099604092117251
-7.098508922201607
-7.097859590565441
-7.099811167521177
-7.099478949598298
-7.0997569783981
-7.099745366550774
-7.099980191290347
-7.101384302800924
-7.10105580967962
-7.1008906065504895
-7.100133738942094
-7.10020987007247
-7.098945530716106
-7.099553776553548
-7.099391868489789
-7.098864912102665
-7.098418640583788
-7.096594154440243
-7.096034747328195
-7.095354297210381
-7.094501985607455
-7.093644726792493
-7.09181432595518
-7.092199899921333
-7.092544312784894
-7.092504397804819
-7.091648908908715
-7.089746202436661
-7.089180799354021
-7.088827066270812
-7.087920384507054
-7.087439487196652
-7.085963771383933
-7.0846903679758775
-7.083545852052523
-7.082723339237935
-7.0815820259325575
-7.079092697666513
-7.078334698503856
-7.077774960694441
-7.077153133612125
-7.076691000969254
-7.079081794666648
-7.078583499282423
-7.077513395370281
-7.0766128097377194
-7.075495248540659
-7.075062800960411
-7.074205109512974
-7.073176026175515
-7.071818888170378
-7.070437319092765
-7.070521132124882
-7.070253065366865
-7.069326824078212
-7.0686476494299555
-7.06776466174112
-7.067447581698093
-7.066995663957522
-7.066564893780579
-7.066230028620459
-7.0657277903823354
-7.064979038465677
-7.064492307069164
-7.063936672110817
-7.0631927690640675
-7.062673726104977
-7.061870094230717
-7.061340397222678
-7.060707417801498
-7.060138343679819
-7.059408633990359
-7.058380662686523
-7.058240392052964
-7.058313077048917
-7.058028083926959
-7.0571107791259
-7.056461988935198
-7.0564409594222575
-7.0564817440463825
-7.0560401481226895
-7.055459721541993
-7.0535833863680475
-7.053248477005601
-7.053222373239303
-7.052843572036424
-7.052137009628768
-7.050640328871133
-7.049748476949344
-7.049227592235821
-7.048426381423728
-7.047861827967221
-7.047355841146003
-7.046741253882659
-7.046217636391345
-7.0455930828379945
-7.044892418537169
-7.044927353165704
-7.0450118328812
-7.045220817724674
-7.044851767769204
-7.044675196440424
-7.043818506560034
-7.043709926947895
-7.043782947955853
-7.04368198887573
-7.043500396808656
-7.042431352246991
-7.042074018397126
-7.041719893806168
-7.0415092129197605
-7.04116466261543
-7.040665346606025
-7.039804557607611
-7.039155140609905
-7.038442441908646
-7.037855398190266
-7.036903403738576
-7.036056839453505
-7.0354277510915715
-7.034876678508634
-7.034399785377201
-7.033551923950593
-7.032839726366216
-7.032327033406311
-7.031756196614194
-7.031349326296566
-7.03143664441823
-7.030992483472196
-7.030586334121686
-7.030344691197359
-7.030087252221702
-7.031044995302866
-7.031393617826381
-7.0314676492005574
-7.031572055070014
-7.031513207744128
-7.031630270598129
-7.03207767644558
-7.032072613543258
-7.032102358198798
-7.03212261002315
-7.031776446444764
-7.031765055900717
-7.0316910182639
-7.031792266706048
-7.031688487090204
-7.031603061046529
-7.0315878744116205
-7.031510676698441
-7.031318955284333
-7.031153184800237
-7.031163307964484
-7.03080268821563
-7.030256767658119
-7.0299209073339775
-7.029840583913867
-7.030366830564631
-7.030498404538267
-7.030461082574244
-7.030340895891256
-7.029887386313438
-7.030187189437669
-7.029753937873008
-7.029329592856053
-7.029089933287761
-7.0289792780521365
-7.0286681974266605
-7.028371684821263
-7.028168755646398
-7.027831830592627
-7.027707309246137
-7.027707309246137
-7.027438686851345
-7.027298379318083
-7.027031052093312
-7.026779542920597
-7.0263694572797855
-7.0260737703716645
-7.025795165096969
-7.025675137888663
-7.025586067716588
-7.025075063357465
-7.024874219202472
-7.024874850769865
-7.024866008836696
-7.024867271968644
-7.024118314448092
-7.023860068490097
-7.023670026748277
-7.023495146922645
-7.023433278167304
-7.023310806498788
-7.023345527414301
-7.023424439862661
-7.023519768465214
-7.023560804753114
-7.023315225505333
-7.023292499245198
-7.0233783547774165
-7.023500828801763
-7.023474313444533
-7.023332901587121
-7.0232874489851405
-7.0233493151713065
-7.023322169669711
-7.023244522067901
-7.023096806980068
-7.022956041546077
-7.022777410128469
-7.022515475895817
-7.022235890552265
-7.021774591852213
-7.021481184407641
-7.021259094432756
-7.021165088988047
-7.021086227301599
-7.021532292327898
-7.0216774176387355
-7.021705812422981
-7.021601068357808
-7.021402946563578
-7.021548697497077
-7.02145531525013
-7.021283069378559
-7.021049636080788
-7.020828204244424
-7.020695099520259
-7.020572723326706
-7.020406828391734
-7.020204358885966
-7.02007380063192
-7.019973520053164
-7.019856214332874
-7.019753417381814
-7.019700443441451
-7.019689091986821
-7.019710533654164
-7.0196935064370365
-7.019702965991909
-7.019702335354125
-7.019714948131348
-7.019883963719145
-7.0198745036764505
-7.019889009085673
-7.019865674326274
-7.019848015692551
-7.0199236961768845
-7.019950184731918
-7.0199382017894045
-7.0199117133248015
-7.019817113297311
-7.019907298600136
-7.019926849565811
-7.019936940429414
-7.019930002957571
-7.019919912113913
-7.020049203243644
-7.020088306864783
-7.020068754999759
-7.020074431336449
-7.020087676157759
-7.020114165950314
-7.020116688798127
-7.020091460401599
-7.020059925160931
-7.020018929771625
