-2189.8068380669547
-1105.403597873913
-693.8536198057423
-489.17560380545234
-334.0302721938213
-290.2146328526355
-230.357408642801
-140.94720523642874
-104.5349154540056
-83.40204182930228
-72.32856843943863
-60.881376650990575
-50.66791592266684
-43.754905851724985
-38.77093334623745
-35.18495524392031
-32.381278478881214
-30.19862751603091
-28.464843631007746
-27.072806816107587
-25.941166619692627
-24.907631839311243
-24.170779277918484
-23.137795726318306
-22.49518602041723
-21.9014451734377
-21.443341769103544
-21.036204655016423
-20.713151766430173
-20.093750065181187
-19.34393889513536
-18.71084707635708
-18.155755689062985
-17.637081225857035
-17.128418052423854
-16.797864082264883
-16.455848234962435
-16.180757435001844
-15.937754530158225
-15.765887720096696
-15.467363858515276
-15.298880483016676
-15.056392089326634
-14.942959747393495
-14.598134565055238
-14.119302884695914
-13.714349553323329
-13.367169274898613
-13.083834505186532
-12.825346181142958
-12.824206352501635
-12.494767321891707
-12.49381203076566
-12.290338885519215
-12.170135048021058
-11.986850029329336
-12.090246050236763
-11.670616989727376
-11.695476584553962
-11.477909642388305
-11.386269882499011
-11.238301993995593
-11.131262466609899
-11.198214358266181
-11.04385614674652
-11.105383682185224
-10.96822859338765
-10.953254249045232
-10.969422790276257
-10.82513840325171
-10.791143295756527
-10.502173832014984
-10.61454579148453
-10.394640194696487
-10.337745275685588
-10.25167974872078
-10.261667945577248
-10.369176637643353
-10.316286762917358
-10.245195350604268
-10.022093763350858
-9.496440976272519
-9.232869262671747
-9.055251061556348
-8.978430711888405
-8.805394478462773
-8.778332609564236
-8.518670524987218
-8.416508575528956
-8.124030514658786
-7.985587030790819
-7.730127003615367
-7.658068016275986
-7.47712201471418
-7.424203281985806
-7.178857122458222
-7.08563799252649
-6.840837608878029
-6.48760097990497
-6.009893618057861
-5.747710583060076
-5.61544073619226
-5.436663488067785
-5.3131488005593805
-5.199193276384872
-5.090336833481452
-5.019332548192431
-4.8696464634550845
-4.832335872862151
-4.780934497879338
-4.709431859618071
-4.665027304057736
-4.655294290582928
-4.609724363973828
-4.56541375482063
-4.51732724978258
-4.434761206084489
-4.393600317181697
-4.279855716838626
-4.26262172678586
-4.209958113858386
-4.1835710326484765
-4.1297661535883785
-4.109672822322387
-4.024771046078539
-4.0319700965740415
-3.956812144972599
-3.989941605299283
-3.834258533156481
-3.8343637621033997
-3.6968440324886296
-3.590803937015477
-3.537176166863039
-3.4677916144255545
-3.4253785165868
-3.3249888912650927
-3.2696845662150285
-3.212723744936886
-3.1654867643797795
-3.1139531487388026
-3.037707237006485
-2.988420791901361
-2.9598269531414134
-2.8890352486134447
-2.880581579260621
-2.8121249539341515
-2.8057440946773293
-2.7454955862135306
-2.761898219295842
-2.736372166060759
-2.7305933538759626
-2.7155749636098983
-2.731243645277357
-2.6505082859146265
-2.6452266436818643
-2.63288313637021
-2.5923186073598363
-2.561563732251127
-2.5500972816598004
-2.5556004257412575
-2.53704717546645
-2.5152044889784664
-2.501584795538574
-2.5159236720722236
-2.5286043514675143
-2.535434226636759
-2.556499508882772
-2.530392679932774
-2.551927997632967
-2.5093691739115074
-2.482766474995425
-2.407398367079917
-2.395071164415718
-2.3986137325577173
-2.363169914799305
-2.3336497380018004
-2.323836783971613
-2.294307681476358
-2.296027908022358
-2.247339704179726
-2.312379320724959
-2.2810476965784114
-2.2993295465508115
-2.28927371650591
-2.2946888752151593
-2.290530913670484
-2.2905767653477933
-2.2856936261144676
-2.259193509928604
-2.253685669937045
-2.182139120752207
-2.1380496747507696
-2.086293876429685
-2.0585156423679214
-2.0401067094175547
-2.026767732789447
-1.998359158957543
-1.9687664099822675
-1.9588760258878117
-1.9304423553035124
-1.9105259002640853
-1.9132100666644727
-1.9276973094939531
-1.920270257135498
-1.931457057283484
-1.9234458422254956
-1.944734107401072
-1.927733752946882
-1.96111125414856
-1.944614320819352
-1.9474586328241268
-1.9469947211839183
-1.9595511914590058
-1.9644535336529143
-1.961694217145538
-1.9624290431522087
-1.9843589419046974
-1.9797390003966022
-1.985670125175967
-2.0055865372383472
-2.0075303998872718
-2.021290355635631
-2.0248101255687425
-2.039665884053756
-2.041694369554137
-1.9976091766036137
-1.9814467341304762
-1.9851459114989227
-1.9684666504185955
-1.9751477716739207
-1.9676328306579074
-1.9722946665731795
-1.9696435315679746
-1.9760585379865765
-1.9868420721819255
-1.9833411070023648
-1.9832087407277048
-1.9863537488780312
-1.9963784754466336
-2.014816845030563
-2.0199233349228676
-2.036244827599812
-2.028322164338623
-2.0398820769423187
-2.0471433284019778
-2.0622869471553917
-2.0742627191910374
-2.070902947368231
-2.073148892807574
-2.0727191568148156
-2.078704729688407
-2.055997670192003
-2.048048567054047
-2.0463864275394346
-2.0520176682396403
-2.048636737762396
-2.058805575305153
-2.0646263218749477
-2.067190664562653
-2.0750121215060258
-2.0922266575679935
-2.073245433740726
-2.1023456823788167
-2.0947384211941915
-2.093602675762493
-2.0912712307188746
-2.0962574469455513
-2.1103126663532823
-2.123843015630711
-2.1321338801785688
-2.143857704904246
-2.1533567752776785
-2.1701974135661284
-2.1776561127969742
-2.183143778881331
-2.1969849045408005
-2.194617815241568
-2.1991704304800708
-2.1942266837566433
-2.196895008776909
-2.1945793433533813
-2.1961433025562003
-2.1972303898931016
-2.1930761872632996
-2.1925209708813624
-2.194382624533964
-2.2023351806739537
-2.2125432707976525
-2.215434516567832
-2.2328762720526507
-2.242594634400576
-2.242130751464049
-2.24975049931275
-2.2569056478759935
-2.25297448898
-2.2458711320365623
-2.2234503501501046
-2.2137673873811567
-2.206326857201886
-2.2009106445287
-2.187309213159868
-2.176887341841672
-2.174159134449676
-2.1669380315490487
-2.1637702548039273
-2.174757268194351
-2.1643843589082583
-2.173878598028327
-2.188186658193657
-2.199408370276851
-2.216828560385596
-2.2316937620312833
-2.243389626679368
-2.245224675107439
-2.2395938298670157
-2.2371798036202595
-2.241535123373387
-2.240808754465099
-2.228999621245943
-2.230750977445148
-2.2344747781581002
-2.2327771067003157
-2.229642468379419
-2.211924174519452
-2.2153233094457425
-2.2218810430067686
-2.223249594375457
-2.225314201608218
-2.2370230641125466
-2.2424204321057553
-2.2517367160157553
-2.261321200561391
-2.275438032615303
-2.277972927044121
-2.2824724114012565
-2.2796253757501708
-2.2814345818359136
-2.285554803290528
-2.296430944497533
-2.2937120986875845
-2.2943407784780847
-2.2931600769990537
-2.28165010089957
-2.2753862334686517
-2.267739368153536
-2.2575991583888118
-2.2508129846844867
-2.249598797566952
-2.246923966132929
-2.2502349611097316
-2.2503829437183747
-2.2439482089513167
-2.2504676570019333
-2.253914459622927
-2.2549151315170572
-2.253414757856144
-2.2518919147077128
-2.2569731265505517
-2.255566175633735
-2.234360861685029
-2.237319739893371
-2.2395924414553936
-2.2423140547457785
-2.2455275183635277
-2.2522471074520016
-2.2628513607554757
-2.2695804676241464
-2.2724183803419096
-2.2710826683277547
-2.273766499911974
-2.276001628685017
-2.2804678203098483
-2.2831390556397713
-2.2873682646183275
-2.296463894241479
-2.297175255280221
-2.297101804065768
-2.2937971927338894
-2.2893164091161626
-2.286711762118103
-2.2852379703154657
-2.28332273455806
-2.282366732016717
-2.283289954672264
-2.285727921254754
-2.288917523253755
-2.291978928251263
-2.297121418419023
-2.3021371792278438
-2.3064983469379863
-2.3068909681874614
-2.309338076167714
-2.311035303862819
-2.309206698872445
-2.306825101166785
-2.3042980618924194
-2.303315187254851
-2.304202739015559
-2.304906508408902
-2.305165988726037
-2.3060823058882494
-2.3080584694817725
-2.3074567797957215
-2.307703567292714
-2.3072117290935292
-2.3076705048133714
-2.309545400121705
-2.3097704826036107
-2.3108241225830577
-2.312530937665605
-2.3137016158265844
-2.315337639794181
-2.3176627212589915
-2.3195983627556727
-2.3214892881243965
-2.322405620674971
-2.323507968341086
-2.3237949295410183
-2.324812675677601
-2.3262380345253275
-2.326677007572771
-2.3270979437174164
-2.325277623248907
-2.324556659821194
-2.3246536742196757
-2.3248785052279457
-2.325795590663343
-2.3273236761729867
-2.3278586270165618
-2.3283811751819883
-2.3291431268231397
-2.3292879389968855
-2.3300318064047705
-2.331145705179603
-2.3317858300731507
-2.3322157148987497
-2.332859655771345
-2.333813203267939
-2.3352535051600847
-2.335912502654529
-2.3364615556466966
-2.3370702614321703
-2.3375803155319232
-2.3378791926950195
-2.337548336095792
-2.337885244504286
-2.33758506930659
-2.337407896229112
-2.3376330402965686
-2.3347826199354524
-2.3338784665488785
-2.3334440928907587
-2.333066058864042
-2.3334703617652104
-2.3338261264000835
-2.333781972956112
-2.333909484041167
-2.3348164638660855
-2.3350538300828325
-2.3348994610976708
-2.3346748432545734
-2.3348707886596456
-2.3348265956794614
-2.3348061165729708
-2.334956161300119
-2.334448760111238
-2.334457595713082
-2.3351987312757627
-2.3348653991822497
-2.335201750241848
-2.3345780682743995
-2.3341783368470024
-2.3342535319278634
-2.334344677446214
-2.3344713880057455
-2.334234140182678
-2.334427210143339
-2.334104439238513
-2.3343849733603705
-2.334178767750569
-2.3336723504089845
-2.3327776642619242
-2.3326388728746252
-2.3321387153699202
-2.332067742653904
-2.329478474885816
-2.3280847214068334
-2.326657313375106
-2.3254007853404586
-2.324196666154431
-2.3243528277539856
-2.324126176000194
-2.3233145657340195
-2.3233805239323315
-2.3249969223097193
-2.325381112741987
-2.326816803144894
-2.327446412478132
-2.3277677730161574
-2.3281816018269557
-2.328576923207962
-2.328482368299752
-2.3282810626810497
-2.3265986608919262
-2.325134378200849
-2.324351118621541
-2.323637561832527
-2.3235022042217417
-2.322192569595873
-2.321970602999457
-2.3223516610996073
-2.3218305364111598
-2.32060796345201
-2.320771949505821
-2.3211445182365944
-2.3207715235379984
-2.3205694194448867
-2.3207630042143785
-2.3204819016196443
-2.32043527072975
-2.321050352922863
-2.3219663389269845
-2.322526772255291
-2.3228565904129677
-2.322019001319669
-2.321355033038739
-2.320898042855129
-2.319828601229532
-2.319069115266086
-2.3188473200881607
-2.3181889893345664
-2.318037054555188
-2.3171315964701966
-2.3168178354660593
-2.3165387487569133
-2.3158482186806495
-2.3157763253928354
-2.3151182533415042
-2.314126975600565
-2.3141445523153608
-2.3147787632328867
-2.315750453384459
-2.3155451943309533
-2.316356688882917
-2.3157771736651926
-2.3149042061558665
-2.314359518077582
-2.313030335681163
-2.3101182126219406
-2.308686608413162
-2.3074106709201216
-2.3059033576569123
-2.305585062469919
-2.3051605253804857
-2.304733203898219
-2.303819847288465
-2.3033563071986034
-2.3048817190149173
-2.304532413326263
-2.30532611827863
-2.306134670846395
-2.3074862567548258
-2.3076079624595205
-2.307769273885462
-2.3076138585636334
-2.306935793582396
-2.3052347030138636
-2.30465044706005
-2.3040591397041212
-2.3035474502914526
-2.303145897646189
-2.3027776161439335
-2.3027455334133933
-2.3025369126282387
-2.3020223365698658
-2.3006179084272813
-2.300774685427058
-2.3005377490049175
-2.300140801513525
-2.2999267954820017
-2.2991016866819667
-2.2997439909815274
-2.300264662884105
-2.3010166956096056
-2.3032407135433504
-2.304475501024284
-2.3054503285659065
-2.3053467139826496
-2.3066794915823947
-2.3073313005967733
-2.3076294412695435
-2.308629701507444
-2.3099707099803926
-2.3087618562957295
-2.30866911451016
-2.3083989411466264
-2.3080953350169904
-2.3075283680028527
-2.307204572037509
-2.306985882234667
-2.3068177360787963
-2.3078941688459667
-2.3077600073444717
-2.3078651027072747
-2.308921642574967
-2.3097506516442774
-2.3110541008672505
-2.3120465521368243
-2.313696323633754
-2.3149690519159214
-2.3165606063534687
-2.3161458068104093
-2.315819800151377
-2.315549010799519
-2.315026695641491
-2.314562872201723
-2.3140744588145625
-2.3137640655303686
-2.3130504345669043
-2.3129110189620925
-2.3130409139985386
-2.313070533801944
-2.313099096473678
-2.312162608574882
-2.3119571395488885
-2.312085447714183
-2.3120108285475403
-2.3118275775504444
-2.3120317552499365
-2.3128682879537577
-2.3136959002593738
-2.314275856704234
-2.3146401985111664
-2.3144497520599283
-2.315503214007031
-2.315114014399217
-2.3153467553000384
-2.3149228542375884
-2.3128355003793266
-2.3129442317769104
-2.3123304776603812
-2.312944020227301
-2.3130512808434407
-2.313651023453703
-2.3138182619038097
-2.3145539747112713
-2.315248820366258
-2.3136857393207237
-2.3131634179617198
-2.312319060098679
-2.3116631625134834
-2.3109797594455084
-2.3107143235697136
-2.309670909309446
-2.308469955631149
-2.3087580621674193
-2.3099886456332275
-2.310456336955467
-2.3107745005828515
-2.3112752526314213
-2.312156689203182
-2.3120818540461876
-2.3120332349301025
-2.311642876417707
-2.311596600094244
-2.308496086689486
-2.307717045263114
-2.307201625027348
-2.3067781758394887
-2.3064697366808122
-2.307272565862519
-2.3071346878241075
-2.3069040157752694
-2.3068474071487417
-2.305734528327623
-2.30708585558535
-2.308339941337174
-2.3094464789632783
-2.3096211258817188
-2.310495179046371
-2.3112708165067324
-2.311983560988579
-2.312696110682194
-2.3140856819596873
-2.3158950895698576
-2.3166026250277687
-2.3167885441209086
-2.3176340457714297
-2.318516088561305
-2.3185103491828665
-2.3179399542263788
-2.3187059292017467
-2.316682210027758
-2.316444320191748
-2.3160365620841152
-2.31462303797999
-2.314735539429266
-2.3143506221504997
-2.314431535243126
-2.314615834869884
-2.3150692945038154
-2.3181613633478126
-2.320043985793242
-2.3209289292949427
-2.3222693402542904
-2.323285750220907
-2.324495335513066
-2.3254435530072257
-2.3265656969257256
-2.3263574461868677
-2.3270531879299003
-2.327274842290418
-2.328358022061029
-2.3295555134463752
-2.3302480162231403
-2.3305052873226364
-2.3307570298871414
-2.331563745588362
-2.3316912293798056
-2.3337496666165247
-2.334549188208925
-2.3356540364005474
-2.3366375057542275
-2.3376702083632033
-2.3375768582534002
-2.338359544419404
-2.3390888802064835
-2.3400429806320657
-2.3381400973397217
-2.336958170105091
-2.3362122484213512
-2.336291675597372
-2.3362543355185803
-2.336262537283304
-2.3365658271742737
-2.3370035236821587
-2.3373346581324954
-2.3372272937620444
-2.337024905264769
-2.3366072793107917
-2.3368737307538483
-2.3371704832065774
-2.3373757054679425
-2.337851095419558
-2.3386783025004823
-2.3391825674981543
-2.3356561936450686
-2.334234571106848
-2.333659428979792
-2.3341611008347827
-2.333394571211363
-2.333143334902404
-2.3330591709976782
-2.33347488351638
-2.3338097571235386
-2.3334957699277727
-2.3337173611713524
-2.333582980118199
-2.3342427586963166
-2.33471019290929
-2.3346632039683777
-2.334106378183041
-2.3340118045312575
-2.3335237626118643
-2.3337638812957486
-2.333674288635705
-2.332962314684026
-2.333199949845102
-2.3328278053665668
-2.3327748667530472
-2.3327806769712955
-2.3323135847663767
-2.3318653865979333
-2.3286674115124253
-2.328327795068328
-2.3279021280227012
-2.3284789378805453
-2.327647145291464
-2.3280487148103943
-2.3280975811754865
-2.3282821345037745
-2.3273791522364764
-2.327449839855686
-2.3282969257581563
-2.329953018958722
-2.3311686988787748
-2.3320247309889397
-2.3325429120536723
-2.3326638325882856
-2.3341098252034898
-2.334166271611721
-2.3326535043661254
-2.332134198795652
-2.3320174191636807
-2.331888824555303
-2.3329250809524247
-2.333652322254728
-2.3338295725928266
-2.334341660695781
-2.3345284984520767
-2.3369296630433527
-2.3382832197288526
-2.339229305765781
-2.3412739840196957
-2.3429488132711653
-2.344136374814757
-2.3443991126807884
-2.3440561960789474
-2.3436340987801025
-2.342082357859609
-2.341157587735057
-2.3404730996816028
-2.340068532129872
-2.34038537374827
-2.339620162719207
-2.3401293815874014
-2.341296744422546
-2.3417555150676117
-2.3420153335543077
-2.3418188377995417
-2.3420780196007573
-2.3416488283472
-2.3414040494253663
-2.3404200301212765
-2.3396056601560145
-2.3404239290274687
-2.340188501706821
-2.339269121318801
-2.3390027724095397
-2.3391334510537023
-2.3385991455046518
-2.338893956800185
-2.3399199947887057
-2.340068532129872
-2.3405931107455737
-2.341467786749668
-2.3421847454339906
-2.3422320376324905
-2.3431457158164184
-2.3423485407820293
-2.343040639116338
-2.342904748104605
-2.3427812442300637
-2.342498037590448
-2.3427156991324853
-2.3408229857892073
-2.3408095516981144
-2.3400815246308952
-2.3398777755170004
-2.3386458604607117
-2.336910874678363
-2.33591789696699
-2.3349024792900064
-2.3340609215532897
-2.333272498483588
-2.3334499064431586
-2.333760650671629
-2.3338821282932427
-2.334416866300069
-2.334639494670293
-2.336420756277878
-2.3370663736916955
-2.337769617139756
-2.3377212083316037
-2.3375900391825972
-2.337275682116485
-2.336896837591349
-2.335544885029759
-2.3339917705500435
-2.3320176342167103
-2.32976197616141
-2.327809556404411
-2.3259551762470494
-2.325267574140052
-2.3253496800417617
-2.3245367878269105
-2.324163343003175
-2.3234595079319287
-2.3230836348243247
-2.322910786831791
-2.3223388647302
-2.321444747811179
-2.320485734378877
-2.320621379622289
-2.3201210401814905
-2.320430160609187
-2.31978923189262
-2.3197300739962854
-2.320377783171068
-2.3200043963024455
-2.320591779072083
-2.321204600551493
-2.32273775121376
-2.323039673513092
-2.3235212045752265
-2.323674286175299
-2.322905452426391
-2.323468900981053
-2.3230488497658963
-2.322586286199645
-2.3222563315355464
-2.322038403855977
-2.322274671738504
-2.322934045125617
-2.323913236262416
-2.3243581688090758
-2.325153619046831
-2.324892398304262
-2.327400572273716
-2.327322819420543
-2.326861121633898
-2.3267729145176537
-2.327429704157108
-2.3278674128030366
-2.3279460592601375
-2.327789414481275
-2.3279593461073005
-2.328305286115504
-2.3276482165306214
-2.3277782722905624
-2.3279278436677853
-2.327847269878661
-2.327508321040721
-2.327454980940944
-2.3264787964012004
-2.3260461027596553
-2.323699054410756
-2.322841014744702
-2.3230240953894485
-2.3231978139630685
-2.3232144615787145
-2.323916653242011
-2.3230740314832365
-2.323281267871998
-2.3225534358317232
-2.319817535118738
-2.318710606519202
-2.317319936338371
-2.3162049941797678
-2.3162648210464747
-2.316008563153255
-2.3162643967315732
-2.316741212570618
-2.316695156371514
-2.3193264763595827
-2.320703370700315
-2.3220160163428623
-2.32326227144241
-2.3233060277296897
-2.323490462585615
-2.323746243630954
-2.323167507377889
-2.3225498095493595
-2.3219501355944185
-2.321448583751756
-2.321198208668018
-2.320926586156899
-2.3211195913805738
-2.3204716809902557
-2.3208528862295847
-2.3210667567379035
-2.3219296685502044
-2.32159286694439
-2.3221998199410017
-2.321691126178027
-2.32135545922079
-2.3207819597946737
-2.3200314276901657
-2.3187548293623026
-2.3185452110305294
-2.3183908915344316
-2.3205585592100033
-2.3209072021963633
-2.3209289292949427
-2.320535561401097
-2.3216342158035266
-2.3217433497629663
-2.3224755799046535
-2.322919321931391
-2.3227403113555973
-2.3233762546799275
-2.3248861998343138
-2.326217277834877
-2.326843351215749
-2.327253210392157
-2.327753417018731
-2.3282709875956695
-2.328377745060939
-2.327718920495172
-2.3281584526748698
-2.328192104834807
-2.3278511270074076
-2.327482400445907
-2.3266705855151595
-2.325016802172008
-2.323462710099234
-2.3225120542233406
-2.3221923563511138
-2.322041602107377
-2.321748252505857
-2.321467763644799
-2.321078047810253
-2.320314124346454
-2.320311782449621
-2.319780719779252
-2.3201476485485983
-2.319130791646319
-2.3167494901461545
-2.3160030482921314
-2.314855044471434
-2.3139107826733354
-2.313710930144767
-2.3137941272676947
-2.313660549045211
-2.3130347785626757
-2.3133225443813883
-2.312627585337798
-2.312812866918689
-2.3140210974251785
-2.3148789893413735
-2.3157322160865874
-2.316239362427569
-2.3155984140002817
-2.315006774323483
-2.3145781252016477
-2.3146562999816753
-2.3151481383251182
-2.314866275189457
-2.3149739260904334
-2.3144069641770493
-2.3143658723530827
-2.314995542242142
-2.3156338244583057
-2.3153844900180536
-2.312910595875063
-2.3129457126252615
-2.3138730959748015
-2.3151729370887506
-2.3168571040110764
-2.3189279099770395
-2.3211907515151227
-2.3232353781519555
-2.3252102744981573
-2.32942440072255
-2.3319410778444
-2.3334350496446032
-2.3338142801901514
-2.334426994645669
-2.3344894906371936
-2.334289946186604
-2.3332445118274077
-2.3333428986564475
-2.3352591120806188
-2.3357627664854053
-2.3352657972902904
-2.335171776567416
-2.33530892859534
-2.3346269935979236
-2.334766021678394
-2.334830475971701
-2.335313241813473
-2.3340654455935
-2.334014820429181
-2.333830649530146
-2.333603007082235
-2.33375763543052
-2.335042618240108
-2.335023213382136
-2.3349001078525142
-2.33470545082027
-2.3358911414218597
-2.3365429427706914
-2.3369337662896936
-2.337553305815605
-2.3385917923945345
-2.3390337099083736
-2.3392743147517283
-2.338845068789022
-2.339292924742417
-2.336962057485578
-2.336375857032121
-2.3369182172218217
-2.337133547026616
-2.337969973123921
-2.3380640031435274
-2.3384687427957993
-2.338546593409825
-2.3388015904607866
-2.3355023920970384
-2.3338315110807173
-2.3326057375282994
-2.332383066602879
-2.3320819368515253
-2.331761104150986
-2.3313926425474736
-2.3318582907954966
-2.33169036940871
-2.329973198341944
-2.3289412779711487
-2.3290729798442165
-2.3283543776302302
-2.327451767759996
-2.327249141070097
-2.3266568852440765
-2.326182184891512
-2.32548846075044
-2.325562669250931
-2.3253727733713534
-2.325154901781219
-2.324734027076751
-2.324404743849726
-2.3237451759803474
-2.3226436699158124
-2.321991070765328
-2.32080304557925
-2.3225043753242
-2.323151714118726
-2.3230085174747357
-2.3233999492288735
-2.323272303226068
-2.3232462634564213
-2.323171135589379
-2.3230590931104707
-2.3213311670936205
-2.3203498920855323
-2.319394335617489
-2.31879990438055
-2.3184916432577767
-2.318952364481146
-2.3186247169706657
-2.3181569007501865
-2.317905747952005
-2.3183305297178505
-2.319542618722631
-2.3191231350897374
-2.31881011028837
-2.317580520093124
-2.317825653979743
-2.317397446979935
-2.3170324489992256
-2.3165143451315995
-2.3165790689165613
-2.319273085189296
-2.3201391338047217
-2.321044814024693
-2.322840588017004
-2.3241392056762646
-2.325074092278791
-2.3259513253987234
-2.3271442003116514
-2.328622595335721
-2.3286779189039613
-2.3288955933417785
-2.32837581562229
-2.3289657296359003
-2.3293102523994333
-2.3297926696893776
-2.331075222647747
-2.331749493898894
-2.3320868833549313
-2.331817221999382
-2.3320806464627832
-2.3326887928360995
-2.3336600750478533
-2.33366955075385
-2.3338020033358475
-2.3330632606634265
-2.333025808470563
-2.332624241566675
-2.3300768915364025
-2.3293926440507664
-2.3281498790316606
-2.327073959540644
-2.3264456218048206
-2.325994113318617
-2.3259160265498813
-2.325817409383724
-2.325119840883965
-2.324304759362722
-2.323599344127029
-2.323104122217348
-2.322816051438085
-2.323073391263321
-2.322839094471297
-2.3224909373728866
-2.322626603830374
-2.3228482691395502
-2.321156875338067
-2.3204325027449846
-2.319568788297611
-2.318340518956367
-2.3176368070838014
-2.3171659922218706
-2.3161390184882937
-2.315418197912973
-2.3154646273751447
-2.3135081489927978
-2.312388624399779
-2.3122040450254326
-2.3130394330282815
-2.313301382691163
-2.3139543991490927
-2.314224815647355
-2.3139783253900026
-2.3139558812912333
-2.3144124714395997
-2.314702910764397
-2.315169969687343
-2.31531092965543
-2.3152547555809466
-2.315863488626235
-2.315922873662263
-2.3163216806493927
-2.316583525441398
-2.3142186739291977
-2.3131881742245923
-2.312746449787805
-2.3120636744851772
-2.311317079787128
-2.3107451507006833
-2.3101207450206016
-2.3096080475405634
-2.309268695283964
-2.3086893484460798
-2.3087361407813503
-2.309340395965336
-2.309737149909367
-2.3098038162599424
-2.310109982364637
-2.310306258322237
-2.3106919427434107
-2.311472149219985
-2.31138447116684
-2.311186744601251
-2.3104977122715766
-2.309880824904198
-2.309543712696148
-2.3091466034876884
-2.3095956021599036
-2.310076428845609
-2.3108323579297094
-2.3096420093464474
-2.309574719534377
-2.309449853532695
-2.3086807068258897
-2.3088035925301944
-2.3087367731231945
-2.309343348441777
-2.310017132242552
-2.3106587945803034
-2.3107274144426584
-2.311699509325521
-2.312385241236637
-2.3128090594641657
-2.313792221923129
-2.3144537767441777
-2.314679817005599
-2.314948495840533
-2.315050855997844
-2.31450546340708
-2.3150218212447644
-2.315051703738803
-2.315155980611735
-2.3154400343687294
-2.3160053814994015
-2.3160043209500594
-2.3159124810611056
-2.315815346564484
-2.3165629406842747
-2.316387666747763
-2.31534823922639
-2.314543806234518
-2.314149211248386
-2.3132469989233355
-2.312853480546966
-2.312255419829823
-2.311532154420193
-2.308880112879278
-2.3073508795060516
-2.30695262986149
-2.306509707089905
-2.3064709988830745
-2.306704950891706
-2.306507813723481
-2.306739669037392
-2.3062301536382788
-2.30937856785004
-2.310168439565676
-2.3110608594154898
-2.3116432990410707
-2.312428800218878
-2.3131232166124933
-2.3139444476724633
-2.3142627255948325
-2.3145575760682133
-2.313568471612772
-2.3122987624896068
-2.311453134137582
-2.31135193690668
-2.3101920765302384
-2.3089444107579054
-2.3085500365523504
-2.3081279883316728
-2.3075721653313312
-2.3069955634855086
-2.3070155576303035
-2.307296354122187
-2.3072927753261117
-2.3069623108332467
-2.3069559971467983
-2.3065808157683896
-2.3064508038126537
-2.3061285719939733
-2.3062232129926628
-2.305884434085922
-2.305896208715811
-2.305753449438237
-2.306335740732347
-2.3065835508051222
-2.3077143075376347
-2.3089933217062852
-2.3095764070052436
-2.3083460518917183
-2.3082059386890124
-2.3082065707404547
-2.308468059045103
-2.30871190127179
-2.3081442099992353
-2.3074936261122767
-2.307613016261201
-2.3073801432264696
-2.308689769990183
-2.308850178695207
-2.309090728129174
-2.3092585731934796
-2.309433402599936
-2.3097953772686513
-2.3109599077158904
-2.311799891632986
-2.312275293823328
-2.313036471093456
-2.3141100344414123
-2.3143872653370825
-2.3149999926764284
-2.3156113482336558
-2.3166737207005665
-2.3173492411220176
-2.3180347172525977
-2.318423411703248
-2.319202255279081
-2.320174683274631
-2.320899959920568
-2.3218593158375707
-2.3229001180454913
-2.323844044587518
-2.324692140319867
-2.325433930145047
-2.3265607738161393
-2.3251226200628445
-2.3249693475796906
-2.324396411480593
-2.323780622504906
-2.323287884678847
-2.3230398869134965
-2.32216122303648
-2.3212574414699216
-2.3204380387211194
-2.319457305753469
-2.319165034087447
-2.3192160805974154
-2.3187718385972755
-2.319111863028995
-2.3186230162517742
-2.3191950236397654
-2.3190816629534887
-2.3191297282326593
-2.321528502063681
-2.3228075170973597
-2.324019594463387
-2.32469171291176
-2.325773344546397
-2.326324489055473
-2.327028990541691
-2.3273352423927145
-2.328358022061029
-2.3291798108708286
-2.329851054016758
-2.3300904174161214
-2.3309022576696865
-2.3317737895585933
-2.332639518377733
-2.3328090828993715
-2.332978887305168
-2.33402666867505
-2.3344429415806953
-2.335071726131803
-2.3351627199250773
-2.3354786657514954
-2.335271404269851
-2.3355530818139694
-2.336195629831332
-2.336930310923396
-2.336775909672267
-2.337424748122094
-2.3372577522693527
-2.3372195172490984
-2.33640391885849
-2.335588673781127
-2.334691009122374
-2.3336198041558354
-2.3323137998740333
-2.330682274711706
-2.328411617949173
-2.3271281387858065
-2.3263790614359383
-2.3257594409394122
-2.325449112919452
-2.3255363642550124
-2.325343051485585
-2.3245030275832996
-2.324275278399712
-2.324309672929267
-2.324060602635133
-2.324502600244729
-2.324716075424686
-2.324946689763938
-2.3250948285730177
-2.325520538771814
-2.3254247350400408
-2.325689497622828
-2.3258370893650118
-2.326886171961436
-2.327673712313567
-2.3287079405451347
-2.3293832030450483
-2.3296364201498996
-2.3297660542758796
-2.330035026713455
-2.330425394055492
-2.330744355539924
-2.3311401179941003
-2.33188860952603
-2.3321535556656903
-2.332709019635625
-2.333080480465963
-2.3327077285528346
-2.3326115469040802
-2.3321062394395318
-2.3301436636747983
-2.329227652037546
-2.3283087160230664
-2.327691709673105
-2.3270660363051707
-2.3268658319107223
-2.3269242837506603
-2.3268238682981415
-2.327299044791855
-2.3263319792306114
-2.325702758723567
-2.324953957317109
-2.324678249636841
-2.324743857860843
-2.325574217973705
-2.3254324332625322
-2.325243413872085
-2.325134591986277
-2.32379642431615
-2.3234842715888946
-2.3233397532124127
-2.3231523543818136
-2.3233006915088503
-2.3234725301340093
-2.3238286692192918
-2.3241370696537818
-2.324398975280117
-2.323615783991514
-2.3229344718876535
-2.3226677761888097
-2.322335878930963
-2.3219305213365096
-2.3226938029922164
-2.323411689950206
-2.3242611790730714
-2.3245899942520003
-2.32447119128996
-2.3241917530656644
-2.3242173868008003
-2.3240539814261014
-2.322940873337014
-2.322367016929042
-2.321985314169705
-2.321942034012939
-2.3212218588127134
-2.3212932382976823
-2.3214856651642495
-2.321481615986879
-2.3220637768927173
-2.3225988719764237
-2.322327348118304
-2.3223648841628104
-2.3223311869762444
-2.3220876579044267
-2.321281732054069
-2.3209072021963633
-2.3200486685105433
-2.3190599704269097
-2.3184640100571077
-2.317769570249205
-2.317821192674543
-2.3176359574485246
-2.317734094442305
-2.3185109868901788
-2.318604308508634
-2.3185424475531273
-2.3187059292017467
-2.318506310378036
-2.3179809605939146
-2.317969062223868
-2.3178938503540882
-2.3184393532956946
-2.320116357172039
-2.3204706163465385
-2.319995882609981
-2.320152757424923
-2.320108694106442
-2.320493399935326
-2.320290279799676
-2.320563456950406
-2.32104225761907
-2.3207544849533055
-2.3209331895580525
-2.3210367187595367
-2.3206763236523957
-2.3204122753644585
-2.3196498538994024
-2.3198281756079338
-2.319433053336799
-2.319377742704907
-2.318671487717918
-2.318059790380846
-2.3176385063562233
-2.3174137992022548
-2.317129048677361
-2.316652073197835
-2.317111851222265
-2.316725506564246
-2.3167151067582976
-2.3159534157238646
-2.3157752650532624
-2.3153459073429774
-2.3151564045206334
-2.313995688104716
-2.313035413261428
-2.3122095418090183
-2.3116631625134834
-2.311346444199878
-2.3101215891547224
-2.3093870037959188
-2.309350518773136
-2.309672807872478
-2.309081240129325
-2.3091980533788545
-2.3093606416696812
-2.309849598862403
-2.311044596725669
-2.3109932757118963
-2.3103277873923904
-2.3101876445625393
-2.3107702775323027
-2.310954416872168
-2.311086204323454
-2.311195827452116
-2.3113618660967648
-2.310856219650158
-2.3103495279390294
-2.309959104706384
-2.310049417915817
-2.3106809636286383
-2.3105342335522665
-2.3102594023212215
-2.3097360950929744
-2.308978353049455
-2.308107342902724
-2.307458885267825
-2.3068768685407544
-2.3069639944888025
-2.3068219446947453
-2.3072113080890047
-2.3076378644414435
-2.3070709116495265
-2.307209413570546
-2.3074353041997386
-2.3080732155545403
-2.3083237169183
-2.3082316423935274
-2.3075928011872944
-2.307033447422047
-2.3067615525267855
-2.3062696950829746
-2.3059006242330216
-2.305851003202889
-2.3056710397590043
-2.3056838633271726
-2.3052227249991635
-2.3049556686148525
-2.3050804693253992
-2.305095807718963
-2.305240797139293
-2.3052805148150064
-2.3050972785345505
-2.307469833784701
-2.308178339446925
-2.3087993766804233
-2.309732086799471
-2.3104867350024714
-2.310744094963418
-2.310808496702044
-2.3114825020074945
-2.311329966236105
-2.311307784732808
-2.3115169415394314
-2.3116959168571505
-2.311861604662667
-2.311605686166825
-2.3113766544103536
-2.3120148447539783
-2.312296436744656
-2.3123467584526423
-2.309974297088678
-2.3093218377148568
-2.3085066235739236
-2.308055730946147
-2.307595959769246
-2.3073521426728987
-2.3069149590272358
-2.3065961741356333
-2.3064819380272152
-2.305315820564619
-2.3046844732639022
-2.3049352899844147
-2.304985922091606
-2.3050378170574493
-2.304609280897281
-2.3045427040425763
-2.30430520092751
-2.304146052938614
-2.3063365821025994
-2.30649434987411
-2.306785119825865
-2.307316564002508
-2.308130095028863
-2.3082767306022784
-2.3089157397860216
-2.3094895054620697
-2.3100985867205686
-2.311880626466226
-2.313075823132379
-2.31349820135411
-2.313840703332981
-2.3141261285367163
-2.314051377594113
-2.314028085086135
-2.3138142394294934
-2.3136677462108146
-2.3114201754025165
-2.3097784994710606
-2.30874984159886
-2.3082565038982543
-2.3080283459473114
-2.3076858776954796
-2.3076037509750296
-2.3075283680028527
-2.30734351106034
-2.308064999862182
-2.3076031192536814
-2.3074443575885213
-2.307023555385261
-2.3068589811772875
-2.3065875481781686
-2.3060257375815727
-2.3060867221181973
-2.306122893781061
-2.3055558442643025
-2.3054116559079243
-2.3057149768395533
-2.306203232579431
-2.3063018760892784
-2.3060966061227055
-2.3063666614924023
-2.3061685305792805
-2.306143714031777
-2.3047750046618267
-2.3044120817705993
-2.3042008494347246
-2.304270556023712
-2.3041342961755857
-2.3043923427152166
-2.3046540176638866
-2.305131948302682
-2.3056893291536826
-2.3072167811598066
-2.3076976707301693
-2.3081949831856754
-2.3086646883839554
-2.308630333790984
-2.308389037396544
-2.308704734905579
-2.30871906768249
-2.3087749250553613
-2.3098542405178972
-2.3104341722171116
-2.31081440917271
-2.310982082542542
-2.3109246400587193
-2.3108851500075436
-2.3110490319820127
-2.311237651733131
-2.311635691844165
-2.31080195078767
-2.310332853114269
-2.3104696360026096
-2.31042150684327
-2.3103336974034083
-2.3104350165803047
-2.3101886997914014
-2.310675474110377
-2.3112139933680185
-2.31157758296423
-2.3121355488373814
-2.3121518268848162
-2.311985463355542
-2.31244127615203
-2.312557795179736
-2.312413998438896
-2.312264933933023
-2.312023088589856
-2.3127811385140373
-2.313483597528889
-2.3143101677257056
-2.315150893717065
-2.3157211890225757
-2.3163605080269547
-2.317341383969624
-2.317778704914222
-2.318032592436152
-2.317878766075179
-2.318357522113509
-2.3187414347653945
-2.3188656064845543
-2.31904529630081
-2.3188067083091144
-2.3185167262717745
-2.3183258539336546
-2.318126300543593
-2.3177619226780526
-2.3173951109670132
-2.317496838074305
-2.3172318140995727
-2.317534430517887
-2.3179898844516114
-2.318236167541972
-2.3187493014146656
-2.3193817845463562
-2.3179781984614096
-2.3173607084130277
-2.3163507480172227
-2.3161069866301975
-2.3155984140002817
-2.315032205853812
-2.314481526263905
-2.3136412862634534
-2.3131634179617198
-2.3123795321712826
-2.3120000482729353
-2.312050145695081
-2.311769247688387
-2.311598290520944
-2.312269162448465
-2.312946981925357
-2.3130311819429923
-2.3134059252088455
-2.3126493691891024
-2.312809694039049
-2.3128490383619003
-2.3131081943616896
-2.313088940776245
-2.3126220865664173
-2.312712819638143
-2.3126404864040664
-2.3128177320177112
-2.3112600431319548
-2.3109539945006548
-2.3109153481605493
-2.3108500957987888
-2.3109047892760572
-2.3111654107439428
-2.3113766544103536
-2.3115503256235366
-2.3115055320102673
-2.311145978266194
-2.3109187270239655
-2.3108866282204383
-2.311109015215925
-2.311221175320514
-2.3115915288289783
-2.311570187498172
-2.3120560645212667
-2.3123706514589863
-2.312628642796831
-2.3131255440209197
-2.314331559679895
-2.3146308767095753
-2.3150203377367915
-2.3151135905058418
-2.3152606908260656
-2.3151663664244313
-2.3150044431278265
-2.3158974225596114
-2.316110804950875
-2.3170940170940173
-2.317477086601156
-2.31760728262323
-2.317389164773555
-2.3170632326376306
-2.31704348855479
-2.3166147215953656
-2.3170842509020226
-2.317086373980236
-2.3170901955308234
-2.3169008316330224
-2.316658227838824
-2.316905713945673
-2.316821656130901
-2.31684182095966
-2.3168067980606337
-2.3156732649259335
-2.3158626402906415
-2.316029562287934
-2.315754694657691
-2.3162179351903958
-2.316298766742261
-2.316648677547839
-2.3162433933382722
-2.3164649028408157
-2.316709588531832
-2.316441561720184
-2.3163532940987888
-2.315803470416513
-2.3154892209039857
-2.3149978734198724
-2.314583845128449
-2.3145954969186424
-2.3145200801362122
-2.3109698335380666
-2.3096945360938865
-2.3088699941950037
-2.308604199693351
-2.3083226633924925
-2.308682603761365
-2.309121722805403
-2.3093283752463365
-2.3099738750753604
-2.3095707118009527
-2.309517557915325
-2.309619649287397
-2.310132985025733
-2.310355438061276
-2.310976591593444
-2.3113791895688265
-2.3120349259954684
-2.3118121494383015
-2.311885064932097
-2.3119190937366323
-2.3117665003399335
-2.3116500610359085
-2.3117088075307994
-2.3115750473705363
-2.3113183473003276
-2.3110769111259875
-2.3115993470388863
-2.311508067451459
-2.311881894597593
-2.311688943273953
-2.3116416085485425
-2.3111039460897946
-2.3112332157527784
-2.311181463906822
-2.3111985734443383
-2.3111791404089184
-2.3106590057120906
-2.3106862420361796
-2.310814831493201
-2.3110021458476373
-2.3112133596684705
-2.3113614435763
-2.311734589309394
-2.3118787242717844
-2.311610968799999
-2.3119133869727935
-2.312085659106766
-2.311967285310306
-2.3118704814653745
-2.312030486954159
-2.312040421974992
-2.311931564170475
-2.311912330167767
-2.312517403406692
-2.311649004471607
-2.31166020410234
-2.3118626614213196
-2.3120594467212645
-2.3120490887650225
-2.312123076202883
-2.3125374933792178
-2.3124186504064714
-2.3122729681255865
-2.312622932529543
-2.312868711025309
-2.313001140027249
-2.3129584056889088
-2.3128005984989968
-2.3129565017204805
-2.3124516376225692
-2.3122919966991042
-2.311917402840706
-2.312222226793962
-2.3125694265802283
-2.312524593462014
-2.312470246210947
-2.3123499300622314
-2.312096017390681
-2.311571032691898
-2.311225822490031
-2.3107715444458465
-2.3085380240599753
-2.3074306722608564
-2.306278108331252
-2.3053750862183864
-2.3047264823089
-2.304576307021573
-2.3042621574160402
-2.3037283415742933
-2.302902600533739
-2.302290809676279
-2.3017646110060728
-2.301656090191265
-2.301471125593781
-2.301221899830149
-2.3009597474570045
-2.3008850072843776
-2.300423275128834
-2.300243948651715
-2.3000755285909915
-2.300279728014717
-2.3008201107929303
-2.300888775580208
-2.30093190251146
-2.3011393949585552
-2.3012179210330572
-2.301002248936405
-2.3007920598943437
-2.299748173825993
-2.299156034475783
-2.298717562855837
-2.298627924572756
-2.2985577232467644
-2.2981790025705258
-2.2980409561909103
-2.297890815645484
-2.297520872898117
-2.297556985086354
-2.2978329781389633
-2.297893321307233
-2.2985261758330795
-2.298634819577103
-2.298764369772588
-2.298516983372155
-2.298407724069733
-2.298442819615714
-2.2971170364599836
-2.29645596953316
-2.2958380107500767
-2.2956068829150262
-2.295800076749977
-2.2960256148931735
-2.296594659825617
-2.296976822597241
-2.297284814825178
-2.2971685777029864
-2.297467437291911
-2.297995640496042
-2.2981384849695727
-2.298710458401164
-2.2987810869905316
-2.2988113875677945
-2.2990471324423174
-2.2994016767454095
-2.3001035620205164
-2.300403395086576
-2.3007236101994146
-2.3011301815837757
-2.301281374016028
-2.3014782471231077
-2.301675363411053
-2.3016565091708716
-2.3017231288686752
-2.302319525963519
-2.3023207836275095
-2.30247653497249
-2.3024396390749784
-2.30249812800648
-2.3025004340825896
-2.3021493347782642
-2.301844436901554
-2.3013953049846987
-2.301297290164647
-2.3009999458603407
-2.300627954910683
-2.299920101898501
-2.2993498261772025
-2.298989445717913
-2.298991117756142
-2.2990456693374397
-2.298771892490574
-2.297886639554711
-2.297191740715245
-2.2966576495199202
-2.296285810045659
-2.2958805316688276
-2.2959939284861157
-2.295905336265473
-2.2954014287140665
-2.2949564735063936
-2.294826102651787
-2.294399064827763
-2.2938419268549097
-2.2933335171274005
-2.2931399064089595
-2.292787498209341
-2.2927897848750196
-2.2927910321491303
-2.2928673263290595
-2.2940991298860562
-2.294614750073884
-2.2949606389536052
-2.295445183625935
-2.2958363432951607
-2.2960823190676503
-2.29629581872924
-2.2963906970425585
-2.2968003276964337
-2.297101804065768
-2.2975194117352054
-2.297781615862922
-2.2977505073082094
-2.2977857915719713
-2.297859077736293
-2.2978260879441903
-2.297708543411233
-2.2978883099891987
-2.2982562823683805
-2.2985117604157503
-2.2985313988549976
-2.2984626657857543
-2.2983920567613096
-2.2990026130848067
-2.2993213929874186
-2.2995741803446768
-2.2995670705940734
-2.300138290948001
-2.300414486015145
-2.3005078214621206
-2.3007573112221773
-2.30093190251146
-2.300820529468239
-2.3007696615336184
-2.3005605614311393
-2.3004479687124184
-2.3006009551855024
-2.3005530270018
-2.300355056627857
-2.300482917317296
-2.3002046135605263
-2.300062767330755
-2.300267382962534
-2.3001853649635935
-2.300084105911053
-2.300586095142026
-2.301077624879387
-2.3015469511989233
-2.3017415651895945
-2.3020764034011605
-2.3021694545920655
-2.302639226440506
-2.302930493197177
-2.3029730675124918
-2.303123243675776
-2.3029449640932778
-2.302672564257221
-2.302557458524851
-2.3025058848263034
-2.3019699486521463
-2.301554911082604
-2.301249751795038
-2.300835392540416
-2.3000765746022083
-2.300106700133514
-2.2997657419389044
-2.299572925679611
-2.2995967645499813
-2.2996808318796
-2.299683132315811
-2.2998184478881414
-2.29997699860018
-2.3003251338381068
-2.3002719861868384
-2.30038330612976
-2.3005846300777133
-2.3005990715073947
-2.30041657865517
-2.3003540103633333
-2.2998927004472605
-2.2995620519730577
-2.2990983422862694
-2.2988661396020618
-2.2986087023548003
-2.2984119020547205
-2.298433418917947
-2.298548112684649
-2.298497763009633
-2.2985303542487148
-2.298368451753291
-2.2972747975184404
-2.2967955297504234
-2.2962795546627266
-2.2960235302342538
-2.295358300504842
-2.295006459870933
-2.2948144408051094
-2.29450377953056
-2.2944423651760806
-2.2951462249702197
-2.2952612158775803
-2.2955722906877947
-2.2956025067322927
-2.295564997278986
-2.2957938240131632
-2.2960708529241067
-2.296057093703019
-2.2960762732686004
-2.296399663969969
-2.2963571238200142
-2.2963318924169003
-2.296342944120269
-2.296135064802994
-2.2962270107915788
-2.296100456655831
-2.2961096297980426
-2.2960764817438997
-2.296577765826372
-2.296900254693334
-2.2969908014849656
-2.2969930965424945
-2.297097004860126
-2.2973296850836413
-2.297602909740055
-2.2980332294253065
-2.298438641518324
-2.297854066567616
-2.29799522284818
-2.298024876223644
-2.2979254777847373
-2.297935709579954
-2.2978350660849314
-2.2978837163002015
-2.2981165559360677
-2.2984137821529202
-2.298107157906962
-2.2982963863658195
-2.298248345284799
-2.2983337762491227
-2.298446579916352
-2.2983005639460425
-2.2982514783375585
-2.2984367613794543
-2.2986341927568166
-2.2990835016477478
-2.299178610468541
-2.299115064362055
-2.2993972860824776
-2.2995053848975533
-2.2994397298598814
-2.2993732422732767
-2.299541977708048
-2.2997559121283664
-2.2998868437332147
-2.2997738986539957
-2.2997931403649847
-2.2997381350248385
-2.2998598614002055
-2.3001343158971284
-2.3002690568601496
-2.300519541246262
-2.3007891292429092
-2.3002087980807495
-2.300333294521744
-2.300360287964752
-2.3003211581414127
-2.3005274940249367
-2.3007432864530113
-2.3008222041709976
-2.3008025265675545
-2.3009842431918703
-2.3014049393706553
-2.3018312369619647
-2.301863713275777
-2.3017564401637904
-2.3016692881221537
-2.301436565856784
-2.3012954053460817
-2.3010931194351048
-2.300730727103355
-2.300268847622814
-2.2997839377673834
-2.299051521768124
-2.298612463198234
-2.298233724484867
-2.297734013852438
-2.297654681551024
-2.297440302974719
-2.297261441245351
-2.297266032446708
-2.2971700384196896
-2.2972512154537386
-2.2972478764394584
-2.2971865237798363
-2.2970807294424866
-2.2971433284649945
-2.297137485745202
-2.297229720719192
-2.297145832496861
-2.2973261371389224
-2.2974555398585452
-2.2974655587416084
-2.2974855967698824
-2.297597273433723
-2.2978194065826605
-2.297846549855582
-2.2981633383801388
-2.2982617130361027
-2.2981186443974186
-2.2982633840159497
-2.298497136264093
-2.298627715633876
-2.298833120887556
-2.2986061951326815
-2.2985853018277274
-2.2985560518388843
-2.2987562202169984
-2.2989990599709444
-2.2992419510373145
-2.29946691142706
-2.29974336355617
-2.3000395463844163
-2.3000983318512156
-2.300264453647569
-2.3003933505643093
-2.301070715212356
-2.301437822556308
-2.3016826956989886
-2.3018997525805815
-2.3022996131334517
-2.302561022646277
-2.302809280368913
-2.302867788082174
-2.30311632171815
-2.3029311223627906
-2.302770905956422
-2.3027285488003155
-2.302644048832261
-2.302453055628167
-2.3023847166905584
-2.3022723645557486
-2.302105743054777
-2.3020594286573637
-2.30151909203962
-2.301263363902841
-2.3012187586734068
-2.3011098705408854
-2.3009775434518858
-2.3008232508614594
-2.300887728830128
-2.3009071985375056
-2.301058152287704
-2.3008783081222663
-2.300912432386004
-2.301097307188686
-2.3012443069970066
-2.301381272436417
-2.3014418021138545
-2.301354883331513
-2.301231113939396
-2.3009674939150613
-2.3002295116800635
-2.2997964867823724
-2.299459802339741
-2.2992233456897693
-2.298841062010746
-2.2987037718957053
-2.2985422628166217
-2.2985756910349924
-2.2987173539006607
-2.2986874737016154
-2.29865738533509
-2.2986912348028152
-2.298803028708076
-2.298956632459877
-2.2989491085327236
-2.2988245528951197
-2.2986506991383857
-2.2983304340871373
-2.2988970693848847
-2.299071587470963
-2.2991999326465793
-2.299077231012995
-2.29903250147734
-2.2990446242636673
-2.299077231012995
-2.2989984329519912
-2.299007838272202
-2.2991409840602506
-2.2991487182769546
-2.2993220201825495
-2.299413176180174
-2.2995124942667244
-2.299683759708304
-2.2998431284884906
-2.299938090992508
-2.299940601121021
-2.299912990008721
-2.299949177434781
-2.3000295050393227
-2.299994779396771
-2.300120089511846
-2.300126156625224
-2.3002627797566535
-2.3002970950073647
-2.300513681339265
-2.30071293492606
-2.3008628164592952
-2.3010265362010154
-2.301217292803195
-2.301226088052478
-2.3014673553902156
-2.301783886043338
-2.3020940071035874
-2.3022912288869986
-2.3017174723294205
-2.3014235800420675
-2.3014728012437753
-2.3012866095669327
-2.301149236599474
-2.300962887906687
-2.3007629630431614
-2.300573328215734
-2.300389165372587
-2.300316345474328
-2.3002485517822278
-2.2999527334860743
-2.299833925490832
-2.299768460837506
-2.2996651472099146
-2.2994462115598595
-2.2992068310829694
-2.299056956194725
-2.2989708444566466
-2.2988210003316207
-2.2985878090042675
-2.2982435412871585
-2.2982330978833128
-2.298149554069231
-2.2982623396532604
-2.298523459871063
-2.298576944612096
-2.2984670528801225
-2.2984158711545275
-2.298555425061556
-2.2984618301506305
-2.2984125287537784
-2.298476244941676
-2.2985656624673894
-2.298633356996967
-2.2988571534022726
-2.299157915791579
-2.299343972227703
-2.2995323589136016
-2.2998807778822554
-2.300068624940823
-2.3003452217789087
-2.300595932050737
-2.3009836150895895
-2.301113220791308
-2.300950744882092
-2.3009275060027163
-2.3009128510949126
-2.3007656843002056
-2.3008663753363856
-2.3010363768765947
-2.3012482858853414
-2.301275300806823
-2.3014286067916703
-2.30111615226843
-2.301132066131706
-2.3011410701255324
-2.300957235103431
-2.300738053373991
-2.3005498876708077
-2.3004776854226345
-2.3002891438215576
-2.3001349435358263
-2.2995821265885543
-2.299127815108295
-2.2988450325929146
-2.2986841305108814
-2.2984887796895537
-2.2982512694671087
-2.2980300969675667
-2.2977801543683407
-2.2976110511202443
-2.297270414974214
-2.2969482394310865
-2.2967892715901
-2.296643466108531
-2.2966138483731484
-2.296544395694033
-2.2965569093800156
-2.2965919484262782
-2.29668998000948
-2.297114323827051
-2.2973712177221
-2.297559907509619
-2.297829846227126
-2.298046803507528
-2.298252313819737
-2.298448460071285
-2.2987133837595346
-2.2988845301834293
-2.2985128050051324
-2.298480214263712
-2.2985349505234605
-2.298541009277347
-2.2985853018277274
-2.29864735605462
-2.2987733552470107
-2.2988680204434666
-2.2990563291441903
-2.2986732652081554
-2.298593868036819
-2.298366571729251
-2.298274036569594
-2.2981783759988104
-2.298161249837554
-2.2982374841013677
-2.298251060596697
-2.298230800347204
-2.298917550374771
-2.299281462268427
-2.299569370802693
-2.2997188942342626
-2.299802133883797
-2.2999765802318057
-2.3001150684767038
-2.3002527364623173
-2.3003780746881715
-2.299664728954985
-2.299388295729745
-2.2991159004722297
-2.2987476527977853
-2.298541844970045
-2.2983504872048512
-2.2981963378568024
-2.2981562373508386
-2.2979551293602336
-2.2975333972278826
-2.297303180114428
-2.297149588554897
-2.297053812911738
-2.2968389205999453
-2.2966536864902785
-2.296512069303093
-2.2964067541481956
-2.29629581872924
-2.2957842365495322
-2.2954695620861405
-2.2952120516883165
-2.295106855731285
-2.29509185828124
-2.2951289356672158
-2.295140392405152
-2.295165389321306
-2.2952497579333775
-2.2952314254605946
-2.2952853820986094
-2.295310382173115
-2.295337882884089
-2.295454143170785
-2.295531656571754
-2.2956804469604406
-2.2958032031311566
-2.2958905368197873
-2.295826963906389
-2.295785070238843
-2.2957625608399765
-2.295845097460492
-2.2958844920306554
-2.295918259881138
-2.2959812124765686
-2.2960433346468347
-2.296201990745714
-2.296570883157196
-2.296789480194895
-2.296995600246847
-2.297202800696677
-2.297374557094939
-2.2974150477630912
-2.2975684660776636
-2.297620027580663
-2.2978202417507267
-2.29803803254376
-2.2981324283375355
-2.298290328901472
-2.298360513894933
-2.2984708132600535
-2.298537875435142
-2.2985472769873936
-2.2985238777109553
-2.298537875435142
-2.298481467736677
-2.2984467888223037
-2.298444281953389
-2.2983287630097897
-2.2983062037034343
-2.2982796761967963
-2.298299937308041
-2.2982479275450762
-2.2981253274992497
-2.297835274879737
-2.2977150153550756
-2.2975319360490407
-2.2974023160074153
-2.297192366749086
-2.2971189144403823
-2.2970792688393606
-2.296956167537268
-2.296857278760594
-2.296720434077318
-2.2966050883442803
-2.2965043528152878
-2.2964501303093963
-2.2963704695797436
-2.2963729719269623
-2.2963441952632024
-2.2963335605917243
-2.296371303694877
-2.2962220067387857
-2.2961986547807944
-2.296173843845845
-2.296209913701245
-2.296214292200127
-2.2962434826194102
-2.2963306412873727
-2.296358374978399
-2.2964672309771337
-2.2964699420819934
-2.2965479412245493
-2.2965462727382366
-2.296571508852689
-2.2965902798760207
-2.296590071307409
-2.2965844399692132
-2.2965598292597007
-2.296533967726553
-2.2964023749152975
-2.296369635465216
-2.296351910674752
-2.2963289731167906
-2.296275801449326
-2.2962386869995806
-2.296244525148111
-2.2962232577499395
-2.296169673993441
-2.2959639105914267
-2.2958984576261416
-2.2958713603570517
-2.295862397554974
-2.2958292566387892
-2.2958865764371055
-2.2958865764371055
-2.295839469775115
-2.2958340505486063
-2.295728589157111
-2.295702954749115
-2.2956914923941776
-2.295666484017071
-2.2956123010691467
-2.2955470765284693
-2.295471645739238
-2.2954247644594776
-2.295406220837357
-2.295365175907868
-2.295414346657362
-2.295387885865118
-2.2954212223961483
-2.2954203889710714
-2.2954270563886334
-2.295447475595867
-2.295449767570376
-2.295449767570376
-2.295447475595867
-2.2954328904107735
-2.295450184293506
-2.2954645613341396
-2.2954020537724915
-2.295409554500143
-2.295407470959767
-2.2954203889710714
-2.2954656031556766
-2.2954687286259605
-2.2954853979445553
-2.2954822724288775
-2.2955176954382863
-2.295557078773325
-2.2956204283482826
-2.2956521044469542
-2.2956479364892908
-2.2956658588146244
-2.295493941064168
-2.2954362241510253
-2.2953789268374862
-2.2953212157078626
-2.2953101738369104
-2.295282048796489
-2.2952582992991113
-2.295261007550301
-2.295223300935626
-2.2951285190607185
-2.2950849845154737
-2.2950831098592284
-2.2950514494608196
-2.2950649883400804
-2.295048116838116
-2.295071237107461
-2.2950637385906876
-2.295057698154476
-2.2949962541446043
-2.29500437706227
-2.2950162491222916
-2.295032911869846
-2.295042284771674
-2.295063322007859
-2.2950831098592284
-2.295116020936136
-2.2951537240260085
-2.295214759830369
-2.2952462164101313
-2.295275590551181
-2.2953168406142117
-2.295369967879789
-2.29539163617652
-2.2954239310318285
-2.2954685202610103
-2.2954999837969243
-2.295604590626752
-2.2956648168113034
-2.295723170454046
-2.2957665207948184
-2.2958232121723388
-2.295855936043398
-2.2958924127953004
-2.2959293076034237
-2.2959732910992
-2.296023113302924
-2.2960425007699414
-2.296063556346932
-2.2960864886027865
-2.296117760599005
-2.2961429872966805
-2.2961630022610953
-2.2961961528134665
-2.2962220067387857
-2.296217836711452
-2.2962332658882407
-2.296245359171753
-2.2962672525090473
-2.296278929126308
-2.2962874781535305
-2.296299363492264
-2.2963072871197725
-2.2963302242445
