0.04906617439807208
0.05301571829742828
0.04564703446832658
0.04312662164629234
0.06538198057501605
0.04606200473291402
0.043976184837295706
0.037315932942653285
0.023410207685546004
0.06080736682147785
0.024114060177338192
0.018800091304938985
0.01471458906100943
0.012061893243079736
0.013084195015975705
0.009062775097931628
0.008227678105062005
0.007480028406280397
0.006793446974771345
0.011417913052739787
0.007028988515738797
0.007132419275747047
0.006644591371135077
0.0067113743730035
0.012189023837380297
0.00755344421323426
0.007463115967324805
0.0073105322475962775
0.0075100855421196214
0.015610034821623934
0.009987754387668912
0.00982313542043311
0.008312519898372799
0.007498219261807074
0.019676103654701155
0.01261474749508429
0.011662557688599308
0.010137709454784045
0.011054550795206815
0.018662090340297352
0.011840396198016545
0.01098022031038299
0.010629627357307424
0.009186357948315614
0.02073777665751997
0.012333104606361814
0.012445322977830454
0.010925275065580572
0.012166117796604627
0.025649105973181027
0.016321576327733248
0.014131879566050335
0.01330901730678852
0.012502773470384077
0.024371408867685507
0.015101626389663341
0.015540886782469465
0.014381003974958662
0.014145739663447765
0.02647192775585162
0.016381858323632623
0.014366069535389214
0.013725853340240152
0.01391031502859985
0.02385308099096153
0.014316944549983241
0.013936486296750202
0.012630549785751313
0.01147607839612556
0.03376236732052546
0.017681994119939565
0.01558708367273627
0.012332678960761154
0.011567151889768885
0.024689827759670345
0.015171185907298908
0.014210601418659681
0.01321750088018333
0.012468465234819204
0.024319104724095816
0.015071049691591192
0.01372888449059134
0.013045656620400106
0.010679363423056696
0.021283332321443277
0.012063399637808902
0.012314786123266029
0.012035343246575684
0.011820082876572607
0.02096545411087142
0.013510344787158554
0.012230338208679479
0.011019506396508645
0.01119773768416454
0.021401258856005124
0.013573879814089215
0.01180822078807912
0.01117015156870596
0.010372374705822918
0.02431631295132949
0.014195705498163135
0.013050593244525501
0.011686889292939918
0.011378368456709136
0.01693286747083768
0.011943875132268956
0.0104233628281572
0.010401242436871452
0.00905065609635676
0.019700039780076117
0.011881718508019083
0.011181530568562456
0.010853448864611521
0.010734889027070042
0.01925470219045718
0.010574038351162584
0.0102166403965964
0.008558758989145796
0.007933819577590049
0.014199775975286726
0.008131644462160694
0.007558977893403631
0.0074071998575403865
0.006364552556166198
0.01697597877127023
0.008468459370024776
0.00890605698641534
0.007549670680364179
0.006583737667406062
0.012933935986978094
0.008069579039470193
0.00724068174352246
0.006961612937742658
0.00682181117594958
0.014709748272049931
0.008155194268371803
0.0076996306262649755
0.007013112028332557
0.006243737570418538
0.01317292502835101
0.0071083954478232065
0.006387886896828706
0.006306310243904228
0.005630018483803919
0.01301070429054663
0.007337053891010842
0.006995593975041351
0.006545136844989073
0.0061466229316625735
0.01405088464302286
0.007773877232199491
0.0067857628825229105
0.006503628355419652
0.0060588401219097456
0.01313428032881197
0.007203788704542907
0.006718117611879511
0.00680731078897307
0.0059789965007250945
0.014355113809876672
0.007989870102493482
0.007078146748584356
0.006988926131427148
0.0065267995346522095
0.014343700520005007
0.007997656833719715
0.007299746704860914
0.006601051949291512
0.006151697438344116
0.012997536679334237
0.007784413928914814
0.007299468537034004
0.006842590320933341
0.006279060757964818
0.01358056379008962
0.008008925777890297
0.006557878126166215
0.006477791880184126
0.0060463627641754525
0.011833309987666851
0.006313459098435702
0.006103921877239464
0.005712711944134429
0.005283496754091554
0.00974200906570935
0.0053249048542881
0.005032190384075315
0.004400737567071614
0.004494015239101015
0.009687377640614161
0.005371872686731099
0.0046887380409995185
0.004168056519936509
0.003916952575428922
0.010190971115616274
0.0048946364896361606
0.004527315828371901
0.004292098081856084
0.004124871104033713
0.007603743128575972
0.0044726798995507215
0.004081889967898363
0.0035717411809053443
0.0034225821931636504
0.007180605982278823
0.003912689113089527
0.003937933262835829
0.0034215904958025886
0.0030216577833682215
0.007325984728927597
0.003645358664180577
0.003499675044593242
0.002851316654137364
0.0023352390240253297
0.006325683838211851
0.0033958411414919793
0.0028448342687155213
0.0025570898854671647
0.0023946511578067957
0.004782338953843372
0.0024257418794632534
0.0020303242155756108
0.00184468679711509
0.0016705310493461381
0.0026380657831431165
0.001378542478456276
0.0011627955392346887
0.0009330249599232752
0.0008534052672858417
0.0016760978332352827
0.0009028204928126269
0.0008255368047358915
0.0007125015211520692
0.0007199178555446699
0.0016600172975471904
0.0009331125394323108
0.0008605294179014105
0.000776512395393267
0.000726944433883307
0.0017072694493807416
0.0010005544817866501
0.000911053284229342
0.0008129318877254223
0.0007811090101122212
0.0016890990806615492
0.0009633179036208219
0.0009128722106119804
0.0008235931714293041
0.0007974376077516899
0.0018239707572234693
0.0010327589760853613
0.0009554265478244583
0.0009660656275685893
0.0008285559409078639
0.0019243191939591299
0.0010381333551682608
0.000996634469280751
0.0009438609227417455
0.0008137694800419892
0.0020163243671151108
0.001132298389386725
0.0010412226296465017
0.0009578417553039587
0.0009428623276126017
0.001844282254550417
0.0010212938312080854
0.0009120705857993191
0.0008958444495783497
0.000949063786277585
0.0020444143331153374
0.001150369910188222
0.0010437871632902136
0.0009355420940182149
0.00089643604027255
0.002118670561578673
0.001291031998858183
0.0011811502410904787
0.0010841524958835002
0.001034071435889444
0.001953832589196609
0.0010902072832576254
0.001050561089741477
0.0009041381462710808
0.0009433691557592163
0.0018946689120621096
0.0010719082000726946
0.001008052447592727
0.0008468971952163574
0.0008669157512439398
0.001967845502413114
0.0010911103588010832
0.0010913608628052135
0.0009589100437251431
0.0008966670476743994
0.0016648362593556854
0.001084513352109985
0.0009879845339633984
0.0009220737400525904
0.0008902470350141201
0.0018110835273530334
0.0009880913544000431
0.0008607459023110489
0.0009344803206122964
0.000798133957929192
0.0018091811012642992
0.000998427410461446
0.0009091277944907523
0.0008786766721414228
0.0008152765130105774
0.0023154494912127916
0.0011551832385418431
0.0010265271573663493
0.0009429648983919688
0.0008738724675686246
0.0020966413809582665
0.0011297424759561347
0.0011169201837480023
0.0010238369893494077
0.0009252236265617306
0.002082535628408708
0.0011567017813107958
0.0011146881064443784
0.0010591214455416816
0.0009373068614553722
0.002145093361751714
0.0012089550193343224
0.0011415805059874903
0.0011049114760935009
0.001094119985364555
0.002079183205418583
0.0012534054073350658
0.001166174775788142
0.0011253386835305902
0.0009451341132598647
0.0021444243142856273
0.0012512347126397109
0.0011931414351226961
0.0011156629526633396
0.0009036231975103506
0.0022673547624651067
0.0012253251279699705
0.0010886699409693003
0.0009959977221841564
0.0009334005646823211
0.002238209801108616
0.0011814246068242056
0.001106243189292543
0.001082294708394159
0.0009651984650921355
0.001983741057108768
0.0010576296017119234
0.0009819829168077664
0.0009268977788193781
0.0009728593644534384
0.0021134688548593056
0.00116668209208822
0.0011822548366832745
0.0010969161970165514
0.0010094699023367412
0.0024332960948038607
0.0012336642716473938
0.0012390530217636423
0.00107576345710363
0.0010272569425517988
0.0022223534775274406
0.0012869124410211162
0.001306358542862668
0.0011260210732599858
0.0010743778327760066
0.0022433544204682305
0.0012583653166565252
0.0011523352005923236
0.0010849523066705567
0.001023562325019552
0.0019448314443524584
0.0012112760778724225
0.0010769877211226236
0.0010491032410334007
0.0011003640627546744
0.002139237520436795
0.0011888810700229665
0.0011865605610166207
0.0009882897683517026
0.001045007924108877
0.002146558135351577
0.0011668803962052415
0.0010908054951544453
0.0009651973231149972
0.0009372853000434016
0.0023628284130104587
0.0013744149273091492
0.001217758814876826
0.0010542379252442252
0.0010475742114935465
0.0024344068798743865
0.001321882452981484
0.0010754860662313564
0.0010849497004746193
0.0009578349830200326
0.0025381432272277202
0.0014697288506563433
0.0012480117234745195
0.0010762509445423592
0.0011294356978523354
0.0022694144136290585
0.001329166725162351
0.0012346167979727207
0.001127776038074276
0.000993001926406916
0.002098176477106661
0.0012994965767485248
0.0011888138038921772
0.0011142142215145325
0.0010064331147003835
0.001829112379551134
0.001051353117258565
0.001064249429409693
0.001013309810539581
0.000989354942931148
0.0023666356185547536
0.0013692067215648935
0.001219998995123516
0.0010924761839498916
0.0011034422425258783
0.0024754304223567883
0.001383774190013594
0.0012881538156048972
0.0010831782777160803
0.0010583549650922447
0.002416275225585413
0.0013983103441741998
0.0012966664376652204
0.0010729977414553303
0.0011574555666286179
0.00270529533123983
0.0015101328086380176
0.0013328527820423775
0.0012399254585450572
0.0011964054705945158
0.002419290121956369
0.0014976843856039596
0.0013184661388840075
0.001253581504446014
0.0011293695614468715
0.0020709685300407048
0.0012710534389005939
0.0011386002278385215
0.0010765533082378999
0.0009694129458551192
0.0019837203734027996
0.0012133734331381486
0.001089359148896019
0.001004611591195426
0.0009283877515195047
0.0023294157083173527
0.0013361304824606893
0.0012612397802262347
0.001104265850112295
0.0011175758705717
0.00230350000130669
0.001377998844554937
0.0011653349246932673
0.0010797280868039749
0.0010357852249593801
0.0025438860617877294
0.0014103106425335777
0.0013330182150734222
0.0011529027339317508
0.0010908456438188097
0.002240084139252843
0.001341837309078028
0.0012421645098494517
0.0011519142209885824
0.0010184489719180072
0.002745763053017009
0.0014883670117992048
0.0014513000117355342
0.001312175736350944
0.0011427713788523205
0.002457274313859651
0.0014539823390901574
0.0012847209642370752
0.001251051983651671
0.001112684741280962
0.0027501012154025105
0.0015937879990763045
0.0014587973008200292
0.0013755340630737633
0.0012595311580495807
0.0023069742685724037
0.001363222134851709
0.001296058465516791
0.001254767854507156
0.0011644304635508545
0.0024769974791027678
0.0014484701830101204
0.0013119486805283208
0.0012001809829601034
0.0010791168326353816
0.002533236908538701
0.0013532538888626285
0.0012321679271099545
0.0011814923293573252
0.0010727477859286366
0.0024590709947515466
0.0014228419138962443
0.0012625982583697563
0.0012139292802868377
0.0011185848381870661
0.002162131817593218
0.0012926603574121716
0.0012675864805832006
0.0011181498312409568
0.0010397197135552244
0.002211674052950397
0.001327302073819646
0.0010695906978150118
0.000957890895440242
0.0009347871355327245
0.0022350891489293294
0.0012153297154035754
0.001115342032542033
0.0011815976569231178
0.0010681437636626998
0.0022249858724545323
0.0013061923950756433
0.0012703996813434172
0.001216236989271909
0.0011338392309781689
0.0021067049326632882
0.0012179722183494092
0.0011689029145954303
0.0010666142414980239
0.0010355102172038303
0.002405288442781448
0.0012918960326069914
0.0012749182376535835
0.001150537299469697
0.001102168391933847
0.0021972894871226823
0.0013225047940200576
0.0011056870155400412
0.0010823287181597038
0.0010728093703818472
0.0025138298248619457
0.00137782705926709
0.001295836034033042
0.0011620768161419053
0.0010784776848992085
0.0028011143259330205
0.0016418408274413558
0.0013959943605487907
0.001243008349648889
0.0011082542876574336
0.002600826667953489
0.0014542491898806155
0.0014028889318268706
0.0013515078210717844
0.0012194283497665855
0.002377311971542346
0.0013886459035534965
0.0012337610662017707
0.0012130424840108675
0.001131004722380465
0.002302065830273121
0.0012843340797433719
0.0012296198432067407
0.001113726130835614
0.0010824411962627068
0.0024009697241187625
0.0013433184068523886
0.0013526562519261187
0.001185679964040793
0.0010636771973143464
0.0026770788959798665
0.001404604389743346
0.0013767061566475156
0.0011269969046275854
0.0010935733096071195
0.0028871811672315805
0.0015584123797175286
0.0014821963240385988
0.0013016905247341187
0.0011804222950918622
0.002417738882395963
0.0013488211661023986
0.0012585729164634873
0.0011286715256695172
0.0010944337336730977
0.002570233744871185
0.0014407133768823634
0.0013733882627297654
0.0012922797982830004
0.0011710333547462568
0.00213824458597047
0.0013392463471231203
0.0012819636502838267
0.0010891086027073732
0.0012036801337340025
0.0024135927710442775
0.001371782313930099
0.0013181914167839672
0.001126894616908299
0.0012053677841912637
0.00206338178392345
0.00121144920779896
0.00118705009123625
0.0010453402055553606
0.0009991528053191325
0.0020386953333770197
0.0011227280082406219
0.0010769925247094338
0.0009184447693071535
0.0009353801790293506
0.002496608337064814
0.0014171750468801548
0.001231798002870827
0.001192535691777767
0.0010844405199461353
0.002303338144421603
0.0013162141459097567
0.0012152427134483916
0.0011028382519444064
0.0010687690327656025
0.002243548118544271
0.0013614296382572137
0.0012693685387364575
0.001153211471040261
0.0011452519536967957
0.0022069780776966742
0.0012532023082240905
0.001183867540322469
0.0010427860145621267
0.0009879298991838639
0.0025284527107169636
0.001272674697175823
0.001238920608598002
0.0010935407188032552
0.0010575412690258994
0.001964071129021319
0.0012060779300113803
0.0011396171828730306
0.0009718497117452978
0.0010020787182385364
0.0022337503391816837
0.0013155042883633093
0.0011455461400345685
0.0010391377028209218
0.0010216949779359755
0.0023016152952224965
0.0012223825375419464
0.0011310512927697482
0.0009928792060000407
0.0010595213956255856
0.0025374528186626463
0.0014273066609605464
0.0013194823046845541
0.0011218020960769306
0.0010175499073640983
0.002724777040305453
0.001541298252815111
0.001412213629983264
0.001322293724773362
0.0011996101147860544
0.00203934734009643
0.0012411372602968839
0.001168044430913036
0.0010669206671018886
0.0010304245779245754
0.0024032302518979696
0.0012362305497965955
0.0011274539108985064
0.0009811175852342071
0.0010132537731660047
0.002178282307327684
0.001170019600764416
0.0011179527043578077
0.0011353513464968084
0.001011468453326194
0.0024269709859141247
0.0013275711324997454
0.001298327124997404
0.0011602186996114664
0.0011327837745143674
0.002730792331686075
0.0014604777507823377
0.0012443023557386578
0.0012599553601736952
0.0010704574798112859
0.002201188071285214
0.0012830002907132964
0.0011749664201216254
0.001058096998774889
0.0010329327146618812
0.0021351186903774896
0.0012512064297256213
0.0011482927346160084
0.0011082316937386682
0.001035344880229678
0.002215261555207557
0.00123335049760294
0.0011342941212789182
0.0010644085436307
0.0010071091857200036
0.0021639981140943424
0.0012908948123722317
0.001238922097278317
0.0011013024221716858
0.0011042807866769376
0.0024769046003252576
0.0013388775637240126
0.0013707910466213581
0.0012421160041236688
0.0012024519687601147
0.002184688582279003
0.0013871270292819106
0.00125044200078912
0.001221860976269765
0.0011129876607611088
0.002112137523496557
0.0012645936030782087
0.001161692479818099
0.0011397693790665068
0.0010858081873077335
0.0022834095881904544
0.0011738166675647008
0.001149725016681169
0.0011076093890849145
0.0010987982028618296
0.002286585289733869
0.001240485133419766
0.0011866613894747123
0.0011086014319785123
0.001037993306078008
0.0022940051613191126
0.0012326560705425448
0.0011212630459398261
0.0011454714698076953
0.001080424920332063
0.002581157809980588
0.0014281588957620202
0.0013291947424658897
0.0012791243842708738
0.0011628765539403744
0.002212656930097326
0.0011987070259309256
0.0011241442257642555
0.0010965687233906276
0.001026897942853426
0.002405850335597169
0.001308130199159085
0.0012233779099873239
0.0011631477681652513
0.0010774022397972481
0.002392927119920116
0.0013294441432905734
0.0011859216843691843
0.0012043276424669326
0.0011317811738571796
0.002426010034627599
0.0013862684002796178
0.0012963844676788538
0.0012460469198398959
0.0010900004524621186
0.0024088721865102437
0.0013587308985972516
0.0013166611980208612
0.001134890498582312
0.0010716347599716764
0.0023698680050444005
0.0013058341111475576
0.0011933360218275841
0.0011336444030597018
0.0011546961419537875
0.002076083087907705
0.0011627940439305048
0.001110350307880319
0.0010733324227716692
0.0010415599673400534
0.0022827531307967382
0.0012808235590576183
0.0011406109207260256
0.0011189633468624666
0.0010204572549750769
0.002421865287460138
0.0013151408378929543
0.0012491328509562016
0.0011549376593554892
0.0010772086138870524
0.0022516813370139126
0.0012220778150341016
0.0011940903059998772
0.0010768956937471455
0.001021924740536737
0.0021216756007404747
0.0012370531729287114
0.0011548846058531937
0.001144552239585632
0.0010354737140055757
0.0021930045941982042
0.0012567124801662244
0.0011743075657215827
0.0010311312815684327
0.0009982060125749196
0.0021391038577562196
0.0012037441730496023
0.0011879033717599474
0.001044830463838972
0.0010247825377741565
0.0019681713135636324
0.0011683216356458796
0.0011048105655258938
0.0010169967164459274
0.0008706124780984742
0.001959957212525186
0.0011051123203994818
0.001132511552745083
0.0009640222918858779
0.0009065738370702465
0.0023635632384329756
0.001263989058363023
0.0011778869781905825
0.001048674961173213
0.0010119507840560754
0.0020586124054595384
0.0012024354597563564
0.0010753551942254598
0.0010119828499025219
0.0009299905484223136
0.0020129137641187386
0.0011075697890264612
0.0010756342064942618
0.0009538689372759275
0.0008888871490381
0.001933697877828771
0.00112062082625196
0.000950049592622575
0.0009331790532418469
0.0008859414846416929
0.0021938986982403303
0.0011423941999844658
0.0010479441042502329
0.0010179039324539059
0.0009967864596850547
0.0018849019181855686
0.0010796028614261123
0.000977020401986301
0.0008916746002789216
0.0009133682728330354
0.002093590055516649
0.0011048320118716888
0.0009974428833539346
0.0009261981721873547
0.0008710622269192629
0.001958674649585144
0.001031678265759161
0.0009342967218751477
0.0009742402274383102
0.0008623276756572276
0.0019674232129507124
0.001110973559514304
0.001019541183546578
0.0009738401767090068
0.0008801761089079475
0.002188776137423229
0.0012481781561269052
0.0011703317024918858
0.0010776998065237214
0.0010304352022567492
0.002106726611077664
0.0012830463157051202
0.0011460675640406826
0.0010533752281839158
0.0010554952103087958
0.0020407668492764806
0.001220560116255543
0.0010155465741303034
0.0009404607816734389
0.0008246460649049055
0.002024890760209633
0.0011519437619524847
0.0010026381144982266
0.0010090953854570374
0.0009436485319200308
0.001524918981795478
0.0009308333956517498
0.0008675882033313787
0.0008216391567583962
0.0007256871776050096
0.002106291436077866
0.001145137948750304
0.0011343484370233052
0.0010177646998060976
0.0008697821541681036
0.00212095243295376
0.0011986902608162684
0.0012371231737244937
0.0010333723786102203
0.0009899990120673322
0.00207515829483749
0.0011887562087434438
0.0010814778256545737
0.001055855760872719
0.0009165530205013704
0.0021062198349190092
0.0012068669082826707
0.001080663909875831
0.0010645014295325192
0.0010150511653429643
0.0018928377965348932
0.001098233105276127
0.0010407153848494156
0.0010512930509774263
0.0009029553119850842
0.0019163757491367417
0.0011272823468235506
0.0011198071126845646
0.0009905237755741718
0.0009704972631553945
0.0021508985199382292
0.0010603409488789395
0.0010564570572451277
0.0009579647923843291
0.0009382749165144032
0.0018060136805607108
0.00098894254549263
0.0008970440551293501
0.0008535808089920814
0.0007931424139130318
0.0017789440880061984
0.0010656624813837057
0.0008780483777774104
0.0008743274625989735
0.0008007705516872902
0.00230452754977872
0.0012001076667245063
0.0011088458989004712
0.0010621653120221303
0.0009920029774849433
0.0019970919694529375
0.0012051949741953036
0.0011000130670438255
0.000981001164328095
0.0009657051006203179
0.0019103348885533113
0.0011720541872395525
0.0010355788213664092
0.0009737681625583319
0.0009353429845666017
0.001877370917270682
0.0009958117187102485
0.0009625794820477111
0.0009681392016169433
0.0008415726173552337
0.0016871578453323559
0.000899048835130587
0.00087993168672121
0.0008072614498539966
0.0007960773568660271
0.0018736438899400075
0.0010228037099554736
0.0010057551796266674
0.0009447857019342857
0.0008729906293066112
0.0017717558283927757
0.001062059180222917
0.000963823786198703
0.0008927181083989626
0.0008243269237861271
0.0018227936253887148
0.0009949924679128336
0.0009378458721244755
0.0009112116132831541
0.0008486344331088746
0.0019292350905615048
0.001046119161284715
0.000977328839916894
0.000857650568664929
0.0008392858104475768
0.0019117785501810928
0.0011361328312006116
0.0009905414323192277
0.0009560814614737471
0.0008977350555883307
0.0018301950645853195
0.0009994276617156402
0.0009646794381452896
0.0008992999976114555
0.0008216855473795865
0.0019028205497883892
0.000997917163370553
0.0009817238439589337
0.0009325482055637568
0.0009044354202296379
0.0016297946903660113
0.0009929213464884056
0.0008945092690430013
0.0008343167099426091
0.0006849226867079847
0.0016181326739773381
0.0009729393971836093
0.0009001726888439857
0.0008451453810383344
0.0008058473771034135
0.0014676545882934045
0.0008849456558487345
0.0008240542882808072
0.0007508966751233803
0.0006781690331539596
0.0016817773680726236
0.0009074009715710255
0.0008411047220118095
0.0007682898227688867
0.0007158083963479607
0.0017436158955361864
0.00095574436159064
0.0008631820718322502
0.0007947594078097582
0.0007918194113364906
0.0014791945079781889
0.0008319001441438217
0.0007915823582157383
0.0007080311701052275
0.0007041625189365412
0.0016334351210183333
0.0009573967028481977
0.0008997692437031275
0.0007781768982335493
0.0007288185727431647
0.001732673737133864
0.0009743390191832685
0.0008626067433730633
0.0008033325215509442
0.0007593656135136633
0.0015946273558730298
0.000916284339461348
0.0008665342884202624
0.0007772857195054666
0.000729461340395882
0.0016414409978521105
0.0008162461644225115
0.0007826796596659652
0.0007697738651334826
0.0007481529940031127
0.0015462610206446797
0.0008976521442965476
0.0008164768209514174
0.0007459252571570472
0.0007315821982385002
0.0017047905991106782
0.0009512769912007372
0.0008440105069252706
0.0008073798333577891
0.0007437754454430189
0.0017621719985927737
0.0009387857152099463
0.0008194697451432004
0.0007730896117513704
0.0007365343543403339
0.0013552163727947638
0.0008591786477067276
0.0007945631517935577
0.0007184921956916904
0.0007122602406954673
0.0012653875760810758
0.0007474618956419753
0.0006946520751777098
0.0006458670568656219
0.0006415761653135634
0.0013419786691290525
0.0008338860009143814
0.0007621965166803581
0.0006865685850674649
0.0006623487117698733
0.00138005698019114
0.0007570874500991715
0.0007416791704425117
0.0006812671667663032
0.0006212616132597142
0.0014380615076755936
0.0008575561599838387
0.0007540398507987049
0.0007301936039412894
0.0006823368565856486
0.0013571157824066548
0.0007127344496715455
0.00069173027740828
0.0006228928166072926
0.0005977937795992503
0.0013197286024744053
0.000697584804076051
0.0005987582668790511
0.0005690279998477729
0.0005971191895322199
0.0013667114792044065
0.000771780545264057
0.0006863005613186948
0.0006675014111257013
0.0006336112914490643
0.0014173430405940036
0.0007677720707710176
0.0007613954573654293
0.0007402029858927504
0.0006262278769052869
0.001355880850088929
0.0007753676738929367
0.0006696309189564674
0.0006270177296343868
0.0005829315046437751
0.001399529924777478
0.0007878580064029064
0.0007235067416205795
0.000683716674602516
0.0006439757730838574
0.001238113217024464
0.0007586960980274012
0.0006915748137697297
0.0006530521758629521
0.0005601477033270784
0.0013980483017149476
0.0007967546843561036
0.0007070966129817316
0.0006487882981987922
0.0006027246137565765
0.0013319765750332744
0.0007453601985805998
0.0006777935948397637
0.0006195894665872174
0.0006256147986833955
0.0013822147663257755
0.0007512507887389245
0.0007350413644847937
0.0006616872534993095
0.0006424646598128321
0.001254815820045605
0.0007305985043663936
0.0006556668255405838
0.0005740480758731109
0.0006302983745692735
0.0012834217653226033
0.0006846083830618933
0.0006460476187318275
0.000590579271145352
0.0005370535749546361
0.0011967056206012234
0.0006356469412353509
0.0006100714965801954
0.0005600367045951525
0.0005085873129809316
0.0014205526473612582
0.0007857563864352943
0.0006545852112162955
0.0006460453203734042
0.0005672970877420894
0.0012472531326706783
0.0007060963177561564
0.0007202744111437834
0.000607214854069521
0.0005948950979767748
0.0013537967017764974
0.0007798560570493971
0.0006936656270386763
0.0006369048493013625
0.0006198915073656838
0.0011880262504727747
0.0007154968112024402
0.0006416448602593084
0.0005721458051227674
0.0005677812053701466
0.0012110236331118718
0.0006955825710896502
0.000629462179718701
0.0005801855012395706
0.000524630052814086
0.001132954939591071
0.0006425560414068887
0.0005824470438707262
0.0005807972500385182
0.0005518182120810215
0.001083434652810551
0.0006448220644620698
0.0006005886032598603
0.0005448232107244468
0.0005424423179871051
0.0010726261994654515
0.0006511317929936939
0.0005870098388210139
0.0005517445507850877
0.000524869828251581
0.0011341511274339969
0.0006607143888117401
0.0006168454384768737
0.0005413823102794963
0.0005066250298361779
0.0011597467332474232
0.0006126335797066627
0.0005641173426538279
0.0005250709908961016
0.0005018258824513355
0.0010606488193006128
0.0006091322788607724
0.0005739893981083767
0.000523920532785886
0.00048771763347787463
0.0011657046089318648
0.000609167569362932
0.0005416592459986931
0.000571083506251222
0.0004921242467421225
0.0010847696771516474
0.0006342018949648848
0.0005283704282238004
0.0005472367481714991
0.0004967872905894917
0.0011172646462976228
0.0006132139452535599
0.0005764988133764624
0.0005264219196817675
0.00047519873416998145
0.0010284505427719433
0.0006371495725999861
0.0005752536902807506
0.0004642118912482308
0.0004416471501326651
0.0009607773514504855
0.000559275952592485
0.0005107273405709295
0.00046067192683006995
0.0004586604656933659
0.0009427499233365549
0.0005519581021090154
0.00048546050420521735
0.00044061200558598627
0.0004017132584116931
0.0010167553518009745
0.0005445485173418591
0.0004933927304566386
0.0004962973306726079
0.0004272515711436581
0.0010451987615216788
0.0005451096005171059
0.0005384739689249339
0.0004557335933151159
0.00044387632449526654
0.001034481980037138
0.0005571279622589519
0.0005083262478581441
0.0005213541668644052
0.0004654744233557724
0.0009571348284917334
0.000561562906520244
0.0005276475626913883
0.0004667529367796162
0.00043544725481787036
0.0009215084822422582
0.0005415837743625536
0.0005048926091810085
0.0004467871809191739
0.000403714651164299
0.0008495825457014891
0.00047187661687959453
0.0004711909605512794
0.0004475768996000182
0.00039643587055340773
0.0008751785902281219
0.0005164626354038597
0.00045083113704773493
0.00043316643135268303
0.0004265607476957555
0.0009017136677268594
0.0004905714189285584
0.0004604292013170973
0.00044785270141420156
0.0004122959097996069
0.0010172943975221556
0.0005786160357758671
0.0005554298340788607
0.0005243211441725413
0.0004422006342893026
0.0009243290262740603
0.0005262745346646077
0.0004886590857697564
0.0004580800270161615
0.0003993751953516911
0.0008636008107735971
0.0004900420187072925
0.00044761185327632877
0.0003969353415820783
0.00041484589137309215
0.0006694500705032824
0.00040316094711902753
0.0003470069286542965
0.00035564494756751654
0.00034289944272803644
0.0008542884643663795
0.00038158178235679787
0.00040585224298479787
0.0003459728199519964
0.00033405364389985895
0.0007556709330706143
0.00041727408853991593
0.00038378897456410247
0.00035796844617664436
0.0003614034651043189
0.0007200421049237546
0.0004221356348195306
0.0003756524374744468
0.0003585962488865543
0.00033735086531418585
0.0007079473023245087
0.0003976509812749996
0.00033963923374206876
0.0003177656713042931
0.0002702106670287208
0.0007031917024144596
0.0003815002203353957
0.0003951596126267632
0.00033367294873976175
0.0003239285742995658
0.0006898961834230861
0.0004028462347707783
0.0003660172983779248
0.0003303290876839392
0.00030112037317987246
0.0006403049535755486
0.0003611988538260765
0.0003130363780684785
0.00028691823874706226
0.0002490930015413805
0.0006025470038082858
0.0003505333446965702
0.0003105219919753947
0.0002908052832507056
0.0002781703897960516
0.000613173402452419
0.00033532797809650945
0.000324699595929572
0.00028976713687657596
0.00026309216727035136
0.000675831383226302
0.00034928906618097386
0.0003367736182501389
0.0002972838778689409
0.00026527159752189457
0.0006345964670251508
0.00032697933417233767
0.00030827315511491594
0.0002923729660126505
0.0002907896304147865
0.0007152524653729189
0.0004050384896769065
0.0003247960864631398
0.000306556505843103
0.0003077580209503768
0.0006348236152447135
0.0003530872319910249
0.0003016820321732671
0.00030191322946676396
0.0002533670763547371
0.0005830056871502762
0.0003123249184478205
0.00030003036659227353
0.00026365572913460475
0.00024281757874432426
0.0005443383006395722
0.0003151780655318714
0.00028570868464711675
0.00026751527484304797
0.00024664941575368586
0.0005237882243994903
0.0002915083895197405
0.00029781075728015045
0.00025709083182779915
0.00024085836364041036
0.000458042301002728
0.0002769803766598749
0.00024140954467095856
0.0002164778895466314
0.0002020275550869764
0.0005471670022082484
0.00028340384790644313
0.0002552438261272068
0.00025599329495889513
0.0002299697424341038
0.0004904793349948844
0.0002863637291749096
0.000246312797533824
0.0002272769210778408
0.00020140650507908056
0.0004360733646191699
0.00022647015585242403
0.00020941137005106117
0.000188569136365883
0.00017421399383299552
0.0004844103295202371
0.0002676885408722473
0.0002440267477095352
0.0002265420656553106
0.00020357039296159027
0.00044317521697152595
0.0002426016911947377
0.0002261104165567382
0.0001906586169899881
0.00017652228016002523
0.000393461093892044
0.0002143466028548576
0.00020893370841701338
0.00019067869174383838
0.00016825689190345735
0.0003749821953232747
0.00020245799399042362
0.0001911316251772289
0.0001713187636633808
0.00015884789616628985
0.0003574934411771666
0.0001975568806525809
0.00018253842720078182
0.00015303882268878096
0.0001615883056521764
0.0003359938421204979
0.00017259809362041097
0.00017291648900243206
0.00015708059660902204
0.00014529909731944026
0.00037086328658076045
0.00018954700857644335
0.00018761183580819573
0.0001605028398248592
0.00015246912735186407
0.0003403253431490626
0.00019331074030799156
0.00017311272585083756
0.00017905625116048233
0.00016343012008034828
0.00028542581726834215
0.00017284183722448028
0.00016019449040974748
0.00013713161688760244
0.00013148827382705822
0.0002660913591680205
0.00015731538304082106
0.0001424490322049543
0.0001278267738392059
0.0001267563315938034
0.0002556524065338232
0.00014218608728506872
0.0001329709158987855
0.00011981022341116617
0.00011220330912031303
0.00025446238291379345
0.00013763994766195257
0.00013186326578659095
0.00012562228028690408
0.00010990427486936444
0.00026769263257137444
0.00015152621277217542
0.0001277819413169443
0.00012142868027733383
0.00011096080827662945
0.00021671825064432704
0.00012048955480194373
0.00010545578298197895
9.60259928745805e-05
8.256426871196131e-05
0.00018740976353463773
0.00010067289561285985
9.800778265638401e-05
9.126522965728371e-05
7.8968515013506e-05
0.00019047884234606806
0.00010673077044181433
9.672359422631285e-05
8.467694684376294e-05
7.954500068403307e-05
0.00015320626895087914
8.54554270525471e-05
7.605533257160443e-05
6.924619112784606e-05
6.586627800384921e-05
0.00014241957919689638
7.44826875695651e-05
6.815298116798384e-05
6.011795052053422e-05
5.446184948433039e-05
0.00012646132157633722
6.530963208238662e-05
5.504580762058157e-05
5.097208883242115e-05
4.316182474832723e-05
8.583234236281388e-05
4.6616368456732134e-05
3.943952964460656e-05
3.724594387552845e-05
3.313408332658125e-05
7.093153875796152e-05
3.412183541383318e-05
3.062710791680319e-05
2.6907980040908594e-05
2.1960687208254528e-05
