-2.1374019062752367
-0.4565643919605604
0.011769052117554836
0.4684087993690491
0.364762728940194
0.26805587473180187
0.38995483041864276
0.36247758282073633
0.5744691098812664
0.5782365085898984
0.4731830943109887
0.5396879492136759
0.4765443994742806
0.37890177246707524
0.41572970940172144
0.4916718334232196
0.35450609170975567
0.40389216701434544
0.33679990115354735
0.36657744116824476
0.42700236173712997
0.2523180018053934
0.3462929660549013
0.2763571349336892
0.5099623632803202
0.35931575715543
0.35877892054985583
0.40586288824716965
0.44853686024192513
0.5130093708583213
0.40883609409745014
0.5102112184170443
0.5223608080715281
0.5517228796510281
0.5559346953252743
0.4700661022506393
0.5384353460985043
0.4074472932648702
0.5865542266572564
0.4542587279731231
0.5232983244341421
0.49785539916440186
0.5650434851714936
0.4975602334699482
0.5864617961497486
0.46758898178563996
0.516490857360145
0.5552383892161716
0.5560881264180373
0.5597597503032956
0.4680644839624848
0.41842913866493964
0.4959788221871624
0.3535249785161377
0.4669334878054314
0.4362967829258063
0.43239040316225674
0.5125410202545493
0.43128242910533693
0.4118050477236603
0.4011929844003415
0.6757358416703639
0.5987932113407276
0.46808708929087833
0.5101934362289547
0.46832835470633855
0.5138943159486494
0.2608798609533704
0.37127247466155294
0.3698840236391525
0.5314006750699687
0.33545324724884373
0.38732266036092
0.44188036460047847
0.3583917872307789
0.5015783096708853
0.5890391732313303
0.6135330675831365
0.5826776610174838
0.5036804437504495
0.49601515914635624
0.5681231076731645
0.5896458874185532
0.48376964834267244
0.44933978046630957
0.478794870106563
0.3944884153331195
0.5899336390765297
0.48414212519671346
0.43373865485357344
0.49459446332200335
0.42673648807726755
0.5255677022594948
0.358167610994302
0.5305019280134837
0.42489186173654847
0.6054525997388667
0.419578101217499
0.522978229564421
0.3886121392370264
0.40952742580998214
0.4761177789897685
0.5078489016955757
0.5389689543666643
0.4038688520195583
0.42198157821690896
0.38437873538635875
0.5397917454974014
0.49475368707323786
0.4556394625839464
0.3196505709846857
0.41204308494124825
0.48622262603192545
0.4254006621411101
0.5649397670514269
0.38793475801999566
0.46206802834737315
0.41743829885961203
0.3392593243801933
0.38501957634539385
0.4787453922528756
0.4856360570776269
0.37518453194305906
0.4159095601776754
0.4248479773861431
0.5431932069719122
0.4761118005612148
0.39986814245412744
0.42503958934764213
0.5089540585148076
0.42125744603755555
0.3922652386143798
0.49839292265260043
0.4266429501559517
0.4815793079537486
0.5341827246390659
0.5391472714549688
0.5441717099844969
0.4382845138175361
0.39381944613615677
0.5722591989361538
0.43213500129702
0.4172656571206812
0.6146321510053473
0.5208642691651001
0.5257785661436744
0.46443911653531994
0.5179176377431634
0.49606356458793377
0.5405817608973086
0.4356751746545147
0.5394163848440231
0.5082103022587363
0.4587145435071827
0.4583636284253163
0.44130026775577047
0.450506530602207
0.4918195301284195
0.5160757312874962
0.560070102919574
0.4402243264799697
0.42027792928751734
0.4826427827342419
0.5729023513500576
0.3168878053978544
0.48299394773696824
0.523578691935685
0.5056846564745
0.5136441473562071
0.6410365075011023
0.4782455717477322
0.5802279572951439
0.6516190534499992
0.6221767193444779
0.5680921881258002
0.47606037981264093
0.4376766684436669
0.5453868170038781
0.5290856264839592
0.5313123154414245
0.5249664853827762
0.4410732428142931
0.4273598483374611
0.4496455890601591
0.525248533394689
0.4931687088688385
0.472580549331362
0.36201571656170445
0.5427150444474022
0.5807833883508693
0.5102689707308837
0.5374686827339932
0.6076651802556099
0.43924826685764196
0.522810359944972
0.48294116797839715
0.4662736843766174
0.44195390647001737
0.5884394638982916
0.4761260367959967
0.4903485039183747
0.44382653695345
0.4223519345923055
0.5218780638542032
0.37699041606933087
0.5141179006164572
0.5676382008181531
0.36938692180173904
0.5512017697856695
0.5053264281941247
0.4760583152353369
0.38583114390063467
0.3932901011238013
0.5243555466101205
0.5485693363566299
0.5966765696525513
0.5362173060917622
0.43783700850741253
0.474009088880102
0.5528838615528795
0.5087545218387102
0.3559312610753216
0.48186001663035466
0.43405430276291834
0.4707513311689021
0.3920810412410931
0.5403890791506422
0.3913794771643397
0.4515094616718813
0.3220618907371083
0.4459531856901994
0.4484585046436345
0.5294213897678351
0.3319869238757302
0.4502010096316638
0.5682767638732483
0.4545709710103895
0.42977735601106587
0.46177993056765754
0.47228495197959197
0.4678928811623338
0.5393895127207015
0.3770316697607944
0.6046816480550146
0.34891818780028505
0.42927502430594805
0.36379931558858886
0.43591490099474206
0.5672899679469724
0.4439488434209021
0.4353879857125598
0.4745055526340842
0.5022653343781667
0.4898041419340755
0.577171126466672
0.4397103109909679
0.4032152119764602
0.5234261117748534
0.5711752132631129
0.5029539574444883
0.5554705189749167
0.6390382568360814
0.4621186448248727
0.43968378302067873
0.3563566364586704
0.4200711877767771
0.3483702216692171
0.588588806478033
0.5660673315679602
0.5002051577204575
0.598396358358811
0.5393647620226735
0.5287768214219236
0.6057967250072663
0.5997292765958959
0.6284723593793647
0.5611637194898043
0.5775934417153195
0.47281002636431047
0.5313833159319878
0.4716250313290505
0.4423834450296319
0.4936813430572551
0.44374770730135754
0.43131975504689896
0.4459280492692378
0.42336851225488636
0.5080579688944984
0.474841817156388
0.4430052364618176
0.49260456497748717
0.4152634921256667
0.5086296618142864
0.46652413652012975
0.274419987036081
0.5656706674509505
0.4443766780850901
0.5136594869919333
0.5488666754819819
0.5093236720096552
0.41045208161893587
0.5957884514199889
0.5697198392466785
0.501397002785442
0.3780657245480746
0.3375282811842679
0.6182382518512586
0.5847471933068173
0.37988069848707007
0.4023436224530766
0.46320157029637715
0.5719953656460366
0.38548844834877416
0.5058286188767399
0.5130035075428908
0.4625171262948025
0.48218986749325216
0.43316658370976185
0.47124871986459793
0.5292458603347537
0.5031827029630019
0.4616249332499667
0.49746089949707517
0.4440191815968373
0.4862032357643877
0.47604674054528084
0.48166779042207486
0.48468511390791286
0.5576980841359481
0.5385471956922155
0.5135087838465171
0.5554531234452852
0.57068981495707
0.3696248202461404
0.39150939152882064
0.5052412656882075
0.5086832911956283
0.5534394214949969
0.5217623379042341
0.4601887542408129
0.5063330385250652
0.4243459630105276
0.3956026834974185
0.3737502901446106
0.3253605679949232
0.4683835496488369
0.4992787553857231
0.4413517405189318
0.3547701892447732
0.368458736688913
0.35801744326432206
0.5527215127176248
0.5183113616768348
0.4825519997781003
0.4308158331592395
0.46621380504226506
0.49801754304186197
0.484988325102006
0.434937025420495
0.42286297611479123
0.3617312273840989
0.4834260776236185
0.3917336647646426
0.46246694870157207
0.5952655271770319
0.48382489623472286
0.4624286326759266
0.4769687420095719
0.4091741097520971
0.41832687077111796
0.4299891821107961
0.3233542247701916
0.4002472658152099
0.4141048664534998
0.5207804386770912
0.47632770016549786
0.4548703482343406
0.5713598709321769
0.5497348942484669
0.49732465335174425
0.6102980248443011
0.4810564575260742
0.42793028002349387
0.6316628969990452
0.5797319325186301
0.40159305418998914
0.45494140181350556
0.3811466982434763
0.370856732718218
0.39592547374644754
0.4207457279596347
0.34421534735761455
0.2369595964292794
0.43893220887117496
0.3750476182646545
0.44262832640605015
0.5903692186772279
0.43762244880162354
0.41677239313590503
0.45671235726730425
0.3985757380138144
0.49842291117132076
0.4243426071658139
0.47573637143440944
0.5648470635936347
0.6143772234223551
0.575589695745492
0.40777265287384146
0.46729447864180346
0.43765585403291046
0.43163827159800366
0.35153225222576917
0.42261780767797125
0.48941092838668465
0.43537969937051213
0.44231111836327136
0.44660047608729203
0.4819023059099928
0.5239619716719043
0.40891899841441853
0.561978084096718
0.46545351213983155
0.4907156190852419
0.45982648476104676
0.48935767144497244
0.4586489447242756
0.48397341758004475
0.5634892834395341
0.41951403030794243
0.4581968328190967
0.46711423521946527
0.5462309821282221
0.5290869308069287
0.4518499029575885
0.5134355177170183
0.5066347268327871
0.47011592906322247
0.5899306309142134
0.48212148355435924
0.4569371798665789
0.5325375514179521
0.48101369388424764
0.5610515267124259
0.5290037349269754
0.4810156162473009
0.5467412867369899
0.41603830879626846
0.4915035694994434
0.4325765107736652
0.5000713514337064
0.4016053382136239
0.36382192010556785
0.45371287215090295
0.507887437095743
0.4113149824670456
0.5445417324521347
0.46862950989126273
0.5028675026934994
0.44496198074690124
0.42745880187096363
0.5434879485209783
0.5523764094031781
0.4221044504778084
0.42309098908327764
0.5106572509238567
0.5773724294424036
0.3860391299124936
0.45740488212086183
0.4191621157567576
0.44690149722609657
0.37376162096361787
0.440491018063284
0.649364538787887
0.4694377379537406
0.5333167382911195
0.5463207426315922
0.5266034731325142
0.5055775958846738
0.42940878357787093
0.4931510815946581
0.6018392717866418
0.47537206358336853
0.4475095645926898
0.5030038051015451
0.4681049504123056
0.4358949559287384
0.5006001396950865
0.4767791915156309
0.3992483231094594
0.38859138282146644
0.4026659431303257
0.3698505785583348
0.400448352218194
0.42451543832546174
0.3493583668855966
0.3782411381672764
0.4695626065172121
0.4554431543744122
0.3247236315977164
0.4133872017691968
0.48307087870146004
0.49839784305598367
0.4335489270804592
0.4612925156870582
0.5354160270784509
0.4784420699221321
0.5033239096161767
0.47583502285656865
0.4103290583932574
0.5292497281984427
0.4572827007550426
0.5034796549640271
0.5029463090379311
0.5013058203539568
0.592990715245219
0.5142243904144206
0.608535104523524
0.5307474715192549
0.5149858050181084
0.42858058312244085
0.5357767391394387
0.4017504269840179
0.5760344208079851
0.5483950638377545
0.4680050886951493
0.36045918892543494
0.3506443710804903
0.4205293529534186
0.4790255159771815
0.5327481724740015
0.3990789673456166
0.53222294886401
0.4190745862751682
0.5849268536962196
0.568153033434305
0.41387961914284965
0.38646591422142246
0.4684963748496049
0.495264970059524
0.4294630293785719
0.4360928147418657
0.4719579510778707
0.37996740962814635
0.530675881110292
0.48338618052627624
0.52872256356215
0.43460128534390946
0.45799045070026295
0.48083592984126855
0.44727834705163366
0.38498254861517844
0.4389831278643042
0.4643175118358024
0.41622526824638695
0.417873709731331
0.4396944549136277
0.4215447510839945
0.4930195057265158
0.5183327445748672
0.43537581018600013
0.4832071053595482
0.5524397387923302
0.43847310826076985
0.395620640588602
0.42930170097869264
0.3790466523580612
0.42051901074330084
0.4796005964432214
0.5381420230554793
0.4849773729215143
0.4201944700946701
0.3701939778774592
0.3396533385918943
0.5325610660041262
0.5571187234037234
0.6145324151389437
0.425760034228366
0.44705796351664256
0.4322416251734991
0.5425590737113334
0.44874670786981624
0.5387856496859117
0.5211193014576174
0.4223798599862006
0.47651507312225505
0.5504950796883362
0.37632891705310584
0.3327138434879173
0.482197163187335
0.3957196081780981
0.5356568898879006
0.6255860741774852
0.5476033031736546
0.3994564781542788
0.5829312148022546
0.6233397997591921
0.37404643081055466
0.38102262839317647
0.47866621875070503
0.3854297315972999
0.4127696779119985
0.43267483995372275
0.41706679153854215
0.4869055231732901
0.6217724319291763
0.5921055336814616
0.5604238054882962
0.6612870859771961
0.5113153126581651
0.48379548586036236
0.4734384545963725
0.6595203790311189
0.5894184873369465
0.554243777264404
0.6502554350916083
0.5151953460274248
0.6873098347313322
0.4836846337673589
0.5249432986201978
0.4554310729667935
0.5192351650011693
0.4409969715897033
0.48288528235352757
0.6068052601374874
0.4763713998505187
0.43023264356995705
0.4980563426848646
0.5246343225822119
0.46371301132836323
0.4427604528611567
0.4392634173813164
0.4712375133895936
0.3215226648367292
0.47556961275753046
0.44421763854667273
0.48636584569874103
0.4111345042187752
0.42543931029692283
0.4532210519844352
0.4051897250231382
0.5247276665905592
0.4664167468500396
0.51695950797165
0.4662733328987117
0.5159641879726529
0.4205779229222996
0.4593019891301086
0.4358984026116346
0.4170993873557344
0.422439145307786
0.518299844946345
0.47374808436912447
0.5204323427027592
0.461354402895575
0.48366882815637297
0.5390884232873421
0.4122647983849567
0.5629676935419411
0.511911403222014
0.5199838753558924
0.42430652597150276
0.47833177979317737
0.46281677517202513
0.5078169308060676
0.4642740406917211
0.4544075946195491
0.5957256202133019
0.4285081015028766
0.5541995841539127
0.461440318174853
0.4867790626012841
0.48271367391248615
0.4820925955083818
0.598815627238617
0.5235557408527444
0.4050213222180604
0.4965332243822037
0.49609711684920665
0.5323502667964178
0.47508422737876965
0.6710995978043872
0.4943349081014986
0.3847237034773471
0.5797717623607069
0.49309528872844055
0.5087301883107487
0.6085140384150389
0.5383787607306569
0.49426857670313645
0.612200611450147
0.4538807322590155
0.45230293854758885
0.4692295462142785
0.38575319207014236
0.619386210354704
0.5241515660725854
0.3867118636043442
0.5357460296796341
0.4744360489700003
0.5027284494768246
0.4039432431708397
0.44122081258530754
0.5102876875516364
0.5266109589958046
0.5738721087584506
0.6271411250911404
0.5831535526711878
0.5081220440896131
0.4901322760949223
0.3590628926345977
0.5653490846899384
0.5422577036352778
0.4104497342760176
0.6044475859846036
0.5407503987229966
0.5541946605070162
0.5309794281607407
0.6527425257896302
0.5812673843847134
0.5952789561629819
0.6705962355522711
0.42776824892464316
0.5408103012772499
0.5685435228836924
0.5757717897695859
0.511140233730903
0.34193475579975463
0.4415018992884625
0.34914934036107587
0.5564143696350832
0.48776163355198177
0.5426652097894187
0.3478978822464064
0.5510577469213588
0.5009168729401317
0.5707126222705409
0.5548218752134036
0.5692703306735265
0.7262588505503611
0.4192747171426086
0.5583152521664376
0.5105610868104388
0.45073121862468263
0.4585952954836204
0.42460147513009355
0.5097503496104414
0.40078438437613895
0.38103987707156844
0.4311741848653752
0.3834199897340451
0.5617653095558762
0.5019725350672708
0.4558751492809368
0.44596677270684454
0.5314526173164921
0.5776684018236776
0.5078897360302513
0.5344348930206224
0.5526852720389
0.47603236451427927
0.5839038882014203
0.5354690996538344
0.671948700632312
0.5917073554167614
0.5640979313090424
0.550046187824988
0.5132376755454242
0.6182459215353372
0.558346656629564
0.6053110447125503
0.5970674352949333
0.4976773365082136
0.4446674056625589
0.5593564278560804
0.547035734359788
0.5671652670175584
0.5291443178942059
0.37971844999641796
0.42915387766336277
0.4630233647786231
0.3850746053449065
0.6803736385177028
0.5369256095055772
0.6049876582209935
0.4534538388236553
0.5150624787712337
0.458948796824105
0.4341626715258208
0.5173397684552511
0.5712928867905837
0.5757562548102522
0.5948965488366937
0.4678784038402993
0.5570829470686294
0.5352660004997033
0.5921275005614925
0.506334388811558
0.53514435643221
0.5176930627751694
0.5028722962683865
0.4618994104474754
0.5100878288020667
0.40851872513089815
0.5139734112668051
0.5721138127079357
0.4534197758675371
0.4987644063051005
0.5932464791109194
0.5431163541902347
0.4685695371423149
0.4543502341087386
0.45471904685647224
0.3575421662463506
0.4401118973462812
0.3740510816138046
0.5324336372865172
0.581816795400725
0.4033181420989316
0.5615955574045126
0.4084248192471417
0.4622856379218671
0.5330199647642477
0.4604269278387988
0.4018687211832837
0.4517935553476715
0.5302764094661367
0.3668353520808594
0.5634057783052181
0.4119930299440878
0.540009049568009
0.5209127796318072
0.5561104423353233
0.5992432822707474
0.5372706610068687
0.6770262948687558
0.6203786089225602
0.5854680426139093
0.3587872179710025
0.5908252219864834
0.5247574798774614
0.5487588422163254
0.34522514780159785
0.36749310008939995
0.464744012433661
0.42882244486542864
0.4389882672561014
0.47279040165147096
0.5754377748731478
0.5748897699118046
0.4882197217772627
0.5706893290875085
0.5143945123752787
0.5509426024320923
0.5849907564450931
0.4997926550366637
0.47405317248200135
0.4455501523625304
0.40871487883170815
0.590000749697085
0.4514229981064841
0.5163054216233895
0.6442039512277751
0.5435024015679767
0.43741617998081783
0.4765850716514639
0.4512653176717913
0.5383247275535042
0.4600298483528455
0.46600465490455417
0.5108514566751032
0.49290748827393893
0.4274002246487309
0.5919886992697788
0.4310622917180148
0.46479845486025045
0.43162038664090624
0.5003272082780339
0.40794820651189223
0.5289271837442922
0.3779939551720261
0.5543161852967597
0.4994717183793186
0.43477431490972424
0.4071489312601605
0.35882865886211046
0.5680632442479034
0.49522096836277296
0.5087617405759547
0.4170333795220019
0.6156130564382913
0.5070660977771854
0.618345607928663
0.5695870898222128
0.5106151818321638
0.43623119858376674
0.5355185413699713
0.5486338685480511
0.3966949234960991
0.40869558902988506
0.5753779641520458
0.6071178295275771
0.6472176359274143
0.6611857737735809
0.6103087759939455
0.5284983159258261
0.6365146263328526
0.6942378869952626
0.5290725078535404
0.3295891770069647
0.4930295212388151
0.5999001810609617
0.5151539632109907
0.3583814194644767
0.5146961436907863
0.49103233874267743
0.38784882863691533
0.6722533487329093
0.5149626288127738
0.4156830660681441
0.41280895770017295
0.6379528572900725
0.6254740989873694
0.5796771389647869
0.5023840378166393
0.5118271013955938
0.4056630816368983
0.45525447414007897
0.45582484878813073
0.5631592258531707
0.4819687587388134
0.3438034302668263
0.4676566271402591
0.3859937398123924
0.5584321044507256
0.44506952670460315
0.38390353639101177
0.41993075453049544
0.506245559703783
0.38793802520086185
0.3938907726062828
0.4900443548845505
0.47839663099745977
0.5803218815550837
0.45626173879984444
0.5172669171442931
0.4890781037160329
0.48085910465874615
0.549942679265555
0.46615545783405943
0.4706885828555773
0.33706020031130035
0.5951992501663803
0.592062856057366
0.5395102835095116
0.5323319420733417
0.5090593579469918
0.6662545523650784
0.45993768372661775
0.4470756349484724
0.513529193613197
0.4149162712927502
0.3970750403359664
0.591243065296239
0.48603853459478996
0.596569319068519
0.4440614352702791
0.5639255974679843
0.5571678015041733
0.6303539734912125
0.6087187344027611
0.6412114625579574
0.5315540818268006
0.5138618034880347
0.5837461736711488
0.524757613693381
0.41966391920711726
0.3581738091326112
0.31126997542531426
0.47311970389965946
0.5402889340606339
0.430224124026207
0.45240564596006855
0.519501844078489
0.4277108534927076
0.5505386287493853
0.5536261813897224
0.46847803386892395
0.49770285043182133
0.44267372902026836
0.36904473389527437
0.48556029892443564
0.40898918279997215
0.49655665537432625
0.38343135728903915
0.3768372990925352
0.4210007437583109
0.5390660735086351
0.44414568429086476
0.4913664170452732
0.49684741506052504
0.5803349834546238
0.5427407819781325
0.617346396233133
0.5894721228492814
0.6229517390502565
0.6785408441816988
0.5045732306136458
0.6224320757157221
0.5710713132999002
0.6309826817349089
0.5724378137258764
0.6690092394460526
0.49649833500470764
0.6580649526130153
0.5426342151234075
0.581953157618894
0.660379808591462
0.4423234140311532
0.5565214972458786
0.6824542811523105
0.6430638441797895
0.4785159064980034
0.5845084125091218
0.6270906684051708
0.6126546209358068
0.5083804043776098
0.5862686080122537
0.4028563255426819
0.5130772311273311
0.480720486130744
0.41313985701306044
0.5045103647085769
0.4508857551503566
0.47034253995262937
0.4283827088518782
0.5188544787418085
0.6147241379016519
0.5141767188300531
0.617966147784667
0.5472833828711936
0.5878257158749597
0.5132261710199486
0.610944166222947
0.5178867020201566
0.5223884340287843
0.5157208988719394
0.5169433724622016
0.50067263343523
0.39453850429368637
0.5107031755279037
0.4479785457294713
0.4862291544572315
0.39405322610378507
0.6967022936963636
0.5751011460569329
0.6609985942517839
0.5663796890060024
0.5480231659786889
0.6321664699794336
0.7176644625917474
0.553645022437766
0.6203733577038416
0.4781224624524376
0.5280465366208753
0.5077135284006765
0.5230629254577864
0.4610977657289412
0.40431165514228556
0.5631738342617095
0.3823254473523601
0.36573758390816996
0.43527567190222594
0.42573261345489716
0.48985200835125187
0.5400250381769095
0.35359646966684755
0.46924943407307645
0.5199532512041544
0.49259957589464626
0.5323305363876197
0.4589961292163012
0.4261316027770582
0.412824754539308
0.3105395307215241
0.401910133811994
0.4339079945073505
0.6081801628788768
0.3939680189623377
0.5167939124486159
0.4938207916680893
0.5549210892014892
0.5277204716751904
0.4761090411662848
0.40812549104847295
0.6036433268283163
0.6176830038929867
0.5104426694989981
0.5156811180927541
0.5389147363647562
0.4664500595955071
0.5037766338634974
0.5938290203121364
0.49865529876807596
0.5015860365493477
0.4464758930010663
0.4199680876131389
0.3510842560579313
0.406062563286539
0.3865675215235448
0.4946544810430606
0.4142512868380005
0.46315264816210977
0.660268785804076
0.4949029331896425
0.546662038875382
0.4960045305995126
0.4264212192615712
0.4727793648041189
0.4883988402066845
0.5055171888856581
0.5082561784918849
0.5366675292890875
0.5187163171415441
0.5261072725255094
0.4770451224546828
0.49426533737497225
0.5589849592566862
0.5487003263919453
0.5188877492233153
0.5070883384652168
0.3743059085252517
0.4639408001847997
0.6483961548692361
0.5487499345002737
0.5053750030774731
0.43325584981638215
0.46896224256579
0.6166225067953203
0.39835890280350345
0.5736352236235218
0.4541183947270141
0.41692963471117417
0.34877302538357824
0.3580709436492265
0.3867808576320736
0.37038027250352673
0.6235498429578505
0.5579380628288608
0.49173267300591905
0.5460312182290058
0.6261751702872351
0.5651523214480935
0.47864283499404364
0.573612452607522
0.5369397523630095
0.6334158518747505
0.5691870100576388
0.554062108669206
0.43945617437776185
0.5936154172211889
0.5327657740103824
0.47071278698037644
0.5587218379977804
0.5148661248132946
0.49733667580466157
0.45930211755480566
0.4274987530462631
0.5400679540478917
0.5722360928107396
0.3413459872268465
0.5773496143352672
0.47012236556398973
0.5512129516041584
0.45845924697359486
0.4254810793974317
0.5147821232716884
0.5570006509911611
0.5837476829042039
0.4406464218220908
0.5165874806740512
0.4770086592467735
0.4262366332192897
0.6253404578393793
0.37627563843488626
0.4848416541287486
0.5603143450626645
0.5154148899691462
0.49889954566480677
0.5522681316234483
0.39265551307842655
0.5408021662258705
0.49896171411550194
0.36921027140988505
0.5091104644093144
0.4060130060402574
0.4989528932609534
0.37306427960699634
0.3746343271547095
0.5434197847392865
0.45883773202584033
0.5877053805828771
0.5919879735281093
0.4097218219439645
0.6080608566817021
0.437433303859484
0.5821617588722242
0.48483174345856617
0.5658598881228211
0.36324381393459954
0.48704244570199884
0.5170329166111478
0.49865789723924964
0.5456566105266003
0.5351086555139621
0.4436824083423731
0.4863931198005445
0.6003679282100368
0.6988626205324181
0.44598360810651133
0.6295867317605298
0.6677766066380791
0.5842862449569259
0.6313626021297354
0.4647347527549703
0.5891939498145438
0.49296107016088736
0.4585893933515357
0.5107572944757928
0.5201978159569504
0.5983369083227349
0.4527055062233868
0.5477024542497453
0.5238531619027109
0.5239399755239579
0.42654867136486524
0.47683512692419594
0.4037452847252891
0.6373062280006128
0.42969610693186805
0.5211601245439846
0.5794330238421757
0.5552130627877299
0.5134635188682884
0.3974687968298109
0.4296545780109498
0.5889917215133179
0.4378941182090799
0.48548073398933794
0.507880655036021
0.5501948191559518
0.5094560801329324
0.4309673570274018
0.5192884920229954
0.4235252742886006
0.49088873507620256
0.48583483449521897
0.48945929654388465
0.3916839965481358
0.4179593694184887
0.4535571448790617
0.5542697475999598
0.4888668095835303
0.5029193986253916
0.5623211632047086
0.5602575873446423
0.4486557573963761
0.536687462983234
0.6047301275095448
0.6235298675712655
0.4878903227678664
0.6008537164635267
0.5867318291489558
0.5545365543559205
0.39466546990211315
0.4553937190027493
0.4868626767230336
0.47698798258601505
0.4575333832169807
0.4670523521196814
0.3945471325330188
0.34442126648677296
0.32788930412854606
0.511630574168783
0.3820031017169148
0.43918304151992754
0.5406845191898576
0.3566407107490212
0.49764484353496485
0.43880214358980796
0.5774015266399461
0.4362311977528801
0.49464975287752105
0.3605706476745589
0.3057980252360642
0.42650414273650195
0.4372808841693178
0.3951246725733302
0.34371370551457275
0.3670066318981143
0.33879165041095116
0.4233505429831869
0.45329774663059214
0.4082125872254245
0.5826221399460534
0.6299690272255273
0.4975619129901231
0.5271844366782302
0.48000441356846574
0.5584387816608073
0.5075017953656762
0.4868497701391428
0.48621150656188383
0.52178036841615
0.4235454748318646
0.5183595109693205
0.5981839733639595
0.541468869764943
0.46286222950075784
0.4609551283145006
0.3436740379956957
0.4748972057591415
0.4203906556942401
0.40852253587530996
0.4960960805375602
0.5434196198105931
0.47265512169346685
0.52634891514963
0.6998734275096196
0.6023550686742211
0.5314253171543948
0.6029552206271572
0.4898098921610938
0.46438376181339525
0.45384529063010226
0.488070065934766
0.47448463605668334
0.492923231649476
0.6071676870672522
0.4392090882323814
0.465617933364811
0.5069078020333758
0.5368052824848536
0.5270161674362833
0.43872020111221777
0.4904720658142776
0.2909400179016479
0.34903036846580704
0.5359504891166474
0.3698976833596676
0.4712181301320051
0.45716893520508683
0.4778380509527154
0.3610077238185081
0.5139719391404016
0.39333859399886567
0.5500563144678083
0.5653895245181436
0.43317067458980046
0.4141842979712659
0.5112713410229238
0.4467330325976497
0.24802056443464615
0.4847633309316619
0.49844574831601557
0.6204640221018957
0.3896443688734562
0.5171250129272483
0.5177191193756477
0.5375259022567607
0.6226705979401626
0.5008418356379041
0.6182009611269481
0.4347675764152473
0.6040087032923737
0.4974063789678768
0.536571838595038
0.46711105481378906
0.39867758839416007
0.4034935359517017
0.5222203071379962
0.42394543747375335
0.4532964449919102
0.578650536925794
0.4489763674102514
0.48035432757632157
0.3994906762915123
0.3084877248268112
0.4242050667336937
0.5022236924979829
0.4476161807649293
0.5457900962308133
0.3535673951665131
0.434340068613473
0.44372424134016897
0.5225562297469947
0.6052748834224585
0.573397465145831
0.7092507807795307
0.6364845128908334
0.5718869968000586
0.6107973122695298
0.6413199440615024
0.5786716500459956
0.5191187637830227
0.41904874383230534
0.4006649352274479
0.5733907399066084
0.5121329803650619
0.6058716924126458
0.5202670297777401
0.7184248959275479
0.5847869196249097
0.7453584474352599
0.6568240788328981
0.5639513471596403
0.5622578101049678
0.5851005440716514
0.5075018844575281
0.5319454698537389
0.6198034136982536
0.53215458208253
0.5201240742677229
0.5037892300803273
0.5974676899441059
0.555430084027315
0.48296300089286026
0.5006875675161058
0.4088460873658022
0.37764795695584547
0.47677987336052063
0.41154754351341327
0.4206473470061987
0.4751196151934334
0.33571073464456114
0.42337706527962116
0.39623301676190664
0.3963294502098675
0.4607128451703694
0.3703158556527436
0.41289561021127186
0.43024017392996605
0.49776980054993497
0.3742005345855261
0.4313375420002518
0.4817766213624619
0.3228975539093947
0.29569236139485205
0.5370975170014365
0.4402991479040374
0.6183687624635629
0.43393877179065354
0.4714611298122429
0.5496595416778404
0.5602122117108879
0.4780257003718971
0.5413296368558852
0.4325645815602964
0.5229120801483825
0.5420358175901473
0.4203552116237769
0.45646407675284356
0.6849777160713845
0.5954787269857631
0.504037253831551
0.437053551423611
0.38765048410882663
0.46329963278382835
0.5142397857959733
0.5525937098866792
0.483736960988576
0.6304870828108918
0.4443054983549072
0.4033798541738052
0.4940734271005557
0.5956813504193826
0.5405734125355697
0.4799058536913802
0.5117354769138343
0.5918567049249133
0.505211074609339
0.5535039514822091
0.6450293646702971
0.4176797659777146
0.41964942407408745
0.5211776302939932
0.5063622726632987
0.5531128514093955
0.49627566991732003
0.5553243510265897
0.5424779446512378
0.46874500704187727
0.662719000527423
0.5610281601278684
0.577320141159189
0.46464979088272773
0.49136731527833044
0.6250532597496951
0.5640570183015766
0.43903404268288554
0.5503290965109922
0.5177274036482948
0.6524244597858756
0.577258383251308
0.5327718772383463
0.504367473960204
0.524228393562177
0.49242312327364146
0.4499557826316554
0.5354417930687491
0.5171484215231061
0.4023537392073219
0.5412866939993595
0.43275339505172566
0.5453083999399941
0.6065625675204788
0.5451966699285482
0.5981087793733405
0.5683656292327603
0.5216970274302261
0.6678798593391881
0.5761638633389984
0.6079814489015979
0.6355075026403515
0.6416512691735441
0.6362660131063714
0.5201997818373184
0.5611874153174379
0.5714762067484477
0.5201802409853234
0.5326734227038207
0.5790654717768745
0.4835819997984696
0.39382557424647213
0.5727647673952334
0.6066500557620268
0.44705132945121273
0.3439854946292768
0.3829838701337806
0.5890056323373806
0.5037369664260823
0.4623902481653137
0.4750134944584342
0.3581653460990206
0.35338245786509886
0.4395983931876603
0.6328383836003291
0.3640083938894104
0.44140256935869066
0.4679497547054505
0.43532818921643085
0.36302638990705377
0.43744989189040473
0.48581100639627156
0.41542114378505657
0.4950992125102411
0.4618654007678775
0.389423428283265
0.48929000793911065
0.4408350120412611
0.57708570179764
0.4607170636692339
0.45531899312435375
0.4542907061164367
0.6248398112264261
0.4071520753493472
0.44257916535099556
0.47850324351740053
0.4616467323587293
0.6440650627436656
0.5009775009745082
0.5490931117637482
0.29348422226444
0.4498288288477641
0.4369971715846476
0.44911545873069453
0.5453491424882382
0.5712944565305961
0.49615703246453396
0.5680109380845066
0.4992230333694091
0.4140894924824114
0.4954355570988878
0.44460429222972303
0.5269195839355968
0.44226007331396994
0.5294323183565494
0.4949662865776719
0.6053691684146943
0.37983437351964405
0.4967004394258225
0.4280182147614902
0.41148540085843
0.3958804696869237
0.47132624148893576
0.39351490820069546
0.5081690214529144
0.5202554219597488
0.7269793972376942
0.6692044001373673
0.40098610601447504
0.4279236107975803
0.4828023792524793
0.43547857688365693
0.5853436591158727
0.41983188177631425
0.6796275675743095
0.48355025147074204
0.6508948490431703
0.6477191754849163
0.4552859964452506
0.5758297813492529
0.6473001314036876
0.6934081870614892
0.6269851754999046
0.4679026611519369
0.4870936135600009
0.5631663911563174
0.5126501242513853
0.6127066865075731
0.42397262329864815
0.4934840026507309
0.519406608759575
0.5125062765234863
0.4331118253084184
0.4856706823228308
0.6502219545907644
0.5392278614907959
0.5683490147128345
0.4533400693347895
0.5368735733563679
0.3974957237339511
0.4903630715077726
0.55553071236966
0.6007810072977645
0.589004755101668
0.4841614471018937
0.4926553214756845
0.4399023009961205
0.5355945348724048
0.4526556925578912
0.6307686693756722
0.43376897847941653
0.3726886987160857
0.5020960653764769
0.42755268232707655
0.5494047896890393
0.3332955781494727
0.36608673722681745
0.39094507976478243
0.3545269360492875
0.5507276749930886
0.3912830299191888
0.3893832848879027
0.37296248451389796
0.5508162809009214
0.4436136184611393
0.4376693987633975
0.5959316871593683
0.5828003918287425
0.7001198472441847
0.6359916926166806
0.5558981761131804
0.5079770283243006
0.42872596306754196
0.5115083428573982
0.45735587021790247
0.4610347515669048
0.6044456747690716
0.540913563300723
0.4069675158449868
0.3909802678382652
0.4877010514420321
0.37686212729574087
0.686396755002224
0.5363797532760008
0.5545822263544412
0.39390716353361505
0.3756771614669646
0.5258208046431215
0.4674626695466069
0.3988549970518659
0.4852647274844594
0.5454285193425932
0.5043744975987885
0.46622039747845595
0.4505685193928202
0.6392988081349722
0.5285552630579939
0.571836293970805
0.5676149606533853
0.46870696666879913
0.512602227244115
0.48382368806292214
0.4712144451540718
0.6192828780003152
0.503975309830565
0.4903207392550229
0.49935002876694534
0.6164083513447095
0.5228842965170435
0.5818774858782064
0.6184544343225042
0.47499595111837034
0.4617274184802455
0.5268698695777918
0.4623134090086021
0.41527197092290363
0.41086664953341445
0.39891068461196416
0.4104549750747731
0.4243152803730502
0.4782592947907093
0.4575196929724774
0.4542393147484656
0.5172880528322816
0.4441593720585071
0.655902792211491
0.5682200375648152
0.4471338461900815
0.5167217455806085
0.48585034644420266
0.43460825252426527
0.4270068155398892
0.4689346912881073
0.6210514072075588
0.509649907509467
0.5331536905291047
0.478640677259286
0.4697905931229862
0.5197285638829193
0.6195408997205862
0.560562955383879
0.5726096257151932
0.4683777851320414
0.45828542595067734
0.5248998855304389
0.5850926684252582
0.4168237904687087
0.4827028060118846
0.4607397903071604
0.4488261317157251
0.38178050037493655
0.3145092034101479
0.4980345955568729
0.49638996439007815
0.4631985651512372
0.5200056342827326
0.5846297745554084
0.3586840171369781
0.4092269992462309
0.4228722562326439
0.47799458849468623
0.432681120934941
0.3467147546462445
0.4574389440178859
0.4195794180621453
0.4053519608332282
0.526724990917766
0.5474016420712181
0.5626320231072338
0.4392244104210109
0.5668662123109868
0.5745244753606079
0.5705999503329396
0.5603978377341006
0.5020235675890597
0.5109017578299708
0.5159660613795156
0.4771371522623662
0.5585592481194298
0.5913003566984838
0.5043549325152638
0.49459429328968646
0.46017293508160356
0.3309798851786973
0.5174246032733398
0.52352487783042
0.5541732123774555
0.48100590029126283
0.46606815228631776
0.29577327913767004
0.6236728409294109
0.37760021997062654
0.46522388242788176
0.5516762368972465
0.5557059786289291
0.45938746444369355
0.47539254800990777
0.5642267825811386
0.5108826569074013
0.3817685078228851
0.5383407251019322
0.4365163311642617
0.3254275054123645
0.4463158990257204
0.46023549427926974
0.41208280138574443
0.4808454949243231
0.47682799079839844
0.4986796315517222
0.5235373436426946
0.4425491212117014
0.4528884173490171
0.5816846825351709
0.508641913223919
0.43982117969700185
0.6400345336443218
0.5341651158778761
0.5267300459581068
0.5816228022158031
0.5272787993161218
0.5508282129447725
0.5160791109260298
0.5226368368362181
0.3989280213342555
0.4864711962043681
0.49069374740326926
0.5357666379995161
0.5894591950952883
0.6276047672265636
0.5619256600476433
0.6762039970660272
0.6142242228118616
0.49622194419021354
0.6387129611857681
0.5212838457424135
0.505652214276262
0.4811238409982958
0.4588763222409784
0.487148748994162
0.5281288417334205
0.38533913599848457
0.5565561568385862
0.41865509403971485
0.3214994537916569
0.5928424318979363
0.5718401668985729
0.5902847067241213
0.45370101060816964
0.5381584573458897
0.46587330277188116
0.3982967664971429
0.47747730266755517
0.5710177147089861
0.694444163929616
0.6110904797470007
0.39954764190096187
0.33362997824244345
0.5077193386959888
0.3526616947551699
0.3596868445022903
0.6494501273575161
0.6041133090696845
0.5501887189495075
0.6344949582135918
0.5402414535441344
0.44862090412385186
0.43278559735579747
0.5038330957958638
0.5492401341619374
0.4945681321984876
0.5566393122567507
0.4592547331706527
0.5657992776501239
0.4590492114236974
0.3911872289535952
0.4593920848776304
0.4737704357137848
0.47437331169669567
0.24019099502563437
0.31968376339324395
0.34291175488161757
0.3505919594902706
0.3496156297245705
0.41673182416331833
0.5398883338712864
0.4163894422596548
0.3555117915518603
0.40219714724439265
0.48033178222176953
0.48842553924349286
0.45755293257985824
0.45815159898367663
0.4403015693021715
0.4276419463374142
0.6061253441273414
0.5141121017722668
0.451133835450407
0.4983499132197302
0.5698605623740888
0.4085934572050413
0.5492154486227948
0.3992728492439128
0.5007471255654888
0.51811673689202
0.5222980648981631
0.5181999278856441
0.6349351753530522
0.6198634849782776
0.6345701649937793
0.4673891541953651
0.5049250795693946
0.7062525379979774
0.6975212954370821
0.5618975381657273
0.5843550783963206
0.5798296016009657
0.5451876302287084
0.33237896380725174
0.4600710400030969
0.3733976841393069
0.4510994250290845
0.3576450664616427
0.5557135602213372
0.49142921271834744
0.4068430146880803
0.5086435750615614
0.5110673920485527
0.5362776215681078
0.5652643535652889
0.6637192792469635
0.5354173420266509
0.4739945384029439
0.5837759891749361
0.4499109702556947
0.4245600902751499
0.5498702210789818
0.41509295119150036
0.4388681877420437
0.6688436698380787
0.5443223847028844
0.6052256389275843
0.652394034281589
0.4370249328037029
0.4713658336302867
0.5449505779744299
0.35040122394067735
0.48233872234247716
0.5353987447755645
0.45552385464170136
0.38143879421095533
0.4013690484785275
0.5557930536090565
0.4437535011215289
0.5140922976276026
0.5166299519369936
0.5563536538682982
0.3425470096204615
0.5090206285817029
0.6097995407206587
0.4729672623975438
0.47624676239163266
0.5098312021980411
0.44250648428636685
0.5893256083763362
0.4202487991826316
0.2937945529654261
0.5125153497654138
0.49570995353540326
0.44417615783709086
0.4346184046881178
0.5934377010438222
0.47374402156925666
0.4438040452750625
0.5421576022129337
0.6092546455313026
0.4789898736810803
0.49965895147952566
0.5055666251807807
0.4070200887376789
0.4820985345415787
0.5479471939464631
0.6180118121786313
0.49607889539009986
0.5073165303365523
0.39393764927321356
0.31460006787684575
0.5264270910993893
0.4006306809328505
0.39922334805207377
0.49742273129407555
0.543497442555127
0.5730534534661531
0.4122363541330226
0.45169415734685847
0.4245606735666527
0.6830834197906624
0.4876074059070653
0.7493685059339443
0.6588638622160187
0.6945692779668596
0.6146498889275067
0.5185482152099132
0.6677794689383317
0.5211912241759529
0.6472147914829868
0.49091790594919443
0.4874420765178259
0.46509371408903144
0.49039917682063355
0.4950620648292723
0.5564397905728227
0.4293325210957875
0.5004809137871765
0.5150358533773557
0.3600000195519011
0.41655860060873495
0.47137597709672996
0.5301098348930768
0.4300229501653741
0.47785951097965784
0.4405558271935528
0.49388265734356024
0.3738315983165645
0.3843155242236689
0.42804480678449963
0.5533477775061751
0.4711683552152406
0.4975066955411661
0.3555693799441228
0.4127300064966984
0.5177020628477829
0.5835928981837555
0.62991728657132
0.5079191022278147
0.4822109911011509
0.54954948888888
0.48289343132597373
0.4232666808686191
0.4505377717481568
0.3615975689578205
0.4518853066414853
0.5571489459212444
0.5183492220355114
0.4815709568666725
0.6734963976794288
0.587299303554685
0.5632331068021836
0.6451059113219516
0.5549287852187801
0.5690513903715586
0.5679140316284615
0.525199781136689
0.5807034285622996
0.48311364857017025
0.5484128799350397
0.5668060778454426
0.6127220861457727
0.5248789210894389
0.4853827716483745
0.47268460140628654
0.5970051353995319
0.4732238849503039
0.46572426150106716
0.45086942278655157
0.593599255644347
0.5330587485158664
0.5818879926460611
0.5784639418741523
0.4842856113274233
0.5659994379827025
0.49022758410567696
0.44926423170188523
0.6119351176051518
0.43459097848121825
0.373801296310109
0.4510475351593815
0.3570642852578521
0.3132025189386158
0.41250656677651687
0.39396585746013385
0.4744038993422985
0.43614878183872197
0.35700811480476974
0.36939537030320285
0.3242205055594862
0.5602923022311241
0.35952893194758984
0.5825990263365919
0.3971914087550263
0.4716156812169376
0.4448040658871419
0.6191370512524955
0.5434712424719899
0.5426735551312026
0.38495141612132644
0.4261768974570277
0.4266970553096268
0.4860704703478566
0.5016716067220841
0.465244477839738
0.5985580533416627
0.42632258464703743
0.44226675715693026
0.44269080447289894
0.4774448814617177
0.47438515809246645
0.3968550358920906
0.4905316259386381
0.6070373747084824
0.38689466374328535
0.47520964349458683
0.5501046882957983
0.5502896488565213
0.506600406757183
0.5256196969517293
0.5505560919040295
0.4941191879282973
0.5096137796139739
0.33707978667255367
0.2986226047809803
0.4651707571241046
0.362135244463258
0.4575451707734058
0.5058450394539054
0.4563044465266875
0.515942909632302
0.5665380993839791
0.5389318461853704
0.5395326880322867
0.5542458703243895
0.4117998347230553
0.4890004134200381
0.5265826770165009
0.45124942824824615
0.3844395699988638
0.5274577621808637
0.5587151532305801
0.6456683066237032
0.5227815792424307
0.4358441482440591
0.4513512974734361
0.4372923013824333
0.586224822576505
0.5206394910955279
0.5395611024546179
0.5863650711599578
0.5537330392268734
0.5950260978954383
0.6101209310661477
0.41958364312293944
0.44781993905459344
0.38478986172080365
0.5708749793086232
0.35937776177072067
0.42086776565980627
0.5186111495673771
0.43771340558636374
0.4503815346299768
0.6396056291307946
0.39930847002599945
0.5891420901704462
0.4119262560169928
0.4286752029957926
0.44749976639652883
0.5392353508378341
0.36958685732482743
0.33568173100609044
0.5520825622365747
0.5351528980231413
0.5332123946730375
0.5993941050944745
0.607757242545226
0.5507077469227062
0.5439742763006485
0.5653316196214282
0.45767453963163035
0.4557068261402563
0.4028895840335163
0.2663057692764058
0.4898791650792492
0.4160037932596022
0.44462296524312234
0.47566743088385643
0.49883292581579536
0.374601319040461
0.40873232119252895
0.4009746179133344
0.3997151229413207
0.25084450371251793
0.4316742044495167
0.4927332915689717
0.5604600012144542
0.5239801385040987
0.4783388245530869
0.4419811983402177
0.5252899242049134
0.5732549169782936
0.6412305398698293
0.5710410139793974
0.4274476755655356
0.5540649976786616
0.32292419238025233
0.5505665172618622
0.3631063151739208
0.4231532433912233
0.46081019663572853
0.5268624606578319
0.5617232817438783
0.5020030336847602
0.4975580325686096
0.5795446015205177
0.5835415379533014
0.5343068936020594
0.6211101811939259
0.6338249748415425
0.5666538395754865
0.5439436345517203
0.471034313897881
0.7131506614255481
0.5133308225033204
0.5620703534080671
0.6545288737253292
0.34857959858348797
0.45508024064652763
0.6584509040334386
0.527040164055819
0.45295536402606795
0.46694648722389687
0.4263689011427631
0.5343403985639938
0.6021992521896803
0.6061674093828551
0.5050541467717997
0.5755352150215258
0.5510955046498859
0.39324690995985145
0.5262494812864579
0.4650236215170597
0.5315730671493872
0.379440659883121
0.5452980864288485
0.49957144720201285
0.5442249868573777
0.4149029868767575
0.45331576992485356
0.4914538202401158
0.4310935759396682
0.5934389413269142
0.45754073368312514
0.5729457198194849
0.4583779465680471
0.6067595684545295
0.6737184517009795
0.5207032310119312
0.5597552008560092
0.5633101169627627
0.5412611894423631
0.5130787815869381
0.3611430721614079
0.5023994218635126
0.4538006642603665
0.3240483835518671
0.49718964068734156
0.41927114076359345
0.565915219438128
0.5798118372599743
0.40450132661982147
0.40643059392408826
0.5297120723230295
0.4505964076246278
0.2987894601266674
0.2884840647254301
0.3887362771814573
0.38261633594750977
0.38361786928502417
0.4079230389820479
0.342821053562219
0.3874436777094096
0.3785538782388774
0.4520996103428994
0.4793327904947843
0.3105634768447422
0.48629405195567216
0.3597980946209733
0.5520914870114604
0.4974219306595676
0.4443519984413793
0.5165481822960839
0.5250631489926092
0.48180035479902583
0.49746332247081476
0.41110558931065383
0.5434986471383056
0.43344785033233146
0.5742887656966317
0.355869708974338
0.42801953184914365
0.49546156189889373
0.5373954264829455
0.5029204092565679
0.42111957598278743
0.3958376449573007
0.5364566182811056
0.5031819955327473
0.447314925789976
0.5450225170517182
0.4644084554744384
0.3339084234189755
0.4450098691186596
0.5070211729606681
0.5037977957164931
0.32101034588500316
0.5421469747412374
0.4652011532280205
0.666787173973679
0.46114226719525664
0.4088924429842685
0.5865457034089417
0.45653444550440037
0.40830011864647686
0.4833667156890561
0.5232519571491397
0.4701082276050946
0.5343280805014985
0.33681410479560303
0.40551106443959983
0.42423037500316024
0.37344200283881446
0.4593293777727858
0.5888710735468723
0.4435136072176505
0.5416007568505878
0.3723730099569131
0.5593937956448488
0.41509360088751696
0.4315911627177352
0.38820593258005476
0.5091730908358787
0.4100660975518631
0.45236339895089445
0.4534961931608313
0.539438286282383
0.5031048877616964
0.5918659002683765
0.5230818572450697
0.44090366571028866
0.45753451454115107
0.6029999456642164
0.42032656909525945
0.5060243199808999
0.4738211086865518
0.6014151355233457
0.4785749555792989
0.41317896140956345
0.40851833729264486
0.5253464857080177
0.42531622588501494
0.47723867424902716
0.5449915656455034
0.41935119482600997
0.3030505268113366
0.44896118823011505
0.42166157233102725
0.5525489132164546
0.4218551705535647
0.5400307128564956
0.4436820136669156
0.39507851409710537
0.4734216908197295
0.47885450975605415
0.38857051059428815
0.4501129761956933
0.3292920911957748
0.45007009056613434
0.47472723418591384
0.5217809753668398
0.5502783041764155
0.3289319129161811
0.47417353492747555
0.5416207854909314
0.5057076834964024
0.5638864753863339
0.5810698288198024
0.6078763791652911
0.49539876700874086
0.5870546056347893
0.5339390064080526
0.6024977810201331
0.5030793609017296
0.5262406208966861
0.47447191360832053
0.3332748266295759
0.5056921989466956
0.47570625308780196
0.4905474683070956
0.5898461289351188
0.5487346543302969
0.5408306543560403
0.6617918400078544
0.4446775471617305
0.5496549799066204
0.4651560097032417
0.3880007494032682
0.5404235874840694
0.46124367946225237
0.4760526588692649
0.4789458584288294
0.5069700342630739
0.4858451778965856
0.5205353444481321
0.41589269879456375
0.3844231191102357
0.5049994414777204
0.4999325664560055
0.47200572252522205
0.4400684838349825
0.5017052323592869
0.44556029002777237
0.3907049499023734
0.5476406089923384
0.52316820916126
0.5270195318182209
0.40955439657655723
0.5379901579752173
0.5562660215212628
0.5367871549770719
0.6442832987936192
0.6383479653048251
0.5907583362565202
0.5695447085441535
0.5046274637261914
0.4628265010467899
0.4608923429891963
0.5323372350439927
0.4764072097038389
0.538824535269444
0.4236163799362721
0.6507028102878533
0.5334865368080784
0.48507330072827404
0.4607103876340516
0.45930768384388265
0.4638857448751173
0.535287193100974
0.5628000546253064
0.3987871472375603
0.45715790748891216
0.41309306023963926
0.4894371655860306
0.41176713170018947
0.5433200840225973
0.3882459222099748
0.49192866357521725
0.4481368640361766
0.6326159570790859
0.3854478367916617
0.31125862525081677
0.41099224976949184
0.3802400797445367
0.31464937737519794
0.4152446719389103
0.6161244381267597
0.5191259220744876
0.5219479677535518
0.5575449223532544
0.40865605361801266
0.4723515920353189
0.5496412686580353
0.5149888492471383
0.6422304425020753
0.5910843435530738
0.43196415702327157
0.49979685719233574
0.3646663502232027
0.4481961236795335
0.35036754616527344
0.36742480412433465
0.33741580752853056
0.42935585637062346
0.550680485698855
0.43893595226544624
0.43124786745906946
0.4960938157039342
0.44746743068233547
0.4317670967410763
0.5293023637956544
0.496750654458248
0.6029666478176955
0.6779326880704241
0.6400301978772575
0.48545576745538976
0.5616558283324754
0.4777307373118997
0.5566919305128699
0.5719518991755086
0.5299702894762206
0.501401495630264
0.3596959785640525
0.49201726513499333
0.4706012755332046
0.47137514774409905
0.3905301176704641
0.35305355040396175
0.3853286445164226
0.6497472040473589
0.31160784974017985
0.43815346317737575
0.5987719511133615
0.5320833142208656
0.496530620575424
0.5658625327493876
0.5405150089580186
0.7016503987105871
0.6469075795463761
0.4245021202825067
0.5041542917458345
0.4786307677839938
0.5163599367385854
0.5375559825299385
0.40234109748839175
0.44503276559965443
0.40639163687533686
0.44562486017530734
0.3930302286795949
0.3353955805815228
0.5272746600671199
0.4920205306919119
0.3825028063347354
0.493276456864994
0.3427313660851127
0.4829305044357899
0.47366815037827265
0.47084592052385266
0.508686548580894
0.4719029467837577
0.36004346506777274
0.49753349701218813
0.42494875839193996
0.4546247147213776
0.4296228973023452
0.6488332354422401
0.6363809498016292
0.5886896715679892
0.510933191182704
0.47841369182557375
0.6085696305311233
0.4864886505984221
0.46517598059167764
0.3719615774453269
0.4085127131515756
0.45269453237890245
0.4790845095782513
0.4485876759823483
0.3693938289506617
0.4612231806120117
0.45022921380663006
0.45744460213631516
0.5751978894287941
0.5357641145144102
0.4638108275274351
0.45849830000387565
0.43515061724149184
0.3895563063101621
0.3522972627865278
0.4286024641575116
0.3489921777993069
0.36882295648984526
0.3040882869120034
0.5012352944655367
0.38860412797618127
0.46129974359669307
0.4615436700187417
0.4849701634335065
0.464130504027732
0.7568204059373599
0.4828799267849645
0.5600670607496524
0.4302071037044666
0.47810009182038743
0.5972697979271286
0.4468303637343432
0.5792147535936928
0.6253982608054418
0.41540592892449074
0.4909250423821331
0.4750863913808171
0.4333930919162041
0.5982512654020206
0.5502321230716142
0.4000791896641507
0.5324052481942199
0.40867777507816844
0.41414097332174005
0.43670795573020693
0.5477260042615584
0.5509743223888068
0.7321490273608284
0.5033378907111777
0.5237794447155845
0.6017921571178644
0.5787701941165413
0.6385523130538098
0.48747057390051174
0.6102036467339004
0.4657635345290808
0.4377761066629014
0.3872782258472547
0.5571781890019025
0.4202835668513361
0.48342651479006626
0.47663151048432223
0.5894304789265483
0.6581746557520528
0.5413883057923241
0.43651464801340806
0.6208127356294918
0.5169207136300915
0.5491862152333905
0.6443112576779081
0.5470652433523828
0.5727727686104508
0.582007615454052
0.5413122812326356
0.49334781313183
0.3967064215942112
0.4346431001358687
0.5894760177071213
0.6197120643153673
0.5805184999069978
0.6072688467649224
0.4969733563016791
0.4479762474302851
0.6125254642423483
0.5671782607042519
0.5800357180881278
0.3832620266933078
0.56939999254628
0.5183303252243799
0.43111660602801705
0.4936658425052194
0.4878088088230401
0.40872181540156
0.3835206904091084
0.5056338214932024
0.5883869584996664
0.4290754660122823
0.4715136408738214
0.4518090463561734
0.45146176406439265
0.4019844476081969
0.4492304118947238
0.42954960566014033
0.47047390578097287
0.48682441218304506
0.3742590426105912
0.3891254796596144
0.4579730830801267
0.5242751409474843
0.4935732809295415
0.41423107909699464
0.5645682693700774
0.5347461243257547
0.6306745334370688
0.575302194452027
0.5367450515052159
0.545838416794236
0.5084583831446561
0.44816412096353725
0.42235557155971726
0.4567501896206196
0.3532248203647447
0.5438516078204898
0.5433466144982536
0.535500221296051
0.35178138173018986
0.4753186285102662
0.44748013067385434
0.6364116246723543
0.4258467457232186
0.4908846757036787
0.5140371765624053
0.4846205961357741
0.5036515707208061
0.4517448442595136
0.44182707620469397
0.5248319678649606
0.6073894302171832
0.4892161232018984
0.46224631835096297
0.42644566635219616
0.5398195343051683
0.4160085642235988
0.37073078394311004
0.5191620913930427
0.3496066444048912
0.4179885443406595
0.48027054003559744
0.4428911213188293
0.5609969874010741
0.5633869121612765
0.47931438837827156
0.4229026318259512
0.4260950884072417
0.4648105448355183
0.5876338360387364
0.603382069378314
0.6070150903200122
0.6401232541889192
0.42626128830425064
0.5926913571083965
0.6408236433462012
0.3950458390306744
0.6927588429209048
0.5831565095871067
0.4988343917846172
0.5406615554640654
0.3635618213281488
0.6125971681371507
0.5835230287245337
0.42408864821717684
0.38934357541847814
0.4019534015541457
0.3593064104574846
0.5904512487414914
0.49083872133469564
0.462420694075637
0.3719691270760179
0.5158788287050532
0.6325048147024035
0.4736355187141475
0.6277875805657197
0.6015643703405068
0.5205441835418854
0.5258481764348614
0.49780822413641196
0.46065724979022654
0.5163583911871419
0.38948879026706085
0.493340846707755
0.5832380024825397
0.4098430511135994
0.4217639235523309
0.4299160725148813
0.4790041229054097
0.39015998986601
0.5388725576186318
0.6111922599754596
0.5275568294782375
0.3266266137532783
0.44607316382112183
0.36150539907068074
0.44479431891603327
0.4923288277353345
0.4909683132417911
0.46555755437736196
0.5021848863479929
0.6367359150443004
0.5733939573992319
0.5539202050027611
0.48631821751702764
0.4822798150072932
0.5148826730360749
0.4279127370271194
0.5010784127895378
0.42368333600272184
0.5406603950025574
0.5096102713638379
0.5134686533879403
0.6178363659627089
0.6155564682950191
0.4306324703190334
0.5162683480987591
0.34772648961742947
0.5719309843469201
0.3554557499480127
0.42058550401085354
0.5488745748559264
0.3958695107074084
0.3624473844228191
0.25043082477783096
0.2888976071561652
0.3029912040048285
0.35765918775023253
0.39670657721231956
0.3172078771371447
0.4542725920248888
0.42380320359135015
0.5055960961530519
0.5841464631482083
0.6133679583568113
0.5704717581614118
0.5051013798751387
0.5831099609374953
0.6736063387162206
0.5096897550096807
0.599679702954697
0.4831566870707383
0.499709268172029
0.4890748372454642
0.5753119964027461
0.5607916883526131
0.588315853698619
0.5263567886019922
0.4885746281534658
0.40518990395099275
0.4606424059919215
0.4113305762009285
0.48618276581762054
0.42577312466745265
0.378248571846084
0.3593107183011313
0.4435116022954438
0.29336154434948397
0.563365086198644
0.5085079109672711
0.606506110101425
0.563015473037255
0.5780507492277375
0.6629409488204926
0.7242097281736094
0.6819466662394054
0.698745375162286
0.6194074519045717
0.5484863434374687
0.6423024545621945
0.6624689105629731
0.7672473100818709
0.6049332622939709
0.5188468550838682
0.5658078133656818
0.4700561380759496
0.5427683712725144
0.5094993304583773
0.4482357303481251
0.5984915980372122
0.4460327867407327
0.4453666372409335
0.45660400097878795
0.4797014633635638
0.3907124497018093
0.4884992259884658
0.4247876155691147
0.4039329623228109
0.4405258556538821
0.4866918058751709
0.5678678037581312
0.37421160102946727
0.5764981267949388
0.40923137707454404
0.4890771485095202
0.573021826514434
0.43563982085111563
0.5372858670084846
0.46080070950426844
0.4463341501426094
0.5103108802393871
0.5136355892745563
0.4824728960394392
0.5458292328847123
0.4463317181250701
0.5288498571640318
0.5456737154406156
0.40569809918375427
0.5185375412039152
0.4080341954374818
0.4771061775159569
0.5674150467928574
0.4765466687944553
0.4363150038325703
0.471365248377499
0.350079302592272
0.4653779321612706
0.4842229603264005
0.45820287351840455
0.44999452695070974
0.42656077467369685
0.36864688587859334
0.5628863656249473
0.42819751887859414
0.43813755013890937
0.4247639742157508
0.3799827572145801
0.28510778614731713
0.40445718864114044
0.39715384636217627
0.461819009342349
0.3379804736001037
0.4187876054509362
0.4837785542750897
0.4562246694735416
0.35127713287780427
0.508818694925532
0.5161179275396148
0.565012518877113
0.3290946079025203
0.5164925977385733
0.4248144372996082
0.5128682064631739
0.49132157055218695
0.5886016014569031
0.4334978674648293
0.513131377250221
0.5093008057583059
0.547231298592331
0.5313075434075297
0.6056082811873101
0.4790205054836575
0.6041578504576813
0.6207655205170354
0.620557706699577
0.6192254917427749
0.5751366502125748
0.4612167164493071
0.5031543174237033
0.36400363905403643
0.3659326357490094
0.3576980986157094
0.383448021266905
0.3675923870426515
0.41163784053091446
0.4648023900756615
0.4558463252842622
0.5234640992711975
0.5589738712291321
0.48834282386747546
0.46423319688296005
0.5377626021519535
0.5229612329733504
0.5068881763671864
0.603491361775697
0.5335697874777713
0.48355727203160237
0.3844449130014995
0.3894522574592037
0.5582877058846194
0.5619948986127802
0.4664270106972231
0.6060858496600784
0.7017050892802976
0.6410806328854766
0.5190416838704998
0.661292238021363
0.44271794337989334
0.5410376625914947
0.6185751760904332
0.5228554990086335
0.48942016127915444
0.512341638128407
0.4802033369846907
0.422636595981824
0.4501130118957102
0.5382120048076343
0.4155647809329759
0.4096310915719424
0.5034413421134395
0.5424773931386611
0.5078870054183289
0.6430148660801538
0.505219581064158
0.5009883726129256
0.4920859997187726
0.5131056241233319
0.45472853605004326
0.4996416685783445
0.5315350302007703
0.5545121543613719
0.6156266623910539
0.5439155415671775
0.6075862795730417
0.4853655634181065
0.46853659394328934
0.5788167538230656
0.5065918357397844
0.45679676379560236
0.34966080879924066
0.34335119907811595
0.42445263833658775
0.4082913631486633
0.49311308491792794
0.4842743306418441
0.486282524521552
0.5393303104642413
0.4416854341470016
0.5551425625529387
0.527172004585734
0.5144531378242538
0.5486381479756648
0.46125380635163443
0.4570452314175414
0.4897547463969779
0.49202882467429077
0.4922736792590483
0.4325256356045621
0.5277258881904153
0.5705421336988876
0.48220424357568437
0.5714087572345367
0.5785844063627904
0.5943906861860488
0.45978086074541896
0.41903275441533905
0.47787089882696604
0.4603057199663614
0.44964544313268173
0.34989580982623947
0.3399047428068904
0.4514211790441181
0.6003172881744386
0.694733345126339
0.5410332917927857
0.5031188544069451
0.520465262643718
0.6118273052474354
0.450883120127424
0.4435076593002551
0.4307151819188052
0.5487096902708497
0.47834751867152037
0.4274309085344919
0.5514469170032194
0.36865939958503063
0.46086533835343396
0.5035022928756532
0.4532037769654371
0.4117891519533038
0.44686849197553596
0.5721288745290753
0.4392076703563323
0.3572254664504608
0.6649059439279186
0.5053700801166621
0.48596157573811816
0.483035785549399
0.606892634417503
0.571762700527129
0.511402492923077
0.6291896563480259
0.6296996164652529
0.5000369996108345
0.5044314358542352
0.5206785582571061
0.5729922046770256
0.5442688114110373
0.40661327802737096
0.5570148533791457
0.5679822451476919
0.5348199386822788
0.6081346316830254
0.500243907690851
0.5973260424262296
0.4471453332261124
0.3562736174823945
0.31919320205633933
0.5523461133307337
0.43014400666240454
0.5424226440070614
0.5180646663710746
0.4852928038681962
0.5293937375096126
0.45482108455913434
0.48623286335328825
0.39707622498225364
0.5949272620582943
0.6017364673987762
0.37059764025373715
0.537591628532008
0.5502384682847447
0.44248479209976044
0.5301796755109104
0.5624246715671812
0.592472279925079
0.47775148721336086
0.3904242889387402
0.33876372708363567
0.5093143856999681
0.5109356216389142
0.6128756739790175
0.5235982859328367
0.47080557597718264
0.49077321841621563
0.6327464211049354
0.4616027554457746
0.4842388916657354
0.6112402519042218
0.5457549560335887
0.5285524037840649
0.3655182134660525
0.615378555577022
0.4206598670668902
0.4674421464936719
0.47535048063492186
0.5441964233799289
0.4297778764084395
0.36100824109571533
0.39422239813105187
0.37976041085264317
0.489715544650206
0.3255316887520628
0.4034799585175017
0.4875948824504313
0.3791953273410296
0.4949466818474103
0.502726270419589
0.47924770219921137
0.5631869287806814
0.5816208743073946
0.6311365393644008
0.5045180687961585
0.5656860564814146
0.44135213351924346
0.5566185084981479
0.5028051797128308
0.39341805162769095
0.5745557774498825
0.5628848119653523
0.6117583472982213
0.5099585882460398
0.5279977578819177
0.5219210171519699
0.48177817878036044
0.5639735280355171
0.6016464648408819
0.5375468513360999
0.5630009223787962
0.4727644280294324
0.47891853796158934
0.4085812172338063
0.4409659480995974
0.362527862966908
0.4250206449582447
0.5403030177990531
0.5199976003008474
0.6217869579064474
0.6165173040176806
0.43531966416465373
0.6221708259401426
0.4045914572225102
0.421495424076721
0.49760887483193683
0.4361925745004929
0.5200392464528724
0.44872910515722053
0.3668368592669558
0.46708499170441
0.517718903698076
0.6059765198270071
0.4485000777442573
0.6286364404723428
0.5097593907522464
0.5864557489858541
0.5622431676840163
0.5702032525793256
0.6866073248411626
0.3875737067200802
0.5765030607245388
0.4234825179853951
0.5485953886686071
0.5062510346537734
0.5552156780123755
0.45357659335698863
0.5875351500481
0.4016489841345572
0.5372415584694245
0.34900948587920033
0.3093575438777079
0.5642372216210585
0.4944788218181916
0.4379523651943446
0.5450812223732876
0.5006797145058041
0.6524632790039315
0.6187107879529624
0.5932458582833644
0.5954603517827783
0.4179999049157195
0.4466294585051596
0.5621438318545023
0.4534290491250058
0.5720509795274138
0.5162709748890345
0.5534877840276697
0.49768015193373305
0.5660567444735141
0.5266195035209408
0.6184495398225547
0.47438784817645163
0.5822626767677749
0.7840875262983922
0.6563410644873343
0.7362691397746788
0.6049397675534285
0.7151586591492303
0.6934890790192901
0.6385343193696136
0.6423735622950384
0.4515695433192895
0.4408937139893958
0.4949520194778733
0.5089652372555422
0.3733800524172032
0.523027212292447
0.48177699938819624
0.5109369631046831
0.5252678547594857
0.3184489725953814
0.4623965809418394
0.3333976261659392
0.6169931162369258
0.5370856749325793
0.3668897394190461
0.38216944444161605
0.49143024933054147
0.5994283382477343
0.5111322011145236
0.49501156620009684
0.6497843134102496
0.5020615263846697
0.4735986961602822
0.38556273146765274
0.6622900157992253
0.3873773880802883
0.4831497938032178
0.5262017319650473
0.4122099400748146
0.6618543744778553
0.4803878320232505
0.5050709886198119
0.4964980428470625
0.5222936907641791
0.4349077480312153
0.4799482374477255
0.36520518053199574
0.42980702585314956
0.6076789190655011
0.45467034480716306
0.4356505248843216
0.5660659209649676
0.4946843048458228
0.5691724686770168
0.46843376324824365
0.4146045012890627
0.4825953411423373
0.5184156145998253
0.7195187832944897
0.5452436898174334
0.5860669457115222
0.46113033651271784
0.4011338671422484
0.5511733728718966
0.5174885896225451
0.5609617722012654
0.5168723044589674
0.5084323301262054
0.4330391284955989
0.4785566001786372
0.4694455086017116
0.3605624952714422
0.5583836642023009
0.4874103341206112
0.48578261977231463
0.49045973751106675
0.5757780036075455
0.4329487394262499
0.5269763804145396
0.5047962269668529
0.6256760074988938
0.6523676964437578
0.3835781208051763
0.47267570204645404
0.4086349422805406
0.5630206516393623
0.3810567896616561
0.5984522932313273
0.6021168154358832
0.5929459708444272
0.6349202234610798
0.4395772966992918
0.5158743049867243
0.4794968599764496
0.542906197813811
0.5938045291837822
0.44600721624830475
0.5754947435373877
0.4805048628005002
0.3957333153032725
0.47941020169479825
0.44800358973662824
0.5963883865130778
0.46256081631083945
0.41289933920002964
0.4712647028395742
0.5372999972800874
0.5157087781663726
0.580604750167427
0.5110820842937412
0.5343050884322649
0.3833351577595396
0.47916722558888847
0.5742413969248541
0.5492547347791176
0.5231414672200845
0.48336176970116174
0.3679150849248819
0.5480120668254681
0.6174604462914332
0.45433301834370876
0.5488894332854826
0.5334855481640989
0.5287915655903067
0.4701804006811598
0.48816320732293367
0.5183554391857806
0.5880166185938934
0.6160200882396765
0.5031213234282048
0.5853039726587673
0.3953719570033482
0.4484058590282464
0.5101909286077485
0.44915459268392127
0.6037753520068103
0.4982481820929239
0.5444724758218531
0.5061865359865367
0.6263378584272054
0.5482477759928356
0.7429610361391412
0.5370220863326859
0.5131622245047147
0.5499249608394368
0.5156355044304867
0.4457199608376049
0.5285410380573591
0.5650038663912228
0.4370055936609933
0.578327938610203
0.40177124395110014
0.49936757992753433
0.5149405883196951
0.6617174625079171
0.3757018435873762
0.5015332771716937
0.5794110892807707
0.5332765968645465
0.42324948646666744
0.41982125564192
0.5493009371818511
0.396695742214203
0.4064498021412424
0.4668512367138116
0.7054407991747091
0.474972531773466
0.5055818263358802
0.42575999219348587
0.6520711916236704
0.5542529536633326
0.6518866228039197
0.5811236506196901
0.5532113491206361
0.569281461222559
0.5421335175849109
0.6336986762292494
0.4696307876108108
0.3906180498148585
0.6106115587038664
0.542414647699031
0.4801357714476871
0.426642483285833
0.570217967228016
0.636170311338498
0.517920579971409
0.49970942644821126
0.44589633828657965
0.40325356690168596
0.4121013658675318
0.5017821602149495
0.44209216727974116
0.5646572302045116
0.5690376566548168
0.45272498228633834
0.5018119010196077
0.5030665794209375
0.4261396742149146
0.3856276699131574
0.41002677546490063
0.5601818307318485
0.5434873306460594
0.30972509165280726
0.39106992675683555
0.45784639218003415
0.40641180852492464
0.6270639814654452
0.46635840677678186
0.6573593216215463
0.5912742178224557
0.6603566780360476
0.6054077303665305
0.5025572681988639
0.3676071594014516
0.49024146238984445
0.5511921200208375
0.5751634060726118
0.4069064699630395
0.4709604485679324
0.589444752087275
0.5306591673453525
0.44380683367622814
0.49630414301942527
0.545706175012902
0.539766253692537
0.5161251984107202
0.5994383037129161
0.4912109349618937
0.4318624949722845
0.5105329752532892
0.40931600554964737
0.4627983896147898
0.5008848469653554
0.49281953479168517
0.49234829291643323
0.5054340243735083
0.5918261583604197
0.49220693395061915
0.6140740182199939
0.5430250990131479
0.42456480226911913
0.5424718972866716
0.42757485708707044
0.421694929026434
0.40701674661288156
0.5695648212721709
0.45520693530758055
0.3946905295768271
0.6193969485403541
0.3944108854964977
0.4130579782222531
0.440760134309986
0.43532272049201143
0.4543150671505301
0.4177391387323378
0.44100754551579224
0.44036636657512235
0.30444964197507274
0.3202701983094114
0.37158725245820284
0.5074442630742967
0.5088299450183226
0.5212244726074549
0.5206652350192661
0.4630016609877875
0.49540294922896505
0.320229697326349
0.4678653646063743
0.4365228179076548
0.448460609374712
0.5635509286510804
0.3929163913039951
0.37138333774063575
0.37085539955577623
0.4853962563768516
0.49491217008282407
0.5422303741471179
0.55883439616104
0.44722595652649577
0.4002016728484513
0.4961074765063321
0.4810605286305809
0.5346207322886312
0.40652205513772766
0.6073851300158003
0.5815661466380386
0.5962621884640306
0.6055127553608207
0.48308451629561183
0.470990682396507
0.3757266187327219
0.35418095850004455
0.43137339277280873
0.4606153445574302
0.6178777838633862
0.4891508180756214
0.48221402114342604
0.43631920914141387
0.4949842374307484
0.40789978981909913
0.37643382853875756
0.42439672413033314
0.5652459818040707
0.6688080066537646
0.6017432915069206
0.467144488657986
0.5906151766846334
0.5060491484418329
0.5351436169929745
0.47190763989194495
0.36810830389072124
0.44450330799728816
0.4850678471417476
0.47996382055568687
0.42712016597362307
0.30130637997537774
0.3648281555951368
0.6265558736055596
0.4447869368768782
0.5302901295363571
0.6108904814872737
0.5130634384551515
0.49442552538466056
0.48863784858740583
0.5224218133551871
0.3261322724874016
0.3593056955831423
0.3665564115766398
0.3829532454674598
0.3662872367518115
0.4804831273887681
0.43121947031972185
0.5883259534460714
0.49610176164734515
0.45203450404818596
0.4602720536503963
0.5122649515279492
0.5336665122708553
0.5003087839155986
0.4242553008891573
0.5181228743347164
0.6070447204187273
0.6085570665231782
0.5234114859061186
0.49913943346748313
0.47696428807754015
0.4812506494504508
0.36294020399992855
0.46466159106910454
0.3913239663264375
0.4320732396899297
0.4996915401006139
0.4495601419496928
0.4802841931010224
0.6024704724705258
0.6391473282392954
0.32643652590066125
0.43039436767914463
0.43646961741534596
0.40655055932617234
0.5384842725523453
0.5241020241389924
0.577268654263695
0.5484564494415871
0.5548411520930369
0.4694949514082029
0.513449091834788
0.5046829381884096
0.45267808536959897
0.6301615813190482
0.5123833298496563
0.4732123082605579
0.4691638936947011
0.601264531889839
0.5552573677358943
0.48423240538482076
0.6631450732618408
0.6542999867243572
0.4075807605895214
0.39578588792931013
0.3504023043777332
0.47609044733523787
0.4769519861339409
0.45230378022338286
0.5982621588543994
0.5012572710791885
0.3193907202727789
0.1798449351998961
0.38175349196242225
0.3851745017998179
0.3277967247571912
0.42001648814596154
0.4341364983356377
0.42807608481884984
0.4522861784242953
0.5494570348416138
0.5023162878904037
0.45907984769525073
0.35048577943125675
0.591682107890425
0.6119504577269158
0.6297895689528188
0.47000540013019926
0.4550061852004219
0.6372046951089467
0.3738501676456669
0.46861574243593196
0.5348208080991271
0.48055246681029445
0.6201572031502053
0.6115399077073174
0.5668899954938691
0.5144532443918832
0.5183053666256173
0.4496688117524099
0.5716990095805019
0.47254965595564563
0.600814677648098
0.44582174230230526
0.47302466773824625
0.35251288502185885
0.5174936447112161
0.5787787237905427
0.4936148079536322
0.30894991890140044
0.3241067697447656
0.5046897725986255
0.6474905270301915
0.4965960362503902
0.48834443291028745
0.496467504331332
0.7010020206742094
0.633845475700437
0.6531790869406842
0.6039973502284993
0.5014511588578345
0.3256679068664411
0.53223637175768
0.4933003784804438
0.4849356386127387
0.6114466760957579
0.5327058170453557
0.4716485254149023
0.5835782841627073
0.3570544490817784
0.5443717104101968
0.5103698950468943
0.5999554069520675
0.46449310130951654
0.5877697505592244
0.5980395716710943
0.48048235211228324
0.44507314795076525
0.4369139196831398
0.5829561934823227
0.49451626897740014
0.5583630589383671
0.37413258009034994
0.48291378823023834
0.5755382419391183
0.4038832702162828
0.5085669733717872
0.5606146990427315
0.49567106330751076
0.5376726268983464
0.5799896645514369
0.42319768064208785
0.5736134928010588
0.4457170515519003
0.3972920238607328
0.38005693128412993
0.37426336404024696
0.5824916641802785
0.7670144563924419
0.609589293845256
0.616515618788846
0.5071630544583433
0.49821604557946414
0.5055072872098977
0.5308938412141335
0.5671020011177338
0.6520657547536918
0.5907375741017621
0.5254051649036225
0.4653810070970759
0.42920392885848985
0.41552039317721057
0.5070933410811775
0.4611131838691702
0.5968358188117469
0.5008379936655514
0.6947285180366446
0.6092520184327658
0.5028542682943243
0.4873767557285439
0.4013006662649018
0.4346208553587684
0.43319734489305334
0.32761150138530704
0.49527931155610794
0.55769198209182
0.46310625744150435
0.471359382073544
0.34327173195773814
0.443223146204303
0.5796794504486195
0.5348166119360807
0.5838139183413591
0.5862383210560412
0.48380068379464886
0.6504143022188781
0.4778867181224924
0.5705773787031566
0.39261089764511353
0.5126491617249882
0.5277747243660692
0.48542978980665086
0.5355898673703601
0.47488688815901836
0.5907583387355682
0.644630437920763
0.6894377160628259
0.4237667006980823
0.6110608901507455
0.6661837986481909
0.5245557219302639
0.5282984708212709
0.5457420693223498
0.4682825483822771
0.3905464746633083
0.44992823723336556
0.42550172496459127
0.39993902599630876
0.38306866557462266
0.6328575798494027
0.546699881360872
0.4892749713369955
0.5686605973962573
0.44034085300775133
0.5147678948492713
0.4554397691003746
0.609894897156795
0.5604014853667675
0.3475225298442082
0.538562498540841
0.6280760071321585
0.7491501816117314
0.6106331955807851
0.519528560789418
0.6653110672404935
0.5311207501955952
0.5877634703427084
0.6356634981752951
0.4804251271638724
0.6908476567166527
0.652604386014364
0.5631554384405725
0.6543128762016783
0.5258280720666131
0.5235831027337791
0.5543420687847941
0.35238197977842467
0.47127100036827446
0.6596182770617024
0.5539363550733865
0.4926228061491268
0.4968125821383548
0.6292551746088052
0.5353924985545283
0.4703836794206852
0.3371297880612509
0.5950270761907378
0.5892628649949081
0.39489389359146915
0.6709902386527705
0.6371284975468421
0.4966833323098664
0.5441895886577454
0.5041856621899392
0.6579483373517447
0.494349236890569
0.4915773211842195
0.49910312866351275
0.5555265318155311
0.5710728007836016
0.6169736139098992
0.5869397318366409
0.5596167821643476
0.5799708420100319
0.5142556228016462
0.5481408415202008
0.5930498187089032
0.5031689621580382
0.34920343115439
0.4004605293356944
0.5394190389606026
0.5630828160647123
0.6881855346482345
0.682799395305881
0.6656159048739965
0.5689107570976429
0.6773350275095733
0.6342364545150725
0.6284101752512046
0.7093449004260199
0.4673535182420884
0.5998222732923193
0.3413161836097509
0.5270799808515301
0.5402314961256504
0.4844451713484091
0.4820885101599086
0.46255504728614394
0.607944226940838
0.3383440619713672
0.5066445114015814
0.434181083846771
0.46018951200173713
0.5409739403835044
0.47298645460595407
0.3897614332126573
0.42932873234203844
0.5024520080245415
0.3778478958061924
0.4738934619689678
0.3892540383899135
0.47021674626240506
0.42639643782737896
0.415887278730075
0.4305391085021372
0.46529917170305984
0.5689306466637654
0.5533714088178707
0.3312596995593975
0.4680473698691611
0.39694177598626174
0.4420030233862269
0.49617930915773945
0.4823084804446223
0.5954058602280867
0.4239956244293383
0.5003751753612339
0.5101586965091779
0.6138800464013746
0.5138850149191291
0.5946801474567817
0.6131242030444024
0.587606985350886
0.419814222749457
0.46757472052763016
0.562512773806675
0.5139081315426582
0.5622184369337275
0.48295657813399157
0.40596296148356276
0.44006412295905445
0.45251263920236034
0.38066817317511076
0.4943570445567729
0.4814674142655567
0.5395989674407526
0.4855249196078687
0.4654158582032273
0.4378365131609987
0.5015264037157099
0.6462711027635726
0.41747676525089866
0.6039843552097924
0.41143035051751736
0.5490599119442717
0.5028048356046122
0.6334295222951469
0.6137503312447095
0.5704201828647404
0.5643318380788874
0.33578750235056726
0.42208951270439515
0.5320000836894874
0.35567231412709094
0.3810316225594933
0.5501586007181636
0.44080129587365224
0.3584577241996386
0.3760740168378966
0.48781389669886105
0.5447034974440118
0.5245171846557347
0.4354839617639518
0.47773134474505696
0.5965373622802348
0.44996249622574064
0.4501627500767457
0.4386495374206625
0.48313802798268063
0.5116170126473301
0.5634926853843604
0.543190128736202
0.44704428043774513
0.4691191797820469
0.49708361324175393
0.6357944764172625
0.5131672800100504
0.47786014971745405
0.41618539352238554
0.510237892055379
0.36788808954749036
0.4589757458474852
0.4275726107027333
0.5108026381134899
0.5828051941760526
0.606259825600109
0.51416242714164
0.47176119874977446
0.39565131086077804
0.5560951099867947
0.49821311172845856
0.40310851719058405
0.5328750402497036
0.48067258395156
0.49520966556188384
0.3875888898578067
0.42456611977055236
0.42178639484334185
0.45914527245137554
0.5554367361869864
0.5079800793573168
0.4320646199543255
0.5388647410300167
0.40066862972283146
0.46405255030605297
0.39456187875789456
0.5481261154296975
0.48452573442659586
0.2681476546415211
0.35511903570734943
0.37937952983556167
0.3967019820481776
0.42040375564587285
0.46855249472746097
0.3972778639184484
0.41002274816607986
0.428338497734249
0.4110860476680157
0.34443402121687644
0.39386483896655883
0.5068012483796449
0.3849599783486303
0.43181359374312617
0.6524985799877483
0.3902972497131837
0.36218423755309465
0.45790278864870737
0.5057479743150001
0.4754660166809782
0.4826237461683951
0.46295245708844196
0.43553718584708756
0.530524696990229
0.5140011769216668
0.4619162292218667
0.43175281439781227
0.48518004102902773
0.568849822680707
0.48666123707817655
0.5475687613449745
0.31519989005972826
0.47079642210100314
0.5177234585230068
0.374834582784715
0.4605222072529015
0.4623886437462337
0.37235874016658094
0.5400936846996626
0.588398065485599
0.6858050358458098
0.6274522599730785
0.5630383829003875
0.49336088907454784
0.5817949981256573
0.5281763885168771
0.5629387549073168
0.5316480835883887
0.46531219558460224
0.5781832381985478
0.6147919719257615
0.6826679313017259
0.6112370995874117
0.5490675548572393
0.5233121180525155
0.7660831991955238
0.6444150550870943
0.5353812019313844
0.5828741748025069
0.5436718092228408
0.4529121603135685
0.5891835014449329
0.40388323921303076
0.4717784735271358
0.49230003979666725
0.4661548007871904
0.5593185313035253
0.6266467375227333
0.5630846430457298
0.43971435273449266
0.4428872993111286
0.39560334614259846
0.46198985666691067
0.2587908761788786
0.5547751745437188
0.5281876980125291
0.5526745524545592
0.6053830269645204
0.5740727709172574
0.4727247542286418
0.44921956758195236
0.6100565955184536
0.509912578297344
0.4406283852269383
0.4545467945653601
0.4990195884157402
0.4733129394006013
0.4520225047881675
0.44435982757014786
0.48662456018459066
0.4421337087405434
0.5033859507901817
0.4600950613640729
0.4583642084727365
0.40118286180655066
0.44869425531323454
0.4558704034844089
0.4362421605112248
0.4941034499397404
0.44361778206440844
0.46126257160332756
0.4897055160019273
0.45632349890814783
0.45849278991546144
0.5170260955203736
0.5448167252883795
0.4834103229174504
0.4285502739229684
0.6443622559730372
0.4815385426229133
0.3956615834167317
0.43486605876886836
0.4131916570704291
0.5855941981665992
0.5618952424079036
0.48805564554395897
0.4519821310526449
0.6398928392318467
0.577362358172028
0.5584458382028904
0.45306902567342566
0.6131783500582241
0.6887089313956768
0.527744621229987
0.44246918877334634
0.3816878877289167
0.4306479239604125
0.4002065031326718
0.3606836003504757
0.6229341286773177
0.5349542607977619
0.632492575414156
0.5462671572708243
0.46861639351748224
0.4541637342591359
0.41762244465477866
0.43368921387468623
0.38651759471103636
0.40496374596395224
0.4786282177089388
0.6009513027474955
0.5728280607803417
0.5653948739603241
0.4956939805099578
0.5270196561535309
0.5170696743912485
0.35424264655015314
0.4114451670943199
0.5675955548217325
0.6149553555112662
0.4241136008596383
0.5726503622992494
0.6471178785974044
0.6536593799179055
0.6341296560385143
0.5561433421637282
0.57671827157664
0.43370797446924164
0.6046126902038261
0.6076992371832521
0.5452187592647774
0.48933611801055366
0.558745340892364
0.6028537423315318
0.5233580028340278
0.3675561576262338
0.282083502485454
0.34584765664295875
0.294283222117229
0.6536011359556977
0.5974593918138157
0.6201652112144169
0.40778482191127885
0.4844142873857756
0.46672278969004966
0.5361746412894179
0.4622956175414456
0.5876264937010499
0.45782690722495334
0.3188136496289654
0.3800948214610413
0.3703273921542685
0.6281090990752217
0.5718772805731368
0.5341456548732055
0.5312393313614585
0.3741714665786554
0.4919587603883578
0.481396741031826
0.5645086832693262
0.4397448700234466
0.5537439903014769
0.3548663515777419
0.391193046652173
0.5079547713201144
0.3687892162951328
0.5197117342095332
0.559611371709698
0.3877857065189005
0.578694446874201
0.5169863407734708
0.5503036160180673
0.5935932299751027
0.6917350076920293
0.5744124936548314
0.5903179117403387
0.5707039614226422
0.5818997194262467
0.5188927426742874
0.6178218205610202
0.5482786924023345
0.6107107722077475
0.5320567852964381
0.6377848722868124
0.5566097704357109
0.4696436433990316
0.43240318896038404
0.5295363815325939
0.592811432206665
0.4744290276095494
0.6487817168611116
0.5393064896803981
0.5706936964856045
0.5254597869160469
0.6223644524352704
0.42448729709624466
0.3611891612094256
0.4582838345515676
0.6067687522987334
0.5076485263236131
0.49852619166957635
0.6011529142476618
0.5383632564180103
0.5689103610593554
0.3284967922462136
0.5091409642100482
0.6083975303107304
0.4664522947515893
0.48127416501749354
0.4196445391013159
0.614070250470732
0.40647315893723734
0.3070515977447391
0.4542608039810407
0.485845317584565
0.3693025395775794
0.49205072902837055
0.4282295401353062
0.4986387454922893
0.4269859874548616
0.4268703655186486
0.4042261380519634
0.4861442354536798
0.32417586937378257
0.5018885045905357
0.5823454069546562
0.5609509541196052
0.5146841783329291
0.6215837925642181
0.3389038694285618
0.47824604322223063
0.5853800281837115
0.5375402887973622
0.3817542940993496
0.43716844377219477
0.5662633667307576
0.3724232820431905
0.4750681852155324
0.5180935507042187
0.5082568276946806
0.46976733021282546
0.4673520391115696
0.48311846755039745
0.5050552233992007
0.4076579711413406
0.48921183687657993
0.5602712910347681
0.40504439720735175
0.49869871033837665
0.5057024029875166
0.4888112255766745
0.45777732088106526
0.5570663004508589
0.5737229543073511
0.5220752471585268
0.3689061216588025
0.4556464544516205
0.5263635397594979
0.49978209774696714
0.6574506001338964
0.6166282030837776
0.48556301859588735
0.5951285315612103
0.45320149665109455
0.3850625892324379
0.549689343272097
0.6700660531646481
0.4332523944409665
0.5466819320117713
0.5263181581294678
0.5866084701760182
0.5002153806026747
0.5614155421265252
0.5299004472764642
0.5170401266321226
0.5811482745473633
0.5461005369877713
0.39334867685934155
0.4715223229357072
0.44743171175978463
0.44100534106597294
0.45053631629152585
0.4281680462306377
0.49923679651707564
0.47250436401272844
0.5757039897617345
0.37843608226103675
0.4630537382521887
0.505305430427924
0.45570123494680853
0.5833537615925983
0.47194479818526003
0.4049039003088104
0.5022545489947344
0.4325637114585044
0.6023333526798831
0.712560180596639
0.5841490832239901
0.6211980152125476
0.491755317293212
0.5050755359659006
0.5715373143107433
0.4375447969175865
0.57577314855687
0.41912607250099876
0.384899527594373
0.5073582565530806
0.40223253982476515
0.6602251476477888
0.4234969403933178
0.5561872494026728
0.4386795827675726
0.4219906828288937
0.36680095751437636
0.6160592104566665
0.43777652935666433
0.3709777755003286
0.5451213079095469
0.4685236960045277
0.43933519480492417
0.5395947563799823
0.5545629276349785
0.5536327994639767
0.4889597934255719
0.4035783328351318
0.4994779820287269
0.6077646504782475
0.6014189936172801
0.6556017647370277
0.620297047559843
0.6243995890684795
0.4555019067292079
0.5465278222122604
0.5805873594956364
0.35856892210708147
0.5140913557313374
0.45491282531542465
0.48208335513605816
0.48422390027568746
0.38234680311433283
0.4521559032713176
0.45813038570367504
0.4574476635466832
0.6022812015712056
0.5553901617777257
0.5671671513313072
0.6125345837672242
0.5369605616715498
0.47345435056593166
0.3904316720488621
0.4542664402776618
0.40927481851451536
0.5026219354152319
0.501633380735238
0.3803933791934693
0.5347260822250397
0.41872541486203885
0.5709231005893466
0.4799554525211682
0.47861001213517484
0.48447801826756953
0.5254126420564629
0.5827011082911601
0.6428146737049958
0.6612586914048535
0.517205015966854
0.5448929906169134
0.5420244460621164
0.5008868892736743
0.6577944676482568
0.4718708319768122
0.4335005711078761
0.636159403214078
0.5184697388331995
0.587670382793735
0.5669147425271499
0.45927393730002075
0.3622225581289392
0.3454238242009025
0.42820070879262506
0.418975905975909
0.40749732290038204
0.3726702008305361
0.39087205837751177
0.39180355298163727
0.4169855088352018
0.5017853624900669
0.45048279265920765
0.5346450342644872
0.4770199003482721
0.47126115313939304
0.5800692100035887
0.5073419551665505
0.5312883693984474
0.5651798225285065
0.49160091052071525
0.42216760973017137
0.4546600010533848
0.4882848650675135
0.6458402500356548
0.5837395962303554
0.4811762869324852
0.39558917313549996
0.48952327685059027
0.36270837127317407
0.540744272058321
0.5092296641919055
0.5016308114728958
0.44629534308747426
0.5752616030242929
0.47494047030206726
0.3785434623606114
0.6341131909573695
0.49239283053577654
0.4549860663236069
0.39152575724216665
0.5894119004372766
0.5831899156873844
0.5163918121039422
0.4134749788931119
0.41429500279708886
0.5347349542477025
0.37878915229743354
0.4112367416701875
0.3705916995023748
0.522708877889581
0.32964750452926594
0.42677623038112505
0.5396380994011059
0.6070982495552198
0.5345604121376782
0.7108882253537167
0.4078112518930722
0.33771880989683395
0.41139556926332854
0.4782411057143926
0.557581475252862
0.5659817730042335
0.5443077776788149
0.4774106596529961
0.37415283914601993
0.48530295536787116
0.5731163517630226
0.4372345739017934
0.5432226539423349
0.7103634787320462
0.723865767375131
0.6862136808259311
0.6923236682380803
0.5601970251801957
0.6386123964827222
0.6096009071744931
0.6239630166322114
0.6194696391446172
0.6352507622731417
0.601285181817269
0.5676755413230661
0.6241012499394082
0.586767697893199
0.3711940478154004
0.579162874714311
0.3945450690250979
0.4196662102585155
0.41970335744488513
0.49330775883148803
0.5897841764987193
0.5599891786771715
0.658588100271306
0.6369926888339464
0.4809340727235615
0.3268294115952872
0.379831810766532
0.5517061433228135
0.6274517764813322
0.5523126435463979
0.5817565477813398
0.5587731955863682
0.48586807638509
0.5194951817023785
0.46030870450573874
0.6152342044327054
0.5976617283156229
0.5325240038752348
0.5551252490946273
0.5200542450053192
0.5841013069019914
0.5779411843743797
0.6628920607864416
0.5713312667851331
0.5705540036888501
0.521241442563568
0.5544241817382204
0.6183594291723693
0.5198413098713347
0.6132892289173427
0.45940780025139855
0.6229009788764928
0.5359664224724812
0.5322646454165418
0.5477023271409864
0.4990912472874368
0.5125544480757546
0.6514246302132397
0.5261944034164553
0.5656497105987918
0.5106196952790648
0.46257946955768553
0.5736823869912796
0.5310808014430717
0.5972808267955333
0.41311670876528467
0.3426418414810022
0.45533563818165895
0.18693658029417506
0.30966798291399183
0.2986779461020986
0.5084041898756575
0.28733510464911854
0.3841650473600735
0.4050064987507207
0.5059896142902338
0.4068679514135717
0.4138284585797527
0.5024807891579418
0.581596264011354
0.42423186434414
0.4110533349615345
0.6062905741639882
0.5142176577628156
0.4882553486884632
0.6279509546170651
0.49964367311797064
0.44001790057842083
0.58100868558043
0.45960267279541855
0.398710597886634
0.5346580699050582
0.4007090603971168
0.5238152242076345
0.5917610766979124
0.5166843410417594
0.4710353334594665
0.6047724518253845
0.5206005587034999
0.3847790110163191
0.4958385376261966
0.35407799830478476
0.5447928705445726
0.5723264572752024
0.5552133845472234
0.6427347589181063
0.5858128407276546
0.5196630013177208
0.4135509354043299
0.48900139636491774
0.47867185297642845
0.4800922168152448
0.5529347066038011
0.3527422486589075
0.3663928092912949
0.5790960095166824
0.43302401120753853
0.446556001624612
0.4951247711639485
0.7123037207727557
0.6064620459506797
0.5090588912780774
0.555339074798859
0.4998172180971666
0.6871102620500023
0.7006311963490682
0.6849567032342477
0.6481717317107939
0.607186665644821
0.5654930094472479
0.5610356660596456
0.3642531327026349
0.5591055746943034
0.45479291096245045
0.4143741624937103
0.4567864745875586
0.2158433002655049
0.2559878006171665
0.23142453458614579
0.26463613907148387
0.33125002707802415
0.2822170732536864
0.38781946705311215
0.3150042966443991
0.37038008402542877
0.351409866245125
0.402409461626775
0.3592162232140306
0.3555655004989692
0.37138283862740507
0.4207990128475099
0.5297355493420554
0.4832535444828568
0.23439739108436444
0.35682044015221376
0.31034911173392327
0.49991321396076904
0.4111673937114854
0.4576787986646118
0.5212100351332087
0.3631220231603
0.41439853794766757
0.48669521962651474
0.3596937559842635
0.3722517095377519
0.46380032908684404
0.509739752253921
0.33859443881039347
0.5273055291931279
0.4049235925450834
0.5749273126931204
0.5446830430988838
0.6131974328172664
0.611987511256454
0.4403149549139503
0.4532644642827052
0.4817983681987425
0.5410722272538018
0.40165319612575084
0.543860135721408
0.31530030927722946
0.44656184795464365
0.49263823230436393
0.4575067335294622
0.3084078920888339
0.41030696038143977
0.5472547190947692
0.5327994724329098
0.527610663228396
0.6250398041876088
0.45269813299355727
0.5849443049555321
0.4830567275436885
0.5420355759372535
0.4494939836487237
0.54730163020043
0.4959656980206935
0.6996580058172248
0.6025039455581547
0.6251091343191532
0.502914847377818
0.5610163611437029
0.45768916604636545
0.3611844626729369
0.2332018479588298
0.29727952228846666
0.2718056862274032
0.2952599396570597
0.36425996648083253
0.4609456619367694
0.2264495058411391
0.42093304820697003
0.3852904823890772
0.5496022749147009
0.6178622667601523
0.42248440103946816
0.5608956015266897
0.4948981235645944
0.6593290026049506
0.4320882002563397
0.49333204860777813
0.407410025279056
0.4426220424054782
0.44539048396811376
0.5019034131012231
0.37313534697549167
0.38987922253695334
0.5083507527762312
0.4339497869267055
0.5608827298896814
0.42702074996016154
0.35287546784441937
0.4398992592511472
0.6212240244559483
0.4195075637188542
0.281540196604247
0.4962651161638399
0.5131699637334796
0.7110844293518818
0.6859040274785182
0.6544608890042477
0.6824824740735822
0.5958622290982982
0.6914959790977668
0.6408423878906216
0.5439674789112913
0.5234959313349514
0.5514420330684371
0.45733995828899815
0.6301342775407015
0.5108023829099524
0.4548183026576039
0.4146577142687434
0.4586565582803175
0.6289361197782212
0.5518954085733935
0.48138774694041536
0.542266047060015
0.5584534839199
0.47207476903917994
0.49604473036610847
0.4493984908123437
0.2916882796442941
0.4747351519466803
0.5025160828714388
0.4732610369886286
0.6095802091433067
0.4383317157063348
0.5882737246844422
0.44720469252284484
0.41440407056179784
0.3840651976892635
0.29353578831050836
0.34842486747057805
0.3707893308025962
0.45236706802096777
0.4145190956576484
0.48150292457534066
0.37563240153338523
0.5144063300934509
0.44143060092851627
0.524563563009075
0.5236381531603155
0.5426963751950972
0.454230367338973
0.3357643075219414
0.49967090781114326
0.704990195935425
0.5232749626146774
0.6728476635982612
0.6159288976985288
0.6002631992204897
0.6440449444506609
0.6264817045638394
0.48123226286326876
0.5727261393478146
0.35815783556748765
0.4875766350509189
0.4910417182371051
0.4953868107857624
0.5282118217911705
0.47941827476723115
0.560982118266733
0.4025210980820919
0.4738121710832124
0.5182231385056573
0.4544207556768442
0.49720721954694075
0.5334291700253142
0.5266014808048338
0.5374258284511668
0.5173140922498823
0.44175118488792847
0.4973701443316875
0.35749561908441213
0.47112859717605243
0.7266672817192039
0.6947470992661697
0.49271598887658397
0.5643600485833925
0.6054346988045506
0.40257510761945126
0.5945813668767284
0.4219165114348201
0.4894239264945925
0.3470394749525026
0.4357959719694493
0.5278261319004204
0.46070236835475376
0.6128676324746968
0.4453942852175973
0.4655882641915765
0.6230613271465387
0.46057806516892336
0.4507225372747654
0.46904922573641616
0.633801035384996
0.4786042721229223
0.4968055264998481
0.4475979526890229
0.34404171407176437
0.44968968118629954
0.44370092146180296
0.42628127409967354
0.4775379903858082
0.5259841998529152
0.4617072841916463
0.5209488741706673
0.46003847488907856
0.5337208492388902
0.6061511282086393
0.41871666502317423
0.6810251565140181
0.6480939275434965
0.5133329648019361
0.34975726037690513
0.6235498463931315
0.30365424103826527
0.3394027554336428
0.5225728329321038
0.4853288738146307
0.42969788489754784
0.41089825185922635
0.35023551089743465
0.41414720646736886
0.5101414878820854
0.4179187846418354
0.2883048080576982
0.5245276286336186
0.4433624593404714
0.4050564281061956
0.5035956032787829
0.5654287532998717
0.6471392909316439
0.5888240932758751
0.5699954733765892
0.6310329385399281
0.5581521492616132
0.5638997567007283
0.4491893728024243
0.518220397817937
0.43839782802457705
0.7020795041949318
0.5441998340758579
0.5596380432406638
0.5011950480747894
0.5344108976352934
0.6703693857832557
0.4436772229338646
0.547308056001154
0.5085985456185271
0.33460970735617696
0.3663415811018846
0.405512788108138
0.35151929658537384
0.3880361106581004
0.429185366069209
0.4475214940424137
0.35754320530607814
0.6037476849678278
0.49948897346916754
0.4832720168477442
0.6398671302404899
0.4167889421092287
0.4439643797733612
0.6620093335865144
0.4914920082494207
0.4864829563896481
0.5636112890539137
0.5531956657007224
0.5508292083453208
0.5676023950464305
0.5795702128786638
0.5451757437901779
0.5993807363599959
0.5007300386560865
0.36151792783413966
0.6426087541517715
0.490889731196709
0.44865639622509224
0.5330337840700192
0.45164094460377685
0.5288663503975238
0.5190558275043874
0.21497172996910532
0.5560763244259495
0.5462294118831655
0.7162952325749044
0.496272382490889
0.5038646381130854
0.5803924129015995
0.501454570572815
0.40283019716270957
0.5029937783553344
0.5489459440936884
0.4885089675199625
0.510739922804408
0.34213415678792014
0.6330388155399171
0.4270233174746336
0.3894181292131311
0.46734839957544067
0.5438455279875188
0.405939185417474
0.5535244041951981
0.4814148441504685
0.5817655696454844
0.4037289976077105
0.3587562055875353
0.31325097114382416
0.48298779480135734
0.3176352313545665
0.42147382235997005
0.4656219597891846
0.5258487237760179
0.46640536957038364
0.5857227247191251
0.269089705024945
0.3930456584010127
0.33671005983305335
0.42675396152719375
0.585038369806622
0.6525551814498365
0.5317631138079215
0.5102342429310265
0.4170162699350961
0.4389715048517301
0.35295071292359487
0.6912529466003144
0.6038173116570134
0.4845024410772729
0.5014292195707617
0.5941997356148613
0.3723497636741742
0.43406006846604167
0.39105615997013077
0.6193802155018526
0.636040771720703
0.6747621273826016
0.6570757132260747
0.5879875378729352
0.6441766381312993
0.6649030607193629
0.6775211589010246
0.5844055800872301
0.6603206472097433
0.7070909681530396
0.49419391852820516
0.3858375129447504
0.5704816053665931
0.5497547066304047
0.5410728138416588
0.5676970503965505
0.45920132159335886
0.3927182871728712
0.35002054085679
0.32450414031683633
0.45584803511722066
0.37794362032707707
0.4232798682721331
0.39775255612608656
0.5028218934007799
0.4726470610126044
0.3899249107051353
0.404083374538411
0.4110317215314519
0.5996073071269603
0.4673625228669692
0.5088303075597557
0.48806042692881774
0.6164064062734511
0.6196797845364478
0.6604770103438379
0.48559037120830223
0.49303184217149876
0.37591484154421967
0.4446753994303038
0.45025330147471915
0.48194468239865706
0.4103942101410528
0.6090427975260029
0.39444035085051116
0.43801377261083285
0.4143058766278466
0.4835825722081838
0.5275583733306323
0.5993555438650155
0.4517985605230778
0.471453016410455
0.4915820960005061
0.4877974248262891
0.4993609741801052
0.5913836505752872
0.48912359762846724
0.4432176540998708
0.42014097167143305
0.3868775259520858
0.37428982124638677
0.3615772735322564
0.44359509344029846
0.5163442074029161
0.4483007473209878
0.4762572930467325
0.6472749569548748
0.3740743550829706
0.48144986760297165
0.3431882301061611
0.5670543990460004
0.6380829737009601
0.5762779247448966
0.4823066274355317
0.37355031231964914
0.5089889648481527
0.5736968561205779
0.5711430984919474
0.5443521082801933
0.5808967252321237
0.3518754658399662
0.46365884353334713
0.5338012374298782
0.46572117458772583
0.5201815185898341
0.4382996470555016
0.46625947823157077
0.4888077584534839
0.49468890632298584
0.46222077379544024
0.43925566620509465
0.3697757528891206
0.3905969214257758
0.4194084022147447
0.4826952890378291
0.5203401408235359
0.5010387224959554
0.4975524190175429
0.49788921582970863
0.48065003990071986
0.5119979152628562
0.43032941722500895
0.5424676429475406
0.3866914655548414
0.45871661821849175
0.4065998614811668
0.47370756633253164
0.5838227103112126
0.558242046391044
0.5265423620253702
0.6235543041392629
0.5644357134363873
0.5693237681659905
0.5429647100222544
0.4788128258899354
0.4990166533334524
0.34567853711242674
0.44400557033387006
0.438246605588841
0.3511067706323438
0.4291528920154564
0.33427373321998377
0.3937555029183091
0.3020674658804387
0.34147772508563556
0.45335030397775317
0.4871963904792527
0.5994388463742018
0.5257089792127386
0.44806585742351773
0.4575230812904397
0.5686213329253316
0.5981472797501296
0.7041299869640034
0.5575751860550276
0.2968849946090555
0.4023646272144424
0.4435583570411817
0.5827848059428387
0.4290530592716366
0.3800415526377011
0.4018665811411623
0.4019209553253752
0.4923457355950672
0.4994706945264329
0.4133678601979168
0.39155083648342376
0.47861093325818155
0.5639367753495084
0.5350216288841969
0.5729853720356328
0.4133859433432134
0.44512124436205225
0.533524546641267
0.49901457952727574
0.4254119579924215
0.39643652164715887
0.5072238288631208
0.40140310371966714
0.4236091241792091
0.4628489038240488
0.6049559465212871
0.6659135249272768
0.45497003383956125
0.37105322387370004
0.4864609283953828
0.5871535201822496
0.5659785294493995
0.522981089815708
0.519137596494687
0.42583273949358075
0.4546684921027545
0.5359574770048421
0.42730178703263694
0.4263081017690326
0.5142514711423677
0.5732425291203751
0.6058513633833951
0.5137589781844057
0.5850729235467002
0.468837047102315
0.4462264645862167
0.3130391323490072
0.3517096529819511
0.4257744150689297
0.3103555941604951
0.4145039935732322
0.3458660932874763
0.3696173413591336
0.2511194514373441
0.45059694447348925
0.3035197721412163
0.4359991348271144
0.41582046664103345
0.4064128824047139
0.4884674693173091
0.5586822928580405
0.29120473565963934
0.3568208995916186
0.3353514987530964
0.40853010485887103
0.5168918937401468
0.48082273679433885
0.5576277795511333
0.5272237969561834
0.5460113859316426
0.5814960903587213
0.4821632801858827
0.604559858948503
0.5071395131591911
0.574705139059308
0.5295391123747539
0.5217469892331762
0.5552786922540897
0.4000069014313009
0.3224672049383884
0.46060034122231913
0.3690298325097923
0.38739460161666833
0.3947434724880279
0.5768048670729037
0.6321603791032908
0.44626099703055416
0.6799304701403085
0.5326170583881906
0.3929557482273877
0.6039692174893699
0.5040057051079735
0.46707345769481096
0.434347875154894
0.5113172582397347
0.6550265578734836
0.3648695612126694
0.5880465234712918
0.42121120535167667
0.38554755348116987
0.2881998376343223
