3.0670042483565445e-07
1.0117526775996743e-06
2.8677007167600775e-06
4.6454134975664895e-06
1.9066882165932612e-05
7.247238808940522e-05
0.00015953085014984168
0.00026301178174110534
0.00039385123721910354
0.000536144712690026
0.0006822125784894341
0.000825762775122874
0.0009651131313332589
0.0010927360598006481
0.0011992468496147364
0.0012952858094907084
0.0013784515106743265
0.001445808010319895
0.0014995211772445684
0.0015642640584956954
0.0016188917528950548
0.0016615879589419002
0.0016938751031267474
0.0017160453447686893
0.001724160003599977
0.001718054967783004
0.0017059543658871892
0.0016876725717477248
0.001659006506493464
0.0015426068088106417
0.0014668614086289472
0.0013821002939644923
0.001299257692823022
0.0012175570712791353
0.001123769540490135
0.0010516829502828912
0.0009707110481105006
0.0008942639881260722
0.0008235584147722249
0.0007902876799638403
0.0007444422408527927
0.0006974342208314202
0.0006615459338562718
0.0006355404302793604
0.0006084818217717051
0.0005814962785728974
0.0005421748818765681
0.000512150068105412
0.00048482871232971103
0.0005041860965003644
0.0005108934697751138
0.0005241914109291714
0.0005470189440472777
0.0005676166031246186
0.000580209178963076
0.00060528885215651
0.0006149843499817209
0.0006236503959250355
0.0006286829178681947
0.0006515002585341605
0.0006450555305150792
0.0006454657839654897
0.0006398662635252148
0.0006303349534258148
0.0006107279025193776
0.0006127968060013378
0.0006010144042156475
0.0005911387409896521
0.000561611603040841
0.0005113907693214305
0.0004696495292360569
0.00045031792976971965
0.0004424425140942656
0.00045229750324470995
0.0005050623912430141
0.0005519256023112204
0.0005961440309047176
0.000640844840559409
0.0006774482933513347
0.0007341586141479741
0.0007632540444483323
0.0008080646716277019
0.000853570822155745
0.000903474505847994
0.0010218097553999163
0.001121623042514265
0.0012007334019382683
0.0012627931576221895
0.0013167705845562544
0.0014163167940629718
0.0014826572972304007
0.0015370184056109635
0.001582924116541479
0.0016253181134501138
0.001793372662809789
0.0019377646347100838
0.002030275234392378
0.002105424136808848
0.0021630924643840977
0.0022991073759190857
0.002325937216200586
0.002351723670547077
0.0023613248391287822
0.0023748907400618765
0.0024916068672932385
0.0025698628988921396
0.0026018060410641737
0.0026545917334535015
0.0026950191810235693
0.0028339304901302768
0.003401679527448209
0.003684079588274381
0.003982853557267379
0.00422444404177777
0.004334314518602458
0.004439469372015751
0.004516156526748198
0.004570344843650077
0.004605218064667181
0.004562137918547078
0.004545673874516121
0.004553290586406605
0.004518015500929007
0.004464179710299553
0.004291697381171681
0.004162163790354537
0.004035384944028292
0.003943494772834451
0.003882178373303979
0.003934714916520563
0.0038709559388804987
0.003836696870829854
0.003805129709910663
0.003784895025553233
0.00376646987524022
0.0036876678818121233
0.003624309955714167
0.0035666590846659568
0.0035319145300464912
0.0035756822197847075
0.0035301045385934477
0.0035294318381967693
0.003534208670641955
0.0035456420818447652
0.003518910529115958
0.0035282465526948787
0.0035567459073877023
0.0035943213749107853
0.003612451553065861
0.0037013497188977075
0.003662189120161014
0.0036396110465817767
0.003607119096422472
0.0035526952464500485
0.0034713830287916103
0.0033861443496879446
0.0033088074654244277
0.0032469272254035076
0.003185068290729826
0.003140631181707426
0.0030563243164762554
0.0030065258974711416
0.0029514587464431375
0.002899699434097279
0.0028167612160537574
0.0027266146608192895
0.0026526922353974016
0.0025927981708138556
0.0025415972393805246
0.0025246181694878324
0.002477497944178287
0.002431024256920834
0.0023889833659316547
0.0023345124133934713
0.002301771147657273
0.002232586221226513
0.0021890272863909935
0.002128251077624371
0.0020641125562942514
0.0020605903409392015
0.0020334575440484346
0.002006818066530407
0.001980471698173412
0.0019504654614165289
0.0018712095679863346
0.001798588452368803
0.0017474670715756934
0.0017082038717279396
0.0016646088692047832
0.0016570623230542964
0.0016118772821839464
0.0015802974439083994
0.0015455899725723794
0.0015145598767808538
0.0014821704958180317
0.0014304273014544098
0.0013883779705450433
0.0013407642498767225
0.0013025818251969873
0.0012235613393007075
0.0011716088239210503
0.001117574585075408
0.0010641974498291488
0.0010169031233206744
0.0009920845077844621
0.0009574735751556759
0.0009260130296619093
0.0008894850946038432
0.0008581012203267951
0.0008423219385723357
0.0008222941966440897
0.0008021111462798412
0.0007754568434063469
0.0007485555647002792
0.0007142719421859075
0.0006808237750071485
0.0006481858787154636
0.0006169576607311998
0.0005862723008865139
0.0005446659284143309
0.0005152459733965088
0.0004837786217189111
0.00045596774580389433
0.00042960324432288573
0.0004043206363146233
0.00038034328228173163
0.0003575337090210686
0.0003360120711053568
0.00031548729718687454
0.0002965062337472895
0.00027875123534831174
0.00026197385999921174
0.00024625985924581835
0.00023154187162757926
0.0002185505726007955
0.00020557223113139408
0.00019359402441238127
0.00018217881862163198
0.00017135306560663662
0.00016120097756875003
0.00015206743250789723
0.00014338207584855902
0.00013523195788640933
0.00012751155591742407
0.00012067500270154249
0.00011374571847410511
0.0001077381542172275
0.00010192173664722328
9.66687985727843e-05
9.294517467816618e-05
8.874535127246471e-05
8.48769970927703e-05
8.095013192081962e-05
7.692960570917853e-05
7.322104025491486e-05
6.848867975214354e-05
6.459185622811817e-05
6.076362896777219e-05
5.742203061691259e-05
5.4114743538223305e-05
5.1220225239182646e-05
4.8567448720006665e-05
4.6038264716296086e-05
4.363592709999488e-05
4.183018979133895e-05
3.9950117133900556e-05
3.842478703922364e-05
3.691726972781606e-05
3.525564164878418e-05
3.1954093668194e-05
3.0231104951851726e-05
2.837581842038493e-05
2.6833576359219396e-05
2.5150182453668867e-05
2.5735270931868493e-05
2.4335524401559337e-05
2.329743071114881e-05
2.242657569249635e-05
2.139369297147319e-05
2.157815235752899e-05
1.9809212737795455e-05
1.9084225026435713e-05
1.820834557459728e-05
1.7521451480012125e-05
1.8772371494056287e-05
1.7953425946954122e-05
1.767493972535297e-05
1.7103443865357994e-05
1.681003011834954e-05
1.7368163362115536e-05
1.6850414365042064e-05
1.6665899968462564e-05
1.645118707262628e-05
1.6210426493975338e-05
2.045998229219089e-05
1.9816413722658642e-05
2.007010517472838e-05
2.025677720020473e-05
2.0380101734206127e-05
2.0898535035001e-05
2.105200984570086e-05
2.152055577216509e-05
2.144041118597489e-05
2.140028040431205e-05
2.3092853755845922e-05
2.2813661556312383e-05
2.2324155737760085e-05
2.1458810941982548e-05
2.078847326081262e-05
2.1461708424330872e-05
2.147555211102803e-05
2.1534139708337917e-05
2.1756696515122132e-05
2.2038279740663666e-05
2.162642242546477e-05
2.1940555686773888e-05
2.205773011123722e-05
2.2872475343191262e-05
2.3291807108855144e-05
2.5982197497857728e-05
2.539882749066277e-05
2.645788627479784e-05
2.6759695229130656e-05
2.692441183070921e-05
2.952144026781077e-05
3.0091444390864846e-05
3.071285292335283e-05
3.0710123412991946e-05
3.063540355847193e-05
3.398342252868925e-05
3.449159969005777e-05
3.4911506412976974e-05
3.4887743769314746e-05
3.428110760371278e-05
3.377542354577751e-05
3.267434375587125e-05
3.150544163021379e-05
3.00093787368264e-05
2.857672794787784e-05
3.0071398570503706e-05
2.9015703917002045e-05
2.851118395923405e-05
2.8160100051722534e-05
2.746694652006683e-05
2.7418442248123807e-05
2.7162626524688394e-05
2.7228889492625945e-05
2.7244736804982917e-05
2.713023229705506e-05
2.9989969481503507e-05
2.97410268093817e-05
3.030179695174516e-05
3.0508562706965157e-05
3.044779763416779e-05
3.283520566444148e-05
3.240864759683512e-05
3.293732807462411e-05
3.3091680668093414e-05
3.311029818896075e-05
3.271076149956551e-05
3.2233438299589556e-05
3.1351324690481734e-05
3.1288568186757825e-05
3.06600169661006e-05
3.6270782076498563e-05
3.592569667214811e-05
3.695914536427876e-05
3.6462469282321035e-05
3.5555877091687156e-05
3.763415968358558e-05
3.699805733402368e-05
3.712841247480868e-05
3.6475602471451314e-05
3.5644692329920335e-05
3.532855261085136e-05
3.381665972712666e-05
3.253969795953846e-05
3.192465586324392e-05
3.1317912309925696e-05
3.270843395019535e-05
3.313171546999523e-05
3.419604050126814e-05
3.4883214806067164e-05
3.4778624900011556e-05
3.504174250534004e-05
3.3715898738360885e-05
3.297830820106221e-05
3.264718542690926e-05
3.227681551239001e-05
3.4478892789020946e-05
3.538058040674513e-05
3.665914564148736e-05
3.744425476644107e-05
3.778792062292964e-05
4.0834401949399196e-05
4.060641195996498e-05
4.108666560334259e-05
4.134426852763726e-05
4.131641423538167e-05
4.128218357425762e-05
4.173909283203092e-05
4.212312254944291e-05
4.200885677902693e-05
4.24760059458792e-05
4.955982911679381e-05
5.097369988575414e-05
5.4464592217641563e-05
5.7486550065702356e-05
6.0779239395941407e-05
6.422897850527404e-05
6.651383746822016e-05
6.866956329676877e-05
6.999428067237886e-05
7.066479235986586e-05
6.90169614241935e-05
6.899159736642143e-05
6.851682860485611e-05
6.764545668109562e-05
6.589273342859143e-05
6.276550732197496e-05
5.954035483504468e-05
5.6516109933446724e-05
5.304739805567936e-05
5.025558389962897e-05
4.986165535881687e-05
4.760972958465082e-05
4.621668168027881e-05
4.3496234932433755e-05
4.104954551900492e-05
3.91454873182325e-05
3.5303750087375456e-05
3.3595736268392506e-05
3.251258125343816e-05
3.2373294576157476e-05
3.2583816687658963e-05
3.164264476057431e-05
3.079189639474824e-05
2.9583885266858976e-05
2.9326656849907622e-05
3.3422580483171215e-05
3.271377693009114e-05
3.2975804425083506e-05
3.366298193055483e-05
3.424080569765824e-05
4.213467428594341e-05
4.239290957319496e-05
4.394407410801045e-05
4.349837058844163e-05
4.334394894553128e-05
4.845705955541545e-05
4.88308866694251e-05
4.944036688549371e-05
4.900547989385718e-05
4.911041375201248e-05
5.8908422002399895e-05
6.047239014407263e-05
6.368146905476916e-05
6.645966263866118e-05
6.892003312808046e-05
7.823113541117646e-05
8.052613512671131e-05
8.378908273825293e-05
8.60812106738822e-05
8.84855179219523e-05
9.505445796510723e-05
9.970299454182322e-05
0.00010348245272109126
0.00010740183759785227
0.00011086581965363566
0.00011754421285374733
0.0001216085494725406
0.00012530734729459853
0.0001286265987244275
0.00013160268954088528
0.00013586221176362502
0.00013767021499396924
0.00013919415748358982
0.0001401297661686272
0.0001415661471148929
0.0001437778388885135
0.0001443400635119188
0.000144938539400887
0.00014705889926545286
0.00014814775024631318
0.00014866767969865798
0.00014867014754652315
0.00014893261306769565
0.00014732123134539535
0.00014580406839701085
0.0001452986058232538
0.0001422952314527496
0.0001395171532608165
0.0001361835553672719
0.0001337252115095664
0.00013489552389152118
0.00013306412340896622
0.00013251856213958085
0.00013112446097472393
0.00013049752902549795
0.00012996837012357103
0.000129899100410892
0.00012947184314178106
0.00012889672756311843
0.00013032759505534982
0.0001292817052777215
0.00012993741263971683
0.00013103886938211227
0.00013174999140065104
0.00013243084083231578
0.00012822312808275163
0.0001271903801742654
0.00012418777374614194
0.00012246925255665264
0.00011939883894346468
0.00011353768907614389
0.00010868921837405345
0.00010391593720367287
9.912192850291967e-05
9.544557407704292e-05
9.361084917107096e-05
9.059101300514969e-05
8.689738200045371e-05
8.453444341064884e-05
8.281653214977272e-05
8.500600210129244e-05
8.257386744171507e-05
8.129243274445154e-05
8.012447373467983e-05
7.987837081702834e-05
8.124898022068678e-05
8.150230623230992e-05
8.117025471298414e-05
8.137130696519631e-05
8.011287332316085e-05
8.572115275905606e-05
8.562783986447408e-05
8.452892586656466e-05
8.465919993481126e-05
8.415593367604504e-05
8.465828145803718e-05
8.358961972821611e-05
8.317138967685266e-05
8.31253823934159e-05
8.247976800682484e-05
8.222276896845917e-05
7.846234644023836e-05
7.613208799692406e-05
7.28844912542798e-05
7.042731332520242e-05
7.184347521048619e-05
6.875208845849184e-05
6.88158771721894e-05
6.811982220116749e-05
6.851054659043347e-05
7.739127426180083e-05
7.635537056677502e-05
7.90058847890772e-05
7.96304338558342e-05
8.039615427889028e-05
8.413571095044928e-05
8.547183909112167e-05
8.625113863387673e-05
8.744438395788904e-05
8.66384925384144e-05
8.495445158493636e-05
8.410038472334961e-05
8.266819048658742e-05
8.113275604528762e-05
7.9248128754418e-05
7.700064839188169e-05
7.60534036712336e-05
7.557258657013764e-05
7.465745945800967e-05
7.429823172245726e-05
7.066306540446739e-05
6.786387188130166e-05
6.518347873769493e-05
6.28326045027495e-05
6.0553759808584425e-05
5.963982287188358e-05
5.751301208416221e-05
5.5931934522056945e-05
5.390835263148036e-05
5.1525937588979835e-05
5.925008660346583e-05
5.8544639533234334e-05
6.030745762857918e-05
6.221180045729359e-05
6.35697224491459e-05
7.152683044796886e-05
7.303263691183389e-05
7.464068110706142e-05
7.566015440131896e-05
7.729948967130332e-05
8.152578772282447e-05
8.230847378216794e-05
8.342886144173667e-05
8.358080762097324e-05
8.354340048666682e-05
8.584012532020605e-05
8.596117404319769e-05
8.639113265894455e-05
8.56071807253444e-05
8.538731362533313e-05
8.694456872925678e-05
8.693168592054038e-05
8.677771829433682e-05
8.652414102929705e-05
8.579029312536741e-05
8.494945946817324e-05
8.498204758186676e-05
8.479787655234299e-05
8.466474331311905e-05
8.434663720860634e-05
8.717841763082157e-05
8.636965747285875e-05
8.685842865050231e-05
8.597787730846805e-05
8.517428303585712e-05
8.297633456060737e-05
8.230873209880565e-05
8.042756700918514e-05
7.936469169809066e-05
7.783967586406991e-05
7.803342482935258e-05
7.445944018064424e-05
7.289446804482915e-05
7.060699862827893e-05
6.886062965379277e-05
6.86360451005812e-05
6.625077294696031e-05
6.50022154174274e-05
6.364414769167558e-05
6.17216306065422e-05
5.949645410190211e-05
5.711588249581518e-05
5.568776212191459e-05
5.3368355802535344e-05
5.127947926565481e-05
5.01240865286405e-05
4.9039846632167e-05
4.828003772995608e-05
4.714814686756514e-05
4.584220986545345e-05
4.8892581451302605e-05
4.7433289069964185e-05
4.758327550236053e-05
4.7180512277825105e-05
4.703549690546028e-05
4.9097357919531606e-05
4.952256121075445e-05
4.995641230603335e-05
4.968026767653029e-05
4.932736183992984e-05
4.496656864313475e-05
4.194090701313165e-05
3.967926535647534e-05
3.7556757129191717e-05
3.562619689414424e-05
3.792293112651119e-05
3.7639764808296355e-05
3.929912241376523e-05
4.026539384717067e-05
4.149897844332054e-05
4.517649513221069e-05
4.6389785521522136e-05
4.875268014867016e-05
5.0565915024130746e-05
5.21793316317457e-05
5.3841779831071254e-05
5.5988617806464576e-05
5.703807709480446e-05
5.713011741570311e-05
5.709288619509347e-05
4.921698278911297e-05
4.69713613570021e-05
4.382335472837369e-05
4.065009634175475e-05
3.7921555678180734e-05
4.2716457646814334e-05
4.148844637166922e-05
4.255327470750755e-05
4.211823946485157e-05
4.247093737975085e-05
4.068648332178127e-05
3.966877804247056e-05
3.831746241350226e-05
3.69217579221752e-05
3.612937576742705e-05
3.550079939452592e-05
3.387765321411306e-05
3.39020739647141e-05
3.341379145642673e-05
3.3395957109492926e-05
3.877049382940179e-05
3.932399153926621e-05
4.0632628708335305e-05
4.11364169649024e-05
4.115989666866683e-05
4.815116038871294e-05
4.841488431980585e-05
4.9571836706101685e-05
4.957679710102672e-05
5.005100480600819e-05
5.4189840810691056e-05
5.2555789891811174e-05
5.3158105786487095e-05
5.2748470239963976e-05
5.266148988854571e-05
5.2871470390525585e-05
5.222440329554686e-05
5.240908484879011e-05
5.1925228580354374e-05
5.085880930899391e-05
5.108421831333798e-05
4.930904318267434e-05
4.7128622331343997e-05
4.50287296754368e-05
4.289790697902848e-05
4.106044171208607e-05
3.8569388125942995e-05
3.611805226534318e-05
3.4175559299904856e-05
3.167217982790259e-05
3.128108071279236e-05
2.9243333968129526e-05
2.8805766607408138e-05
2.7848342580246853e-05
2.7263015660196765e-05
2.637039835634444e-05
2.5467857725403546e-05
2.556317389796932e-05
2.5001752461085828e-05
2.4638383944533464e-05
3.1547850285759094e-05
3.1550895892739986e-05
3.309933565513132e-05
3.284335236509308e-05
3.333719646953218e-05
3.385996679135073e-05
3.4044887448826924e-05
3.539858659724619e-05
3.587182994725401e-05
3.560631538031662e-05
3.9363957165822116e-05
3.9318547925725705e-05
3.9525310543614415e-05
3.848099700451658e-05
3.694854844532409e-05
3.7639307786325096e-05
3.6368889944442475e-05
3.5889853330111706e-05
3.557930232557458e-05
3.492023361258885e-05
3.69393237762929e-05
3.809297967162953e-05
3.926843469650632e-05
4.002382626270162e-05
4.0588376726257555e-05
4.7965067929819416e-05
5.002353828449358e-05
5.2097780174833726e-05
5.35337096935303e-05
5.449822582476979e-05
5.713539562556615e-05
5.631391788556967e-05
5.6113147595966234e-05
5.458658754091526e-05
5.332622613167153e-05
5.02567641414871e-05
4.819492457918333e-05
4.592324267804665e-05
4.457371858117372e-05
4.274778933357095e-05
4.867091464744353e-05
4.946197686875258e-05
5.1944623838654043e-05
5.3924239305365035e-05
5.5949566798495924e-05
5.5562558486005076e-05
5.584281354450297e-05
5.585607472767919e-05
5.6100894563359316e-05
5.593762952430285e-05
5.842364368412156e-05
5.7725855923610315e-05
5.822720384317794e-05
5.858763478646151e-05
5.866439145928032e-05
6.128895093062012e-05
6.0695789116323996e-05
6.161937502304255e-05
6.165476204877566e-05
6.163051891141924e-05
6.368667167779825e-05
6.323413189391449e-05
6.329996626837673e-05
6.286638122307629e-05
6.165791211049855e-05
6.14074318462747e-05
5.894543831024613e-05
5.702950882761701e-05
5.5278441483468966e-05
5.2601840218247164e-05
5.072871656880179e-05
4.913510518219308e-05
4.654157862306074e-05
4.418368068299932e-05
4.163391861926704e-05
4.790460836210291e-05
4.654840085376765e-05
4.6367729447770014e-05
4.5878965386679956e-05
4.5583220881147744e-05
4.790882413634711e-05
4.851675179636127e-05
4.849598300299819e-05
4.843865932460732e-05
4.842043602340148e-05
4.693451553755453e-05
4.678305143631193e-05
4.661761474358811e-05
4.7350493837850874e-05
4.794242820168822e-05
5.030302445745492e-05
4.9864662847646755e-05
5.040928470455557e-05
5.036078395110939e-05
5.037173381307697e-05
5.339412694640797e-05
5.361073684936163e-05
5.4431596475750866e-05
5.507889623959602e-05
5.5536025578455815e-05
5.9896739531156755e-05
6.063608624571001e-05
6.22376700056618e-05
6.385377907219864e-05
6.501612820379163e-05
6.532155957635337e-05
6.555479884181959e-05
6.562697848974019e-05
6.543272220884083e-05
6.496004507940771e-05
6.585916664586186e-05
6.570696859732195e-05
6.536821928550255e-05
6.460986865710986e-05
6.351558374098736e-05
5.9368486482116857e-05
5.599537163570349e-05
5.285019183004428e-05
4.949207372688168e-05
4.594904721191684e-05
3.986177813313303e-05
3.595089021027501e-05
3.301753747441375e-05
3.0219182932375492e-05
2.8157182310750567e-05
3.197385965131171e-05
3.093154405239705e-05
3.134428334914019e-05
3.199658642942524e-05
3.254215583219344e-05
3.3714281892841456e-05
3.3635394173413974e-05
3.433621319072316e-05
3.402677440171964e-05
3.384280576221558e-05
3.861986526937425e-05
3.7522513799652e-05
3.8162684127526884e-05
3.8019618829341885e-05
3.815426044192521e-05
3.684648009527689e-05
3.552289297001257e-05
3.476179449868553e-05
3.3913804746295e-05
3.3116310690359724e-05
3.0464237894939172e-05
2.896268036576931e-05
2.800330087949649e-05
2.7580028057114805e-05
2.7597541126212202e-05
3.138147789049788e-05
3.0976354421126903e-05
3.172804395369423e-05
3.2179172194936395e-05
3.253892455015991e-05
3.3467434583236276e-05
3.23845770806093e-05
3.1334470017939766e-05
2.990360372363276e-05
2.874782445625335e-05
3.5057684103907156e-05
3.528292161932446e-05
3.65140946211921e-05
3.693048000062191e-05
3.709012627760704e-05
3.8919728321835755e-05
3.8016986664478564e-05
3.8613779111736665e-05
3.841666404252344e-05
3.841346646976338e-05
3.976627723619624e-05
3.982103467609474e-05
4.021239490738603e-05
4.047975147673143e-05
4.026064205705879e-05
4.313152294099318e-05
4.238370032725765e-05
4.270247384734307e-05
4.2085001500316575e-05
4.1355331269410665e-05
4.517775779784297e-05
4.473589485313942e-05
4.4915648525297185e-05
4.484752755252278e-05
4.478677322459507e-05
4.6659260328431834e-05
4.661509837450516e-05
4.6537969890778895e-05
4.604222217249959e-05
4.589667174047448e-05
4.768320987196071e-05
4.7431357808890854e-05
4.7762079871975625e-05
4.7445323554360635e-05
4.677738555626322e-05
4.7789906184322444e-05
4.65177225569645e-05
4.549613991121045e-05
4.419643755674735e-05
4.277205897963628e-05
4.163013626905045e-05
3.9900488675658255e-05
3.839305577993532e-05
3.6459647307950044e-05
3.515623316216762e-05
3.5315193138218875e-05
3.391892920135438e-05
3.289372965141557e-05
3.2291424533413584e-05
3.134329358981293e-05
3.013936403455449e-05
2.780168695839354e-05
2.609529063709185e-05
2.4480111585155916e-05
2.2559623102894208e-05
2.344756643756616e-05
2.0953400098930025e-05
2.0434329579374542e-05
1.9346976298414353e-05
1.88212987743635e-05
1.986273018008319e-05
2.0169419906681183e-05
2.07849508829731e-05
2.169490005423857e-05
2.2244918698372492e-05
2.4778516534233187e-05
2.5081307005595848e-05
2.5521990921130105e-05
2.5623721839809925e-05
2.5489084978846482e-05
2.3026224106799496e-05
2.1872126150206285e-05
2.086615646013061e-05
1.9777878337534128e-05
1.895451172829365e-05
1.761787277840162e-05
1.668933076800313e-05
1.6122611980567773e-05
1.558436529481352e-05
1.5245403817334894e-05
1.818120991045638e-05
1.788889695816725e-05
1.823031440534465e-05
1.858379826156992e-05
1.881152350595581e-05
2.179234926711083e-05
2.075217276329771e-05
2.056144137562318e-05
1.977676433702636e-05
1.969204902954151e-05
2.5392278937640215e-05
2.702471890811096e-05
2.98593438230542e-05
3.202893236316843e-05
3.3893627045337944e-05
3.546641270581464e-05
3.669882389950921e-05
3.811167653698729e-05
3.8951620539073414e-05
3.9554213199595064e-05
3.8888321924741426e-05
3.91909606453402e-05
3.8536189813245266e-05
3.797818927602385e-05
3.72115772557959e-05
3.665053909953217e-05
3.553526737132161e-05
3.460869470417e-05
3.346962811896555e-05
3.2037574801449e-05
3.1084239924307766e-05
2.9835774711368002e-05
2.829292017482839e-05
2.6796173846899206e-05
2.5256385392030558e-05
2.71167252612464e-05
2.6423957489436883e-05
2.6012793144223457e-05
2.5153153973849307e-05
2.427760276339104e-05
2.761518671015546e-05
2.6943887877624497e-05
2.6755748454773372e-05
2.634589221713955e-05
2.57196618391518e-05
2.4481676175760425e-05
2.3833054666885182e-05
2.2724828076953366e-05
2.1838126868281685e-05
2.103897742515414e-05
2.070122195402803e-05
1.9313516853982684e-05
1.89238908242157e-05
1.8076824138519142e-05
1.7308165317877617e-05
2.069776475258236e-05
2.1605054236229945e-05
2.269711444187965e-05
2.3681814610144648e-05
2.3934744538061007e-05
2.6883391053221414e-05
2.6943220977345674e-05
2.726002098199525e-05
2.7062517769983958e-05
2.6427142284879685e-05
2.932622687461643e-05
2.9154258084971904e-05
2.9027040574156595e-05
2.827867657339453e-05
2.744270826245022e-05
2.6743459406497532e-05
2.5207399171543524e-05
2.396659158379014e-05
2.2573702535027544e-05
2.1318566473237575e-05
2.3585200495992027e-05
2.33934221875129e-05
2.2957328406212862e-05
2.217170911822648e-05
2.1341897440124474e-05
2.1901914902981983e-05
2.129252276121185e-05
2.0775760690036193e-05
2.030832463987598e-05
2.0051070820013846e-05
2.2019413724709335e-05
2.1895044710356128e-05
2.1948105343371562e-05
2.1938738217846816e-05
2.1594118651125963e-05
2.263466837537417e-05
2.228860041793635e-05
2.1759588587230434e-05
2.1458115250571284e-05
2.0974267950372535e-05
2.2984940301791653e-05
2.3019456185292443e-05
2.3437691365940534e-05
2.3311917431353052e-05
2.299083194010345e-05
2.3026948314650306e-05
2.2682939246660097e-05
2.2597676101031508e-05
2.2503610472614813e-05
2.214227338083207e-05
2.4019466138830895e-05
2.3371897271868354e-05
2.349460541591844e-05
2.2935106326825884e-05
2.2489175800275803e-05
2.3991544826099534e-05
2.365132565201527e-05
2.308527380719347e-05
2.2504846893520153e-05
2.184653110955381e-05
2.2031718029316817e-05
2.1766824388030386e-05
2.1825304306808893e-05
2.1610951501964968e-05
2.140073726160375e-05
2.067648246019798e-05
2.0049594727532325e-05
2.0072152401251128e-05
2.0000128669657186e-05
2.0114329946864756e-05
2.2154038161437154e-05
2.2716103845887114e-05
2.3570231358494055e-05
2.4148906798211356e-05
2.4709973841969545e-05
2.5418675556784124e-05
2.5860235164045463e-05
2.649357913470566e-05
2.697706250169417e-05
2.7160804204776046e-05
2.7244923205093768e-05
2.645433381307526e-05
2.565031258299093e-05
2.49730363692973e-05
2.4394431607471965e-05
2.279017391440165e-05
2.2070692110263615e-05
2.14386537026517e-05
2.0817056341857196e-05
2.0255663828584548e-05
2.2019152884512332e-05
2.1823158812179293e-05
2.208183897548215e-05
2.219579225438359e-05
2.2201306083582592e-05
2.4516734930040616e-05
2.4105187487620922e-05
2.3958333641689258e-05
2.332615619045743e-05
2.2570670776544294e-05
2.195258645973196e-05
2.1248236123057556e-05
2.038895158585938e-05
1.9485997247738544e-05
1.8632391645455833e-05
1.8231556171835158e-05
1.7151323711455728e-05
1.6421066116635937e-05
1.5615178212234485e-05
1.4846136159307556e-05
1.5854401084992924e-05
1.555393776410828e-05
1.5693819104917994e-05
1.5393167981673323e-05
1.5160240416871302e-05
1.848777636689246e-05
1.858718537062633e-05
1.9245637346714633e-05
1.9670289986855234e-05
1.9941795985019425e-05
1.9186167007519087e-05
1.858238344020964e-05
1.7990890742250178e-05
1.7338994910247377e-05
1.6793486485407924e-05
1.8782062780232836e-05
1.8998605322694255e-05
1.968056214801797e-05
2.006007113325845e-05
2.0306083371371217e-05
2.0730202991035825e-05
2.0501196935309212e-05
2.055458524181991e-05
2.044853431934093e-05
2.037148495710334e-05
2.110930147038464e-05
2.0718791342116137e-05
2.0322873708035875e-05
1.981457509090172e-05
1.927911413850966e-05
1.961829212608179e-05
1.8712266518079886e-05
1.8307675340543487e-05
1.7624236780100158e-05
1.7055187497708506e-05
1.637880005048861e-05
1.595417156522158e-05
1.5387730822959655e-05
1.4841198130345964e-05
1.4319066540723343e-05
1.4648412678026797e-05
1.4353609414900868e-05
1.4492681883716552e-05
1.4475675155270829e-05
1.4655697012897772e-05
1.621416947551229e-05
1.6159575894092243e-05
1.6126658482735313e-05
1.5802360417786052e-05
1.5378420579097676e-05
1.575090560825902e-05
1.5670622725437013e-05
1.5505492865687703e-05
1.5321175503528734e-05
1.5079790831383434e-05
1.6369158889920398e-05
1.6107352782763434e-05
1.60767715218107e-05
1.5960450983171868e-05
1.585571725834061e-05
1.591937550459865e-05
1.5665755166267613e-05
1.548613783676122e-05
1.5273767941024242e-05
1.4908702493354976e-05
1.7747504144879426e-05
1.8310638389331655e-05
1.905819922647631e-05
1.953498282725899e-05
1.977920896861626e-05
1.93146447407291e-05
1.918803871607308e-05
1.9016246602638285e-05
1.8748903631962887e-05
1.852575164683258e-05
1.9220807473583632e-05
1.9029502226108462e-05
1.9136246017556625e-05
1.9059816696263733e-05
1.8952724620276577e-05
2.0249202540948096e-05
2.0186918021696008e-05
2.0197415689692097e-05
2.0019353165711274e-05
1.983418489266377e-05
1.8852573587464877e-05
1.791778953302033e-05
1.7068641423029687e-05
1.6237904653472377e-05
1.5377340562425742e-05
1.5356075284932483e-05
1.4556143729247565e-05
1.3974258564688412e-05
1.3229983130256351e-05
1.260469969109971e-05
1.430298341946555e-05
1.4114724975948715e-05
1.4226652004784675e-05
1.4014500819498301e-05
1.3730949001928836e-05
1.2901079397139852e-05
1.2356749540055841e-05
1.1787809150863006e-05
1.123158666567101e-05
1.0616150634603113e-05
1.0328923724990295e-05
9.590515336220574e-06
9.032901356051853e-06
8.38974866882706e-06
7.955631418006476e-06
7.777577398520577e-06
7.333545973071105e-06
6.877321184832241e-06
6.5407183387889055e-06
6.1656048258761395e-06
6.002391024468288e-06
5.648365493814983e-06
5.438634797928108e-06
5.149092873510682e-06
4.962578291124365e-06
5.9533404740422605e-06
5.8794242281920836e-06
6.09355067734302e-06
6.135523308250269e-06
6.208611648643295e-06
6.930126557044237e-06
6.980460483862249e-06
7.452510874860726e-06
7.682301652700091e-06
7.846247011922304e-06
9.336436721618236e-06
9.623577429736827e-06
1.0022389577024789e-05
1.014348416045321e-05
1.0192883128951978e-05
1.0550094941836294e-05
1.0225527699939497e-05
1.0003030525842276e-05
9.680851648598666e-06
9.336593667365413e-06
8.840386398125764e-06
8.388640626132873e-06
8.09510217043007e-06
7.802273876071747e-06
7.602722256678219e-06
8.1312337842755e-06
7.817569198255423e-06
7.717500188955246e-06
7.548579115947026e-06
7.4041962300663475e-06
7.83775892821424e-06
7.679053029238245e-06
7.583888148500719e-06
7.376752311466231e-06
7.190970803642615e-06
7.685756291495653e-06
7.3806931411793795e-06
7.165034703223334e-06
6.871601315943728e-06
6.654440190416582e-06
6.254426604796991e-06
5.896112726396687e-06
5.61928621003629e-06
5.2962368978638005e-06
4.987251327503996e-06
5.043908543891179e-06
4.829282121067884e-06
4.729073753263684e-06
4.545883917530678e-06
4.458590351821008e-06
4.6405037230009715e-06
4.5528750898501846e-06
4.671100342441933e-06
4.710427431212422e-06
4.671027283698269e-06
4.781586700517967e-06
4.802594645598506e-06
4.83996894410614e-06
4.96639367158905e-06
5.0468734003429695e-06
5.012324363827516e-06
4.962459974394806e-06
5.0254089931489415e-06
5.002371062820786e-06
4.954101142766488e-06
5.42653702921305e-06
5.269614896326149e-06
5.129032889136496e-06
4.930847105836559e-06
4.72729787249829e-06
4.761420425804086e-06
4.5211568555543465e-06
4.369166800647684e-06
4.220390100801745e-06
4.062888360206964e-06
4.685966587500356e-06
4.659947796985326e-06
4.7257328991221035e-06
4.64074581854413e-06
4.522051316484724e-06
4.697769705260046e-06
4.6070403651562995e-06
4.5899291008867994e-06
4.537200641749712e-06
4.478625637772053e-06
5.199573338807065e-06
5.389448961478512e-06
5.661106309898161e-06
5.7970030430878465e-06
5.811942503682188e-06
5.96233402094052e-06
5.868035398693985e-06
5.818744392071123e-06
5.745243664052828e-06
5.663158968094202e-06
5.9316832653365855e-06
6.004644295797959e-06
6.092450059695977e-06
6.148952684775256e-06
6.166617974548326e-06
6.246771658447664e-06
6.097921362100586e-06
6.018484870007168e-06
5.919558510550064e-06
5.824951371128554e-06
6.331268811234878e-06
6.377229299470658e-06
6.450287000740221e-06
6.447108068164314e-06
6.380363690873076e-06
6.15185510125061e-06
5.9493535260704676e-06
5.706030857131989e-06
5.4580318145805865e-06
5.238072812060948e-06
5.041464850172949e-06
4.7941571469890016e-06
4.573293335439481e-06
4.335245239934308e-06
4.127607061016742e-06
3.7497864255031866e-06
3.510429885960682e-06
3.2574868372579327e-06
3.0360425754495337e-06
2.870366243020665e-06
2.556873658598431e-06
2.2540374491150158e-06
2.0331066208043602e-06
1.8638040809373392e-06
1.7073935576520224e-06
1.9390185001255067e-06
1.904686969692956e-06
1.968118307980553e-06
2.0260789979048085e-06
2.0849678585108875e-06
2.1234589396265197e-06
2.142588253774747e-06
2.1284546876173944e-06
2.1143301192302057e-06
2.067225329083492e-06
2.3150254260670647e-06
2.3359248814888035e-06
2.402127570207683e-06
2.4260276905802807e-06
2.4323095959991628e-06
2.55896619704919e-06
2.5310776911000463e-06
2.5589304355987474e-06
2.557694301009317e-06
2.544597955789142e-06
2.4329332461316917e-06
2.3515413747650137e-06
2.254798632117715e-06
2.140368326535998e-06
2.0572785160261388e-06
1.9485737891939747e-06
1.8745339987718364e-06
1.8104666823537378e-06
1.7407222376985807e-06
1.6801004179010084e-06
1.749116115434866e-06
1.7168532497216805e-06
1.7035125573507784e-06
1.6911471357074627e-06
1.652174697856526e-06
1.831840968364722e-06
1.842430976811457e-06
1.8737413246314058e-06
1.89127565112514e-06
1.9052827531025348e-06
2.012212537295536e-06
1.9948455948798287e-06
2.0048008090728695e-06
1.9918132069560376e-06
1.9581122769495726e-06
1.7817347656169062e-06
1.6950338919217316e-06
1.6109155815727645e-06
1.5314393947455023e-06
1.4621845367596922e-06
1.5214581933713647e-06
1.4872404253877676e-06
1.4578402319139422e-06
1.4070076399003277e-06
1.345115336445423e-06
1.2837051976145012e-06
1.2223478679189003e-06
1.1620476476819712e-06
1.0914397724253987e-06
1.034889002021578e-06
1.0062347086446384e-06
9.427598198873816e-07
9.019577024927129e-07
8.547426800788638e-07
8.202909626665475e-07
8.633498331405358e-07
8.48750481849742e-07
8.366667902518705e-07
8.199452652254353e-07
8.079301767183193e-07
8.823299119408668e-07
8.68600794089435e-07
8.750542680230808e-07
8.655660385463756e-07
8.405486259621111e-07
8.831146472273372e-07
8.665617566325797e-07
8.577471093290941e-07
8.311532367404172e-07
8.193256129374335e-07
8.1018153232876e-07
7.992166850716129e-07
7.926996391211397e-07
7.514906541953661e-07
7.509653707818796e-07
7.263074576184744e-07
7.166171079981754e-07
7.013264244154758e-07
6.927240140985045e-07
6.568643467533183e-07
6.584747116206602e-07
6.454441465435597e-07
6.157075996759449e-07
6.217767134351789e-07
6.076526762486363e-07
5.938099659552461e-07
5.633109460351543e-07
5.421458709532244e-07
5.095375854732531e-07
5.006823332708506e-07
4.6363565074444443e-07
4.525099694129608e-07
4.316680039313093e-07
4.084788221455982e-07
3.64173330513002e-07
3.6779468193174384e-07
3.5432748318629674e-07
3.228110430524545e-07
3.1505065938083884e-07
2.992835581352952e-07
