0.0002798356132437625
0.00035987082221145266
0.0004408138113946539
0.0004854147502548125
0.0005386093546960955
0.0006945105477496939
0.0008169235584669092
0.0008548206338523348
0.001403575349242517
0.0019551162204079434
0.0021831718447341796
0.002312381024824558
0.0023377353595331303
0.0023422557676456043
0.0022985587902968766
0.0021177177549748277
0.002000545385356352
0.0023154667395108314
0.0021681852086863334
0.0019881280960146763
0.0018701781774575835
0.0018236289232093554
0.0019494817886380664
0.0019180743424036402
0.002118234942293001
0.0023046147218005234
0.0032369105613610028
0.0030459601622227343
0.002754687555152918
0.0028060516963698723
0.002997131310640282
0.0031966672198327985
0.0031857325520809558
0.0035147086842484904
0.004166880524659013
0.004826475374052548
0.004421154985479616
0.004176604882352959
0.004143502693591086
0.003888109307003696
0.004094863949335418
0.0043451036958693234
0.0038452234487219455
0.0043977492163583915
0.005579920344304639
0.004386308876433818
0.004284087450938399
0.004219861239684771
0.003749317051863034
0.0035213152943977017
0.0037793653978339036
0.0039929652784448785
0.003941226776213026
0.006555456554776162
0.004694706131591844
0.004789149053166151
0.004648999924916153
0.004836280262794031
0.004240774734396522
0.00457111967536566
0.005143858057951314
0.005083102224046523
0.00947197113011151
0.0079485271884386
0.006424319755320861
0.006490414218186629
0.006673990155196716
0.006992182109272171
0.00677114788888835
0.0070695633501668504
0.00674468117309181
0.008392589477224672
0.007433686591537871
0.007302174764954324
0.0065054671675454905
0.006316227822679416
0.006729272351698981
0.007326464079076779
0.007267944282739702
0.007794447238357742
0.009055026665651254
0.00826581594727266
0.008482787657974764
0.00826160625346634
0.009520576122279165
0.008593096160006253
0.008810995496372136
0.008477634198958597
0.008612831019639422
0.011552092439368512
0.009085519103441178
0.009874785490959754
0.00991520587442491
0.008996806334508415
0.010361083121799012
0.009206930521055026
0.009070950656209609
0.009322891645694645
0.014569962891002751
0.012011631900138332
0.010992447890584862
0.011529172710457997
0.01089686921227654
0.012141539362683402
0.01142301344735621
0.011602927161239503
0.011639759065493952
0.019068729907119587
0.013020962373455583
0.014883532445784638
0.012894253177754566
0.01355030586995433
0.012469586409235957
0.013214911392622375
0.012432322439024186
0.012846813757827603
0.016540042007437996
0.015377644161951198
0.01303635220824888
0.01524747288715178
0.014298874693296403
0.01541416424239427
0.015372577262547206
0.014091736539878294
0.014210119121999109
0.01995093688174502
0.016300705981095617
0.015065882919130033
0.014245245668009129
0.013951131535164427
0.014202230338494447
0.013380606290143248
0.013371166875586142
0.014094695571834783
0.024533399926937458
0.018305427052918554
0.016283263607664352
0.015463533778487217
0.016043938306832532
0.018288384613466144
0.016631615981144345
0.015441055591138808
0.015067277625164391
0.02147370818984128
0.01795913241142091
0.014828618615831398
0.013166376342754086
0.013172904988251828
0.013131757311460723
0.013239720839436715
0.011292092898857414
0.012452761168244028
0.019545595690859018
0.014084677935454011
0.014171191729325268
0.013726401699866954
0.014943094822316233
0.014279038724273144
0.01616665613149029
0.014915384550869151
0.016774706543947093
0.02496332898027484
0.019711304141588767
0.02008464817373614
0.01803069161537642
0.01653487600567979
0.015251772336848513
0.0166081751742204
0.016699052066509575
0.016510271338278613
0.025505701599912348
0.02221418766054707
0.019001613818919526
0.017776366060248936
0.01797562797020927
0.017126856118660296
0.015698896988720054
0.0166162450113198
0.013544066660280863
0.024384946010323538
0.018199057626604873
0.016150243343113
0.015869679523535733
0.015498193904913435
0.015614902172029314
0.015723370544623597
0.015660835800493485
0.015440761170084145
0.027394732842962993
0.022314909524741907
0.02084648134838854
0.02066347394503918
0.020543485378828556
0.01995552933057886
0.016388864331626993
0.01608056871209552
0.014601091479905827
0.028401867339426876
0.02415352569235498
0.02291988591523931
0.019209625929030028
0.017077592251874177
0.014124681726955943
0.0141518397879839
0.011194153645956736
0.014808392928814706
0.02314701199568272
0.021057383909356953
0.017776733466072003
0.01696305561656577
0.0177078984150033
0.01711526780477473
0.01603755819196016
0.015453787291370917
0.015937851409828663
0.027316501408583264
0.02038015081253416
0.019871604098239418
0.019049792401028005
0.016137221672121123
0.016921595828797594
0.01852200733916807
0.019520993730244202
0.01986553810227202
0.03178585019858012
0.018878120339133657
0.018089326578094905
0.01725950183913099
0.017648139129009515
0.015838523283242763
0.0170826524159767
0.01565548885014141
0.015474760195079557
0.026905806078351774
0.02247608629560389
0.01940188619570858
0.015176721949655697
0.015160690168219295
0.013933319053298912
0.013306448956820911
0.013008074319785803
0.012633915331273848
0.023955155755494745
0.01783116152444945
0.018832198805189986
0.016281710343413365
0.015607120153311407
0.01593305258416183
0.015030100977613085
0.012347596163434317
0.012507873071327774
0.024479632039902426
0.017492481744549763
0.01634620483020531
0.014142704968611893
0.015134314969391379
0.015522698032591688
0.014396474944636608
0.012937777606138567
0.011212014947566342
0.023602112705410558
0.013886586846741825
0.015153490840980556
0.014582179326328321
0.01463145798153075
0.012956159662044114
0.012359935771221573
0.011043859231587936
0.010882806235736007
0.019542064728034287
0.01828908671951002
0.017672931540505595
0.016615747340602015
0.014867357715949435
0.014782951077508735
0.015514276556120601
0.014529408026518524
0.012770086385448973
0.01933696101127165
0.016280078773076113
0.015207312780297544
0.01513417659309365
0.01291484623081053
0.012896791562991058
0.010095627689145622
0.00864901608111648
0.01008670925785729
0.018915951396057097
0.013528922471470363
0.013436507874879851
0.012701887802572235
0.013711572533723865
0.012305930317949769
0.012072536993730901
0.012234328423767567
0.0107120690926192
0.019045173580743768
0.01617154099100693
0.015561695029308957
0.014730017011392524
0.013462466128518757
0.01266131030893572
0.011198386464528202
0.01088959374862328
0.009721439378929136
0.016803343145843846
0.01412914808746333
0.013277186171378786
0.012334504508678925
0.01126269195327681
0.011329224363793515
0.010159401210610809
0.009264082094933008
0.008688027182379265
0.01753539899819571
0.01350520182316166
0.01230171618330446
0.011246494413541844
0.011002326227192771
0.010527626369036312
0.009967300346089461
0.009998074070458147
0.01033687036046022
0.014411191908681512
0.01128907393590456
0.010623013800933357
0.010084117448964173
0.010171909952438414
0.009369661500435535
0.00881270178882434
0.00941484786932818
0.008796621787964531
0.012473987688879497
0.00886144827216453
0.009294613239377891
0.008762088846950945
0.008177191708249014
0.007572665327142184
0.006506677864410387
0.005913304466768386
0.00540749400659047
0.009883149665193387
0.008681293375932408
0.007676408094467266
0.007209973237237684
0.006545823794556244
0.005671397703541456
0.005340300902992292
0.005194634568675352
0.004865178777387351
0.009998651310007933
0.006420523550566875
0.00617309594795031
0.005625793413790526
0.006366973540647653
0.006131836960262888
0.00665293985985722
0.005693058685664348
0.005251965383058722
0.008247453650289732
0.00613296607751572
0.005815849034064618
0.0060912505237164264
0.005366477902432533
0.005094462499445643
0.004523565455194452
0.004667445407157972
0.004524400926431415
0.007428852725513878
0.005701271448071411
0.004850292578983167
0.004925302778343579
0.004352908111642258
0.004021499858703332
0.00407530610924329
0.0042124835836390255
0.004128715176352747
0.006529548026533911
0.004101778172950264
0.00438181965504311
0.0042197426326178785
0.004514354230208623
0.004243368235027174
0.004005474497408841
0.0034246665026755356
0.00370037960284385
0.005793927743824028
0.004374324822851717
0.004406064076064835
0.003670060882123375
0.0034719529220298656
0.0031747747726278155
0.002780028118698513
0.0024259635144953987
0.002498508710467505
0.0037396166178858556
0.0027097546998268124
0.0026702021296402794
0.0026681930692196995
0.002650318791811432
0.0026369889687099537
0.0023582429648474753
0.002360189454837237
0.0023851896492794455
0.003069556688174488
0.0022820529850118474
0.0020975801131743383
0.0020669277353179438
0.001980752168895565
0.001743940781827245
0.001624462433497675
0.0014009997003825805
0.0013532543537089505
0.00153882024969359
0.00117349147018514
0.001120801996083489
0.0010503997956013457
0.0009995628270774949
0.0009949474645300322
0.0009361220305326843
0.0009856309578935426
0.0009756466935193477
0.0014941102627283576
0.001199554687495769
0.0011801623091534854
0.0011181554848302838
0.0010822642730308916
0.0011580326965981852
0.0012758119795820662
0.0013114474849278504
0.0014048537364448744
0.0020462852583566704
0.0018092115174345523
0.0018686017324753106
0.0018137416305900194
0.001737586426183232
0.0015539243207973118
0.001369558432923636
0.00133747571708164
0.0012487686431203325
0.0016684803096475775
0.0012879587003534884
0.001263615379576553
0.001165044331746655
0.0010678372029757762
0.0011307790304708315
0.001047996586241575
0.0010438095302724045
0.0009801790100815568
0.0012501748079992697
0.0010316945774668713
0.0011144131825965502
0.0010957782253843875
0.0011156734866151383
0.000968835427212707
0.0011387353040960885
0.001163312032145812
0.0010632606310505826
0.0014635192831780176
0.0010386027456628889
0.0010239636462211074
0.0008802290814595526
0.0010027648355270399
0.000841534140975219
0.0007794890867909607
0.0008530146181249952
0.0007912477748698287
0.0015649001129486792
0.0011615182875250837
0.001231843763223413
0.0011690074143719618
0.0011125819999851887
0.0010995851241352593
0.0011849651751493588
0.0011756127392258326
0.0012128784726172263
0.0018242440109040407
0.0015299874127984038
0.001409949597713129
0.0013280715818202054
0.0012490688387355772
0.0012171865443556175
0.0011365856958345554
0.0010847517084079097
0.0010348891374951374
0.0017504424001291527
0.0013346680059834327
0.0015130867173950432
0.00144776745691352
0.0013616709971960954
0.0012892958738123953
0.001326202943786505
0.0012819034367309704
0.0012112486222629571
0.0018583422757706186
0.001775137958027676
0.001772128002538275
0.0018156540116000437
0.001736171377540066
0.0016078743874102094
0.0014036854466294266
0.0013423796631552068
0.001388379368857557
0.002014274332319655
0.0015720467670353234
0.0014209281675714668
0.0011730887953498685
0.001112535394082649
0.0011375742413653953
0.0011722609115281815
0.0011754818840767054
0.0011624484267502063
0.001730663560188105
0.0017257730654022117
0.001662695451415328
0.0015655248777519009
0.0015033066825006895
0.0014368988874148985
0.0014054358576605565
0.0015066687173511866
0.0013754362780214915
0.0018189064913740087
0.0014122877227353565
0.0014652918473221073
0.0013738175109424822
0.0013508581481078263
0.0013518310974504296
0.0013046913144293146
0.0014209317680012204
0.0013687654439331002
0.002210634519873072
0.0017282933871632395
0.0017291528802228257
0.0016526147281025498
0.0016424110386975773
0.0014689912221991731
0.0013789023242207314
0.0012912373585651394
0.001095216465412659
0.0015135523488441977
0.0011420290514029155
0.001204110652482097
0.0011806699131163916
0.0011960607929169434
0.0012144722198855578
0.001083444018284059
0.0009764485385439935
0.0009783043962877092
0.00211358800744595
0.0017935653825310591
0.0017457145738135448
0.0016584065291581288
0.0014537716218140369
0.0014074930529573593
0.0013361254946473076
0.0012635493770501922
0.001212311026125276
0.0016450175942874846
0.001397286872639352
0.001294145675934117
0.0011557739517105508
0.0010433607070984984
0.0010588158240892231
0.0010400913915798887
0.0010338515063167862
0.0009244646960319333
0.0017712692676767313
0.0013874249362319866
0.0014729040322372991
0.0014321250846986893
0.0014134576537177125
0.0014212468060769013
0.0014628795213291743
0.001495233111142896
0.0014540552761674714
0.001941473819401032
0.001687052247731311
0.001732903933737361
0.0017187450496155294
0.0017755065304385545
0.001792518167837211
0.0018238996399417844
0.0017120866960687196
0.0015295871042368804
0.00193523562244758
0.0017028970719390377
0.001585722194152627
0.001577529291625273
0.001517459932633481
0.0014196106663189548
0.001292707833993587
0.001229571002281775
0.001181827722646228
0.002034552975582831
0.0017187416567517753
0.0018068805696337042
0.0017929399585012093
0.0017852257236630382
0.0016890342800685223
0.0015678710379120895
0.001522155957882983
0.001404588962084887
0.0017071438586596663
0.001327679865383355
0.0012953944369469715
0.001180547075227766
0.0011271069251391366
0.0011035346195980731
0.0010699972442666783
0.0009975052645692305
0.0010581507754829774
0.0015664389668573024
0.0012953342333829213
0.001230536668242692
0.0011836455471338988
0.0011756958074207909
0.0011911893733270568
0.001170171542066169
0.0011676156624769835
0.0011286666963386746
0.0017807880674861614
0.0012707974713091594
0.0012440893360857602
0.0012228136014144058
0.0012211369846752182
0.001278742230057623
0.0012402856282703917
0.0012552735887318253
0.0012756216861960366
0.0016862440130789578
0.0013280450658331386
0.0012411769241690576
0.0012096527919866105
0.0011323256227693827
0.001056231239351104
0.0011632975601498648
0.0011375733373172113
0.001116317338331592
0.001531615416005304
0.0013129170420214597
0.0013689275978906207
0.0012945462786841404
0.001181983883073497
0.0011103053132538792
0.0010707290811833318
0.001110740061091729
0.001104659342168015
0.0018978739787244468
0.0016616287350609828
0.0017007755165432677
0.001561195397476062
0.0015663345420310942
0.0015614154249077481
0.0014418556772351862
0.001341343047691244
0.00129357000511304
0.0018472704513639213
0.001672013372886031
0.0016616184354446644
0.0016749992948137142
0.0016296345462888085
0.0015984182038869866
0.0014963406909844067
0.0014528399816416155
0.0013923714191645014
0.0018892090246534308
0.0016161521622064926
0.0016300754171384906
0.001515073579152761
0.001462554448223361
0.0013877292206969122
0.0013295127267565197
0.001289401873307756
0.001331844800272905
0.0019465971551328725
0.0018234719507471246
0.0016202151019182628
0.0016208369992755422
0.0015568412884725109
0.0014740437144405314
0.0012026396908061572
0.0012575927436208635
0.0011925897728437872
0.0018776847816762234
0.0018295086340748212
0.001858775685221299
0.0018643847399700956
0.0018419241993014215
0.0018277020932906964
0.0017840789202164798
0.0017217278353767384
0.001670601083226482
0.001998857027771139
0.0017474311745304752
0.0016722326820126435
0.0016482214876529736
0.0015324132979363918
0.00150397134816634
0.001458271871054125
0.0014264114779600314
0.0014440018214202433
0.002041395395830385
0.001951913582566144
0.0019439330965266535
0.0019113134381315083
0.001931160515290009
0.0019276409169601207
0.0018642061965206856
0.0017623786812236552
0.0016236759232503442
0.001863948797762854
0.0013627264590772507
0.0013058707759858383
0.0013043312202342923
0.0012490577413208966
0.0012433325894841525
0.0011551458019932132
0.0011065677434869599
0.0010442352600987116
0.0016090928541390838
0.0013349574794237536
0.0012869615516512784
0.001195846260350304
0.0012880523311247652
0.0011821864225604964
0.0010554997807231859
0.0009773568811727227
0.0008976047025615662
0.0015347322582143729
0.0012409800203507142
0.0012037954580939258
0.0011500178654484756
0.0010284173509385805
0.0010973095357385547
0.0011480862749384739
0.0011429160422541794
0.001180939524103596
0.0017465922595800928
0.00148337404075882
0.0014397820342919511
0.0013324645577655443
0.0013132004870738342
0.0012685241521972399
0.0012245147477416985
0.0010591147179161375
0.0010525951784153761
0.0015508999861092974
0.0012848365145646718
0.0011657588185640577
0.0011544871995725129
0.0011942555889942784
0.0012731380861413207
0.0013330894734278724
0.0012468951882982694
0.0011409825412776243
0.00201393655573049
0.001680718039262819
0.0015269642050254955
0.0014138075921302136
0.001362928877664353
0.0012604129869995277
0.0011834602101480597
0.0012138635368483647
0.0011178931238567762
0.0016779975221258442
0.0012308590771035036
0.001268683794369741
0.001175105026699739
0.0009170476225042284
0.0007958148882836407
0.0008056310077048622
0.0008319912547226321
0.000917122765730633
0.0016326558000375278
0.00135457686117288
0.001269274171169128
0.001192660554187773
0.0011449466438932718
0.001119678939059356
0.0011477808768005791
0.000981782046837743
0.0011045141517936926
0.001444205727014224
0.001276059058168112
0.0011091330808789019
0.0010888871467875892
0.0010973998278676316
0.0010794667078265524
0.000949033634702774
0.000945335877654162
0.0009940427953182849
0.0014397270689406696
0.0011928453707698771
0.0012362840440471512
0.0012141683147713631
0.0011830439013781032
0.0011551504883882682
0.001252202225975053
0.0011793182714151822
0.0012191151395875579
0.001446147807314035
0.0010632257965193473
0.0009516877493989874
0.0009695729570238952
0.0010387050452249633
0.0010924840000344246
0.0011398336544477439
0.0011635125185140297
0.0012556969745985559
0.0019070164748457399
0.0015690253186162028
0.0014590436016152207
0.001387470067748942
0.001420545145385026
0.0013563002163202002
0.001328076512273127
0.0011841718176277647
0.001163524545385569
0.0015278924928973652
0.001297807087741575
0.0012473702440634724
0.0011554904779619549
0.0012247566375523094
0.001138833767960316
0.001038779637491177
0.0009731818970175761
0.0008993509983020806
0.0015017527660441087
0.0010804949015691494
0.0010186260253959689
0.001028946771879024
0.0009947700975631022
0.0008794786562756361
0.000892452726644085
0.0008032002904275879
0.0007652535457164971
0.0017929471471408956
0.0012997369414593175
0.001223165284373144
0.0012163194854252267
0.0012053484069564444
0.0010628678741214101
0.001087882076160222
0.000964892397978672
0.0009997853228803425
0.0014116202906072726
0.0011179631321555814
0.001017342755837891
0.0009706205735161047
0.0008666816626874321
0.0008919675875414749
0.0008610873169542016
0.0008533707537219761
0.0008510299013954694
0.0014248288567198899
0.0012547930343971719
0.0013770133855033303
0.0014208889433725298
0.0014927034026865269
0.0012941298051518408
0.0013084463688441154
0.001198654674565444
0.001168034952860951
0.0017709230275726896
0.0013454273661610897
0.0012897507670712658
0.001119841111186519
0.0010046151499310196
0.0009958517282026892
0.0010051526471225878
0.0009249642973770189
0.0008545292497920968
0.0019176449652621949
0.0018626483886757242
0.001836676439453407
0.00195505573969775
0.0019039460189688485
0.0018975060986194826
0.0018958238906672717
0.0018553412845404194
0.0017807670188128859
0.0021973285700338037
0.002199780433941046
0.0021549883583389657
0.002142022304185777
0.002102638699481431
0.001991500937373242
0.0019757024358877944
0.0018659558233311707
0.0016907385294220188
0.0021253326114156292
0.0018413751484414704
0.0017390023079271136
0.0016140162118402684
0.00147737404329627
0.0013216818640244667
0.0011019057345934965
0.0009750914196691423
0.0008558109191260349
0.001512201760127301
0.0010699478462035592
0.0011302366815898856
0.0011234750029960158
0.00108908043381694
0.0010683997697981623
0.0011046247682277269
0.001070891638001811
0.0010447685227133283
0.0013391384090586417
0.0010871327510191594
0.0011725264558586053
0.0011397007451193091
0.0010815953174738583
0.0010184858970411317
0.0009922178253864021
0.0010191364560804175
0.0009344857789510444
0.0013921638943215425
0.0012006361368374463
0.001282442770940513
0.0013625268557673426
0.00146647187261048
0.0015397465556715123
0.0015414855941245373
0.0014171546976198743
0.0013694683014315013
0.0016576036833198555
0.001553926571158066
0.0013708897824093725
0.0012484048477142038
0.0010544240704032076
0.0010604113713653706
0.0008625528915406881
0.000886291506606768
0.0008633541474722458
0.0014154685749184729
0.0011746793568552833
0.001045791668861336
0.001091691620534061
0.00105976385303275
0.0011221983499431314
0.0011189802632947385
0.0010803313925402769
0.001021484265548429
0.0015859989642839226
0.0012209805223582393
0.001267513083888996
0.0012500978049759803
0.0011884722337792276
0.0011867259820018798
0.0011436578471819734
0.001148926889768771
0.0011537849091427606
0.0017121039541887362
0.001428422568604784
0.001413495241737088
0.0012360371556590808
0.0011663399774193381
0.0010660178651911863
0.0010814445810906814
0.0010777213406429587
0.0010070548143097326
0.0016083271194731327
0.0012889791634614555
0.0011428000750637486
0.0010158958010093595
0.0010009162974559478
0.0008918369294204188
0.000851818662654216
0.0009001753345284689
0.0008111380842270388
0.0015446249124122164
0.001300897408507946
0.0012147197475249707
0.0010885921070967793
0.001083201216054318
0.0010230311187567004
0.0009376418516443061
0.0008981567635300567
0.0008660950218870728
0.0013141087578310217
0.001110202575589575
0.000984833208069856
0.0009309167220032957
0.001016405123917551
0.0008953234877247296
0.0008713285465342318
0.0009120682915862409
0.000883308641259665
0.0014693912141030712
0.001250255074890514
0.0012127542724605569
0.001155743473469323
0.001132163220524802
0.001111559450241951
0.001239815382611447
0.001209849431067275
0.001158462818854648
0.0016692281019017896
0.001347705352426524
0.0011843335393434537
0.0010826712471971847
0.0010341211035017038
0.0010236131108295457
0.0009291874348643463
0.0008687496741905094
0.0007973142694165785
0.0012125213616900458
0.0009855991819739624
0.0010009559901373007
0.0009860118401347926
0.0010038320690509384
0.0009786076502014149
0.0010223162707331125
0.00094969247176187
0.0009676079962757858
0.0013369248061245842
0.0012049417669388965
0.0011568880534814634
0.0010861690233748417
0.0011322751979012146
0.0009998334656560084
0.0009232693608529469
0.0008135524554041304
0.0008746915802302882
0.0014669979260331818
0.0012663806411757153
0.0013398524935667008
0.0013038071094739756
0.0013172394911348851
0.0012035128866097167
0.001245790107811235
0.0012720025198713998
0.0012211242350400307
0.001601141459146455
0.0012821689344851086
0.0012448321023796074
0.0012460587292053896
0.0012358624714668707
0.001206813135243454
0.0012324986078665265
0.0011976496134981738
0.0011526155444984466
0.0014806254566887428
0.001104300289303621
0.0011457306766762215
0.0011919034790235843
0.0011642888564005528
0.001056484627288342
0.0010005605287614111
0.0010174760670905994
0.0010137476281344806
0.0016143525442047547
0.0014714941449787938
0.001449888712241386
0.0014945994541755484
0.001396472355096607
0.0014498510065928504
0.0014404305622062682
0.0014724190354015582
0.0013279922107842345
0.0017941274880725747
0.0017469861198298542
0.001655624471778105
0.0016301629158193102
0.001469401726773246
0.0014354894960822014
0.001295462195551247
0.001193979129411486
0.0011610120569404121
0.0017968255820690602
0.0014523984087370582
0.0013992098654450206
0.0012436478150410733
0.0011549906884646942
0.0010364835557510486
0.0010678272580450802
0.0010319074652422756
0.0011323252713809518
0.0015668191191829375
0.001273612224329096
0.00121064356236318
0.0011371350372643759
0.001042132680535291
0.0010137130114407562
0.0009143289294313185
0.0008722289782610737
0.0009102508067486534
0.0016396184606331857
0.0013915813854177765
0.0013440194781561294
0.0014180837165690078
0.001372060493183146
0.0013568451448820135
0.0013152641571912618
0.001264007910523426
0.00129907502686231
0.001620223176167469
0.001351526459125872
0.0012929816128171533
0.001236113155931989
0.0011265881916128842
0.00103533058198349
0.000910073011868244
0.0008012802668591155
0.0008084279772132103
0.0013899410612262294
0.0011536824634365442
0.0010582030449996255
0.0010752872833709457
0.0011229942323140519
0.0011604773509493794
0.0010917645813404075
0.0012089659627832522
0.0012594069123534023
0.001331181664862447
0.0012030952085572866
0.001096676867683932
0.0009940842641661543
0.0008918501673498578
0.0007838691991431988
0.0006916418732672351
0.0007131405149704133
0.0006910100425084739
0.0014050280697379966
0.0009575569525468047
0.0010459778931760058
0.001095116220637758
0.0011719803357584245
0.0011580220980143743
0.0011487712279679015
0.0010841610055316942
0.0009474156497831492
0.001514608150573466
0.0012790829592016992
0.0010813661481991492
0.0010325709999833078
0.0009351194172058203
0.0008949723722612614
0.000855614687817327
0.0008478417872393704
0.0008245823061995868
0.0014647345707631582
0.0011375340437506758
0.001178665514817892
0.001212627341248244
0.0012652862648496021
0.0011088437592274875
0.0011774484649598078
0.0010703163174853635
0.00113152615026815
0.0017827967544085752
0.0016919336770426577
0.0015778751465630385
0.0015243433096040393
0.0014062996784556872
0.0012631948650882758
0.0011632517793680284
0.001127214628232878
0.0009940171105617638
0.0014814877035736825
0.0013647611402596038
0.001492805325975301
0.0015911409777837925
0.0015899119046786884
0.0015079777091153226
0.0015206970145176042
0.0015041189926397955
0.0014652558762278313
0.0018092676265435423
0.0016488290960346894
0.0015457153506222552
0.0014778927121547793
0.0014078661354868397
0.0013191579335068248
0.0012038527113968354
0.0011158233894531877
0.0010379769085039358
0.0013504639680241457
0.0010129787273277652
0.0010045693787532628
0.000988015902398808
0.0009589519002563985
0.0010049867057847128
0.0009829965595436853
0.0010053681050950314
0.0010149232425938756
0.0011462858139383333
0.000987213077335605
0.0008748710238447817
0.000920801797353447
0.0009012663213484654
0.0007991923881679548
0.0007211228835884374
0.0007185640403146886
0.0007416330638170513
0.0015963216312476363
0.0012364645057721003
0.001302892375309846
0.001148296280183606
0.001220885490866992
0.0012368738400953957
0.0011771194487449831
0.0010806329249319782
0.0011290789729560113
0.001563200686441522
0.0014529289079535147
0.001331517354063183
0.0011971701203672923
0.001183970321144442
0.0011965098105248195
0.0011532973833856344
0.0011016280466080081
0.001059253023936006
0.0015324591517722227
0.0014148548797320692
0.0012325293464677946
0.00113821501885021
0.0010601013092450598
0.0009823594702693219
0.0008676420954598599
0.000800673331129331
0.0008292171427794175
0.001502803744998383
0.0012500940570486267
0.001185038831713998
0.0011534587083614645
0.001084048335229022
0.0010614064248014594
0.0010331932375844143
0.0010905764723993599
0.0010865455908781047
0.001506305509888483
0.0014327837068929708
0.0014692166303056542
0.001417932321474279
0.0013852210930439465
0.0013500514863629277
0.0013229480474963567
0.0012884919564498595
0.001364977960479542
0.0016915523618245502
0.001404777655515244
0.0013420792427070386
0.0012133110846863325
0.0011740635222318818
0.0011197003804908076
0.0010339126852332047
0.0010799249626059575
0.0009607847191212813
0.0015441755657033859
0.0012458093789585608
0.0012233982684850273
0.0011802127533792196
0.0010621689404781195
0.0009816768135404302
0.00085888673000464
0.0008264847576080937
0.0007540948340866024
0.001376765502358883
0.001210039890290326
0.001196614438566213
0.0011677147955030643
0.0011600877912036041
0.001178972548319777
0.0011180100452598707
0.0010635130658617745
0.0010123394881031758
0.0013525877127102282
0.0012327332909423249
0.0011897634796731427
0.0011750874393299188
0.001113204780696449
0.001096651278703019
0.0011056750013357318
0.0009798038881442964
0.0009153318247301314
0.0012240463859181578
0.0009981984210991287
0.0009414020548726668
0.0009554448101317326
0.0009234291483630403
0.0009760477506910782
0.0009115523587295117
0.0008886207377631386
0.0009055790044421085
0.0012152946181227982
0.001060033986361847
0.0011047010603369592
0.0010384467560162695
0.0010272583680856896
0.0009970878466727022
0.0009912219889734815
0.000986133797689557
0.0009777897130243125
0.0011472755181978185
0.0009768532465194773
0.0009464491331709181
0.0010057552249862747
0.0009456723547009988
0.0009624629352549651
0.0008992390845048297
0.0009238987686566481
0.000924479947184657
0.0017169181243444338
0.0013485061367441873
0.0011906078168973837
0.0011297399886195127
0.0010971225023978556
0.0010238441740676332
0.0010071676748366622
0.0009790621133650176
0.0009238917124316721
0.0015074922528631111
0.0011159053583588182
0.0011886108837839682
0.0011561942478450292
0.0011933571877256826
0.0011597690871477202
0.0011254315309973538
0.0010853345709840175
0.0009726921788214226
0.0013676431101953496
0.0011887638114625582
0.0011324878487218618
0.0009220276722556679
0.0008939594057358577
0.000918547628177559
0.0008999496412988924
0.0008992744777545847
0.0009278030839604276
0.00156527792443479
0.0013730790783274805
0.0012994166599411645
0.0011859673888963097
0.0010647206257962233
0.000991601432592056
0.0009313840754933653
0.0008740916124367898
0.0008383871234457443
0.0014325989369627203
0.0012610306147353388
0.001217735652190079
0.0011809497986642612
0.00112666328803785
0.0010740664442395213
0.0009984354463766828
0.0009526884194380027
0.0009114880189523751
0.0016907971120233914
0.0012834784206004067
0.0013017112612734199
0.0012116805339002217
0.0011614799721734819
0.0010188720823317236
0.0009709786058361214
0.0008737272070895956
0.0008179722127707355
0.001224234581166193
0.0010654263106188915
0.0010474782985897273
0.0010475861636355026
0.0009730923387947611
0.0009586901874253035
0.000900336923582697
0.0008059563486255008
0.0008215718105072443
0.0014318883872951945
0.0011101195918263031
0.0011599010592147757
0.0011567123840793027
0.001139504896105615
0.0011837335859440107
0.0011955324362104402
0.0012248475044198536
0.0011554105001131715
0.0016155677791578314
0.0013725972550033168
0.0012924942028193507
0.0012379993180999418
0.0010947997677725227
0.0009759110123421381
0.0009602664128651228
0.000871901715434587
0.0009346090888823666
0.001245884621338786
0.0008971992913544863
0.0008569469789510417
0.0008433813776765191
0.0007978551287603654
0.0007827618904201056
0.0008079319799126446
0.0006815686237030691
0.0007025773245469715
0.0012411594915656536
0.0009465553321258141
0.0009402732332902331
0.0009718963791326544
0.0009181532600633296
0.0008959105137136677
0.0008561066090128969
0.0008098321119205654
0.0007360087284419981
0.0014651807271502868
0.0011856503702599708
0.0012644952063742415
0.001221794603168316
0.0011487343915173676
0.0012059032342066607
0.0012945716751781703
0.0012873592597380074
0.0013072675654269333
0.0015643179330361568
0.0014702712846870391
0.0014008000791642635
0.0012865228008493905
0.0011424016831165092
0.001000758734132847
0.0009677232755520639
0.0009290148941284482
0.0008805729839341335
0.0013204939799075753
0.0009831419553219013
0.0009742631640712202
0.0009691942452521809
0.0008910787262052572
0.0008393787532659033
0.0008780295953765668
0.0008956743133012605
0.0008996347599943817
0.0013119085583007558
0.001088647444608887
0.0011801904572692394
0.0010690080639253327
0.0010314552534630129
0.001063918595815266
0.001145802242234815
0.001108131524489385
0.0011145755996433112
0.0014388599738465637
0.001357861229758593
0.001242237894086041
0.0011235670826161565
0.0011272798901168879
0.000972504340724409
0.0009516679071886843
0.0008970640458823061
0.000820156330262025
0.0014557242188766998
0.0010860057838663808
0.0011131420743616153
0.0010498220772987151
0.0010108100279143885
0.0009263996744269011
0.0008539521613483702
0.000802536504795769
0.0007248724719501724
0.0012076169312249213
0.0010119793320272263
0.001059678470404984
0.0009599693906249737
0.000982415214386764
0.0009610416889188351
0.0009320617662018596
0.0009069770428335326
0.0007765399476512853
0.001211497697487696
0.0008597996440699092
0.00086229572856453
0.0007657207999335439
0.000799718711408684
0.0008321600781673353
0.0007464469583955697
0.0006404565413063852
0.0006606671584767199
0.001302607516379843
0.0009320367074572116
0.0009361367203911889
0.0008716634398147903
0.000821175357745263
0.0007719920995049506
0.000811648600696095
0.0007809525533668743
0.0007992501075301864
0.0014113925116171519
0.0011109127327737789
0.0011185598125770695
0.0010380408403185904
0.0010132292184181207
0.0009240742496103724
0.0009191099594247062
0.0008916157197645131
0.0008808960152895904
0.0013318849848260907
0.001065043881845659
0.0010672973642737022
0.0010473413371375748
0.0010477758260890983
0.001051004767743083
0.0009548804071411655
0.0009377144798717159
0.0008560592225959148
0.0011679632633020357
0.0008938336879380321
0.0008525622677486513
0.0007663317073615709
0.000718463127519991
0.0006523964812801613
0.0005884991290290187
0.0005962210398023123
0.0005609965416040328
0.0010765107711864321
0.0007284794213026663
0.0008251889539042332
0.000842263294153646
0.000833441583581144
0.0008444140635516052
0.00087520560692088
0.000883229025865509
0.0008674678145107503
0.0014295652891251989
0.001192256026249849
0.0011662733476792227
0.0011379116443483149
0.0012013182970505095
0.0012102179484245904
0.0011887632937970306
0.0010537692394535863
0.0009767698686722988
0.0013030712040520804
0.0010838012445141003
0.00112029498921139
0.0010968471933325607
0.0011464562167892369
0.001074043599606628
0.0010116230888397213
0.000917022235405516
0.0008801301455434376
0.0012761599464613184
0.0009436144156229558
0.0008555455090800408
0.000787544622906846
0.0007564188260737162
0.0007013242249500484
0.0007286023462367903
0.0005897605556677929
0.0006191977996486958
0.0008504371805461972
0.0006693750960716717
0.000681821474090185
0.0006011671280808493
0.0006297863691029492
0.0006289822305762416
0.0006155256447056902
0.0005776925157641301
0.0005459913241709284
0.0009787486961183975
0.0008188444155478947
0.0008043474136950715
0.0007733181302687821
0.0007605839758842603
0.000754663413086075
0.0008231983516930862
0.0008514996814556023
0.0008055818172964457
0.0012725926819070505
0.0011482806773381335
0.0011094848538507288
0.001035178264632561
0.0009858530292468691
0.0009863556202991985
0.0009542619865125146
0.0008395392500037926
0.0008324421216610408
0.001198059135994785
0.0010332072043671408
0.0010335076364662535
0.000953823406844224
0.0009217774946520766
0.0009011874513557657
0.0008098952060609613
0.0007690919625850584
0.000802971806269924
0.0013338361941416092
0.001083265354384354
0.0011065045930329419
0.000974015549008427
0.0009253750930320621
0.0008751736859579523
0.0008439091730347916
0.0008014977793698632
0.0007039890521437404
0.0012515847266483806
0.0009987724783488733
0.0009461017202041917
0.0008464773463289282
0.0008311913128294786
0.00076538149947113
0.0006731870544207098
0.000721969268977732
0.0007126551377811841
0.0012180340690347638
0.001006191108667266
0.0010006606431099225
0.0009314892703311903
0.0009196517792649327
0.0008510532167472655
0.0007737081686800115
0.0007770710417888828
0.0007460087558457072
0.0011081517587861135
0.0010652897188438788
0.00115724865776812
0.0012540159821813304
0.0012799281143870155
0.0012713120845933522
0.0012984005390545544
0.0012474807324851327
0.0012098381668574794
0.0012400409638185985
0.001061630268079222
0.0009331009755374896
0.0008406633214650219
0.0007923000327682112
0.000752593891817582
0.0006930511442800653
0.0006400774513737382
0.0006312680103796967
0.001042162600262099
0.0009783569490141445
0.0009924416232224124
0.0009782088716170565
0.0008831205812619353
0.0008946583747943478
0.0008258378020004097
0.0006986701051552104
0.0006360156773650757
0.0012740424396667752
0.001048323573340612
0.0010228940520818624
0.0009913789074884952
0.0009279428034586696
0.0009338495838114023
0.0008773577227649045
0.000805034347063494
0.0007382416613033952
0.0010957765370008317
0.0008351887804953446
0.0007843670589786335
0.0006472166919009815
0.0006407403560367191
0.0007187966679991091
0.0007438376562810703
0.0007676631702359184
0.0007663580663605276
0.0013477838568090382
0.0012374702357490028
0.0012186613119785374
0.0012038481814897017
0.001201256453591454
0.0011591792147021523
0.001131739619519748
0.0010267975144177114
0.0009610846443977975
0.001080813309562762
0.0009285612384896386
0.0008710862112405186
0.0008576941280530173
0.0008973546542914191
0.0008870464753960393
0.0009432264887008809
0.0009328428196692708
0.000877637886305837
0.0012342109780135366
0.0011439911970928518
0.0012041475000232756
0.0012170102592448857
0.0011730701286325222
0.0011676523630889527
0.0011072641667779323
0.001140735573515749
0.0010956965333961447
0.0013807621878081345
0.0011919519194117988
0.0011749542732123668
0.0011410141328245427
0.0010948603327099497
0.0010306513568796101
0.0009333909297366025
0.0008520940866567
0.000732619390432954
0.001014597103267614
0.0007732639574136127
0.0007473926756765049
0.0006742394450257092
0.0008205072897798503
0.0008351772802129714
0.0007939486755605465
0.0008312893648494021
0.0008223563244314304
0.001076076252729419
0.0009455286779783118
0.0008757851851499467
0.0008315660613917714
0.0007829038423987703
0.0007899745802094775
0.0007592206758243192
0.0006798507400493753
0.0006668273458233667
0.0008445103270617452
0.0006306104483641374
0.000653163438425126
0.0006217375414675686
0.0005775417675017428
0.000561694385348657
0.0005712041128953776
0.0005454751985960743
0.0005818445256565941
0.0010012053851890708
0.0007557771023626239
0.0007510540817351485
0.0007266764130796975
0.0007634335778281097
0.0008047869820265616
0.0008341165438695539
0.0008024174273296568
0.000785525693257914
0.0010759963298086095
0.0009835597265588543
0.0009571869460864988
0.0008996038898433406
0.0008598313325007954
0.0008416581846562834
0.0008941096660354282
0.0008758188509452314
0.0008030161913671349
0.001180460316962614
0.0011431614527377745
0.0011062696527863178
0.0010106958724604759
0.0010036018862542226
0.000996258308194113
0.0009941544536073738
0.0010156764152175002
0.000913325820308893
0.0012823716336889854
0.0010332125458005468
0.001042182655096851
0.0009724955203882146
0.0009254935686542841
0.0009393960938479648
0.0009122063707227532
0.0009074412581954824
0.0008270562457755994
0.0010959122870492558
0.0010271027107173827
0.0009566453900414332
0.0008759560716302422
0.0008093466118487536
0.0008195816072425709
0.0007414710331594826
0.0007184892155983044
0.0006652589638357386
0.0010937810610171378
0.0009854242662834245
0.0010530261279961886
0.001062973321178227
0.0010448681394061214
0.001031293497913342
0.0010134085428427412
0.000998982222196332
0.0009847939917821849
0.0011886952765911647
0.0010411699536331059
0.0009533830643983606
0.0009367689114780692
0.0008644156961922378
0.0007703302667022061
0.0007295776927374018
0.0006772222507001889
0.0006516793165640468
0.0008736636068916929
0.0007312027719387015
0.000606980675545484
0.000609452508465443
0.0005320539020104742
0.0004957137735801079
0.0005188135494043002
0.0005013602981963521
0.0005599355286127563
0.0010055297525544463
0.0008701213241872779
0.0008658907127078986
0.0008449440088414862
0.0008046617688543626
0.0006890700957014252
0.0007105299368173665
0.0007274875653413509
0.0007275377022743884
0.0011096448894339127
0.000842828604803875
0.000766308023759319
0.0007287363471149288
0.0006960752352059534
0.0006886719283686689
0.0006586903962441362
0.0006290964211976359
0.0005391024476020411
0.000972514110370302
0.0007879841153867436
0.0007823276623819641
0.0007923897437106511
0.000801556888557606
0.0008353894610269569
0.0008029863866158405
0.0008384094346860677
0.0008474062315886812
0.0012316826123868546
0.0010636351863155028
0.0010847991338550622
0.0010584572455256314
0.0010032085454168241
0.0010251593243513595
0.0009548440246725498
0.0009016367127348085
0.0008065986411843336
0.001033470786946382
0.0008156662392819437
0.0008145161616244628
0.0008318815320163441
0.0007677888619388919
0.0007498217609756536
0.0007138280263711291
0.0006420510483215125
0.0005679759658207471
0.0010229859749929374
0.0008601279496796105
0.0008508086746652325
0.0007470493112731221
0.0007172167706479866
0.0005701382687233803
0.0005024094343433567
0.0005321669147645693
0.0004530100397368322
0.0007229875115312192
0.0005884132629743786
0.0006678486831732401
0.0006565286906414641
0.000723878128186495
0.0007067194840937445
0.0006778019765177991
0.0006766439561017488
0.0006511595806530031
0.0007867150798031966
0.0005613733951671766
0.0005778426229443068
0.000509427515588505
0.0005411917918151689
0.0005560472593996054
0.0005763397555224798
0.0005490963899215701
0.000566165401301472
0.0008457058350453625
0.0007202268047481034
0.000709383737157955
0.0007420060544043307
0.0007734862755318029
0.000736631998937231
0.0007418242100719728
0.000703133438966575
0.0007584185038835797
0.000962968601879467
0.0008672938126334156
0.0009014295352927429
0.0008567440010348444
0.0008243413570001907
0.0007789572391115776
0.0007200665955771132
0.000742753887297641
0.0007905167811215808
0.001172140833788138
0.0010097209960262831
0.0009964420171680965
0.00098094181143772
0.0009648352158986885
0.0009157514859082617
0.0009072258370096397
0.0008978539218071862
0.0009102241570143464
0.0010099568056125508
0.0009262650074654945
0.0008470685982631609
0.0008713615232274348
0.0008146245724625269
0.000756640815240835
0.0006638771745983442
0.0006219745211326146
0.0006122660226929413
0.0010614913655227686
0.0009032649949206762
0.0008515952963394376
0.0007992179353019342
0.0007371468162901388
0.0006482003637903273
0.0006413824635346629
0.0006168104726682621
0.0005716817901647773
0.0009758705787978988
0.0007520961086881108
0.0008035980409276166
0.0007293962835156463
0.0007280967130720148
0.0006734525910121164
0.0007214086105685849
0.0006912374697363154
0.0007116564307841227
0.0009174056605087135
0.0007658644157101953
0.0007159099905708002
0.00070980906096681
0.0006786022924515092
0.0006434320443803033
0.0006249362946613661
0.0005936521393329183
0.0005914386620108888
0.0008820242524733958
0.0007265457697407596
0.0006716628617425362
0.0005818013608912252
0.0005595934731252731
0.0005201448431927707
0.0005305889878242103
0.00048641185058025035
0.0004695438925112429
0.0007225680894025296
0.000617949559980697
0.0006097538147719849
0.0006010703724337964
0.0005963985602756551
0.0006129622411508336
0.0005357989782976213
0.0005194981311432808
0.00048372941478487584
0.0007726143791247773
0.0006581094255194988
0.000671461724408155
0.0006773345197742106
0.0006365360156147754
0.0006228974564760728
0.0006178217213239068
0.0005919628954831533
0.0005826520966911647
0.0008203087843065178
0.0006085102912751157
0.0005952579991813262
0.0005327341654692924
0.0005049238371937432
0.00046068151099160526
0.00047332412655899105
0.00043996636131888326
0.0004374580016134777
0.0008683073194213569
0.0007531717549302968
0.0007599484718944442
0.0007584079615656441
0.0007298596891013655
0.0006849959832036125
0.0006365503588512603
0.0005951708297817691
0.0005806499261200119
0.0007938593054985069
0.0007388871162283081
0.0007344244606164182
0.0007344439546605294
0.0007614267590268516
0.0007539002648747182
0.0007122515333017336
0.0006984821082653627
0.0006764154951604782
0.0008951465785828625
0.0007905053193915516
0.0007134966401173698
0.0007052301444099824
0.0006501717858678653
0.0006535394942364426
0.0006621127579220674
0.0006360530290972325
0.0006457864137982927
0.0008468858193136091
0.0006896672831295832
0.0006308450797217186
0.0006031398730065683
0.000555089142362434
0.0005220091161120523
0.0005033747620239402
0.0004815588564086899
0.0005005880776220527
0.0007665971818767411
0.0006525585496819837
0.0005964015334543178
0.0005581959871211411
0.0005331237001125633
0.0004810046971681413
0.00045021998085879736
0.00040175866553471376
0.00038249796907107066
0.0006254669482695819
0.0004861051172428134
0.0004512951338421644
0.0004593775149097705
0.0004806979150175939
0.00047565373225216047
0.00048323115599258754
0.000519376456899412
0.0005188456111437119
0.0007714731095394917
0.0006290146635281481
0.0006337014893786889
0.0006304828754814133
0.0005780990514038246
0.000514478261872519
0.0004706338070672999
0.00048528681617557285
0.0004499806475960165
0.0006944229096517402
0.0005050744061110943
0.0005234235925536648
0.0004720157137690469
0.00044445505812188904
0.00044721405450106526
0.00041213616788819007
0.00041384865144126294
0.00039371255368107896
0.0007726855222202837
0.0005654440076027974
0.0005351070243097605
0.0005181687909195868
0.0005307426346743523
0.0005332442820163859
0.0005164490593890939
0.0004940171478546473
0.0005408416518953354
0.0008516986348286687
0.000718565656565299
0.00071502604604814
0.0007068589205979521
0.0007188786876383981
0.0007387471526748791
0.0007276645609148374
0.0006603107942211259
0.0006205419439156769
0.0007585521111664939
0.0006599209004926113
0.0006692639006913757
0.0006402712851781158
0.0006623246391050145
0.0006239653185467931
0.0005879598416166801
0.0005445538654957306
0.0004806596814787384
0.0007204942176737316
0.0005126236447655323
0.0004771969414037284
0.00041993479417798944
0.0004080146881680614
0.0003668442168698383
0.0003536798783774835
0.00034786627899281285
0.00036723879883317234
0.0007207426629988565
0.0006216360700889779
0.0006259649660061315
0.0006337543162015472
0.0006039775049266026
0.0005714639697721592
0.0005317912400478482
0.0004949906532697381
0.00047787507224104274
0.0006894073492214784
0.0005530585697369098
0.0005827675720894625
0.000592402452636046
0.0005841927004479789
0.0005953038441886691
0.0005685494511137935
0.0005450586443719688
0.0005248779298682473
0.0007018449094848766
0.0005517139297712769
0.0005125329117536678
0.0004531628905656371
0.0004179448615193978
0.0003898665314349826
0.0003833119524632965
0.00033329617958682817
0.00034529979955074026
0.0007519533879242839
0.0006295781852170946
0.0006109646310613024
0.0005677012302756226
0.0005644296597421653
0.0005760206948551944
0.0005239935455431778
0.0004881572403287516
0.00042972418804158543
0.0006809104110250471
0.0005207594638220079
0.0004905446640579522
0.0004790431570431479
0.0004443267007850017
0.00044109054560038756
0.0003922410090989578
0.00032842652665884733
0.0003110037517376898
0.0005706181274770078
0.0003960800899242113
0.00036131502160078406
0.0003498162347687601
0.0003313344784705175
0.00029108693472101155
0.0002927592570903454
0.0003177810717325753
0.00033206879458970423
0.0006802497792025402
0.000580551431611836
0.000606179416471849
0.0006375270692717735
0.0006227702721370442
0.0005997061052430125
0.0006310370413506516
0.0006194209452988614
0.0006046691534325931
0.0006984674952360831
0.0006092289966843651
0.0005558370212096327
0.0004945984390530091
0.00044828701342291595
0.0004525328239191201
0.0004225914436291997
0.0004516149651791133
0.00046996148816256844
0.0005654123536343215
0.0004863916595935123
0.0004990198493348989
0.0004876426800021305
0.00046151426251596095
0.000422362462438446
0.0003681893932982862
0.00029037274999473386
0.00025998006599966536
0.0006444023949712825
0.000569445374464745
0.0006078615752775796
0.000581292313010601
0.000599344870725462
0.0005812306255384415
0.000525220073502236
0.00048628621035340527
0.0004738723797134658
0.000652463640584339
0.0005141668361137068
0.0004895725825049432
0.0004375074094583281
0.0003804650091083887
0.0003886888464399089
0.0003532714923204649
0.0003412851023436439
0.0003040117916222945
0.0005657639585235984
0.0004133404643017254
0.0003786262353789288
0.00036833233640361544
0.0004188226177638275
0.00040756313983437666
0.0003918358164989633
0.00036876844711393323
0.00038494728219188093
0.0005922266971298139
0.0004906514681774124
0.00046960342747440377
0.0004459907057537
0.00046291721551199326
0.0004155136360985915
0.00041630034076471065
0.0004174925472021445
0.00043033378712173376
0.000655812796174856
0.0005128275927110292
0.0004752864400133673
0.000423858689328741
0.00040861087217009917
0.00037648592214735356
0.000379200438447534
0.00035627345085104573
0.00030404235028516147
0.0004972033358977769
0.0003925831266348403
0.00040976724030436073
0.00038448585089225233
0.0004173279482193218
0.0003806899055998891
0.00039167123284670514
0.0003829657016594657
0.0003931857794063589
0.0005574588217789665
0.00041687900801250943
0.00037945961209954224
0.0003464594702582308
0.0003312681799199009
0.0003101464845718112
0.00029245401223279376
0.00027116645628153066
0.0003087190375516242
0.00046121020658403155
0.0003648596358612743
0.00035745184725279657
0.000306194934822954
0.0003141345262064964
0.0002905050435489769
0.0002658166319792054
0.00029632622705109095
0.0002719067519428968
0.0004385212024181838
0.00033335340146919
0.00032100132784665034
0.00032135861512285017
0.00033307838824370536
0.0002931172174318348
0.0002737327245663406
0.0002644264253624488
0.0002694657072489239
0.0005327137486857223
0.0004198006786936358
0.00039681647178300874
0.00044064296061061356
0.0004742889064378574
0.00042521555620404224
0.0004112998855665236
0.00034418317174503277
0.0003630764424533953
0.0005026172219156485
0.0004144323116616475
0.0003787686747074129
0.00034754533290047264
0.0003277859272374365
0.0003047663442573751
0.00029081904365014887
0.00030884556687036616
0.0002881944246219831
0.0006034949003620967
0.00046725197854523954
0.0005054887343195532
0.00043739757473447357
0.0004465800715971944
0.00041789510721441746
0.00041886148316869003
0.00039918390403965656
0.00043028589645482105
0.0005985459603753154
0.0005325312524583746
0.0005086314456918458
0.0005222576044869284
0.00048360916509031324
0.0004563058142940789
0.0004481089378889344
0.00044165533459953504
0.00042894530804009833
0.0005919177655700853
0.0005006375633129566
0.0004832871892683938
0.0004195822535430343
0.0004156439399731355
0.0003856669902395905
0.00035563636889510283
0.00033702104888128466
0.00030324407204272615
0.0004951782527654097
0.00039784049161380294
0.00037716362652373607
0.00033364372942958277
0.00034255663726774133
0.00035256818275158447
0.0003206977449495735
0.0003264648145826087
0.0003232054559452283
0.000736711351088865
0.0006635944776536082
0.0006748128057455485
0.0006593739072705882
0.0006260105122452908
0.0005766728151139822
0.0005509663367257998
0.0005409025751982113
0.0004966856570926858
0.0006087874899330276
0.0005853694943701779
0.0005819504562729247
0.0005930857601128234
0.0005902560850762398
0.0005872014283864143
0.000609182630244122
0.0005786681496617131
0.0005562768129639128
0.0006744437117444875
0.0006286464766214911
0.0005814871410607357
0.0005543708756414701
0.0005101614019763255
0.00048136502304173257
0.00046685538984135214
0.00042330216152403635
0.0004024788470710524
0.000469832814495732
0.0003959949439521723
0.00039518614155145074
0.00038960773594939706
0.0003961802756233478
0.00038203780434617875
0.00038223968969003207
0.0003877238643535361
0.0003645509218243618
0.0005081518493970972
0.0004576797689864973
0.0004239287111890712
0.0004011384980713137
0.0003952524401839469
0.0003703445357092414
0.0003558768417589701
0.00035847189166627284
0.0003648658070342787
0.0005106216309090025
0.0004448876702150256
0.0004297769947219987
0.00039213333813220243
0.0003714795514256904
0.0003562110319162753
0.00036082837270455493
0.0003563406093725428
0.00035957280615797697
0.0005503427328238474
0.0004259075330900014
0.00039787018960073863
0.00036727811280781763
0.00034197827370646645
0.00032321706491286387
0.00028157276908110946
0.00025879242808421666
0.0002513286597064933
0.0004087267434029752
0.0003613325567039887
0.0003502546904940599
0.0003557864113424108
0.0003550266039890574
0.00033843952468538905
0.0003470973561753601
0.0003620891376074485
0.00038396651455156354
0.0005472766591471234
0.0004721485504462695
0.0004490922091659934
0.0004529667488056994
0.00045806658951624065
0.00043285668881786697
0.0004381746444100351
0.0004204580976689109
0.00039400298407025173
0.0004446691412454351
0.0003848453696614435
0.0003588042988739781
0.0003336551453296546
0.0003159356818610165
0.0002858027365998324
0.00022658920565064833
0.00023297623139957656
0.000235328138778452
0.00042118346321417453
0.00031115088242882576
0.0003085360814581764
0.0003043234592280534
0.0003030501318073968
0.0003024359354341961
0.000315777662417956
0.0003216716590346413
0.0003115528019961931
0.0003777232089778161
0.0003424833164054749
0.0003460686448299088
0.00031723727703708793
0.0002770663753696043
0.00025615210068223175
0.00023370580544926516
0.00022360808414134274
0.00022018401489496377
0.00034920380246919
0.0003087472169884358
0.000322800992996228
0.0002944819428789096
0.0002985270907475507
0.0002655271839113578
0.000266479912336145
0.00026261034595220626
0.0002490354721714164
0.00040754629301424395
0.00034483424060137094
0.0003268824048031031
0.00027894147700771983
0.0002700826659277015
0.0002517982083909523
0.0002291595609093671
0.00020226483453843268
0.00021947849930008666
0.00041007581417041135
0.0003448603823610404
0.00033935431240538747
0.0003544353981104459
0.00034202787309628625
0.0003480073957562079
0.0003427427128968894
0.0003132586238938904
0.000295689291943755
0.000431963868597823
0.00032724485760942784
0.0003205467879789518
0.0002938717667875747
0.00029141541945185763
0.0002748127629183909
0.0002611209169498214
0.0002457415801833316
0.00025311200731869296
0.0003593108154656581
0.0002890577649955287
0.0002920378742121127
0.00027098728533204774
0.00025858807247858506
0.0002489634884870703
0.00023513325721344187
0.00023150795060482063
0.00021442297455459628
0.00036906218620888975
0.00032624470292058106
0.0003010095230254429
0.0003146755402885634
0.00028614906331672515
0.0002683558430184533
0.00025990200674142573
0.000267993045066428
0.00025672324265919584
0.00034055691667119793
0.00031830942698714575
0.0003214717000514047
0.00031718900790668014
0.0003129978305208796
0.00030145033652550596
0.00028851981574995494
0.0002629544620023706
0.0002628172059647614
0.0003348686895174292
0.000290710666133241
0.0002975100684348815
0.00029452988676318266
0.00028754012370089293
0.00028073106955892903
0.0002768721240216233
0.00027323345199598535
0.0002644379940170971
0.00039930842657280265
0.0003776227053736226
0.00037086225995063357
0.0003632634880873649
0.0003414877155112486
0.0003297248631074152
0.0002959608075459077
0.0002662072334163557
0.00023768332475107527
0.000314142600694646
0.0002728837163644053
0.00024033711829133685
0.00023491936153873706
0.00023167922336812731
0.0002170738018230512
0.00021055116723675972
0.00019338011363072283
0.0001926386833305535
0.0002894521101716024
0.00024319700244453146
0.00025939856274631427
0.00026895773111769444
0.00027115854880665607
0.0002760331753281591
0.0002657261771223993
0.00025308383895723623
0.00023646741818636894
0.00030742417004741814
0.00025197724723665174
0.000248379744961069
0.00024025222500920643
0.00024312146244302916
0.00023464399838076343
0.00022628278770024348
0.0002411578078810254
0.00022099847145120512
0.0002744132841880034
0.0002274939657328464
0.0001981267496873761
0.00017367884346120997
0.00016599582934837687
0.00014952509715621297
0.00014195369513871135
0.00012268903189273803
0.00011440352629444986
0.0001967744234565438
0.000152914265648165
0.0001614455239764168
0.00016939963097371575
0.00018470417969879865
0.00017442048578999672
0.00017080970268115877
0.00016840153732828168
0.00016833722868828994
0.00030900466475665026
0.0002929790774000288
0.00030973508683305616
0.0002971426413466649
0.00029027592274553064
0.0002823700520274155
0.0002612351347817652
0.00024416837573902855
0.00020882516671135768
0.0002586642349280543
0.00022744717586959415
0.0002207399411982809
0.0001967675749951491
0.00018242485773884923
0.00018030394607669408
0.0001796106011874024
0.00016432643725753548
0.00015250263618119892
0.0002046216735573559
0.00017095966050153865
0.00016882904809679213
0.0001619921542777272
0.00016212315025473226
0.0001703551575497665
0.00016576518951781765
0.00016552741023698062
0.00016002663231177647
0.00021577169904836497
0.00018626800141019606
0.00016841240516169787
0.00015626497484209705
0.00015222591723525091
0.0001363314436864515
0.00013767609572910012
0.000136915560742606
0.00013440737986212194
0.00023888694547332716
0.0001874302751787005
0.00017798634726462926
0.00015660596446599736
0.00013833976017234062
0.0001324072806997127
0.00012538782381184925
0.0001200755441508753
0.00010937684657881736
0.00019584082240251894
0.00016289919762281342
0.00015146176363131148
0.00014268954411010698
0.00012928556607345353
0.00012063768417059486
0.00010596737556966667
9.947223665204692e-05
8.638701295278964e-05
0.0001664567319801346
0.00012538990250804605
0.00011948498499171328
0.00011324050464304893
0.00010566012444892961
0.00010889586797259932
0.0001133414284218735
0.00010837288670159117
9.932373950058202e-05
0.0001523408985896538
0.00012261237889916223
0.00011106951739025266
0.00010442190566306602
0.00010592808712832205
9.195192737998884e-05
8.939856614437038e-05
0.00010142392342435004
8.912332055446864e-05
0.0001377727384507928
0.00011413825170869723
0.0001212492947164865
0.00012834011212680253
0.00012334925239587376
0.00011925462083769232
0.00011378060441774994
0.00011246648107404886
0.00010689342327492742
0.0001536275157765858
0.00012182018210827434
0.0001159902506607534
0.00010139581156758037
8.809276788276586e-05
7.88349791817641e-05
7.21747078379491e-05
6.720477162415582e-05
6.442318104622925e-05
0.00011330385943983498
7.137795370455967e-05
7.472090194082589e-05
7.104425846625767e-05
7.426062420384476e-05
6.869544696669309e-05
7.273618422416734e-05
6.904432368073675e-05
6.853649105703822e-05
9.785654630953944e-05
8.376655443608232e-05
8.06315920465212e-05
7.71485044295759e-05
7.286110310187202e-05
7.378127510977504e-05
7.453092183784562e-05
7.744593076539187e-05
7.645307574796193e-05
0.00011566230079590658
9.591639024973596e-05
9.9225985967874e-05
0.00010235484128472654
9.929624289118673e-05
0.00010071302809867199
9.573340920871928e-05
9.142785606757837e-05
8.879205174479565e-05
0.00011263228683029347
9.394083178203055e-05
9.583350189731549e-05
9.647725538242935e-05
9.612144282862808e-05
9.370400109559968e-05
9.577650589705486e-05
8.950439406805747e-05
7.943878039735276e-05
9.298068606593026e-05
7.661372444883682e-05
7.235042025626375e-05
7.502622337754558e-05
6.522839021220161e-05
6.0836626185114996e-05
5.389463808573031e-05
4.937532567773331e-05
5.130068328179062e-05
7.749145351430041e-05
6.129794623607343e-05
5.771820304019916e-05
4.915404002719609e-05
4.959712664325577e-05
4.6990832507329474e-05
4.7641276552465986e-05
4.8734277191784694e-05
4.3250640503243794e-05
6.151663380076956e-05
4.762142369054221e-05
4.453163808274899e-05
4.324297573499745e-05
4.2961656840706735e-05
4.552891676894295e-05
4.4676251049430414e-05
4.2473714181276914e-05
3.8709848020767436e-05
6.738404990424799e-05
5.993568588791617e-05
5.86682101816878e-05
5.51724123018593e-05
5.197501449494222e-05
4.6569323822906363e-05
4.25649416588297e-05
3.8361379138006744e-05
3.7030040350285894e-05
4.384391137571297e-05
3.761098633254682e-05
3.646693576714692e-05
3.8642093694348856e-05
3.623185624055238e-05
3.340899075801125e-05
3.458518728299369e-05
3.3260579100158286e-05
3.12088406688485e-05
4.7679225029837404e-05
4.2659167680659416e-05
4.358339631613503e-05
4.285535625027323e-05
4.197853328695884e-05
4.2297844591526327e-05
3.9029863059441394e-05
3.6784040434265086e-05
3.2208988757775946e-05
