1.5001504260375873
1.5001246412660199
1.5001064402507958
1.5001047450582012
1.500127050223917
1.5002161816661173
1.5003699088682305
1.500627132039265
1.5012889709163837
1.5021645825017225
1.5031421733047137
1.5042389629132902
1.5052479593896093
1.5064153225425105
1.5075567224825186
1.5085855259459933
1.5096461811861102
1.5107352978176805
1.5118871365752433
1.5129294123588104
1.5139175312000197
1.5147949271986159
1.5156385085659867
1.5164365873952974
1.517167572286135
1.5177902432922568
1.5185537937250393
1.5192316031008106
1.5199114645518277
1.5205638460386828
1.5211307541305152
1.5215403661937197
1.5218549582509753
1.5221909632673176
1.5225659577133315
1.5231988890956827
1.5237506296748282
1.5242372391700836
1.5248055747925218
1.5255041725827403
1.5259590195220163
1.5264812280617543
1.5269265283901041
1.5272864445440941
1.5282161238511278
1.5296916551735582
1.5303697322113181
1.5317465854806218
1.5322401541875807
1.5325779436171807
1.5328475684603529
1.533189818923096
1.5332512027391458
1.534131721460942
1.5354186403020798
1.5360699511409805
1.5368410853301067
1.5375198761331694
1.5379372503940432
1.5380767022900983
1.5382151727588618
1.538203306410701
1.5387172174287926
1.539750125042759
1.5407313738929278
1.5415076828804999
1.5420967176967222
1.5425934091268814
1.54298134056901
1.5430723456451305
1.5432327643969583
1.544164674220564
1.5451014911806267
1.5465846954800635
1.5476139450468525
1.5485162336103873
1.549291561170668
1.5500599295192452
1.551237909931027
1.5521072760699655
1.5537784683060547
1.5554160243522448
1.5565018398192887
1.557508962661688
1.5585215279645217
1.559408470574044
1.5602899707231317
1.5611585338761043
1.5620910682443498
1.5641140575541084
1.5664997288584055
1.5682526472216773
1.5698938613150448
1.5710752321120154
1.5724159510128597
1.5732844249451694
1.5741231883967457
1.5750878422036219
1.577363415209946
1.5798808654332923
1.5819349035337271
1.5836768477554668
1.585159873613578
1.5868168797642719
1.588104244708724
1.5892643809879332
1.5905390765982588
1.5927118674009646
1.595270180687902
1.5973492897946016
1.5994014542611164
1.6013838481692724
1.6029791136212652
1.6046385287298564
1.6061592949283585
1.607692016695684
1.6107607613948616
1.6140554128124083
1.617226315170564
1.6203554622585
1.6230673243062246
1.625591019975971
1.6280164836959052
1.6301427905332595
1.6322052153760036
1.6362151488477241
1.640129616210181
1.643389560789874
1.64649907933198
1.6495295483667891
1.651843129375493
1.654280905546902
1.656657030240273
1.659178406172785
1.6648201855682723
1.671650027310445
1.6776527042872134
1.6826076630199802
1.6875702055090904
1.6920268668397664
1.6951808172719782
1.6989966065813087
1.7023118679719769
1.7084782648650991
1.7151609817342106
1.7210944234765972
1.7266011227885096
1.7323319444055343
1.7379334852820703
1.7429377830414006
1.7478495589733414
1.7525273983272553
1.7606877878147058
1.769161252608143
1.776929606502973
1.7842054623387984
1.789993028297404
1.7958423349547108
1.8017045786081327
1.8073687523899986
1.8113567375786546
1.8186356269170174
1.8252747148819888
1.8311265197178557
1.8380059681485803
1.8458314232676427
1.8519349195934462
1.8575551075885208
1.8625165794296765
1.8674621699928426
1.8757314086889862
1.8837538630316504
1.8916106346033776
1.898620523643208
1.9053563268067228
1.9116901908840394
1.9177968991537062
1.9238897782206295
1.9301391503302145
1.9392704390709417
1.948074287978961
1.9556807955913573
1.9628929478738986
1.9695263257164464
1.9766316808655404
1.9831389006908
1.989228657034523
1.9950240744114605
2.0033644219759057
2.0113964229294963
2.018094396531957
2.026101415699946
2.0344017031867656
2.042247411396298
2.049595892851694
2.056352484429656
2.0628738011196477
2.0759100106119055
2.087994949396717
2.0991224612483435
2.109908971726507
2.1202160103624443
2.1290632205126157
2.136675438247435
2.144087087932138
2.151190747888638
2.164593475863937
2.174744913663841
2.185147596850368
2.194662088338092
2.2030043095364578
2.209547574509514
2.2151496507100266
2.2202033767165834
2.2253382043056824
2.234308628191267
2.241788888565712
2.251127972230247
2.260332421914522
2.266852221853245
2.27241664693403
2.2773322593544743
2.2815777353761533
2.285751834867542
2.296281568277986
2.305461660721299
2.3133646485963895
2.319873295952255
2.325522837545411
2.330777577705398
2.3352533322579268
2.338970354293468
2.3422399347047502
2.3490538951689333
2.355462615382392
2.362213764499919
2.36808064762781
2.3734320137656777
2.3780102828598366
2.382220784381673
2.3852393870683217
2.3870663585817695
2.3934376953374885
2.3965765674776764
2.3991040104152637
2.4014921798981206
2.4033226310174207
2.404951889541964
2.4060958768811953
2.4072530688785303
2.4079136586663688
2.412939280164123
2.4162990626655603
2.418898417457415
2.421766504885813
2.4241205028547936
2.4260841604237484
2.427465474726195
2.428586710796396
2.4291725336687557
2.432152503808384
2.4335290001950365
2.4350859899826607
2.4367026683937407
2.4381311804268426
2.4392283269180703
2.4399425383242894
2.4403318972970243
2.4402996886377304
2.442251390637862
2.4436386827247203
2.4453342322017715
2.446516405984708
2.447210096638469
2.447643887501309
2.4476373743929205
2.4476091806634557
2.4471686982509
2.450915252325849
2.45222938346916
2.4539283233313993
2.455283942082942
2.4564079439936917
2.4571567730171022
2.4575553217181114
2.4577770350653267
2.4575169568330804
2.4595109494274086
2.461749852741296
2.463922018999362
2.4652068857652534
2.4658835352724076
2.4665934640868095
2.467363438407318
2.467761808667002
2.467843445573522
2.469752767758793
2.47044726139852
2.4709670609803602
2.471181012129906
2.471117754679936
2.470830464145517
2.470383022521258
2.4696220594876985
2.468627695200089
2.4703200327332766
2.470609553784268
2.4706950271792905
2.470470458770864
2.470026853635108
2.469489299141358
2.468620468326397
2.467642520640754
2.4664473206410396
2.46662308534688
2.466292701232298
2.466194736944474
2.465968651784779
2.4655403033823733
2.4648342110564743
2.4638043369450453
2.462645985079093
2.461382352830963
2.4620363402897496
2.461648765730272
2.4616455537864086
2.4613975203436493
2.4609925477549135
2.460396642947651
2.4595440502933306
2.458524347337468
2.4572246699415405
2.4577007513985785
2.4572413542054963
2.4566254639697522
2.4558466568036197
2.454946063432679
2.4537301642391807
2.452325206461075
2.450840039307055
2.449380032379963
2.448956323452026
2.4480819609559674
2.447238201147271
2.446191107447909
2.445213516644918
2.4440618563286804
2.442864068929743
2.4415606442659756
2.4401661253054243
2.4397125274554288
2.438369578038013
2.4372284457599935
2.436085618289379
2.434941274067497
2.4336429349815125
2.432342008496305
2.430836320589827
2.429391838058073
2.428892648449354
2.428073870426259
2.427130540357807
2.4261823031528977
2.425115580907706
2.4239934526308766
2.4227788917473205
2.421458693598935
2.4200535573795037
2.419592286552501
2.418592925907771
2.4176975965559393
2.416642651438246
2.4154796600978248
2.4142085333140137
2.4128908333441883
2.411503095154015
2.410104561263636
2.4091197435869525
2.4079097329572026
2.4066512755075182
2.4053474939610995
2.403963413818104
2.4025013548157657
2.4010105667599855
2.3994898897821466
2.3979298664919844
2.3968447647902433
2.3955615932169456
2.394251655444789
2.3928909511154632
2.391489116060558
2.3900951324239843
2.3886708137620376
2.3872132157928423
2.38572983305208
2.3844571002963377
2.38306766691357
2.381722843862234
2.380382571064704
2.3790426551498256
2.3776970291125235
2.376364072409349
2.3750358444013053
2.373715378590931
2.372520357032542
2.371263505554789
2.3700307436560095
2.368799587729161
2.3675910046300173
2.366393038789754
2.3652205900590695
2.364060632221186
2.362924317858961
2.3618644656048096
2.360810858797059
2.359750381998268
2.3587122103651925
2.3576777859999574
2.3566489825364827
2.3556248185474766
2.3546145729818777
2.353610394421353
2.352656803976672
2.3516831388828465
2.3507342771332973
2.349793802126057
2.348864301260349
2.3479338189673493
2.3470113665340078
2.3460952487677287
2.3451872500817705
2.3443124414823977
2.343436383793745
2.342571657129275
2.3417159417517546
2.340867185585938
2.34002931434099
2.339190015565437
2.3383624046967184
2.337538184213189
2.3367430496657526
2.3359409559066133
2.3351467135658055
2.3343551478448834
2.3335708982183165
2.3327941431274306
2.3320209568630585
2.331249644232607
2.330484933931207
2.3297413689269053
2.32899673327465
2.3282589676134346
2.327525484544037
2.3267981577003765
2.3260726152699736
2.325346359074268
2.3246272405315906
2.323909014195543
2.3232429819472697
2.3225502727208003
2.3218659502366403
2.321187159433577
2.320508279409852
2.319835377170538
2.319160065973327
2.3184894834712475
2.3178182764245285
2.317196676066361
2.316560354298821
2.315924478634596
2.315295740623399
2.314666110405574
2.314040227455589
2.313417110346153
2.312795777649974
2.3121735527471667
2.3115850532549214
2.3109742485969607
2.310374774963183
2.3097775318459774
2.3091833222313087
2.30858661443808
2.307992940147389
2.3074013179319435
2.3068140675289786
2.306277762124508
2.3057168318170875
2.3051666972098737
2.3046155811753684
2.304064643582188
2.3035123676790654
2.302955184639485
2.3024016596470824
2.3018470640067252
2.301319413006553
2.300785605780643
2.300247872845566
2.299712994971702
2.2991780278771747
2.29864190091403
2.2981088966740857
2.2975799073639704
2.297051899481146
2.296563684013959
2.296058159738177
2.2955596838947603
2.2950563009148865
2.2945626429872648
2.294064434805837
2.293571936746833
2.2930732824620907
2.2925784646658514
2.29212718655309
2.2916598487210127
2.2911927785509243
2.2907251730568587
2.29025622925285
2.289784965711607
2.289313791391027
2.288841189539841
2.288369479895284
2.2879465739533122
2.2874975263571224
2.2870591852404756
2.28662120100648
2.286182324565857
2.285741663711976
2.2853000214308032
2.284854988764442
2.2844125434973037
2.2840249689378265
2.28361937180445
2.283213685450412
2.2828045194905213
2.2823887512015792
2.2819738751192657
2.281555965534415
2.281135290109015
2.280709261443844
2.280325791034858
2.279913502351768
2.2795093327489973
2.2790998099064557
2.2786893056366226
2.278275143319612
2.277860088795973
2.2774403055772012
2.277022663654339
2.2766436542784967
2.2762515294652133
2.275864579450376
2.2754720977544407
2.2750807759271234
2.2746905247477596
2.2742927790327157
2.273902260191364
2.273507191096206
2.273172167507155
2.2728029724042274
2.2724409149543288
2.2720775191944873
2.2717071642229425
2.271336720030735
2.2709627070120124
2.27058369763617
2.270202725405744
2.269849143918818
2.269483339201079
2.26911878357262
2.268751818986264
2.2683833376486393
2.2680164622829464
2.2676486947106245
2.2672783397390797
2.266907895546872
2.2665698384552835
2.266224108386689
2.2658730250783226
2.2655260459204474
2.2651741596261155
2.264821381125155
2.2644675319762393
2.2641110062074383
2.2637517145980883
2.2634398883813818
2.263109325825474
2.262782153654755
2.2624546246013844
2.262125578796745
2.2617890384564254
2.2614521412334545
2.261113370376563
2.2607754917263003
2.260470535500634
2.2601489842316753
2.2598262730940997
2.2595009745573007
2.259176211344479
2.2588477900844794
2.2585157999979657
2.2581836314701267
2.2578470911298067
2.2575413319181745
2.2572254907716394
2.256906705343229
2.256589436666088
2.256269134486409
2.2559508843819764
2.2556296007750065
2.2553074249614076
2.2549823048659343
2.254708040548293
2.2544051363978728
2.2541087453558415
2.2538073579566897
2.253504186144281
2.25319691018138
2.252887582143234
2.2525767373538184
2.252265535681752
2.2520102753653006
2.2517275350846875
2.2514439918181086
2.251156701283689
2.250863968288835
2.250565257509569
2.2502679742609093
2.249964980889826
2.2496602031054858
2.2493988757839594
2.2491097116156205
2.2488357149599674
2.248553866885983
2.2482724649153125
2.2479826762023336
2.247689943207479
2.2473954257993682
2.247094930606845
2.246844488206188
2.2465632646768436
2.246291676979088
2.2460170557787955
2.2457418992545257
2.2454615679318097
2.2451814150504195
2.244899388535109
2.2446118303387013
2.2443768231127197
2.244114692805228
2.2438570235308792
2.24359373335477
2.243323216304969
2.2430485951046766
2.2427669254720177
2.2424798133789237
2.2421915414172133
2.2419384223966703
2.241674864558573
2.2414071133493207
2.241137488506148
2.2408627780851926
2.2405844096170595
2.240309431534115
2.240033561244543
2.2397547466730954
2.2395217023016967
2.239265549778617
2.2390084158282453
2.2387469992860565
2.238486385729833
2.2382214895817922
2.2379522216212715
2.2376813476888193
2.237406994150515
2.237170827055916
2.236924667247077
2.2366712805645457
2.236412183759591
2.2361549605885562
2.2358922949570874
2.2356320382835158
2.2353667852528236
2.235103227414726
2.234883744584083
2.2346457930762265
2.2344010607979934
2.2341514213833022
2.233894019770942
2.2336394732197933
2.23337948420821
2.2331211903892214
2.2328558481378664
2.2326447520495325
2.2324023395085337
2.232161086836151
2.2319168898818953
2.2316737635755928
2.2314248379262045
2.2311719865676505
2.230915566382582
2.2306565587982905
2.230475619294004
2.230247482059063
2.2300288914350483
2.229799059007513
2.2295651224294857
2.229328330790247
2.229087524221179
2.2288402937643856
2.2285899405843916
2.228384465397818
2.2281571311488424
2.2279328304024046
2.2277057638154183
2.2274732547679967
2.227235303260141
2.226994229029085
2.2267517272674224
2.2265029800593603
2.2262832295667283
2.226055359993776
2.2258213341950857
2.225586683851756
2.22535060597782
2.225111137718695
2.2248705988116164
2.224628632373932
2.2243834539923837
2.224194752290428
2.2239795520516026
2.2237605153242734
2.223539248080373
2.223312627596701
2.2230868993196564
2.222856620788807
2.2226242901827113
2.222388479970764
2.222226722908993
2.2220161621446364
2.2218192521416973
2.2216140446171124
2.2214053574866757
2.2211987224314846
2.22098450361995
2.2207572585916378
2.220519842407759
2.220321326432888
2.2201055016494227
2.2198840559641964
2.2196615396310153
2.2194350975886685
2.2192059789264365
2.2189718639070835
2.2187396225216505
2.2184985482905946
2.218319571640891
2.218105798932671
2.2179006806287487
2.217692439601626
2.2174753657288804
2.2172555260155855
2.217032831241079
2.216802017386252
2.216569329897505
2.2163982046661337
2.2161866624744855
2.2159791352126654
2.2157613475746167
2.2155399018893904
2.215326664505147
2.21510673557119
2.214881631838786
2.214653048500531
2.2144706814656385
2.2142536075928927
2.214048667730296
2.2138333782708073
2.2136148768674553
2.213392092872286
2.2131625281067393
2.2129345693131244
2.2127023279276914
2.212524689587931
2.212310559997059
2.212107582989046
2.2118968437833626
2.211685569253703
2.2114666217470367
2.2112465143717537
2.211021856742664
2.2107924704184434
2.2106207206424315
2.210418368179058
2.2102151235090557
2.2100042058620475
2.209788916402559
2.2095705934405325
2.209345578928792
2.209117084811199
2.208889839782887
2.2087113984571607
2.2085085106698097
2.208303838469202
2.2080961327660567
2.2078831630438023
2.207664215537136
2.2074455356924583
2.207224090007232
2.20699996770212
2.2068419579081895
2.2066313971438323
2.2064216393654412
2.206209829511804
2.205994004728338
2.2057753248836605
2.2055599462035094
2.2053421585654602
2.205120623659571
2.2049403979205877
2.204742060387043
2.204544971942778
2.2043421733760904
2.2041385718234365
2.2039276541764283
2.2037142383508597
2.2034988596707077
2.2032802690466933
2.2030949577299266
2.2028980477269875
2.2026979257801855
2.202495751758138
2.2022884921583064
2.202072667374841
2.2018571102533633
2.2016371813194056
2.2014160925168307
2.2012554061030145
2.201066169077082
2.2008771997131378
2.2006882303491935
2.2004954244967463
2.2002953025499443
2.2000963404717595
2.1998951478770032
2.1996905648970584
2.1995454920992428
2.199365534022248
2.199197085410762
2.1990226590148647
2.1988434147031723
2.1986627428608747
2.1984765393374794
2.1982852502363013
2.198091730618551
2.1979542415770785
2.197788558806142
2.197621091621948
2.1974477358740048
2.1972679562383357
2.1970859460860948
2.1968950138675676
2.1966999774985485
2.1964995878897584
2.1963429164057704
2.1961809809026738
2.196005126976171
2.195828023960387
2.1956466383527866
2.195459007298785
2.1952674505356184
2.1950718788426222
2.194874790398358
2.1946978658239003
2.194511394638516
2.1943241204671664
2.1941339912346054
2.1939415422648096
2.193745078365185
2.1935476330382686
2.1933430500583233
2.1931372179890984
2.192974836382687
2.1927953244090066
2.192610994519532
2.1924207760663075
2.192230022289106
2.1920341829341217
2.191836916048531
2.191634742026483
2.1914288207365953
2.1913094434896845
2.1911449205873645
2.190989498192657
2.190827205806909
2.1906538500589656
2.1904750518505884
2.190292684815696
2.1901019310384946
2.189908143758756
2.189787071319251
2.18963155970388
2.189465430829629
2.18929064755108
2.189110957136074
2.1889187758282667
2.1887180293368247
2.1885169259627313
2.1883138597340546
2.1881548685128327
2.1879630440876765
2.1877793387428417
2.1875904585995603
2.1873979204091016
2.1872018133921287
2.1870058848164815
2.1868047814423877
2.186601001448408
2.186447452687621
2.186259464750968
2.1860759378474586
2.1858847379669433
2.185692645879799
2.185501445999283
2.185307391057556
2.18511306845384
2.1849136602723407
2.184766000075302
2.1845945179612793
2.1844195562414046
2.1842477172447303
2.1840745399381127
2.1838948495231065
2.1837125717088774
2.183526725068133
2.183339540117447
2.1831889356385332
2.1830213792336766
2.1828553395800885
2.1826835005834138
2.182504167051059
2.1823207293682123
2.182131313900954
2.1819373481798894
2.181741330383579
2.181575023068002
2.181384090849475
2.1812086830262865
2.1810292602732684
2.1808473393416907
2.1806629202315526
2.1804772520321345
2.1802848922830016
2.1800915511065773
2.1799639655586827
2.179797658243106
2.1796303695002375
2.179453355705117
2.179274200614088
2.17909290422715
2.178907860572372
2.178718891208428
2.1785287619758664
2.178374231787788
2.1781976640959817
2.178021453286827
2.177847919097558
2.1776696562131574
2.1774899657981512
2.1773043868193955
2.177113989924846
2.1769272510774735
2.1767944015104703
2.1766338043173166
2.1764794525705633
2.17631947992205
2.176156652212325
2.175988738924816
2.1758190412240506
2.1756442579455015
2.1754639429858553
2.175341443015744
2.1751835224424765
2.175036397569415
2.17487919076145
2.1747207348642053
2.1745541598866396
2.1743822316693024
2.1742037011229134
2.174023296942604
2.173873317008331
2.173707366575406
2.1735445388656807
2.173375554930218
2.1732030913889036
2.1730291110963202
2.1728503128879426
2.1726693733836564
2.172484865052855
2.1723320300573707
2.1721637598872108
2.1719986124402513
2.17182998538744
2.17165984158336
2.1714872888213828
2.1713133085287994
2.171137633043622
2.170958477952593
2.1708185799532234
2.170654503154218
2.170495779594985
2.1703302752653735
2.170164414053111
2.1699928427184254
2.1698210929424135
2.1696470234291674
2.1694684036621155
2.1693121782814426
2.169159343285958
2.1690040101119132
2.1688512643370914
2.1686941467497896
2.1685294454061443
2.1683601938086925
2.1681840722202006
2.168005898556463
2.1678561862841788
2.167688005334682
2.167515720234693
2.167347093181882
2.167181410410945
2.1670159060813337
2.16684968798642
2.166679990285654
2.166509935702237
2.166396000915761
2.16625637057838
2.1661157588137074
2.1659680093960065
2.1658121408979847
2.165651543704831
2.1654781879568876
2.165303226237013
2.165130762695699
2.1649961287154387
2.1648472194291197
2.164688049766572
2.16452406218823
2.164364624863693
2.164202510919271
2.164036917368997
2.163869628626128
2.1636968974228257
2.163562798766542
2.163419510381984
2.1632698873303626
2.16312927556569
2.162988753021681
2.1628380593221053
2.162679692645523
2.1625149913018777
2.162347256455695
2.1622146745506803
2.1620575569633784
2.161901153141379
2.161746979835952
2.1615940556198043
2.161436581149851
2.1612693816276454
2.1611070892418973
2.1609468489313954
2.16082515194725
2.1606797222667833
2.160528582463893
2.160377085778351
2.1602202358530382
2.16005856801193
2.1598953834195536
2.159729076103976
2.1595608951544794
2.1594252797469276
2.1592829727896605
2.1591330820760506
2.1589839943484064
2.1588303563669564
2.1586737741036313
2.1585076452293803
2.158342140899769
2.1581724431990033
2.1580480695949724
2.1578985357640135
2.157754890496804
2.1576080332857313
2.1574572503654923
2.1573024525154247
2.1571423014255857
2.1569806335844777
2.156815843020169
2.1567138638025165
2.156578783718942
2.1564384396162586
2.1562942590250715
2.15614838324129
2.1559965296730974
2.1558386090998294
2.1556768520380585
2.1555143812109847
2.15542293003155
2.155291864877804
2.155154643498321
2.1550111766724367
2.154863605696061
2.1547083617426797
2.1545452663709654
2.154380743468646
2.1542140792704174
2.1540741812710484
2.1539186696556776
2.1537723477685824
2.153615676284595
2.1534541868848125
2.153290288527133
2.1531227321222755
2.152959815191888
2.1527917234630536
2.1526876029494924
2.1525331619820762
2.1523909442454725
2.152244533137714
2.1520962483960355
2.151936632630173
2.1517764815403337
2.151617044215798
2.151451539886186
2.1513309135499954
2.1511878928274264
2.1510384482171303
2.1508915017853947
2.1507400943205157
2.150594664640049
2.150433175240267
2.1502749870050106
2.1501133191639026
2.149986358160648
2.149837716536318
2.1496895210153024
2.1495409686116353
2.1493861707615682
2.1492261981130545
2.149066671567855
2.1489029516515012
2.1487372688805646
2.148607898919413
2.1484555992479057
2.148307492947553
2.1481565315859883
2.1480011984119436
2.147849166402425
2.147692405697774
2.1475311839599804
2.147365947292358
2.147246123942133
2.1471021217922717
2.1469601717176565
2.146807872046149
2.1466595873044705
2.146507555294952
2.146357129257365
2.146204472703206
2.1460365594156974
2.145925658131759
2.1457805853339433
2.1456398843486078
2.145495079212781
2.1453495603116517
2.1452079671196875
2.145059057833369
2.144908096471805
2.144753566283726
2.144640077600564
2.1444974137606456
2.14434734460571
2.1442123537427977
2.1440647827664225
2.1439135537428693
2.1437565253762303
2.1435983371409737
2.1434402381263804
2.143318451921572
2.1431845317066145
2.14305319889088
2.142918921793271
2.1427733136714786
2.1426263672397425
2.142477368732761
2.1423261397092084
2.14217223406577
2.1420595483685734
2.141926252698256
2.141792600145287
2.141651453056637
2.1415054880521933
2.141361218240344
2.1412129334986654
2.1410607230478207
2.1409061928597417
2.1407945778105
2.140658427078971
2.1405198673895445
2.140384608864644
2.1402495287810694
2.140109898443688
2.139966342397141
2.1398169870075088
2.139662367598767
2.139546737619696
2.13941005156419
2.1392762205698954
2.139140069838366
2.139009807670586
2.138870801877845
2.138723141680807
2.1385743216151507
2.1384263937561236
2.138329321674929
2.1381940631500282
2.138067102146774
2.1379331819318166
2.1378003323648134
2.1376645385159354
2.1375159861122683
2.137365113971367
2.137211208327928
2.137105035739121
2.1369676359183116
2.1368295223321994
2.136687483036922
2.1365441054317005
2.136400727826479
2.136258777751864
2.136115578587969
2.1359686321562332
2.1358599613888662
2.1357220262440793
2.1355864108365274
2.1354529367248842
2.1353161614487153
2.135167876707037
2.135013524960283
2.134855069063039
2.1347030370535194
2.1345938309621753
2.134466245414281
2.1343434777821813
2.134210092891201
2.134079027737455
2.1339431446679145
2.1338030682272193
2.13365942296001
2.1335128334109257
2.1334039842022325
2.133270777752578
2.1331464933692095
2.13302060301391
2.1328884672122097
2.1327514242740517
2.132612240039985
2.1324679702281353
2.13232289743032
2.132212709911684
2.1320920835754933
2.131968156074776
2.1318440501327336
2.131713877185616
2.131577101909447
2.131434348848866
2.1312892760510502
2.131143311046607
2.1310343726172505
2.130904288890796
2.1307822350239993
2.130653311166162
2.1305235843223596
2.1303885042387845
2.1302520858452665
2.130113258493852
2.1299703269919448
2.129852734158291
2.1297202414739393
2.129587391906936
2.12945507766391
2.129319640697684
2.129185988144715
2.1290482314412547
2.1289123483717143
2.128772718034333
2.1286963451469223
2.128581161271166
2.128459910390335
2.1283220644662117
2.128182791011482
2.1280455696319986
2.127899247744903
2.1277497139139445
2.127605087219443
2.127484728545241
2.1273566968940325
2.1272283083601726
2.127096886323775
2.1269693899965434
2.1268362727675516
2.126705296834469
2.126566826365705
2.1264194338306552
2.126308889429368
2.1261795194682165
2.126057019498105
2.125930683039491
2.125800331651048
2.125667838966696
2.1255322235591443
2.1253918794564606
2.1252466282173192
2.125149823798113
2.125025985518059
2.124903396327285
2.1247823238877794
2.1246550952225367
2.1245250114960825
2.1243902882951593
2.124250211854464
2.1241072803525576
2.1240042304869506
2.123881284413525
2.1237566431475052
2.1236306635715425
2.1235029888029855
2.1233748679311137
2.1232420183641105
2.1231039047779987
2.122963203792663
2.1228516779640847
2.122725430726133
2.1226056965965707
2.122476951180059
2.122340086683227
2.122208486205504
2.1220758150798265
2.121939485906972
2.1218009262175452
2.121712151657997
2.1215890271432456
2.121466616393797
2.121351164856052
2.121231341505827
2.1211074140051105
2.1209781332646216
2.1208470681108755
2.120709489848741
2.120597161034196
2.120469486265639
2.1203426144830475
2.120217170231062
2.1200849452086987
2.119957716543456
2.1198280789203157
2.119696835325244
2.1195610414763664
2.1194565640801537
2.119344413706935
2.1192258394459893
2.119108603494987
2.1189905645580196
2.1188628005687997
2.1187319138563794
2.118597815200096
2.118464341088453
2.1183819011959675
2.1182716244566686
2.1181615261586955
2.118047769813545
2.1179366008676173
2.117811959601598
2.117688567424858
2.1175612495389524
2.1174346454183492
2.1173499750092923
2.117226225949901
2.117114878562648
2.117003263513406
2.116881566529261
2.1167534456573893
2.1166177410291747
2.116482750166263
2.116346867096722
2.1162530961800528
2.116138269186948
2.116023709855832
2.1159053140362127
2.115786293671953
2.1156623661712364
2.1155324608861075
2.115399075995127
2.115263639028901
2.1151573772194308
2.1150322898500966
2.11491086052794
2.1147862192619202
2.1146567600801056
2.114522304541171
2.114382406541802
2.114240813349838
2.1140977926272684
2.1140032187246334
2.1138801834305454
2.1137587541083884
2.1136556150221186
2.1135365054371964
2.1134157898803423
2.113290524069683
2.1131616002118454
2.113039367903723
2.1129392623199905
2.112825238312851
2.112703095225392
2.112591837058802
2.1124778130516626
2.112353350226968
2.112236828041269
2.1121070119768035
2.111982459931446
2.1118917225173144
2.1117756464349298
2.111667154108888
2.111554468411692
2.1114360725920727
2.1113189258617333
2.1112007977041025
2.1110798144852603
2.1109452697256623
2.1108570304900907
2.1107395268771003
2.1106304992270815
2.110513530938068
2.1103933507051913
2.1102697800871257
2.1101439789524887
2.1100181778178517
2.109890413828632
2.1098043158889688
2.1096960020042532
2.109580015142531
2.1094590319236888
2.1093377810428575
2.1092127828941862
2.1090868033182235
2.1089579686810493
2.1088318106637605
2.108742322338909
2.1086258893738727
2.108521768860311
2.1084095292664298
2.1082923825360904
2.1081853177406544
2.108060498033309
2.1079351430019866
2.107805683820172
2.1077067381050565
2.107597264351724
2.1074794930767444
2.107368056468828
2.1072530510343976
2.1071330492428464
2.1070117091413527
2.1068849265794243
2.1067551997356215
2.106669280237284
2.1065547209061677
2.106441589105658
2.1063251561406213
2.106206224997025
2.1060862232054736
2.1059649723246423
2.10584274001652
2.105717563426523
2.1056196883593623
2.105509054737412
2.105407521623074
2.105309022011273
2.105191072294968
2.1050708920620913
2.1049539237730777
2.1048390967799726
2.104719719533062
2.1046307665321873
2.1045286980938718
2.1044201165471677
2.104310107469857
2.104197510993324
2.1040854498407677
2.103964734283914
2.1038438402857347
2.103725087583464
2.103643183014955
2.103524519533347
2.103411833836151
2.103296025415755
2.103177361934147
2.103057003259945
2.102934146407182
2.102810397347791
2.102683079461885
2.102586364263342
2.1024754629794025
2.102364650916127
2.1022525897635704
2.1021414208176434
2.102032214726299
2.101916763188554
2.1018041667120206
2.10168728764367
2.101605829178476
2.1014991212656913
2.101403655156428
2.1012987316569007
2.101195146467317
2.101087635568567
2.100974949871371
2.1008583384650086
2.1007386043354463
2.10064554718408
2.1005301848669977
2.100419105141733
2.1003128433322633
2.1001973025738554
2.100082832463402
2.0999665779396914
2.0998453270588606
2.0997194367035608
2.099626022669543
2.0995360882413765
2.0994381239535533
2.0993238322844254
2.0992181950195956
2.0991088104869253
2.098991574535923
2.098872286509675
2.09875121407017
2.098658603022118
2.098552341212648
2.0984454548585383
2.0983341074712847
2.098221867877403
2.098108557635567
2.0979908755812504
2.097873015085608
2.0977537270593603
2.097665130941137
2.097561545751553
2.0974587635479347
2.0973539292690706
2.097244812398389
2.0971323943631814
2.0970162290601335
2.0968989038884684
2.0967822032614434
2.0966884323447745
2.0965768172955324
2.0964707339273883
2.0963626877046613
2.0962508049934305
2.0961375839722574
2.096024362951084
2.0959086437513506
2.095792121565651
2.0957111984244348
2.095620728672291
2.095525708666342
2.0954237294486893
2.095321750231037
2.095214774656264
2.0951063715508855
2.0949976115628552
2.0948860857342764
2.0947961513061104
2.0946921200132116
2.094591657546828
2.0944884292398953
2.094383059637054
2.0942751918556524
2.0941628630411078
2.0940515156538546
2.0939393652806357
2.093859869670024
2.093757265907732
2.093657606427314
2.093555181106347
2.093450346827483
2.093345066445304
2.0932360387952853
2.093124334525381
2.093009685973602
2.0929172533668754
2.0928076011722165
2.0927033022173296
2.092596148201231
2.0924871205512123
2.092380323417765
2.092265853307312
2.092148438914984
2.0920288832267473
2.091943320611062
2.0918369695809287
2.0917270497242813
2.0916172190882967
2.0915122955887697
2.091400145215551
2.09128826250432
2.0911731678492274
2.0910550396915966
2.0909643914981273
2.090869371492178
2.0907742622655663
2.0906747812264737
2.0905695008442953
2.090460740856265
2.090350018013652
2.090235547903198
2.0901200963654536
2.0900286451860186
2.089927558174995
2.089822902337456
2.0897176219552778
2.0896096649532137
2.089502421716452
2.0893930371837817
2.089280619148574
2.0891675765687268
2.0890908467986646
2.0889865478437777
2.0888855500534165
2.0887878534275814
2.0886879262851745
2.0885835381096247
2.0884786146100978
2.0883680702088103
2.088259577882769
2.088180885258123
2.088087203562117
2.0879895069362817
2.087891007324481
2.087790098754783
2.087692669790936
2.0875935456344954
2.0874926370647975
2.087389230316539
2.0873041138041675
2.0872075770469496
2.0871136276889546
2.087017001711074
2.086915736258724
2.0868138462617347
2.0867115101614306
2.086605516013949
2.0865003248524334
2.086421632227788
2.0863271475458163
2.0862344472771017
2.086139427271152
2.086039678570071
2.085933327539938
2.085825370537874
2.085713398605981
2.085602497322042
2.0855203250915446
2.085417632108589
2.085314403801657
2.085213138349307
2.085113568089552
2.085007127838756
2.0848985462920515
2.0847894294213702
2.0846807586540024
2.084594839155666
2.0844913431867447
2.0843928435749435
2.0842934517565137
2.0841913833181986
2.0840943112370036
2.083992867343328
2.083886070209881
2.0837804329450513
2.083694602667377
2.0835954785109356
2.083497425002449
2.083398479287334
2.083299176689567
2.083196929809926
2.0830924524137133
2.0829861906042435
2.0828785012641675
2.0827945446204135
2.0827005952624185
2.082602006429955
2.0825024361701994
2.082399564745918
2.082297228645614
2.0821919482634357
2.082086310998606
2.081979335423833
2.0818949326767644
2.081796343844301
2.081703554354923
2.0816046086398075
2.081503432408121
2.0814035944863774
2.081300723062096
2.081195085797266
2.0810883778844818
2.0810077224052534
2.0809077952628465
2.0808133998015377
2.080721680960114
2.0806225568036734
2.0805220051166264
2.0804194905749966
2.080313674868841
2.080206342411417
2.0801230103123025
2.080029685498948
2.0799325241970896
2.079838664059758
2.0797410566545853
2.079641754056819
2.0795411131491095
2.0794375279595254
2.079335994845187
2.0792547148213187
2.0791621929939295
2.0790679759739463
2.0789713499960656
2.0788743671355334
2.078777384275001
2.078676118822651
2.0785743180463245
2.0784698406501114
2.0783982856784955
2.0783043363205005
2.0782215395453636
2.0781316943378605
2.0780419383510202
2.0779491488616424
2.0778559132689507
2.077759733394384
2.0776613230032464
2.077577187918166
2.0774822571328797
2.0773859880376504
2.077291771017667
2.0771969294530432
2.07710146334378
2.0770049265865618
2.0769049994441553
2.0768029310058402
2.076726379677103
2.0766360883662855
2.076548295234028
2.076461840411714
2.0763709245562567
2.076273584813073
2.076173657670666
2.076075961044831
2.0759787997429733
2.0759043004894826
2.0758170426812024
2.0757412943384317
2.0756578730186543
2.075561336261437
2.075463818076927
2.075367995085012
2.075272350534423
2.0751742970259364
2.0751044372469143
2.075020034499846
2.0749329551328914
2.074839630319537
2.074748000698776
2.0746562818573526
2.0745568900389237
2.074456249131214
2.0743567680921213
2.074273703654996
2.074186088964064
2.0741000802450644
2.074012822436784
2.0739216389193382
2.0738264404720628
2.073727405536285
2.0736304226757527
2.0735333505945577
2.073453676542621
2.0733622253631863
2.0732667592539227
2.0731723637926134
2.073080823392516
2.072986874034521
2.072889177408686
2.0727913023415248
2.0726936949363526
2.072617946593582
2.0725340791704907
2.072450925512702
2.072362240173816
2.0722718596423357
2.0721832635241126
2.072093150654621
2.0720006288272317
2.0719072147932143
2.0718444926672213
2.0717518816191696
2.0716715830225927
2.0715837006696725
2.071495193772112
2.0713990138975458
2.071304350774248
2.0712112936228815
2.071115292189641
2.071048822795808
2.0709715577017684
2.070891883649832
2.070809622198672
2.0707225428317173
2.0706337682721685
2.0705408003414654
2.070448367734739
2.070354061494093
2.0702811682125337
2.070194802610882
2.070108883112545
2.0700232312761964
2.0699358842472533
2.069846128260413
2.06975565850827
2.069664385770161
2.0695725777080747
2.0695026287083897
2.069426166600316
2.069341050087945
2.069253703059002
2.0691684081053046
2.06908070419371
2.0689917511928355
2.0688999431307495
2.0688070644207093
2.068743360867425
2.0686553000731784
2.0685667039549553
2.068475877320161
2.0683874596432634
2.068298417421726
2.068213211688692
2.0681221173919084
2.0680302201091596
2.0679601818888123
2.0678797048509097
2.0677983356063785
2.0677130406526816
2.067627834919647
2.067539149580761
2.0674473415186747
2.0673549089119487
2.0672622086432337
2.0672035906677326
2.0671276638836362
2.0670480790523627
2.066964836173911
2.066879987323528
2.0667941570458535
2.066705471706968
2.066614912734162
2.0665212310381555
2.066447802432619
2.066369823573277
2.0662870267981397
2.066204676126317
2.06612500207438
2.066038011928089
2.0659490589272145
2.0658609981329685
2.0657695469535335
2.0656940662727514
2.0656125185868945
2.0655316846663405
2.0654535273656727
2.065370909031861
2.0652848110921984
2.065197553283918
2.065111633785581
2.065024286756638
2.064956925156176
2.0648745744843535
2.0647930267984966
2.064710676126674
2.0646256488349657
2.0645389263506626
2.064451846983708
2.064363340086148
2.064277599029136
2.0642054195128803
2.0641249424749777
2.064047855822264
2.063972196700156
2.0638935932961733
2.063813919244237
2.06373174701374
2.063648058031974
2.063560889444357
2.063490315900032
2.06341670885317
2.0633398006417822
2.063258163735262
2.063175634622114
2.063090339668417
2.0630030818601366
2.0629137719766106
2.0628247297550732
2.0627552268587026
2.0626728761868804
2.0625945404448864
2.062515134054938
2.0624334079277555
2.0623512356972586
2.062267992818807
2.0621828763064363
2.0620959753808075
2.0620255802778082
2.0619478690804542
2.0618715854137064
2.0617951233056324
2.0617170552256274
2.061637738056342
2.0615566364737994
2.0614731259333596
2.061388812406954
2.0613128856228577
2.061236245073458
2.0611588907587555
2.061081625664716
2.061002754598745
2.0609244188567515
2.060845012466803
2.0607656060768553
2.060684058390998
2.0606189273071083
2.0605452310395833
2.0604701964621155
2.060395429546636
2.0603168261426537
2.0602354568981225
2.060152214019671
2.060068703479231
2.0599875126760256
2.0599156900424207
2.059840030920313
2.0597615167369936
2.059684786966931
2.059607700314217
2.059528472365595
2.059447013900401
2.0593640386839382
2.059281777232778
2.0592221778299855
2.0591458941632377
2.0590686290691984
2.0589903825478673
2.0589140988811194
2.058838172097023
2.058758676486412
2.0586798054204407
2.058600042147841
2.058534464960637
2.0584603225897973
2.0583885891768556
2.058314179144028
2.0582394122285486
2.058163485444452
2.0580839006131777
2.0580027990306355
2.0579197345935096
2.057850767021116
2.0577745725750316
2.057701233190158
2.05762682315733
2.0575500933872677
2.0574752372511256
2.057400113452995
2.057324632772213
2.057247635340162
2.057183842566215
2.0571127336979127
2.057041089505634
2.056970605181972
2.056898068783064
2.056823747970899
2.056747018200837
2.0566697531067972
2.056592577233421
2.0565294982247764
2.0564571402671943
2.0563861206195555
2.0563140303239624
2.0562418508077056
2.0561681545401806
2.056092316976747
2.056014070455416
2.0559332365348624
2.055863019873189
2.0557875391924068
2.0557121477322875
2.055638273023437
2.0555621677980147
2.0554851703659636
2.0554074591686096
2.0553288557646274
2.0552506092432963
2.0551867272486866
2.0551149046150816
2.055044241850094
2.0549721515545007
2.0548980984043244
2.054823331488845
2.0547467801601087
2.0546700503900457
2.054592428413355
2.054528189536094
2.054459311184363
2.0543914142599244
2.054319413184994
2.0542456276968064
2.054170860781327
2.0540940417906013
2.054018115006505
2.0539428127670485
2.0538790199931016
2.0538087141107653
2.0537359992705317
2.05366738858079
2.0535918186793447
2.053519460721763
2.053446835102193
2.0533718005247246
2.053296230623279
2.0532355605725323
2.053165165469534
2.0530987852963634
2.0530302638272846
2.052960225606937
2.0528925071238238
2.0528241640960707
2.052753322889757
2.0526804296081984
2.0526189565714854
2.052552844060304
2.052483430384596
2.052417228652752
2.0523498670522904
2.0522778659773597
2.0522077385363495
2.0521377003160017
2.0520648962551054
2.0520043154250214
2.051937399927874
2.0518701275480753
2.0518027659476132
2.0517345121405235
2.05166554456813
2.0515951494651308
2.0515227915075487
2.051449719784664
2.051383964156134
2.051312141522529
2.0512402296682613
2.0511717081991825
2.0511046142607094
2.0510355574676535
2.0509648947026657
2.050892625965747
2.0508197326841877
2.0507616500326638
2.0506914333709902
2.0506287112449977
2.0505635801611075
2.0504958616779945
2.050425020471681
2.0503510565421674
2.050276289626688
2.0502038424484432
2.0501413879844392
2.0500767922245267
2.0500124641266018
2.0499487605733178
2.0498830941654504
2.0498158217856517
2.0497461404479553
2.0496759237862823
2.049605261021295
2.049540486820056
2.0494749096328517
2.0494077264737154
2.049342327727837
2.049277018202621
2.049209478160834
2.049138993837172
2.0490689556168245
2.0489977575278595
2.0489411916276046
2.04887623898504
2.0488119108871157
2.0487501701884145
2.0486873588417587
2.0486249935984175
2.048558256542596
2.0484897350735167
2.048419964515158
2.048370893150583
2.048311561409779
2.0482483931804722
2.0481845111858625
2.0481188447779948
2.048052553825488
2.0479855491076773
2.04791800906589
2.0478492199348226
2.04779149416595
2.0477295750259232
2.0476654253693245
2.0476027924639943
2.0475381967040818
2.0474744039301345
2.0474096297288957
2.047342892673074
2.047275798734601
2.047220392702963
2.0471582059009474
2.0470974466295377
2.0470349921655338
2.0469750358800898
2.046913116740063
2.0468496808487666
2.0467847282062026
2.046719329460324
2.046665797062606
2.046606465321802
2.046541869561889
2.046478612111919
2.0464138379106807
2.0463499559160705
2.0462846463908546
2.0462189799829877
2.046153224354457
2.0460969261161908
2.0460342039901978
2.0459724632914966
2.0459079567522465
2.045844253198962
2.045779211335735
2.045715953885765
2.0456527856564577
2.045588279117208
2.045535638926119
2.0454802328944806
2.045424559200854
2.0453664765493302
2.045305984939909
2.045244958006511
2.045182860425158
2.045120049078502
2.045056434745881
2.045000671831591
2.044942589180067
2.0448845065285433
2.044825264008402
2.0447658430469353
2.0447049053342
2.044643610738813
2.044581691598786
2.044518880252131
2.0444602622766297
2.0444001275498596
2.044339814381764
2.0442793227723426
2.0442180281769557
2.0441569120228946
2.0440951713241935
2.0440328060808524
2.043970440837511
2.04391931739769
2.043861413187492
2.0438051149492256
2.043749352034936
2.0436923400313662
2.0436344358211684
2.0435750148597016
2.043514790912269
2.043452782551579
2.0433982687265697
2.0433398291923943
2.0432816573202075
2.0432243776546493
2.0431679009750567
2.043109550661544
2.043050308141403
2.042990351855959
2.0429296818052123
2.0428790936893693
2.0428227062304396
2.04276631877151
2.0427093067679403
2.0426520271023825
2.0425941228921842
2.0425354156960203
2.0424766192791934
2.042417465979715
2.0423650934506146
2.0423100443016278
2.042254102946013
2.042198429252386
2.0421415064694797
2.0420846729072357
2.0420266794763746
2.0419687752661764
2.041910424952664
2.0418590338508547
2.0418043415845197
2.0417497385388472
2.041695224713838
2.0416403540061774
2.041585661739842
2.041529898825553
2.041473689807949
2.041417034687031
2.04136403761329
2.04131041599491
2.0412551884045973
2.041200585358925
2.0411441978999956
2.04108763199974
2.041031601423462
2.0409752139645327
2.0409186480642774
2.0408688629344
2.040815241316019
2.0407622442422784
2.040709693271852
2.040657677625403
2.0406030745797303
2.0405482930927326
2.040492530178443
2.0404360534988504
2.0403892126508474
2.04033817843169
2.0402871442125323
2.0402347716834317
2.040182131492342
2.040128688315287
2.0400751559175694
2.0400211774165373
2.039966574370865
2.039917413785627
2.0398660226838183
2.039814185478695
2.0397623482735714
2.0397097973031446
2.039657067891393
2.039604160038315
2.0395508060819227
2.039497362904868
2.0394512358221677
2.0393999339410214
2.039350505693795
2.03930018523994
2.0392497755654224
2.039198562904939
2.039146458037827
2.0390947100533663
2.03904215908294
2.038994069145657
2.0389441055744535
2.0388943204445757
2.038844802976687
2.0387947501848203
2.0387439836276515
2.0386928601878305
2.038641201424033
2.0385895426602354
2.0385457353147696
2.0384966639501947
2.038447146482306
2.038396736807788
2.0383457025886305
2.0382944007074846
2.038243544929652
2.0381924214898315
2.03814343934592
2.0380973122632193
2.038050114532565
2.038001846153956
2.0379545592026385
2.0379076291339726
2.0378604314033177
2.037812698348686
2.037764429970077
2.0377154478261654
2.0376703021707563
2.0376244427500447
2.0375790294326475
2.0375335268945873
2.037487578253213
2.037441183508524
2.0373939857778693
2.037345985061249
2.0372979843446286
2.0372544446611514
2.03720858524044
2.0371625473784025
2.0371150819857595
2.037067705813779
2.037019615876496
2.036971882821864
2.0369238821052438
2.036875435285309
2.036834572221718
2.036788980462995
2.03674365636626
2.0366984214901884
2.0366528297314654
2.036607505634731
2.0365617354346823
2.036515429910656
2.0364689459453045
2.036430045736296
2.036387130597459
2.036344840003262
2.0363021033057507
2.0362586528429363
2.0362147562768076
2.0361705920486903
2.03612633859991
2.0360818174891415
2.03604157897019
2.0359993775966556
2.035957087002459
2.035914528746273
2.0358715243867733
2.035827895482633
2.0357839989165045
2.0357396562470615
2.035695135136293
2.0356560564859585
2.0356125168024812
2.0355705830909354
2.035527846393424
2.0354845743719356
2.03544076702647
2.035396424357027
2.0353521709082467
2.035308452783444
2.0352690172504584
2.0352271727595754
2.035185685151344
2.0351439298811242
2.035101639286927
2.0350590810307416
2.035016433553893
2.0349735184150557
2.0349304248348927
2.0348923276118502
2.0348514645482587
2.0348106907053305
2.0347688462144475
2.0347271801648903
2.0346854248946706
2.0346432235211362
2.0346012005889276
2.0345589992153936
2.034522151081631
2.0344820910040053
2.0344429231330086
2.0344038444826746
2.0343641412877003
2.034323902768749
2.034283485808472
2.0342423550828923
2.034201313577975
2.0341632163549326
2.03412449458725
2.034086040481556
2.0340478540378504
2.034008507725528
2.0339690721925425
2.0339292797769053
2.033889308919943
2.0338491596216546
2.0338159695350693
2.033778496856667
2.03374245170887
2.0337050682511304
2.0336672386900765
2.0336300336736626
2.03359256099526
2.033554731434206
2.033516544990501
2.0334808567253555
2.0334435624882787
2.033406179030539
2.0333686171314738
2.033331233673734
2.0332934933333426
2.033255485330963
2.033217209666595
2.033179201664215
2.033143424178407
2.0331069329272964
2.033070441676185
2.0330343073077257
2.0329978160566142
2.0329614140261665
2.032924833554392
2.032888074641293
2.03285060196289
2.0328171442143166
2.0327809206251946
2.0327461245666774
2.0327104363015325
2.0326753725810267
2.0326398627572075
2.032604531374714
2.032568932330231
2.0325329764030977
2.032500767743804
2.0324673099952304
2.0324333169226794
2.032399859174106
2.0323668475288463
2.0323328544562953
2.032298058397779
2.0322625485739594
2.032227484853454
2.032195008532172
2.0321616400042615
2.0321284499176757
2.032095170610428
2.0320618913031803
2.032028433554607
2.031994797364707
2.031960982733482
2.0319269896609313
2.031894424118986
2.0318617693563783
2.0318288469317816
2.0317956568451967
2.0317626451999375
2.0317292766720265
2.0316964434680926
2.031663788705485
2.0316310447222143
2.031599817490212
2.03156859025821
2.0315370953642193
2.031506135794206
2.031475176224192
2.0314441274335158
2.031412632539525
2.0313806023215575
2.031348661324252
2.0313183262988788
2.0312878128321796
2.0312572993654805
2.0312266074574556
2.031195826328768
2.0311645990967655
2.031133550306089
2.031102501515413
2.0310714527247367
2.0310420991266547
2.0310128347492356
2.0309829458271764
2.0309536814497573
2.0309243278516753
2.0308948850329305
2.0308655314348485
2.030835910174778
2.030806556576696
2.0307782736265683
2.030749633793789
2.030721083181673
2.0306926217902195
2.0306640711781037
2.0306353421246617
2.0306066130712197
2.0305780624591034
2.030549690288313
2.030523191751443
2.030496157890595
2.0304689455884217
2.030441554844923
2.030414164101424
2.0303868625785877
2.0303592933937633
2.030331991870927
2.030304511906765
2.0302788163558603
2.0302522285983273
2.030225908502783
2.030199588407238
2.0301730898703676
2.030146948216149
2.030120717341267
2.0300943080250597
2.030068077150178
2.0300437199092163
2.0300185596822886
2.02999366711735
2.029968863773074
2.0299444173114494
2.0299196139671736
2.029894542960909
2.029869828837296
2.029844936272357
2.0298214712380243
2.0297971139970623
2.0297728459767637
2.029748488735802
2.0297243991568292
2.0297000419158673
2.0296759523368944
2.0296516843165957
2.0296274162962966
2.02960537879257
2.029582181420225
2.029559430151195
2.0295364112201764
2.0295136599511463
2.0294907302407905
2.0294678897510976
2.029444781599416
2.0294218518890603
2.029399903605996
2.029377687660943
2.02935547171589
2.0293333449915
2.02931121826711
2.0292892699840457
2.0292672324803185
2.0292451949765913
2.02922333591419
2.029202369058417
2.029180866878667
2.029159721581568
2.0291384870638067
2.0291175202080343
2.029096731793587
2.029075854158477
2.029054976523367
2.029034098888257
2.0290143811217645
2.028994395693283
2.0289744102648015
2.0289546924983086
2.0289348855111533
2.028914900082672
2.028895182316179
2.0288754645496865
2.0288559252245193
2.028836832002667
2.028817738780814
2.028798734779624
2.028779819999097
2.028760994439233
2.028742258100032
2.028723789422819
2.0287053207456065
2.028686673627068
2.0286692755978097
2.028651253023911
2.0286334981120016
2.0286154755381034
2.0285978098468562
2.028579965714284
2.0285622108023738
2.028544545111127
2.028526968640543
2.0285103735972503
2.0284934216713064
2.0284766481866883
2.028459785481407
2.0284431012174515
2.0284264169534962
2.0284099111308667
2.0283934945289
2.028377077926933
2.028361285869606
2.0283454938122794
2.0283297017549526
2.0283141773596145
2.0282985637436135
2.0282831285689378
2.0282677826149254
2.0282526151022386
2.028237447589552
2.0282229046215052
2.0282083616534585
2.0281939079060747
2.0281794541586913
2.0281650004113074
2.0281507251052493
2.028136539019854
2.0281223529344587
2.028108345290389
2.028094783749634
2.028081132988216
2.028067660668124
2.0280542775686943
2.0280410729105904
2.0280280466938123
2.028015020477034
2.028001905039593
2.027989146484804
2.027976744812666
2.0279639862578764
2.0279517630270645
2.027939539796252
2.0279274057861025
2.0279152717759534
2.0279033162071296
2.027891628300295
2.0278799403934595
2.027868520148613
2.0278570999037666
2.027846036541572
2.0278349731793766
2.0278238205965184
2.027813024896312
2.027802139975443
2.027791611937225
2.0277809946783445
2.0277709127434407
2.0277608308085373
2.027750927314959
2.0277410238213815
2.0277312987691296
2.0277214844962144
2.027712027105951
2.0277026589363505
2.02769329076675
2.027684190259138
2.0276752681928514
2.027666346126565
2.0276577809429304
2.0276491265386327
2.027640650575661
2.0276321746126884
2.0276239663117055
2.0276158472313845
2.027607817371727
2.027600055174058
2.0275923821970516
2.0275847092200454
2.0275773039050278
2.0275698093693473
2.0275624932749925
2.0275554448426263
2.02754839641026
2.0275417048605453
2.0275350133108305
2.0275285002024415
2.0275220763147157
2.027515830868315
2.0275095854219147
2.02750351841684
2.027497629853091
2.027491919730668
2.0274862096082447
2.02748076714781
2.027475503128701
2.0274700606682665
2.027464975090483
2.0274599787333627
2.0274551608175684
2.0274503429017736
2.0274457926479674
2.0274414208354874
2.027437049023007
2.0274329448725155
2.0274289299426864
2.0274249150128574
2.0274210785243545
2.02741750969784
2.0274139408713254
2.0274104612654735
