-570.6879224620926
-328.512471847016
-226.9851202346343
-162.63964757356027
-118.73520287102968
-92.11594994642424
-74.80595297460822
-61.139339057245195
-49.30627202920798
-43.66506151447444
-36.68538756507453
-31.38092106504617
-27.4593997544557
-24.38929947845915
-21.986709063670904
-20.05310989711092
-18.568222224639552
-17.166120935352392
-16.182412905203233
-15.226079714888343
-14.485175853556816
-13.876475394822643
-13.262646274626539
-12.789920175387559
-12.391809890632183
-12.07524877513628
-11.598599338601916
-11.236754142690799
-10.913247085764981
-10.614833574691792
-10.3545557781664
-10.145324405522876
-9.936518690670404
-9.835585958276328
-9.669261397030377
-9.438212805408869
-9.217920042443401
-9.033342215996035
-8.853177388100136
-8.723952530300805
-8.609657562540232
-8.483563746213756
-8.293085857863945
-8.221825611994516
-7.963429846442672
-7.8299407958461344
-7.703818206525732
-7.635095794483672
-7.517912133649233
-7.438285629791298
-7.389606999251021
-7.2850555159151265
-7.2442111672056795
-7.113402437587429
-6.915295249938251
-6.74558502059648
-6.5956360305491515
-6.5253139127795095
-6.465591427620139
-6.41982345082716
-6.412884990818853
-6.4212449194344074
-6.348737331817621
-6.147798076384581
-6.053884255520963
-5.997823608689269
-5.982617812140915
-5.957618679024454
-5.965540437714296
-5.934728661438174
-5.9390102888625504
-5.96508674649839
-5.930662172030146
-5.913298463970538
-5.8519361786668975
-5.793738005616793
-5.730677099218821
-5.700891032538775
-5.630490912399979
-5.598702978873
-5.594450684629838
-5.5291666723112725
-5.5079396728415375
-5.4837126773653155
-5.43575525092555
-5.3879051594302645
-5.338126643858687
-5.284409060262463
-5.248561323368198
-5.220571647712422
-5.129935646109376
-5.049262720330256
-4.968650347177878
-4.891597287736157
-4.811405372990548
-4.761047782815478
-4.685465919976783
-4.620824615892926
-4.5906948895876765
-4.495170464882704
-4.4298981395767205
-4.371855048649758
-4.326225940652239
-4.267446802606314
-4.227112912563071
-4.203758313371969
-4.168798583048317
-4.152317535690819
-4.08050883337492
-4.0191313640559025
-3.9546296473171325
-3.909181599959435
-3.870934334021307
-3.8265639055798246
-3.829460571470906
-3.798663601418024
-3.7708387130382506
-3.7303500807468417
-3.7128140641500296
-3.6843424031787912
-3.656506813566942
-3.6390133584593958
-3.619864164303831
-3.583987085234375
-3.5665082426242285
-3.5693178146511095
-3.545449990216158
-3.518903270129996
-3.4940249450319194
-3.463608027725217
-3.431082608638956
-3.387960113986441
-3.3845273048305757
-3.3617886503271435
-3.3077667275556144
-3.2740044221518034
-3.2371588005098837
-3.207823084336102
-3.1836664014899276
-3.1688313609358887
-3.1378014175460476
-3.116272636607396
-3.1014132934923198
-3.0941818624020807
-3.0551727459954896
-3.0200716036945714
-3.004149564734595
-2.98929814628375
-2.9858637777963573
-2.980595524358945
-2.9890287068261934
-3.0009231160610237
-2.9366710266472587
-2.948736691958784
-2.9368889849070605
-2.926565282006008
-2.915658482898736
-2.8998261693663454
-2.887859987235124
-2.882419506284465
-2.8824134450844503
-2.858254664096784
-2.8511961215523627
-2.8518934270510385
-2.8607855602203593
-2.8480070324314752
-2.847465086422865
-2.845162638487747
-2.85417783479576
-2.838372747819489
-2.85057404316886
-2.850810689132523
-2.8303049882025504
-2.8223758691518235
-2.8111916624838997
-2.7931440848500464
-2.7867173811980663
-2.7864246058932784
-2.7683906534461946
-2.721200145078418
-2.6824736231201194
-2.6674297865012626
-2.6458753776278425
-2.627399099718458
-2.5992599892495947
-2.5787668114473323
-2.5569232422121497
-2.532221294015463
-2.5073556678653386
-2.4921913679864542
-2.487410023797707
-2.472422849587185
-2.4703303985768517
-2.4546762920484944
-2.438782686214123
-2.4323979934195044
-2.420128725434046
-2.4084700365100953
-2.3728198401801177
-2.3533057235169235
-2.33185242573489
-2.3157402796987108
-2.2981812854671384
-2.282397351484853
-2.2733008806295714
-2.2704036887028263
-2.2775220847054034
-2.2659794197517553
-2.250721957742742
-2.227232568546272
-2.2140605468119143
-2.2011294367424816
-2.185314043704823
-2.173588016392959
-2.1578325014681847
-2.1205208943428713
-2.0951697472242974
-2.0736945003049008
-2.0548701631094004
-2.039577387806099
-2.0330558156546257
-2.0145765973366783
-2.0127563201630063
-2.0035639777534673
-1.9862121428281239
-1.984498628421459
-1.9767708018128818
-1.9783810361843261
-1.9825709083013991
-1.9822163355507552
-1.979765517918059
-1.9797824583118953
-1.981436667918657
-1.9770583830057007
-1.9644112677606407
-1.9538067288999263
-1.9435224580143302
-1.9305352166147651
-1.9219316070392793
-1.9130191781556007
-1.9024743396173023
-1.8974260630236095
-1.8973410775957225
-1.8896315564901058
-1.879340876472271
-1.8688874442162755
-1.8616573007909294
-1.853739606305694
-1.848240212433458
-1.8475490334793812
-1.849275448803704
-1.8486536760668255
-1.8468061499028228
-1.8380784224452107
-1.83784486732562
-1.836956307145136
-1.8378951056998014
-1.835798176221756
-1.8331579733446464
-1.828404424776324
-1.8200986975450129
-1.8152887475864006
-1.8132419154519923
-1.8072020785847258
-1.8018686781401625
-1.7997239542182584
-1.7989336566784084
-1.7968682055087282
-1.7920625551666918
-1.7803903917685462
-1.7696727981134692
-1.764464195668695
-1.762938196750298
-1.762344262209962
-1.7646962583008456
-1.7663705519632993
-1.7686227708265505
-1.7698615290709292
-1.77494719799948
-1.7774246958665776
-1.7832057037147866
-1.7845748750772306
-1.7884161798742308
-1.7885778419487277
-1.7864257873157132
-1.7855510588181722
-1.7804139177788194
-1.7684626346909065
-1.7620168002742542
-1.7564387266129193
-1.751703612175471
-1.747353008130001
-1.7442204987502155
-1.7426859533158678
-1.7411038789731725
-1.7413960758970264
-1.7455504435246674
-1.7483844598187537
-1.7537531100268187
-1.7604234238130927
-1.7633597614672063
-1.7693410278457418
-1.7773040201846506
-1.7817354229251
-1.786341899678766
-1.7901082837531026
-1.7909079924299085
-1.791500323165666
-1.7924954203336443
-1.7929303804061458
-1.795145316111577
-1.795888504037049
-1.7939130429415124
-1.795707645057514
-1.7910686761694794
-1.7913419396044017
-1.789652664902343
-1.7893655401410227
-1.7870883341227692
-1.7883342513936291
-1.7927148378811417
-1.7941412721755985
-1.796769174616136
-1.792610394956298
-1.792794143809464
-1.7921157255168099
-1.7915542119216183
-1.7922958490410963
-1.7925194092973757
-1.7900328352331056
-1.789658459083525
-1.78816738267418
-1.786117879987524
-1.7856937446933916
-1.78558019524918
-1.7856001706777116
-1.7867093984008238
-1.7891178390499693
-1.7903517955598198
-1.7905786467353622
-1.7900551224845023
-1.7885912072972943
-1.7889536369760168
-1.7874187504252852
-1.7879148957303712
-1.7911780176360832
-1.7924322132734802
-1.7930454967471137
-1.7923700420700055
-1.7941706011566838
-1.78884216240611
-1.7852232074773198
-1.7834924484139576
-1.7815307305622854
-1.7811289809466129
-1.7810795773204056
-1.7807362910026827
-1.7801811698866985
-1.7802481960464747
-1.78205841207261
-1.7800672899228764
-1.7779377570321386
-1.774011238541117
-1.7727890342643269
-1.772147668515957
-1.7711275238894928
-1.7718801948030405
-1.7731513531162992
-1.775594566034999
-1.7790704702051514
-1.7820348587632384
-1.7858995985928887
-1.7897021566110147
-1.7916000655790125
-1.7939673113289623
-1.7956166605955388
-1.7960369993312881
-1.79952240542917
-1.8011474401317722
-1.8020836411357033
-1.8030029936873582
-1.8041765812264963
-1.8054153742203283
-1.8063676804353264
-1.8081355564079946
-1.8092023726816988
-1.8089043850414281
-1.8094271282663028
-1.8096354508632781
-1.8103596928110963
-1.8114732051132085
-1.8126991210486647
-1.8131203590180318
-1.8135401289012023
-1.814477628781912
-1.8153967856485396
-1.8167355576651187
-1.8171994154412854
-1.8175652841212304
-1.8177621506581552
-1.8178375865259946
-1.818354973957107
-1.819094418262911
-1.8198489550964043
-1.8197946522711927
-1.8206235665431787
-1.8213240491069076
-1.8217565666746982
-1.82223349629564
-1.8221066572129254
-1.8223259441311326
-1.8224883117336137
-1.822607084165081
-1.8231556796101003
-1.8238100970513413
-1.8239322269364504
-1.823988400593729
-1.8239574497726716
-1.824462601549761
-1.8248681334824592
-1.825077169797007
-1.8252156820047116
-1.8259734449459597
-1.8262488605699747
-1.827128990368237
-1.8276538350974298
-1.8279275144576903
-1.8285576958293441
-1.8291116696876415
-1.8295544413198914
-1.8301112776191193
-1.8305795297490122
-1.8312886854817434
-1.8317672632811508
-1.8321796225201963
-1.8323026550780168
-1.8325274780518468
-1.8330535436919275
-1.8335928811944795
-1.834222243279566
-1.834545201064642
-1.8348993332104258
-1.8353816165809942
-1.8362156799943607
-1.8368178420031904
-1.8371722554390686
-1.8375786434107753
-1.8377020594891025
-1.8381489970990603
-1.8389874608141767
-1.8397989439992504
-1.840427037924501
-1.8412819169373789
-1.8417232754730881
-1.8423934154886057
-1.8430551321549338
-1.84365655194787
-1.844024623089986
-1.8444576066965983
-1.845016605122203
-1.8457231676176875
-1.846075656533625
-1.8463841196482236
-1.8465344671501027
-1.846437989002825
-1.8465213316262326
-1.8466548841805495
-1.8467648119595619
-1.8469227468867764
-1.8470548946822183
-1.8472667413465669
-1.8475382102969167
-1.847821936197885
-1.8479450035793363
-1.8479628990379533
-1.8478881158068508
-1.8474589196263629
-1.8470764040252898
-1.846202975314819
-1.8455443571911354
-1.8451418565643258
-1.8449402536298518
-1.8445887430004377
-1.8445025058790456
-1.844488021580583
-1.8443653299335405
-1.8443819530889212
-1.8442086061514915
-1.8440775845469852
-1.8441337121703747
-1.8436951228398106
-1.843220849304067
-1.8428458566743864
-1.842188021262354
-1.8410449709166974
-1.8402621188759192
-1.8398972075274884
-1.8394047010184877
-1.8391101415565834
-1.838495042582344
-1.8382530688302283
-1.8376098476477216
-1.8373728723018814
-1.8361141667412195
-1.8353863623505011
-1.8347768536124722
-1.8340572655235787
-1.8333574393471068
-1.8328030256121555
-1.832509539362758
-1.8321798957120086
-1.831791178447732
-1.831211815923095
-1.8306005394384854
-1.8301970421603506
-1.8300966962385103
-1.8299994724749613
-1.830012826917816
-1.8296387056363634
-1.8296644351087774
-1.8295396372393646
-1.8299972611417485
-1.8301726780235654
-1.8303413212788557
-1.8305656274432305
-1.8306447701471675
-1.8307199635097586
-1.830368277489172
-1.830287159410732
-1.8300981738732116
-1.8291422845508503
-1.8286673825245259
-1.8282301319900005
-1.8278219815028203
-1.8276255596641182
-1.8273059663729123
-1.827250595312831
-1.827284956792911
-1.8272142323450353
-1.8277286759504772
-1.827875982471393
-1.8281155999935705
-1.8282460655346924
-1.8287216054373214
-1.8289107049096796
-1.8290416130854297
-1.829390682662653
-1.8295313998466565
-1.8290724300413304
-1.8291980124698384
-1.828936490927309
-1.828595057523353
-1.8283356609112567
-1.828346710598342
-1.8281713764301608
-1.8284005038616522
-1.8290227571920064
-1.8286396795010196
-1.8288062356736658
-1.8287379347019772
-1.8287309747258946
-1.8287219700884865
-1.8287388901177775
-1.8286591333118911
-1.8291140544033484
-1.8293353198804019
-1.8297577072871338
-1.8301171421472258
-1.8304782190124083
-1.8308651628865382
-1.830840903572544
-1.8310265339951206
-1.8309628724464464
-1.8310709644387604
-1.831220198895488
-1.8315495399992523
-1.8315790813581267
-1.8314175047882657
-1.8313675593667922
-1.8312215755016297
-1.8310524080726704
-1.8311294202551487
-1.831223331209112
-1.8314006617466305
-1.8317710808856418
-1.8322248750375911
-1.8327173166569688
-1.8330446825137294
-1.8335658644716561
-1.833992486129466
-1.8341310119452097
-1.834246225126649
-1.834357104355207
-1.8344548394102047
-1.8345055982084448
-1.8348025464707007
-1.834685513858491
-1.8346767594274347
-1.834608204470195
-1.8349112279300233
-1.8350372550336964
-1.8354242931579166
-1.8363134937105408
-1.836626487282827
-1.8370477329275516
-1.8372867751352737
-1.83737521577293
-1.8371811259455013
-1.837118126111397
-1.8372617808447258
-1.8371869307063389
-1.8375309091100622
-1.8376112634308865
-1.837921816456591
-1.8382805502352368
-1.8381461951125113
-1.838043311267806
-1.8378539689186144
-1.8377563907369339
-1.8375030199662585
-1.837235655837589
-1.8366462992335546
-1.8362254341887272
-1.8356809061708912
-1.8356234060876038
-1.8354214779007034
-1.8354294312495518
-1.8357738067866023
-1.8358619521591306
-1.835790288691058
-1.8358762080310793
-1.8354411798516725
-1.8352651321342972
-1.8352625886138565
-1.8354138705911176
-1.8354145554541013
-1.8351696471461132
-1.8352206604589452
-1.8357159131001701
-1.8360867170754134
-1.8363556312615696
-1.8367510049549638
-1.8370570368587404
-1.8375792140706502
-1.8380038711902504
-1.838344256992789
-1.838655789299393
-1.8389436121168963
-1.8392312154817627
-1.8395421208532368
-1.8399729346805842
-1.8404223431512279
-1.840651262476649
-1.8411304931251795
-1.841070368148148
-1.8412468129937396
-1.841667413170466
-1.8420359732307985
-1.8419712560144132
-1.842156038002571
-1.8422850427413129
-1.8427733457800086
-1.843240424056
-1.843333891014104
-1.8435718157312568
-1.8431625397429208
-1.8431146951363022
-1.8430441641040503
-1.8430204447952043
-1.8429982825572484
-1.8429969518959284
-1.8429523330029907
-1.8432180266756832
-1.8436256513098026
-1.843644400518779
-1.8438766806603315
-1.843932747450477
-1.8438881300839505
-1.8438747180216495
-1.8440667054292161
-1.8439410637835325
-1.8440044827373778
-1.844258282009358
-1.8447086324055892
-1.8449167482664137
-1.8451594600100554
-1.8454076098612593
-1.845732977555312
-1.8457483122771183
-1.845788837198772
-1.8457983029196907
-1.8459223328153354
-1.8457000175152871
-1.8457258427283074
-1.8458124635195416
-1.8456904810635297
-1.845676578910842
-1.8456713460085028
-1.8455390927746038
-1.8451728023005074
-1.8451199723699696
-1.8448257143627675
-1.8444062707716486
-1.8441559713610751
-1.8441968349544056
-1.8443039282764537
-1.8444668697749762
-1.844672533718347
-1.8445276353034459
-1.844669456621154
-1.845453354568506
-1.8460305434908424
-1.8463780203382996
-1.8467421430403779
-1.846872857042099
-1.8465575040939937
-1.8462629010066014
-1.8461450698482362
-1.8457912112756496
-1.8453878208015801
-1.8451107951317407
-1.8450898391542199
-1.8449628600243309
-1.8447978740490798
-1.8448916322870519
-1.8449369206628916
-1.8447868838800954
-1.844397916246998
-1.843833037176239
-1.84349220043858
-1.8428644543182229
-1.842332808545452
-1.8420648619770825
-1.8421362640550738
-1.8418931609785776
-1.8418200961309623
-1.8418466416997676
-1.8423271802785282
-1.8421813397377511
-1.8422966792087963
-1.8423748400169917
-1.8425466132938226
-1.8427043733344706
-1.8428410040133028
-1.842596493878964
-1.8423245299618083
-1.841824780431277
-1.841454350321472
-1.8410491115893395
-1.840953619731594
-1.841111403621688
-1.8410395617209108
-1.8407848913772291
-1.8406912485698461
-1.8408638364328198
-1.8401048813279317
-1.839630396826853
-1.8391052483663541
-1.839263729429348
-1.8389934700455421
-1.8388260695245062
-1.838485662396722
-1.8382619437199377
-1.8378767451276738
-1.837246989852672
-1.8372028127762254
-1.8374793881120484
-1.8373604752967954
-1.8371171813567935
-1.8371914702860301
-1.8371934452884915
-1.8368923638477075
-1.8367479282918435
-1.836378095918976
-1.8361530480519612
-1.8362309599193416
-1.8362460930181435
-1.8359082320632563
-1.8359227408812158
-1.8359215913844897
-1.8358433742097364
-1.8358441364255451
-1.835971277109418
-1.8357283912518627
-1.8358283327956364
-1.8357949962910078
-1.8355937993852205
-1.8355052503149933
-1.8354456543808475
-1.8351397080831031
-1.8351280472247637
-1.8352519045898976
-1.835153938488487
-1.8350085091262809
-1.8347296175692034
-1.8346703318269941
-1.834615339487583
-1.8343894790495014
-1.834114425873987
-1.8339372764031021
-1.834630567110113
-1.8351742318290007
-1.8352506013933576
-1.8355408179401647
-1.8359131459441569
-1.836095073651153
-1.8361839216389029
-1.8360979150902317
-1.8361236600106192
-1.8365703658145514
-1.836770328057062
-1.836733363315475
-1.8366248089469754
-1.8366660792711622
-1.836791287975231
-1.8371194094661154
-1.8365793946449678
-1.8362364561964897
-1.8362703263183127
-1.8363046595265011
-1.8364059452254342
-1.8364744589808417
-1.8368209437936003
-1.8370338550247773
-1.8371805928050453
-1.8375859017066978
-1.837537301742932
-1.8373848058843907
-1.8374058414969916
-1.8374860138007474
-1.8374975099876376
-1.8377292566691954
-1.837750553116262
-1.8380042738388733
-1.838299491768521
-1.838595475681859
-1.8392355050832023
-1.8397222166605116
-1.8403598498636102
-1.8406692390972292
-1.8407513878769555
-1.8411131352659862
-1.8414926410864065
-1.8414891145808177
-1.8414546476469817
-1.8406625778397523
-1.8402770433849531
-1.8400871859952883
-1.8398021414738963
-1.8398634047286493
-1.839716762120745
-1.8394375069842521
-1.8391467726857325
-1.8384106106576639
-1.8372727293789204
-1.8365977830993045
-1.835948820490355
-1.8355799387415328
-1.835116975939209
-1.834849181311166
-1.8346339771012723
-1.8342500177444585
-1.8337090620501038
-1.832876822334348
-1.8324729630672956
-1.8321545983013878
-1.8320336108313553
-1.8324447922559095
-1.832634632195197
-1.8325620358934744
-1.832764792271984
-1.8325869052668453
-1.8316211286441637
-1.8311899795432762
-1.830610537327141
-1.8304951600186936
-1.8303340752731392
-1.8301029705810257
-1.8300300555242837
-1.8299527427466655
-1.82985886134494
-1.8306488818038755
-1.8310908598907105
-1.8315145472014775
-1.8319270556566627
-1.8321625709798326
-1.8325395478604658
-1.832645812477305
-1.8333084711608532
-1.8340477364872676
-1.834924136849379
-1.8352639820304673
-1.8350287847341977
-1.8349366192088652
-1.8350435425014044
-1.8352990421406108
-1.8353934443362914
-1.8356389766553887
-1.8358367020970234
-1.8359434207155374
-1.8359953609854542
-1.8358120833204614
-1.835675445363495
-1.8354099708819358
-1.8354289014133904
-1.8356189963215161
-1.8356881002340655
-1.835599420349307
-1.8357313332453356
-1.8356663622244358
-1.8356369235483514
-1.835571109621709
-1.8354545349814384
-1.8358473638128094
-1.83599482719995
-1.8360992323472267
-1.8364964074208192
-1.8365810508453186
-1.836838649395518
-1.8370000525086916
-1.836935709810641
-1.8369795525316068
-1.8369182384584708
-1.8368940882391722
-1.8367792802287488
-1.8365849805249417
-1.8367252116366064
-1.8365415336033442
-1.836241295372507
-1.8360618108411615
-1.8359220103669636
-1.8356544803910388
-1.835110414735017
-1.834918151866809
-1.8346944949387638
-1.834633715928139
-1.83464648528669
-1.8342985784085422
-1.8340458319890989
-1.833653261154587
-1.8331611217168244
-1.8329184904789073
-1.8327996063625935
-1.832520387347114
-1.8319993648688382
-1.8318246517452899
-1.8314996773047245
-1.8312601086242193
-1.8311854757452484
-1.8312106531063403
-1.831210735587111
-1.8309979552552245
-1.8311624192527678
-1.8308082818857911
-1.830715215834507
-1.8306872285087479
-1.8304651075468203
-1.8305166786506766
-1.830589359217904
-1.8308163888903126
-1.8310865853900353
-1.8314416977799393
-1.832571193100649
-1.8331032364258242
-1.833766268655543
-1.8341307208386965
-1.8344155321858875
-1.8347655076194747
-1.8350435090378223
-1.8353545123303678
-1.8354780362823373
-1.8360417388486738
-1.8363353429180478
-1.8364475695678155
-1.836410185655944
-1.8359732033629097
-1.8353518138893163
-1.835023450741751
-1.8346097642623167
-1.8342444762399956
-1.8336667920440923
-1.8331410635733343
-1.8325510268944871
-1.8322856722842673
-1.831873984404328
-1.8314130705053568
-1.831084733545586
-1.8308691374767498
-1.8309201243780826
-1.8314176285086703
-1.8315168110237383
-1.831765957076677
-1.831757320746922
-1.8316095771418979
-1.8316828577406332
-1.8316523374471183
-1.8315047202156614
-1.8313581918700823
-1.8319232639050351
-1.8319418727005639
-1.832278163120052
-1.8322143883094284
-1.8326489197454965
-1.8330722414700908
-1.8331360809878554
-1.8332601361585201
-1.833348611865107
-1.8322989065969537
-1.832231114717392
-1.8316831799136837
-1.8312614104325313
-1.83079477163811
-1.8304670116927546
-1.8303693153301672
-1.8303869259534729
-1.8305350707084456
-1.8292722109873323
-1.8286305319868983
-1.8280584420146486
-1.827753209100112
-1.8276977131713863
-1.8276711905531542
-1.8273656492580113
-1.8272266094282268
-1.8270015323816207
-1.82736620061236
-1.827424431211637
-1.8273330812971686
-1.8270330047598557
-1.8269466735768487
-1.8270327663351946
-1.8271431288515956
-1.8271649372214689
-1.8269341187471262
-1.8267153062640593
-1.8267654991910403
-1.8264968699440918
-1.826439765975698
-1.826364415321103
-1.8262357740814312
-1.8262064498994623
-1.826196975076104
-1.8263479531196698
-1.8261787319296676
-1.8261259335818156
-1.8258543509469451
-1.8258138749601713
-1.825406405939131
-1.8254406853519185
-1.825118190933752
-1.8248463944737867
-1.8249551090267004
-1.8246250566345268
-1.8248105161454717
-1.8247763469664118
-1.8250133426241113
-1.8253840053770924
-1.8254388006565658
-1.8254802163618258
-1.8255937153518014
-1.8256269671776728
-1.8257332137404638
-1.8259730884247496
-1.8260875309347033
-1.8262108164329451
-1.8266447868626645
-1.8270134914668432
-1.8272743822874213
-1.8276129400539667
-1.8279349078106477
-1.8275467296702619
-1.8274331547768128
-1.8273594729003542
-1.8272841428412665
-1.8273170941679588
-1.8272589148546965
-1.8271669553244763
-1.8273548809397369
-1.8272441237584873
-1.8262396471702491
-1.8257533706658624
-1.8250759392793947
-1.8247194269033085
-1.8244507320252685
-1.8242810103664848
-1.8240333472111032
-1.823887563928607
-1.823798925316271
-1.8235797884371943
-1.8234343926940706
-1.8236579634312713
-1.8236438563370694
-1.8238375836278546
-1.8238914119995409
-1.8242109098374357
-1.824576264977357
-1.8249621426367748
-1.8245040664217622
-1.8242997228673516
-1.8241083763987935
-1.8236681095673337
-1.8233659060106078
-1.8232582812084697
-1.8230268659202953
-1.8227164049420814
-1.8227103213047264
-1.822832738572221
-1.823147312986121
-1.823251167118937
-1.8232237360356802
-1.8232517688295193
-1.8232747808805785
-1.8233723816399035
-1.8234322635764049
-1.8236452510595271
-1.8235486448565592
-1.8237634743856894
-1.8235872719968054
-1.8233903434664047
-1.8233394978737618
-1.823078906735879
-1.8226143833144104
-1.8224278920742776
-1.8223738037546962
-1.8223718538399012
-1.8222812744591461
-1.8224948968470525
-1.8227817058829185
-1.8230353326257278
-1.8234993824031076
-1.8239442864791713
-1.8245075581857078
-1.824843180508202
-1.8250276417631415
-1.825237731709813
-1.8254037296903958
-1.825748098856301
-1.825752588896336
-1.8258884568683527
-1.8260814124348401
-1.8264304476495548
-1.8266057192309948
-1.8270370521288142
-1.8276513006732056
-1.827799882068623
-1.8278687867230268
-1.8281096957402578
-1.8282284909511055
-1.8285105086125928
-1.8285375046568018
-1.828729652056395
-1.82828752961274
-1.8277402441251187
-1.8273722205974983
-1.8270803772557087
-1.8270239349746638
-1.827039490497609
-1.8268528063333693
-1.826410289182211
-1.8263494210037086
-1.8262660777868203
-1.8259848798439116
-1.8256682449067856
-1.825393389842351
-1.8257396853932095
-1.8259455768865849
-1.8262904840660992
-1.8264447760681373
-1.8267402782083575
-1.826521188108897
-1.8266379418747996
-1.8265888736616904
-1.8265317021300522
-1.8265230218524604
-1.826474622115165
-1.8267657506948458
-1.8269303527247491
-1.826917066886222
-1.8253846923750754
-1.8247847693053323
-1.824080461669359
-1.8233945760721362
-1.822707125400953
-1.8224711528066253
-1.8223003440496173
-1.821937208305302
-1.8216912649326442
-1.821120464948125
-1.820781520091152
-1.8207708858497333
-1.8205874951696066
-1.8204331620238314
-1.8203858241824122
-1.8203287830406911
-1.8202872005015795
-1.8204318919244649
-1.821014059727246
-1.8211555901472316
-1.8215823138712324
-1.8218698862460283
-1.8218900825922513
-1.8220449360224567
-1.8221961604795196
-1.82241517630334
-1.8225426953959705
-1.822551034781407
-1.8226696966089548
-1.822692637038121
-1.8227445139936016
-1.8228320939151075
-1.822780810905653
-1.8229401606382805
-1.822884544799318
-1.8228673107101898
-1.8232732237735885
-1.8233947477516335
-1.8239184947000522
-1.8243281354585152
-1.824484198118873
-1.8246642374657087
-1.8248279713872764
-1.824634934868034
-1.8248149258692397
-1.825581037045963
-1.8258600818379842
-1.826157049057999
-1.8264408462067447
-1.8266697179721685
-1.8268811843228736
-1.8270796252598576
-1.8273201151437615
-1.827669976162582
-1.8277344036882113
-1.827806622312517
-1.8276382282862453
-1.8279134890292352
-1.8280282409145354
-1.8280296183450666
-1.828043524511201
-1.8280936509041315
-1.828211484960122
-1.828770519732916
-1.8292599544199504
-1.829394467309479
-1.8294343363420158
-1.8296501006997012
-1.82948183859306
-1.8292070147901758
-1.828982695591204
-1.8289162628728715
-1.8295269416477649
-1.8297111255931977
-1.8297032066582897
-1.8297711968195323
-1.8297577241556795
-1.829701218257797
-1.8295648649878657
-1.829340236138222
-1.8291196186893661
-1.8282907453844448
-1.82772983637574
-1.8272387485741486
-1.8267303284308996
-1.8261136508288842
-1.8257793046401491
-1.8255518244559312
-1.8251344760312855
-1.8248796420054483
-1.8239488346010564
-1.8236234153577235
-1.8229829772149413
-1.822504844266783
-1.82219316400834
-1.8219282576351141
-1.821938706588926
-1.8217685928652632
-1.821400135576302
-1.8218099052965104
-1.8219082181980857
-1.8218830926342982
-1.8217906813346907
-1.8215662348890171
-1.8211842380811902
-1.8211569242358638
-1.8211633204978106
-1.821361148698431
-1.820848389245323
-1.8204518751707044
-1.8199767085169432
-1.8196581006861212
-1.8196023656279454
-1.8195871912558974
-1.8194719026852333
-1.8194255634374876
-1.8192976380724506
-1.8185221329073282
-1.8180175617838976
-1.8178187801102517
-1.8175611825608697
-1.81751115494733
-1.8173700340314014
-1.8173375445169195
-1.8170783815044889
-1.8170350082557967
-1.8169982664946787
-1.8168464623788874
-1.8167800253008168
-1.8168282454993419
-1.8166710354513487
-1.8163915311394696
-1.8164459236044028
-1.8165109346389123
-1.8168256368218607
-1.816249765847618
-1.815870574099324
-1.815796432211912
-1.8157970808705401
-1.8157183214451162
-1.815381657764202
-1.8154618163148515
-1.815359719838595
-1.8153232840662508
-1.815158539823683
-1.8148826975082868
-1.8146893646495545
-1.8144197871352212
-1.8144041519874907
-1.8146430636524649
-1.8148031119732835
-1.8150461490361256
-1.8152102584154797
-1.816166593650226
-1.8168169275224362
-1.8171191358784906
-1.8175931255610929
-1.8182233541305404
-1.8189100573059986
-1.8193442300310665
-1.8199286122451888
-1.820370938513055
-1.8207391895657477
-1.8211909969411704
-1.8214794643965841
-1.821724411695784
-1.8218450145967064
-1.8220660897257324
-1.8222780040705435
-1.822387137617283
-1.8223409898171787
-1.8218024925390182
-1.8213218989477682
-1.8209933133702627
-1.8210094904848908
-1.8209497187387613
-1.820749131515819
-1.8204759382763773
-1.8202787717302782
-1.8203025981352843
-1.8200286342594525
-1.8197109159684697
-1.8195623305014987
-1.8195411860230088
-1.819481909835354
-1.819480622589832
-1.8196650045511882
-1.819771120378844
-1.82004234204868
-1.819208507031516
-1.8190306008359418
-1.8190391838617899
-1.8189416520055264
-1.8188807778718779
-1.818808875030954
-1.8185922558692758
-1.8184276285008991
-1.8183063919944242
-1.8190966303735097
-1.8195729517397996
-1.8199995023104079
-1.8203059452118815
-1.8205696133897469
-1.8205501217777922
-1.82078202374697
-1.8208568795619169
-1.8207250715494823
-1.8202815288801137
-1.8201513282717354
-1.8201348329594254
-1.8202440281037664
-1.8201205480407072
-1.8198044812199516
-1.8198420266929973
-1.8196262805131527
-1.8195496716044897
-1.8189431683359507
-1.8185443336280842
-1.8185402985437733
-1.8181062630736824
-1.8180021669108462
-1.8177619710279747
-1.8175755403781082
-1.8175615692333362
-1.8174845083992295
-1.8171442219154994
-1.817037128749951
-1.8169503231422268
-1.816522110830648
-1.8162667897917597
-1.8159664542390972
-1.8157735632295087
-1.8157191198324985
-1.8158425865851144
-1.81663724492474
-1.8170668240337742
-1.8174267409853126
-1.8177677432851345
-1.8181450256615583
-1.8185369870525931
-1.8187136334910967
-1.8190073225593189
-1.819339276130078
-1.8197594304986948
-1.8197983704176532
-1.8199871695472822
-1.8203536080319818
-1.8203546982606877
-1.8202945100690673
-1.8206111707401238
-1.8205159238834856
-1.8203857905080696
-1.8198274436817379
-1.8193221144162708
-1.8190639168551386
-1.8184685775755947
-1.8180434840145374
-1.817469786050637
-1.816985373156968
-1.8166927812148408
-1.8161345358836847
-1.8157588067373511
-1.8155439185350009
-1.8154255144714675
-1.815093829465261
-1.8148445455970261
-1.8148380555402994
-1.814567145735116
-1.8143725494378986
-1.8138972260906894
-1.813231805186014
-1.81283863479207
-1.8127193443912184
-1.8125160677746122
-1.8125157058228043
-1.812589595465532
-1.8128172788288026
-1.8128852071266544
-1.8130534020143336
-1.8127952490150474
-1.8126872836144965
-1.812542170964144
-1.8125581339632593
-1.8122359718932473
-1.8120398750686328
-1.8118243532213008
-1.8117458087571283
-1.8116259249003688
-1.8108249908415714
-1.8103339274300871
-1.8099261963289948
-1.8094732843856682
-1.8091400404346045
-1.8089305331539165
-1.8086817966211488
-1.8084149856066543
-1.8084566876815245
-1.807936577062294
-1.807744401929404
-1.8075228499641594
-1.8073052971390435
-1.8073114038111504
-1.8073839992058467
-1.8076542614409934
-1.8078181436604608
-1.8080229823093195
-1.8079130707903683
-1.8078759568293525
-1.807956477091458
-1.8080943768007494
-1.8082474698261335
-1.8084470949320668
-1.8086948178225672
-1.808690120862911
-1.8086077536797367
-1.8089914066487978
-1.80923866738532
-1.8096074870308072
-1.8099665642827798
-1.8103104087884894
-1.8104684180475257
-1.8106974444301482
-1.8110217494573508
-1.8112924102282826
-1.8115508546251367
-1.8117977348611387
-1.811957504780833
-1.8119433214157983
-1.811872661593375
-1.8118059298915643
-1.8116752944986552
-1.8117247200128694
-1.81193528792679
-1.8120558884240783
-1.81204140351394
-1.8122539111470308
-1.8122273525916917
-1.8122034520619408
-1.8122917399471614
-1.8126479022496904
-1.813041474362522
-1.8133461391284023
-1.8131089135210676
-1.8132430110627247
-1.8135272326013698
-1.8135905310036522
-1.8135748331933286
-1.8138196776158526
-1.814139106713229
-1.814545316411108
-1.8148018148687017
-1.8150182206976389
-1.8152696153834071
-1.8155127481864646
-1.8154241149402317
-1.8154374574869714
-1.8154847211395844
-1.815455920183765
-1.8154891556533084
-1.8156802135391554
-1.8147099240412772
-1.8144670614678207
-1.8143450429159473
-1.81404388030683
-1.8137432187465399
-1.8134354074794228
-1.8132410525445628
-1.813235247277911
-1.8132315578925695
-1.813414030886995
-1.8135882600523978
-1.8137052627174366
-1.8137916171822714
-1.8139740087022578
-1.8141644127678793
-1.8140822313970097
-1.8140613617075536
-1.8140028145155913
-1.8144031027053173
-1.8145609461718577
-1.814738300979183
-1.815005324108388
-1.8151411289721102
-1.8151141147369756
-1.815123311767339
-1.8152750988080688
-1.8154785452897153
-1.8152158600714456
-1.8150428486227923
-1.8148063683013398
-1.8147085838770802
-1.8145924442154968
-1.8147195488587862
-1.8146213971048522
-1.81460904347482
-1.8146069051884972
-1.8143909806009635
-1.8141456294435727
-1.8141231483839064
-1.8139261812777476
-1.8137717692561317
-1.81367476778788
-1.8134866046256286
-1.8135355342371546
-1.813769307801693
-1.813882119534749
-1.8140393099784127
-1.814125966174882
-1.8143002241498873
-1.8144549646477242
-1.81462918266604
-1.814592029297221
-1.8147526641757443
-1.8150384064896616
-1.8152419463774117
-1.8153224736818234
-1.8153050251000327
-1.815253976058207
-1.8153188157415243
-1.815460039838707
-1.8156234061076943
-1.815659481058961
-1.8156695360615582
-1.8154605694690662
-1.8153588518092352
-1.8154853154070993
-1.8153715790576346
-1.8152571488657523
-1.815405948735928
-1.8154107209854968
-1.8154590502104384
-1.8155417360610226
-1.8158137474612168
-1.8161727115378674
-1.8162772193751981
-1.8163170770318349
-1.8161918472643255
-1.8161102391235444
-1.816028963325343
-1.8160241881994166
-1.8160712403650294
-1.8153815170093235
-1.8149643066965233
-1.8145502767936108
-1.8142527451749864
-1.8140174250091459
-1.8137304781783854
-1.8132617839707332
-1.8129658588163953
-1.8126268570099093
-1.8122954423911917
-1.8118749928111288
-1.8116568758947482
-1.8113329372763698
-1.8113202922112814
-1.81123543011248
-1.8112053677273625
-1.8112806985484837
-1.8114032925230703
-1.811278830517039
-1.8114910438437601
-1.8117452116627553
-1.8119865254699092
-1.8120739004006232
-1.8120947615030094
-1.811971590248592
-1.8117955014729734
-1.8118082052153408
-1.8120508474215413
-1.8120603506175932
-1.8121131551148586
-1.812261105996577
-1.8124173095975558
-1.8126591647931691
-1.812582275439888
-1.8127388366160195
-1.8127834109595355
-1.8132148711085592
-1.8134005819893524
-1.8134727582449404
-1.813669255198792
-1.8138687055702798
-1.8140129823001365
-1.8143609470861053
-1.8147033474846122
-1.8150149841821117
-1.8155367642788356
-1.8159401329505602
-1.8162148941943936
-1.8164633909286911
-1.8167869204983615
-1.8171394682139344
-1.817343191307421
-1.8175055193891936
-1.8175477760701195
-1.8177910170832057
-1.817603187033493
-1.8175641782316336
-1.8175501312196012
-1.8174232959960122
-1.81733528377932
-1.8171855046089418
-1.8173522516310114
-1.817075847739801
-1.8166815687162459
-1.8163589519489005
-1.81608155686325
-1.8160664893376346
-1.816139331850217
-1.816272510148065
-1.8164577470084897
-1.8166547561851567
-1.8169008975494727
-1.8174434293676256
-1.8177670202093068
-1.817958288334033
-1.8182206266212588
-1.8182484227970999
-1.8185246475367058
-1.8187645067088687
-1.8189306602185524
-1.8191899763069033
-1.8195583562655913
-1.8197947225985114
-1.8201125407589658
-1.820256882161144
-1.820234662298337
-1.820257854764309
-1.82030608545886
-1.8206381331561108
-1.8209864723105464
-1.820551675768753
-1.8205000538346472
-1.8202248612998773
-1.819882078399635
-1.8196419077274772
-1.8194845790311527
-1.8193051170350767
-1.8190654058718
-1.8190867123506038
-1.8193030749528425
-1.819322628682815
-1.8192163843632239
-1.8190190072026826
-1.8189741510691408
-1.8189730050715351
-1.8187977545096767
-1.81875765010857
-1.8187774479038419
-1.8188934938805044
-1.8189441821440269
-1.8190020335491948
-1.8190124305696933
-1.8192205824522176
-1.8192971689807163
-1.8194297753194963
-1.8195408478535453
-1.8194397559522264
-1.819659522215604
-1.8197991421649942
-1.8200209048166045
-1.8202029443744383
-1.8202462347169606
-1.820154663323102
-1.8202766131833024
-1.8203672103898196
-1.820597363646745
-1.8213688487837352
-1.821747367890482
-1.8221617786066464
-1.8223940439687982
-1.8224785744923964
-1.8227201297806637
-1.8229018602286848
-1.8229833941859415
-1.8230474492783284
-1.8231578406492392
-1.8231183637473791
-1.8231455725733465
-1.823090073916043
-1.8230075497167448
-1.8228863255925656
-1.82286726089258
-1.8228378166018977
-1.823017346769139
-1.8229654421906372
-1.8230801628230335
-1.823026478587206
-1.8229127469259572
-1.8229940410202985
-1.8229960728273749
-1.8228756280272347
-1.8228384075461213
-1.822720143660602
-1.8224021523957414
-1.8221352602367435
-1.8219487151842115
-1.822058895296647
-1.8221765502147005
-1.8222208418184815
-1.821968066494655
-1.8217285010781856
-1.8214556934377149
-1.821299446601808
-1.8212731597509508
-1.8211237302748113
-1.8209288093053082
-1.820705433663023
-1.8205705808070913
-1.8203066114870918
-1.8202023461771724
-1.8199452703122592
-1.8198164733083135
-1.8196787335230582
-1.8195923598762518
-1.8194615492628892
-1.8191104755087781
-1.8189214922899881
-1.8187208247595141
-1.8184376998773442
-1.8183069690191562
-1.8182322379452753
-1.8181689251138706
-1.8180447353798919
-1.817899157304555
-1.8176945747239817
-1.8177014131063212
-1.8177563578037634
-1.817815592565493
-1.8179215820134278
-1.8178250857340845
-1.8179061694868344
-1.8179455143465486
-1.8181133517130457
-1.8181985990152516
-1.8182857192000261
-1.8184955610791775
-1.8185714541148712
-1.8186840094410153
-1.8184573353900344
-1.8185767409407252
-1.8186926282451246
-1.8188156323505513
-1.8190824090932383
-1.8191913388288647
-1.8191885843994686
-1.8193100703158078
-1.8194224888663186
-1.8199978967274077
-1.8201793342364017
-1.820534821265581
-1.8205457671390974
-1.8205622371617736
-1.82065151276431
-1.8207092400156049
-1.8208565724598926
-1.8209240645865428
-1.8206556729839967
-1.8205565246468263
-1.820473465584951
-1.8204628758366808
-1.8204670287943407
-1.820431979415894
-1.8205688387435508
-1.8206028658312452
-1.8206136275023
-1.8204255438244168
-1.820474853012078
-1.8203996070964814
-1.8202504896480012
-1.8201054629883044
-1.8198918310996781
-1.8197953740175572
-1.819818710779004
-1.8197058135705866
-1.8195546816022266
-1.8194276748701406
-1.8193213250416553
-1.819163898036096
-1.8190768748452466
-1.8189193505103602
-1.8187470581085217
-1.8186317754504164
-1.8184443028512323
-1.818034230769663
-1.8178145830182835
-1.8177530645551574
-1.8176114627877447
-1.8175503633785326
-1.8174525821930676
-1.8173893659821931
-1.8174321610764788
-1.8175658650878106
-1.8172994331603132
-1.8171911376421015
-1.8170549199754962
-1.8169163548535223
-1.8167862490518267
-1.8166962546935317
-1.8166227624911875
-1.816593028473261
-1.8165169667064032
-1.816321597586067
-1.8161061549214292
-1.815976299753552
-1.8157365221716806
-1.8156967659934613
-1.8156712462428448
-1.81557670796571
-1.815369625421073
-1.8153191731397242
-1.8153663861267226
-1.815449566325418
-1.8154309235807446
-1.8153364977015425
-1.8153765141502713
-1.8153989941890707
-1.8154225960753996
-1.8156078956783608
-1.815736211188727
-1.8159872504147285
-1.8160402490884469
-1.8162296422826696
-1.8164819392064009
-1.8166960859259493
-1.8169221892917065
-1.8172012145537113
-1.8174264476695992
-1.8176170264365041
-1.8174305030538518
-1.817449733008387
-1.8175330507343908
-1.8177523508828521
-1.817852621899765
-1.8182081860335328
-1.8183172888486954
-1.8185130864187975
-1.8186597344120436
-1.8188953259486265
-1.819200786032579
-1.8194319452619354
-1.8197956181697659
-1.8200370413348195
-1.8202714526859938
-1.8204410671669067
-1.8206862961726822
-1.8207056041496201
-1.8206762705164727
-1.8206789896022546
-1.8208462392044205
-1.8211314165656767
-1.8212359196408192
-1.821438734879817
-1.8214799177251575
-1.8215918415767387
-1.8217278994363049
-1.8222845752802985
-1.822538875521485
-1.8226263105289522
-1.822746660650527
-1.8229540079137518
-1.8230766601456534
-1.823245466921355
-1.8235422323426989
-1.8237885155945934
-1.8238271198015574
-1.8239724182828392
-1.8240663109983217
-1.8241158208203199
-1.824189266637471
-1.8242423080195447
-1.8241780499536677
-1.824116501615486
-1.824094915210548
-1.8241670532989236
-1.8241253878506247
-1.824126007441473
-1.8239752589870786
-1.823998202036887
-1.8240560571578488
-1.8239378875453334
-1.8239290166305178
-1.8238801970721914
-1.8241536894015564
-1.8242287859130872
-1.8243392742098707
-1.824329233653416
-1.8243289085665555
-1.8242542861646218
-1.8243766225780338
-1.8244855752704534
-1.8245665769026977
-1.8242690893483726
-1.8241674358880624
-1.8241776960561171
-1.8241843956141703
-1.8241006858576485
-1.8240554118330259
-1.8239975523531191
-1.8239597143062987
-1.8239814540975796
-1.8234578240926886
-1.823309733315088
-1.8232254096393719
-1.8233101754508727
-1.8234230580960507
-1.8234327478963703
-1.8233806454554073
-1.8233966747236179
-1.8234743230129817
-1.8229746515232204
-1.8228190864163754
-1.82276311194388
-1.8225933958591856
-1.82262093547187
-1.8224927571730778
-1.8225190010755838
-1.8224825536846698
-1.8225497241057835
-1.8226239050961615
-1.8226951900158765
-1.8227534488428236
-1.8229808554825997
-1.8230609469524468
-1.8229989294158664
-1.8230923592302357
-1.8231388389409897
-1.8231496539677245
-1.8235448227440703
-1.8236926768656183
-1.8235757599304165
-1.8234528103377208
-1.8234777569040983
-1.8234790428823506
-1.8234794575297426
-1.823478082345033
-1.8234727567345173
-1.8231526617844345
-1.8230658142770675
-1.8229387508318908
-1.822674828108223
-1.8224591834111459
-1.8222799908384797
-1.8222296343928175
-1.8221062293130652
-1.8220750370411565
-1.8213754095834327
-1.8210723043882677
-1.820692385953624
-1.82039281761424
-1.8201408709851368
-1.8200100739696738
-1.8198620982598381
-1.819730593867397
-1.8195982969025755
-1.819555046781482
-1.8195746397799706
-1.8194997597609646
-1.819517668144793
-1.8195219554590985
-1.8194395896938662
-1.8194243294178294
-1.81943835188041
-1.819276464295471
-1.8194789593685867
-1.8196016330537443
-1.819678256229406
-1.8197826772682066
-1.8198219530393616
-1.8198421204511674
-1.8199792745628336
-1.8201477916978852
-1.8203779384107641
-1.820254230299436
-1.8203077186834147
-1.8202626014809222
-1.820346757057847
-1.8203369961211688
-1.8202631926936685
-1.8200640931666834
-1.819967610030328
-1.8199260911778197
-1.8195992756704358
-1.8193638905416647
-1.8192165733285812
-1.8189924642382251
-1.8187123913709486
-1.818452945257036
-1.8183413104437056
-1.8181879541338335
-1.8180821653797015
-1.818039341916508
-1.8179402591862448
-1.8179241738269025
-1.8179288411410195
-1.8178571002504322
-1.8177691615596523
-1.8176410651945758
-1.8177079002629852
-1.8176023237388843
-1.8172133722996329
-1.8169943849098367
-1.8169002846186029
-1.8166851021871278
-1.8165775805112805
-1.8163941287205383
-1.816317316210405
-1.8162937162572768
-1.8162055657571117
-1.8159917555779785
-1.815803256421158
-1.8156545162862063
-1.8156844726482368
-1.8155898292610069
-1.8155272863751692
-1.8154769979814098
-1.8153827596620384
-1.8153250171511885
-1.8156576143782797
-1.8157419326900428
-1.815891230579844
-1.8160513906859777
-1.816200660833004
-1.816331600418667
-1.8163610039962836
-1.8165501969650284
-1.8166210414244668
-1.8165197542950242
-1.8165023453101938
-1.8165356555478898
-1.8165733884826387
-1.816642254614022
-1.8166168963486136
-1.8166480684731792
-1.8167541787637347
-1.8167949281145672
-1.8170172765566015
-1.8170906620329494
-1.8172653785439483
-1.817432802626992
-1.8175318090431904
-1.817633235320865
-1.8177460481926904
-1.8178543976894599
-1.8178781607173524
-1.8180901298215275
-1.8181375071425585
-1.8181434166162116
-1.81817177988487
-1.8183131179624252
-1.8183777410801085
-1.818451751813518
-1.8184916125066088
-1.8186027363269448
-1.8188118092615493
-1.8188343285421624
-1.8188466643756105
-1.8189188585813383
-1.818886384388487
-1.8189428777667394
-1.8189895999978443
-1.8190954141593014
-1.8191844364117813
-1.8192615506829224
-1.8193866302906974
-1.8193572112541545
-1.819395607332443
-1.8195708552111147
-1.819643918300186
-1.8195144786561273
-1.8195296778850938
-1.8194723972935556
-1.819318536063868
-1.8192204881291838
-1.8191948486838536
-1.8191388302410212
-1.819067213217311
-1.8188953618996384
-1.8188697240618523
-1.8189584734903104
-1.8188788702198717
-1.8187723891134404
-1.81875391688234
-1.8186960132786465
-1.8186621540594636
-1.8187572115761894
-1.8187960347393377
-1.81874626231924
-1.818651318292389
-1.8187003857545374
-1.8192006640643548
-1.8194669880909382
-1.8196838675925957
-1.8198582159507317
-1.820026316760434
-1.8201698453163175
-1.8203866160573048
-1.820528445190929
-1.8205902317375287
-1.8207274808862568
-1.820807811968297
-1.8208299396307825
-1.8207971838351202
-1.8208013950133417
-1.8207550761368456
-1.820769564605041
-1.8207664424241816
-1.8208169278055355
-1.8209652225423187
-1.8210469607126754
-1.8211075601891942
-1.8212098160958483
-1.82137513879149
-1.8214291456061007
-1.8214794458823889
-1.8215356127600295
-1.8215439915366225
-1.8216512275074053
-1.821691570419367
-1.8215620638437098
-1.821565364710039
-1.821549831044748
-1.82159789225151
-1.8216315041210376
-1.8215846436392298
-1.8216348362404757
-1.82174479137523
-1.8217829415144091
-1.821919824356013
-1.8219438095953093
-1.8219537436931112
-1.8219963962331656
-1.822033703100607
-1.8220644478588195
-1.8220998612822175
-1.8219789937625492
-1.821950702300908
-1.8220508595477638
-1.8221045759795078
-1.8221503437401598
-1.8221637026878057
-1.8221216344511426
-1.8220402363900685
-1.8220249598009939
-1.821992952280807
-1.821922248769672
-1.8219648350421804
-1.8221219276474285
-1.8221598689799272
-1.8221100821227898
-1.8220805464560088
-1.8220687406123481
-1.8219502370478686
-1.8218661851656446
-1.8217391923205046
-1.8215681528749201
-1.8214253503695315
-1.8212868550188812
-1.821127989638632
-1.8210740326112607
-1.8210532660520062
-1.8210457772348645
-1.8208226313856573
-1.8207369326523084
-1.8208058093093493
-1.820767394660507
-1.8206449818525379
-1.820538737217385
-1.8204078102919647
-1.820329906507488
-1.8203197264428272
-1.820435583920904
-1.8204907029553883
-1.8205275551182953
-1.8204868950765398
-1.820501298199525
-1.82047578999457
-1.8203967554675575
-1.820397613915395
-1.8205002326099002
-1.8203032498681335
-1.8201883894066757
-1.8202044166492126
-1.8201936891441566
-1.820246277474794
-1.820229572538424
-1.8202323393346191
-1.8202303059344274
-1.8203020531075078
-1.8202094409603387
-1.8200917940169756
-1.8200779271367435
-1.820086015653329
-1.8200523940219338
-1.820003402220215
-1.8199218388614629
-1.8198665495925201
-1.8197773451270371
-1.8195521748621577
-1.8193834348971485
-1.8192070482487743
-1.8190875617781301
-1.8189596473412237
-1.8189680404495414
-1.8189156013065773
-1.8190634506641867
-1.819105354301657
-1.8193355455977176
-1.8193826586173223
-1.8193736780917753
-1.819350101688757
-1.81930912795956
-1.8192520875770875
-1.8191478842843807
-1.819113278352095
-1.8190579342061717
-1.8189171190358404
-1.8188096486648107
-1.8187426653587753
-1.8187208277437719
-1.8187955353238727
-1.8188021308420808
-1.818947096076126
-1.8190899675169916
-1.8191341439836848
-1.8192315016542393
-1.819246405934163
-1.8193383210692111
-1.8193445841815612
-1.8193941985265132
-1.819498427391902
-1.8196064297055896
-1.81969898200187
-1.8197108569626395
-1.8197392498566274
-1.8198649790345474
-1.8200071064944574
-1.8200764548247423
-1.8201294320474364
-1.8201815162768682
-1.8202113192679008
-1.8202474943675533
-1.8203445929286917
-1.8206923510173054
-1.8208648596516477
-1.8209690164323493
-1.8210505858630508
-1.8211878112901883
-1.8212522833923863
-1.821318771536302
-1.8213378557003264
-1.8213271057901415
-1.8211580053370335
-1.8211386683180943
-1.8210449977333543
-1.8210470305540196
-1.821039800314507
-1.8210444533292478
-1.821023878025743
-1.820923584592941
-1.8208749474732244
-1.8207006582280787
-1.820583843745587
-1.8205675848808582
-1.8205442184100535
-1.8205457191458894
-1.8206060272833617
-1.8206353602304033
-1.82067258739039
-1.8207066319501812
-1.8208436212548393
-1.8209002620839077
-1.8208997916541811
-1.8209400986154745
-1.8209269499732248
-1.8209821959872656
-1.8209357884618302
-1.8208269002961694
-1.820806791121357
-1.820665649124999
-1.8205780730443901
-1.820485967086558
-1.8204461936713112
-1.820445142399502
-1.820451393099147
-1.8204639981014428
-1.8205230032957902
-1.8205355389694826
-1.820715403074501
-1.8208130723028129
-1.8208830381711938
-1.8209858927546982
-1.8211065403975892
-1.8211858992194452
-1.8212837156227426
-1.821306059723599
-1.8214005864812979
-1.8213275036736594
-1.821375428850736
-1.8214258239939156
-1.8214631398837902
-1.8214975258501223
-1.8215371182399347
-1.8215803974257956
-1.8216646248802484
-1.8217165752270512
-1.821567133960887
-1.8215470887491492
-1.8215030888449324
-1.8214750711175967
-1.8215125475277592
-1.8215006043672386
-1.8215030631060316
-1.8214898919450262
-1.8214850764289185
-1.8213611215786718
-1.8212599237279037
-1.8211730477341597
-1.8211587435210204
-1.821183353604282
-1.8212329660865711
-1.821201286872282
-1.8212276235144154
-1.821243165421458
-1.8211071345705576
-1.8210515059467323
-1.8210461284868222
-1.8209568521535726
-1.8208771868983515
-1.8208316169668646
-1.8207531439363474
-1.8206897553063648
-1.8206675200713451
-1.8206019611988964
-1.8206236050051032
-1.8204889086964255
-1.820394900203352
-1.8202968902994698
-1.8202348636311163
-1.8201333238216606
-1.8201538230242171
-1.820125654546982
-1.820236280020372
-1.8202557331208702
-1.82026510539444
-1.8202995422277752
-1.8203296617303562
-1.820409119424012
-1.8204839027107436
-1.8205012963682836
-1.8204898349744791
-1.8204084279265373
-1.8203648565579023
-1.8203308874373774
-1.820339246922467
-1.8203447526843863
-1.8203798656042542
-1.8204056813262
-1.8204680919484868
-1.8204971421302754
-1.8204715238475293
-1.8205062851674152
-1.8204943519825463
-1.8205995238357326
-1.8206882944238716
-1.8207560081726728
-1.820855114063706
-1.8209370406817398
-1.820951080476455
-1.8209208450455534
-1.820946659971984
-1.8209458655503463
-1.8209111220467975
-1.8208629135715306
-1.820842518397211
-1.8208429721285384
-1.8208786256577623
-1.8209350953883028
-1.8208359792864683
-1.8208055806169223
-1.8207793585129177
-1.8207214470378823
-1.8207244473112159
-1.8206543186968298
-1.8206787550551342
-1.820619747612337
-1.8206138328838488
-1.8207976780586146
-1.8208645727848591
-1.820952141722793
-1.8210318389608415
-1.821093606244644
-1.8210836272765212
-1.8211108859836438
-1.8211473531871558
-1.821167331363047
-1.8211935089441962
-1.8212117839898745
-1.8212776557307533
-1.8213214281067787
-1.821341869955462
-1.821400574430916
-1.8214316011615894
-1.821479932853509
-1.8215074419410107
-1.8214551942087915
-1.821464562637474
-1.8214735020664559
-1.8214611991644694
-1.8214618032914391
-1.8214599834835543
-1.8214622338869055
-1.8214744938845149
-1.8214902779275406
-1.8214546721882392
-1.8214578201764848
-1.8214713647039729
-1.8214730359970772
-1.8214626005374184
-1.821466453647737
-1.8214826221577767
-1.8214341626273216
-1.8214119600109495
-1.821373707391733
-1.8213667646689033
-1.8213065061148868
-1.821292920552189
-1.821251980440809
-1.8211975186869889
-1.8211765858715359
-1.8211812085695094
-1.8211901190741397
-1.8210512473961622
-1.8209995067362386
-1.8209583740356283
-1.8209530055167615
-1.820888868926903
-1.8208530091849575
-1.8208327999077618
-1.8208091909389459
-1.8208040762605961
-1.8207572295013972
-1.8207175365306194
-1.8206895018633695
-1.8207030275851093
-1.8207177641977224
-1.8207387928701078
-1.8207193526518708
-1.8207360999422904
-1.8207693330547754
-1.8207134131761107
-1.820702847457348
-1.8206595133737693
-1.8206374917626824
-1.8206007766164565
-1.8205989560738676
-1.8206177553344258
-1.8206223488442816
-1.820652755458462
-1.8207191044046407
-1.8207581878968295
-1.8207820909686674
-1.8208232149906003
-1.820836529163012
-1.8208282317135775
-1.82084588301876
-1.82084309456691
-1.8208323011753613
-1.8208065535700613
-1.8207973141124343
-1.820810629537391
-1.820793917870704
-1.8207963029888317
-1.8207679683525972
-1.8207438108462275
-1.82070802157734
-1.820691194753726
-1.8205389615777812
-1.8204693496012696
-1.8203943718376567
-1.8203340128187149
-1.8202722634237138
-1.820190864441259
-1.820138826137531
-1.8200961145532162
-1.8200235589445286
-1.820021036376298
-1.8200019586519398
-1.820002327037268
-1.8199525278439068
-1.8199641211147648
-1.8199789885619018
-1.8199564367349517
-1.8199570267023404
-1.8199484020322636
-1.8200271355190685
-1.8200462102492703
-1.820078966379952
-1.82011373284963
-1.820119042419586
-1.8201416683500948
-1.8201534325349946
-1.8201805251768624
-1.8201983112361642
-1.820157024423974
-1.8201329541960165
-1.8200961751740257
-1.8200659511295496
-1.8200501720012472
-1.8200781550331195
-1.8200956993989044
-1.8201174284118888
-1.8201484141798463
-1.820147057432643
-1.8201363755295645
-1.8201494224421364
-1.8201864833382981
-1.8201904430798628
-1.8201972343597859
-1.820205912293865
-1.8202151774737556
-1.8202192187656738
-1.8202164993244179
-1.8202345231534256
-1.82024184815942
-1.8202318804379054
-1.8202286263392466
-1.8202317854113605
-1.8202565722151558
-1.8202727401314183
-1.8203061289217208
-1.8203194372143192
-1.820343466072625
-1.8203539657049153
-1.8203588348569177
-1.8203624032253625
-1.8203767886458282
-1.8203900404586177
-1.820395855078753
-1.8204149751074088
-1.8204157835865429
-1.820433447242064
-1.8204387532610344
-1.8204694809371003
-1.820489617069913
-1.8204899099043101
-1.8204973016235364
-1.820495520110107
-1.820509781730791
-1.8205281240213849
-1.8205488699792556
-1.820572153270895
-1.820592842710015
-1.8206202840697925
-1.8206254765747143
-1.8206426060151155
-1.8206663078035745
-1.8206746352768646
-1.8206635344973436
-1.8206858083058979
-1.8206977055320752
-1.8207153090815773
-1.8207214731899934
-1.8207312017072732
-1.8207183668070386
-1.8207160123064305
-1.8207043100472908
-1.8207399812296021
-1.820760810943465
-1.8207776665986166
-1.8207834216422671
-1.8207951158391575
-1.8207893840186233
-1.8208039874799953
-1.8208040755236166
-1.8208092035608476
-1.8207967336613613
-1.8207997590210316
-1.820797997961984
-1.8207870035420104
-1.8207825540503517
-1.820771782873263
-1.8207681818929686
-1.8207657522045508
-1.8207647243902267
-1.8207348293705596
-1.8207312199360814
-1.8207242044053604
-1.8207281966542859
-1.8207266892894614
-1.8207224584465926
-1.8207276507550967
-1.8207286715480056
-1.8207259075702569
-1.8206933751415242
-1.820679785306884
-1.8206722889897737
-1.8206607874356735
-1.8206550060788151
-1.8206503139003143
-1.8206558200884757
-1.8206594188567446
-1.82065850667239
-1.8206500325368562
-1.820647694346806
-1.8206417256794107
-1.8206431816899629
-1.8206388254326733
-1.8206385037116561
-1.820637669513931
-1.8206346950098624
-1.8206318735396183
-1.8206491127302062
-1.8206541119987765
-1.82065742440112
-1.8206574408170904
-1.8206580240370733
-1.8206559320683589
-1.8206549039888067
-1.8206519890601
-1.8206463325146611
