0.4718587746627066
0.6669124423961195
0.5548172757476801
0.6502678040072886
0.5298440979957801
0.38124031007757553
0.48447276940904366
0.5488049138736848
0.35720820807724607
0.4730282181674383
0.5258355996138872
0.4670705078538032
0.5552107772647924
0.41883356574528735
0.49440055560378615
0.6153670249255605
0.4779962546816303
0.4775450778362627
0.47279754959152764
0.4817518248175709
0.4527845036319758
0.5644031747678295
0.38461538461540024
0.5611539221497794
0.4505928853754356
0.5075795856493095
0.5363675555828467
0.4916633741603743
0.4998767359684274
0.4351773785589794
0.3915219534389936
0.49346663158828535
0.47572574642305
0.3566522122874907
0.4703174603175476
0.45376931614444577
0.43980140670251117
0.47732324142491667
0.5216492180431359
0.5085447682952327
0.4402279963027484
0.5780029554569514
0.5299849711543088
0.48904036353918484
0.3796409737389177
0.5257261190463585
0.5373580977783208
0.49651932375431984
0.5180556620409136
0.4928518848553432
0.5592535259718271
0.5192133629556124
0.5633137425831983
0.5458900655572031
0.5793246753246301
0.5643765700386981
0.5841613842727643
0.5913900696390961
0.5449520586576492
0.49110449090961017
0.6295676341471327
0.5727098182583459
0.5507455324960829
0.4540507490064116
0.6070274636510128
0.57595445177967
0.4511554823132359
0.550064796928889
0.5844052201671188
0.5673131479857756
0.6113895483455242
0.5274069066531231
0.6187153851686622
0.5337658311929522
0.4893575185567701
0.5024652432443895
0.4663134150493593
0.48319117952988
0.5603670844481843
0.500343700226343
0.5870466438619921
0.6045380390043672
0.618383313816351
0.6415077929307088
0.635103011093492
0.6358273551906258
0.5392957836729343
0.40197461212975116
0.5119215161162468
0.4978954541810531
0.3953586497890183
0.44380063308118683
0.5040728249685656
0.3880717105428509
0.4389296057686705
0.380577023739867
0.40406327640973616
0.5713220715362014
0.5936455145328784
0.4769176202654408
0.4922746463224899
0.5165062011791268
0.5330528065663906
0.5205566159962841
0.5414384617838861
0.4390390023230226
0.4817516319141803
0.5312634865832336
0.47779580554054046
0.5181881146973373
0.46074438202247575
0.47280174327104973
0.4806745261901129
0.5101600803355177
0.4624698298552909
0.3799418011973392
0.5680249363648157
0.44455372225949835
0.6467965324830683
0.6242209494223787
0.5653557907749339
0.46442127575667336
0.544939549511083
0.5408626187580206
0.4741317114942518
0.6282105840179467
0.6796236995725351
0.6189164711821072
0.6734108366680468
0.6613782363246996
0.5769367023949672
0.5641855094302557
0.5989272943980832
0.5792677738499556
0.5754459210605045
0.6216649424626697
0.5979287747243567
0.5181407743258833
0.48947010490875187
0.4836841693403188
0.46654009160196586
0.5595849246744974
0.36327873022794993
0.37200143528526664
0.5460149473569286
0.5212934437467057
0.42153551408501183
0.5258572724293181
0.3844663890008502
0.4951686812195618
0.5216400911161749
0.49624863297642047
0.40039834791986195
0.48455618562666947
0.482365059482558
0.4219286024598192
0.39684217234749625
0.5382215288611503
0.45974711304526233
0.6042629220697622
0.49062838893680566
0.5743203605931635
0.38379031554819854
0.4928501626649849
0.5563699060969595
0.4294423616036732
0.49897930285794695
0.5565363561915345
0.5852836692342932
0.5445113520801682
0.6044821099157981
0.5764308496373983
0.49523950237877906
0.4961214830397033
0.6380332953355279
0.630394785554827
0.6012189687639293
0.479090634370861
0.5053916913141426
0.5645551319673383
0.4959352310211373
0.4702017464619033
0.5622718663371907
0.5724147254400053
0.5575749885308765
0.506621562362969
0.6639242153067478
0.6362177911411714
0.5977234356863959
0.5589069201999989
0.6184423676012412
0.6045331129736778
0.5870200047422249
0.46881854573371806
0.5278245596281899
0.5281120473330967
0.652526269426796
0.5354354051666311
0.43984211896811404
0.5489470482186621
0.6132631880013313
0.5522537580208848
0.5254018700198062
0.5369703546589069
0.4620531103188617
0.5172742913835731
0.3919912927500495
0.5436641980855829
0.6014832301456489
0.46114442631993263
0.5711428861955907
0.4829862960426799
0.5790893615187387
0.5377591587607542
0.5055583370813199
0.44226287194561215
0.516759944635011
0.5664472906808828
0.3938284059087291
0.5238708693183282
0.519692904378825
0.4684882593234796
0.6022241912634761
0.5214141901181263
0.6271597314378111
0.6273373952308761
0.4400066933225297
0.5657430563606526
0.6225099601593586
0.5166723463139097
0.5275904945613967
0.3752990480235465
0.45057172700035947
0.5629214203623423
0.47110053048906525
0.47316439046340564
0.5024281908429368
0.7091093925861395
0.505739445176305
0.49292977514679454
0.6709369928302911
0.5940478140821016
0.5477898662844679
0.5027864132546713
0.5350982206018394
0.6106623191643898
0.6600737288104129
0.5617665763544683
0.5154222533433604
0.5555210282382032
0.625280187458124
0.5400839687067478
0.5874743877356665
0.6389808416435648
0.5180870748169846
0.7081833587392289
0.5630523859968471
0.5185338083030937
0.556440657499509
0.5564260432256805
0.5295269322319792
0.5961191351373807
0.6443511276748393
0.6267981954656978
0.6128066900202075
0.5869764526480207
0.4810404309405594
0.6012269938650292
0.5236828953551658
0.5005277959702555
0.6042457939201408
0.6082144021315518
0.5123743067327201
0.6465125844367419
0.5161935343014289
0.5062617666326353
0.5416747825225695
0.7614138656455367
0.5594583636428699
0.621331880474411
0.5601116965576837
0.4651340003734754
0.5251172345105163
0.5527638013273584
0.7107079824805509
0.4973381192693149
0.6052024597882605
0.6563296896669996
0.6026362117841128
0.7118767366701291
0.6468290685772754
0.5638136009244941
0.5823147252226475
0.5401477117132107
0.6367781988118127
0.5645746074276228
0.5417857295828767
0.5831445386456848
0.6073443626279059
0.5081652628144638
0.5761903161856158
0.5234836327935504
0.6308781842343191
0.6102656967123553
0.5900984593386293
0.680100395374256
0.5175865200753661
0.6232520704616361
0.5671777785128554
0.5823231426231094
0.5175072213287272
0.5299032866262793
0.6335916585298653
0.49551390113835947
0.6431356639699031
0.4561417029530015
0.4487744465951173
0.5060491337175337
0.5369500551080624
0.6460851693885191
0.5190651499482928
0.5125065208396975
0.5755630007645507
0.4317087547310316
0.6569119895173585
0.5707944704738928
0.3847260208693708
0.6445289956844842
0.41774840484557196
0.577768750503214
0.7254337095324194
0.5855993690275733
0.5326454465591063
0.5689121988241812
0.5929406614511299
0.6574977567429614
0.6002404725809003
0.5491476114851084
0.4315283473631233
0.7106730294553204
0.65247920084794
0.6477423172896828
0.6183827531533259
0.6199077306570454
0.6326613066138704
0.5455815217505791
0.47362710781535355
0.5876449593803678
0.5550873480227396
0.3765199752070773
0.5132545715264686
0.4562833042605552
0.4419868464046249
0.5004592731656134
0.3740464437962738
0.4631425746314234
0.6973783526513223
0.48516884856476145
0.4919750377531389
0.5159017727126668
0.5229158504856937
0.553941668317518
0.5647341769231633
0.4637581502719812
0.584993774400473
0.576584995775643
0.47088259011241734
0.48200514985281223
0.5554036906926925
0.5944152465891602
0.5068290527690785
0.48254681918450165
0.4462925380158235
0.44103577429096014
0.565912665717924
0.5206229073337267
0.5054914403263472
0.5311716521936142
0.5649945451925631
0.5181743829716762
0.48190486340099514
0.5947542083140273
0.6756128654471407
0.5908360268559225
0.5678267242081253
0.49081141459003635
0.5943031752690913
0.5674682172691411
0.6455804427073603
0.6691786303058782
0.490340900127777
0.6797380462303128
0.5149177123860683
0.48164897742128304
0.5904028581988436
0.5825156339245202
0.5486351690867236
0.5920097164322408
0.43355205403253555
0.48215853934624925
0.567653025913135
0.6008144604199699
0.511006411754016
0.5254864578701699
0.42280723977854795
0.5102885842007627
0.3421675394176543
0.6638027814053641
0.565532995655784
0.5937468184528673
0.668019058416764
0.5833274868673756
0.6312831974288763
0.6102717337934738
0.6864382705528048
0.4712982832618053
0.48987851832380674
0.5327646449179533
0.49814778856798547
0.5939655694712517
0.48679306525595234
0.6122571182872837
0.553344007520896
0.403382746051032
0.5154450790777703
0.49083240896175867
0.5840785452409051
0.4488861969176951
0.6100063239215141
0.6114859563784744
0.6378905374836514
0.5808175777252151
0.5753869556949984
0.6950355448136484
0.5594090937108378
0.5913177858949189
0.5953614872140404
0.7039816346913559
0.6003354791186296
0.6142368931486993
0.49047776003699084
0.6438164022971783
0.6480568523764741
0.7202017125258072
0.6064376183125383
0.6639995117336542
0.5804009412505232
0.6840059255088003
0.5456870765256453
0.5825889210105996
0.5950645744671804
0.4871815253714534
0.5504584006947275
0.5800842358604053
0.5751543633687511
0.6302072286751538
0.49476340514107325
0.4532170420395887
0.5881695439459554
0.45559454576198605
0.5066622019449462
0.4018719031863512
0.4858011623878968
0.5262922498616859
0.44710623356551343
0.5586700334755691
0.645258809994045
0.5977332936492717
0.5784757072740315
0.509409932463905
0.6374811945461204
0.6395133104786437
0.5342430391493727
0.5120902820568858
0.6658904261909708
0.5091918494830612
0.6354203854501337
0.4893173692893795
0.5374451445365964
0.5379764756300103
0.5998810221988996
0.5386344225027907
0.6291100365917428
0.5494850503212925
0.4955744030870674
0.5012329981119716
0.41580329935904453
0.48557080125192437
0.6110840740924656
0.5112895571596231
0.4675937257570007
0.3694294519542839
0.574824604800073
0.4695668752030056
0.566940175956392
0.47835718793813786
0.47532845345345887
0.565148484101103
0.5793880467723113
0.6251270333867591
0.4324474027182978
0.49012181841428676
0.5748980259570258
0.5171612568901972
0.4491121452299498
0.45693419722107365
0.3929064993156902
0.5464194793463053
0.49242009200957204
0.5786292375800453
0.6629252578765984
0.6086081587205201
0.6092421633169101
0.6329737680804063
0.5978629966458061
0.5840311756050303
0.5150710199501857
0.4166758186617388
0.5007012083016206
0.34305344550009953
0.4526157115674464
0.48427462870651083
0.5268127471738189
0.5483778958599654
0.5276598593379551
0.5866919123613672
0.5807493835800145
0.4794256759131067
0.4400198195378911
0.5634750891735139
0.4740307931534139
0.5165329855227302
0.553702882935198
0.5496066128871673
0.475033037138302
0.49004938672538084
0.612979845309398
0.5259363117045512
0.5264863613565387
0.4636319455694141
0.5827568528914833
0.5398511066398312
0.6306642166389868
0.6863273192393962
0.5681528297745769
0.6691479083540366
0.6481485599086856
0.6108624567055299
0.564719497213668
0.6780188270937042
0.5092513938536825
0.4667688122449666
0.5185542783232798
0.392010939182234
0.5095321506405723
0.6442397776895609
0.5281497783247907
0.6816428419216995
0.5223319533674118
0.5966827864236488
0.5275586088060603
0.5846349974889599
0.6659307364896536
0.46714138152597384
0.5990117903912174
0.5750201390059746
0.47654013909654114
0.4702476115366322
0.42149211162702716
0.5675686778303896
0.488012188276802
0.5606647120802634
0.5425320473690673
0.4635192703353503
0.5882920674972365
0.40129880893182374
0.5388656768385252
0.486873437720539
0.5958215314793172
0.5188671011288267
0.5765784144830307
0.618245757993147
0.5129187579936133
0.4984281659111162
0.43256773208802746
0.49014059281812544
0.5114224631223202
0.5417471811097141
0.49716105067657723
0.43659677969959804
0.49195193678910293
0.5993359348257734
0.46609711466448434
0.376047858918255
0.5365144029887436
0.4723436620045469
0.5188078908293855
0.4486697904968361
0.43232579071860705
0.4626253032668215
0.5060169706333155
0.4668789139347402
0.4329879931389305
0.5365488731387554
0.4643813013823419
0.5507136859781737
0.4033987282496186
0.5329346529381318
0.6687031348811944
0.5122907681492564
0.38671192059514037
0.6791704479672015
0.5952529097430683
0.511034542664392
0.5884280246861263
0.5565133556399959
0.7020654459435793
0.5559700146835289
0.4403889065986661
0.3749532655469984
0.42926780822484883
0.5914627255490356
0.6323763556071749
0.4526645425082375
0.47734331669439334
0.49488257291056675
0.47086062687517455
0.5098639979128041
0.5822235890332363
0.5214762541406542
0.5295782457518429
0.48499924619328305
0.5866657721886499
0.49770670719072035
0.49832880126897344
0.5420043646130641
0.7011444870096549
0.572049426488675
0.439613834849669
0.5753982670263479
0.5216085535876346
0.5489575911733089
0.470201615212789
0.38574351360649484
0.6489853710054674
0.5321502400940908
0.623524080461217
0.4998756510555541
0.44318478377673076
0.5299855891808033
0.4941035378772674
0.42006150032180506
0.5475040603289769
0.45329469277830187
0.4364026767623804
0.48308592192138106
0.38765177258697164
0.49071029035613034
0.5386659291379776
0.560017844434758
0.6088515004536587
0.4563463569165752
0.5383561585735662
0.6434431212673963
0.5511748779668437
0.5816019930544947
0.5198170626394719
0.6383665665611477
0.5659672303233648
0.5817941445492364
0.636195458659478
0.47806719454976115
0.47063341942792447
0.552079752492264
0.4517564318777156
0.47453988723997276
0.5283752522518104
0.47560763650667237
0.5113183458229253
0.6274098305731525
0.6122186441105468
0.553190319031898
0.6196243203163644
0.4368880167858193
0.46024943011624514
0.4679678009317971
0.5798059642017739
0.4505581360097847
0.5468989337738345
0.5610216974391724
0.5141079509863933
0.39707351429824367
0.47000607114045695
0.3886708850411283
0.4869022468209435
0.42171149220629456
0.6353243835715717
0.48392952581042675
0.504012517957959
0.5771361840634003
0.5831431228337095
0.5582249358463814
0.4956055510518509
0.5002857637686092
0.47820215884520273
0.6950292421848442
0.6092711668325846
0.650902097725136
0.4506602834781198
0.6472878774122524
0.5997350375976596
0.5254306483256147
0.5750690754516435
0.459680159264719
0.5855663125324698
0.5246596314724731
0.5377473385583054
0.5379534114118795
0.5582769441992677
0.5176362335139482
0.5171198319118666
0.4181056837171739
0.5874228494971885
0.5758196913112377
0.4550196774442273
0.5544104202039986
0.4564463411500994
0.5193228523758371
0.3742625236886275
0.43663073466252
0.4481433219416702
0.603342925365827
0.4798701704013507
0.5895527853867794
0.5456691631390536
0.47918528333283544
0.6576155967421197
0.3805093203695877
0.5795465894337202
0.5795559104876616
0.473309537178166
0.4532941224523121
0.45330823301844025
0.4049788586974368
0.3535814606741667
0.41500832062126725
0.4665548404765197
0.5883875499135128
0.4644847314064814
0.41788563082798996
0.5479248453125117
0.5327586206896485
0.44564024566334387
0.3959826815245978
0.5794458084882383
0.5547014620071803
0.5480456410014422
0.5214488883729116
0.5641831577358983
0.5444045999752559
0.6097980102502041
0.5707769499772001
0.4786616303979999
0.5092301009881577
0.4692744848098075
0.5854885213206146
0.3891990975747574
0.30456960038637665
0.44881758632175345
0.6003120637267165
0.4031206142161026
0.5093948425553709
0.4337963147212073
0.5108402878968559
0.5112793620256436
0.36770895971141204
0.47512064343158644
0.41481190783201444
0.43074950128243017
0.5494903190784004
0.4676263595648628
0.3220528717816271
0.5304385177085859
0.4574244883416985
0.39164217561089276
0.4377381752969943
0.39452009436692437
0.4194657013243226
0.5172579791074656
0.5131427317126912
0.5922832804410069
0.46063907044303376
0.4960089103397071
0.6418035426730718
0.4810276188106398
0.5036241098677562
0.3238023101685023
0.591711022068086
0.539434690573995
0.4628336290535972
0.46448857181811715
0.48178613396005315
0.46213419666105365
0.5895464228191243
0.5328785811732654
0.5386590154031813
0.5671720500989279
0.5568459205563833
0.49731833910039364
0.5527848820688087
0.42028220387788917
0.515967153284721
0.5688242393444414
0.4995002498750399
0.4655835827276963
0.4724118985951258
0.4676229508196925
0.48610169491527555
0.4897110136887831
0.6110278272275683
0.5789904400550477
0.6809322033897756
0.6273853938848377
0.6823515742999112
0.4878819290191968
0.5730507191521403
0.5586377988271951
0.5794820007129029
0.6129630639969347
0.6551535836177798
0.5532333699993538
0.4781791732330766
0.6218135929331123
0.4281789638932074
0.508759029369739
0.4266741488963375
0.49778176824758474
0.47636577823586224
0.48360141042358795
0.5641934035227273
0.5549707021551431
0.5686389585445287
0.6115812260159462
0.5123514619594169
0.5172017573503955
0.45272186951232696
0.5617961022427208
0.5314256515075181
0.3086895135412968
0.5114018135870108
0.5811820400916959
0.4558340535868631
0.31541632316567914
0.4292084726867977
0.36820038701351504
0.46082538550673563
0.3533717579251263
0.4267797481367673
0.4612861901102129
0.3826777450567462
0.461887126195397
0.44078232524442795
0.47431391609955337
0.5214874088020136
0.36800373134329206
0.473429014740187
0.43565712444276594
0.4989791557855754
0.464685556323428
0.4265827319720103
0.5676677254788992
0.6187448026219328
0.6965911744104615
0.6443954723029387
0.6041572525982304
0.5303497010328857
0.5729419272494933
0.4659289016902598
0.49382480264828277
0.46099580819955704
0.46623496762255034
0.5869422376201868
0.5587306599304571
0.45378944264226173
0.6069960961577336
0.5757603104413196
0.5098620453768585
0.3830039057877285
0.4902473258797133
0.45776177766736104
0.4948560177209719
0.5201192250372687
0.4438244853737314
0.4975615703487211
0.45735294117642633
0.5814565865151734
0.5350482850481757
0.5076664801341982
0.5943643512450864
0.5270655270655967
0.6966798685430093
0.5681770941592108
0.4807660558032301
0.5872983459260281
0.5113930226884383
0.5982195845697312
0.5934910220993698
0.5086659869814012
0.5454949450060785
0.5128550839182867
0.595391406471435
0.4730368968779459
0.4797148192156632
0.35528142689310743
0.4599671135846551
0.4285986411834903
0.5842171099145742
0.5243482103402369
0.5710630491454909
0.5607132331269814
0.5101084630708914
0.529221722085106
0.5179409792085826
0.587574017854444
0.5823346303501892
0.5982130392293545
0.5437642897200347
0.6089613034623763
0.617280949139343
0.5021709148490917
0.5203413554883871
0.5969668915046513
0.5753732461177027
0.5200313744419299
0.43106070206566865
0.39311033449828087
0.40749220576777434
0.5135974116823514
0.4013635911217313
0.5422187581189838
0.36760303937376276
0.44672036823940875
0.5999241562381015
0.5325923539518834
0.4293517668100535
0.6099096191091763
0.5759299323051259
0.5110619469026937
0.5799192974127687
0.6141607966965139
0.5755548799026149
0.5127711214700846
0.5588193422863343
0.4303372358785057
0.5454194473553609
0.4726973520171625
0.45453953791081797
0.5380612196622079
0.44494649227110056
0.5190884300740328
0.43488509133765674
0.5142503097892973
0.35784950087292966
0.6233861144945729
0.4801425661914264
0.5119133574006339
0.43764825482888414
0.5736897448668826
0.3438262151891298
0.3279057591622674
0.37940658680071354
0.3789671026200987
0.5045733852432145
0.3120928212446959
0.42171317168272004
0.4531348955034853
0.5486091832768983
0.5992676507608726
0.5000933939356333
0.44064267933917406
0.5557651497288324
0.43701538828575526
0.4425835724294845
0.5241777264858135
0.5745481463203592
0.6047374429224208
0.5193590019358773
0.3864621350364907
0.5924607167736919
0.5829809725158404
0.5955984970477709
0.504338394793941
0.5116949485684416
0.5370167397369128
0.48312901342677134
0.4317829011672011
0.406860218748154
0.5454611107098777
0.5136011795061545
0.6040238354584799
0.44377729257638915
0.5680911011974022
0.3526329840485838
0.4121727869762115
0.528449810013927
0.482246077621718
0.4599701355387057
0.37649077290030186
0.5010158254919341
0.5981147187481437
0.6554933611038518
0.3875442739079225
0.4600233833977481
0.557995194874468
0.6524115562495605
0.538611636707613
0.514995501349549
0.4976000000000029
0.5853596917829521
0.4860641891891987
0.5874388440095717
0.5930054540235389
0.6034482758619591
0.46455321372591935
0.5532417216538085
0.5843327556325616
0.5935340894277424
0.39252165146866297
0.423210343740141
0.4127638922591023
0.35904557505364304
0.3232629654255206
0.49291528489596365
0.46787373129190274
0.4458838071693274
0.521020290880152
0.4629211935467288
0.5031384059607105
0.46010509687609447
0.3053830227743396
0.4479405520169737
0.43137254901963984
0.5177930904285482
0.4034416826003514
0.39481402169362756
0.38314785373607724
0.6157280653721403
0.5046250952225609
0.528435195552351
0.5157912610368779
0.6320788995588178
0.5230863441518739
0.60436438029209
0.5882844605418982
0.5007280785058627
0.5640593154824394
0.501210653753099
0.5630438101053281
0.42170552300212427
0.4027164920021716
0.45297269711669386
0.6022879880627133
0.5405766150560466
0.4580675367237976
0.4030240400304796
0.4707477459156714
0.5525763301540902
0.4274187632950048
0.4502613654362697
0.5464887194151974
0.4656231636305504
0.4609200891436131
0.4381402679275328
0.5992116493468297
0.5567078897933407
0.5376877621904218
0.6337840961627477
0.49614597133562194
0.4623371719840933
0.5259101419051055
0.4560989698662308
0.5170613236187566
0.5954868366068358
0.4095402546945977
0.49312169312167703
0.6121427535181219
0.5207415753354051
0.3852525410885809
0.3974716091707426
0.4430422753968016
0.4699757464246588
0.5069196537727388
0.5921562627499891
0.5296432318992493
0.4696164945004219
0.48797294710641514
0.46352418110876065
0.5871219589132831
0.44319706276919
0.3350691405566267
0.42904558694039624
0.43898830165995295
0.5233086120781395
0.588004870043893
0.37608779857973756
0.3666816143497058
0.37850094478262597
0.508346647567552
0.6388253400440689
0.4739928505442456
0.4082199140401319
0.4872202094396989
0.44609164420479547
0.45067381133281886
0.47461234417750814
0.42361141363535904
0.510038910505835
0.5049426126186557
0.32809410834319325
0.37405623922479175
0.5434897969029278
0.446701770388477
0.4910821695695507
0.4547082432849703
0.45062577362126516
0.5317975738266222
0.45793236922748204
0.6250682900179455
0.4449232809244991
0.58580783561023
0.5571996163858975
0.4793476223207249
0.36805555555553326
0.525044466119629
0.6383818160404424
0.3057811466041413
0.47534128643456364
0.5431436729577088
0.36102116727769035
0.5482102547565186
0.4568407295193724
0.5168921215416623
0.45164278656126006
0.5253047916075394
0.5059914736720966
0.6048662935323988
0.3926230885565996
0.336347197106552
0.4787996336404232
0.4459132836778583
0.4779812556369928
0.5195771053591197
0.6189645142525567
0.42202889855502335
0.3804157106222876
0.46323251417774386
0.4686796128324784
0.5720933157266175
0.5194922308545421
0.4757231736257929
0.4267803984428566
0.4420991759433859
0.5138592750532869
0.5897634742148161
0.42868168104963367
0.4966859097711606
0.47709923664117426
0.4458866654648215
0.41579221983881465
0.5642698220065244
0.45799950441892856
0.45985926344445893
0.512064002709171
0.5219479048697135
0.4267135699818705
0.6098428564995982
0.4935115431348432
0.5256404463922477
0.5160159211523465
0.5067982330330815
0.6056833961515464
0.5326943660601496
0.5711974110032044
0.46943603330813094
0.5912215352713059
0.4813973610209838
0.5084359325125674
0.43993790025226015
0.39598348611012535
0.5777610304193206
0.37401756819233295
0.532132424537523
0.28315373368712027
0.5117549402881478
0.5063484380235983
0.52235172235173
0.42743614001899055
0.4781244652330669
0.5236552533094898
0.410697330942055
0.5482023775007809
0.4296545914068872
0.59863176344203
0.4533944771209109
0.49174917491749176
0.6984656437625243
0.47229046092353005
0.3848881281330333
0.41885964912277684
0.37866227037208705
0.34537347828257786
0.4092767374956348
0.4553262748487561
0.3337894924733341
0.3821030971349849
0.4892469707542272
0.5512680499938668
0.5457514161946607
0.5408623280546242
0.544553188767257
0.47308883067394836
0.5769315430332266
0.5215042592978503
0.5486912375551714
0.5698315467074784
0.48936771680746666
0.5688884000586396
0.43891320204233075
0.41551869552991294
0.49327900689241166
0.5813381588716098
0.5248711283429669
0.5682920033435367
0.42785862785861223
0.4469095895778243
0.3854824376783227
0.40969451882620433
0.48942163620014456
0.35659350966039083
0.5609523331156422
0.6823021582733572
0.6277576555811643
0.6282967710130292
0.5911492323947637
0.49203489474677986
0.4545021438780376
0.4545088836741214
0.3926666942251316
0.5028765021733271
0.4690728565677918
0.40823207583176113
0.3165201757890817
0.4152983580296077
0.3414012188270309
0.48950923545939845
0.41892734642972684
0.4452194129613979
0.5725862120711595
0.49963398355075567
0.4584868959869456
0.5972633136095525
0.45137267276749043
0.40803141626553446
0.6603201858491239
0.5029961772910341
0.4973980919341551
0.4267224726335621
0.604241255852467
0.5735489915675842
0.4070893191754972
0.3859356376638738
0.4226943942134264
0.4758829465185615
0.5198113871490309
0.45436116020381156
0.4179736749205796
0.5089374709282519
0.41059553716576963
0.4555149299208437
0.5137079031985189
0.5183527885862341
0.4582460341214937
0.5462833751975186
0.44267580092687214
0.5261913887824301
0.6280942792846015
0.5271663778162783
0.48119333496693906
0.49716216216207176
0.37715046604525326
0.3727848919933402
0.5063302294157184
0.42641658663360354
0.5370339957299954
0.46429437439388194
0.46643909022349833
0.4304588647796624
0.3973782038739549
0.39486385575082344
0.4121361159112017
0.4861811579584813
0.5737535964272296
0.4749658002736463
0.5943590245812533
0.5224406114899026
0.5310666102002527
0.495014612343146
0.5094923054797578
0.4478703570916209
0.5232868280672927
0.5319023683376328
0.5029508906816882
0.497706237424589
0.5804288696312367
0.546068691456054
0.525071791473364
0.5529312880857203
0.3658127307305315
0.4242670232069613
0.5112670650802887
0.4579286061195529
0.3594291256754734
0.3791129541151898
0.40947537473233114
0.4126187163510257
0.5521792733338053
0.5901439116350735
0.6102957906712104
0.5817516896584245
0.5185584807940677
0.5225577926920556
0.4232505083568615
0.4600419715274274
0.5370764445898984
0.5941486557722158
0.5641937892563549
0.584951075296985
0.6177942838688939
0.4562744732425751
0.5347170029484702
0.40714892584048235
0.4505078326733801
0.4878362723645306
0.6527266948190164
0.47069964349383
0.42865550264832236
0.4483407860673273
0.5474843993759263
0.5241423125793839
0.5081288436947874
0.49939995636048096
0.5407494434824897
0.4912365526410796
0.5075273555114962
0.4624626811329902
0.6297230243624932
0.4695121951220517
0.5138449867239956
0.4078998609179575
0.6195973154362557
0.5216221703380811
0.4125727432670562
0.478143307796276
0.5078114828798246
0.47985392574554014
0.5301195219123369
0.5141784820684109
0.4946878525761387
0.41220307405680845
0.5311672842773457
0.5368021013804034
0.4715909090908751
0.576291955247746
0.5630933981011643
0.5304103823219708
0.5853978431943688
0.4570917976585107
0.5510090817355763
0.3593982983948402
0.47282861124013226
0.5042841450018514
0.3791292104408876
0.4530061976871552
0.40244888529510636
0.4921765678666663
0.5390849952010519
0.5185093321757848
0.3786679459502028
0.46880672590048894
0.4335293365715594
0.547451669595728
0.5350167129797183
0.4847889016331273
0.661837558802728
0.5935173567544891
0.5714747736093322
0.5340758192331883
0.5197399175555292
0.5741662402902734
0.5812376377507675
0.4127029336371082
0.5220079260237946
0.4032819786316929
0.501529467745133
0.4776607337449579
0.45252949533636544
0.49962912597356196
0.523545410911423
0.5569388759935283
0.5831244333030543
0.49466560135358867
0.4778687674924507
0.486484795394765
0.4933174933175631
0.49318074933377065
0.37914152339744184
0.5241638321995127
0.518416523235817
0.43934681181954816
0.4871142220808978
0.3784943599803703
0.462700458190154
0.4559106376683577
0.6048987492555112
0.43181357649448837
0.5541776783898441
0.5581630829709889
0.47385837193909197
0.5166865315852446
0.5533426045495242
0.6008104774769556
0.3753193264168444
0.495567948341605
0.40495717149626426
0.4894528675016127
0.4293175827394365
0.42227453152402444
0.524722991689769
0.5636418089247575
0.39115506111790016
0.46855941114623556
0.4873997709049595
0.3764705882353012
0.5077539550374571
0.5871179590805982
0.5154872527995887
0.4619822485207586
0.4787946428571939
0.5359418736227802
0.5136425648021664
0.5057278047565498
0.5514559894109661
0.5085182534002032
0.537450411510453
0.49537949728928454
0.5407086526713026
0.5606415301091079
0.5128079163450276
0.43110051304286917
0.521739130434719
0.488566988566936
0.5249958698166236
0.5534998128442358
0.5517062784139534
0.55150317723071
0.5740954751533895
0.4311771428570807
0.6958666272072249
0.5615161241021353
0.5872819879611151
0.49300045158385686
0.432053125213889
0.42159464240593275
0.5970884028412119
0.5656043203771786
0.574098381148905
0.4385669632123128
0.5768132141082951
0.5941215323646123
0.5573641157663181
0.5202379412905827
0.4730095772468301
0.6002251277167485
0.5375980927783565
0.4821338489995427
0.4484866294445451
0.5163128491620645
0.5044456541462267
0.5735604674081555
0.5112255112254681
0.415882888349444
0.40873150618479026
0.6139380530973307
0.49384615384616176
0.37611859838275863
0.7464024534088437
0.5336881440380071
0.5930189551549095
0.6571344955892997
0.6004475143496273
0.6282119345934106
0.624251777029534
0.6866112838285915
0.5650688645482355
0.519412948510265
0.3841469928426079
0.5721436984686905
0.5153956086786623
0.582986137413836
0.3405134143987525
0.39304029304030497
0.3602998442367596
0.5994636320805478
0.6254504637561147
0.5483343248066537
0.5413770117132244
0.43648897686166954
0.3895518044238189
0.5858232861552776
0.5672506828325992
0.46795682917757414
0.5077591973243935
0.7393860222077215
0.5127558444077948
0.6242851590694929
0.41907273736807005
0.5472764307773785
0.5370125180549
0.48856436408600695
0.5403622117598731
0.63607793840351
0.5202164915631508
0.5426072062152523
0.6398784194528185
0.39931891278298837
0.5064355009125466
0.5536829497818491
0.49710292097243985
0.5630131526504552
0.5896732352208166
0.5819144657460982
0.4007448084327273
0.3648338685367002
0.32085667215812835
0.5111894010817397
0.5458968121879276
0.646197696955869
0.5317727232498772
0.5006659760248726
0.4637361326494948
0.4267540478026509
0.6146214302389398
0.4640324214793252
0.5041968162084624
0.39086294416236306
0.49120835536759305
0.5151720735166779
0.5937603533958807
0.45446015682601054
0.4642748324191865
0.4479208146082891
0.5604353637579196
0.5210777922641558
0.523235684255494
0.49035945462056163
0.5162285210750246
0.5083125519534546
0.566956170470627
0.5099039875443804
0.5444318549692466
0.4137091016001807
0.4346869712351596
0.43085777357298605
0.5205463253119392
0.49611753533316294
0.3931408397427805
0.5247391952309847
0.40926083262533486
0.49407201405160084
0.4753472504263603
0.4904168191156958
0.3703910961885147
0.4629073124742446
0.4602379043037078
0.3965060159064765
0.4999425749396532
0.48679730163832874
0.4036069341059812
0.33160573808427957
0.4300059066744896
0.5615908672435531
0.49767277440639535
0.6388042650417438
0.5278601779845089
0.5506859205776182
0.6314933808160487
0.514076686916221
0.3839088314507526
0.5948212083847093
0.36272156573120257
0.3418968007352631
0.3742575868521714
0.37064465217914255
0.47121986268565746
0.41407586573059896
0.5393258426965457
0.6506160164271497
0.5425524196473636
0.49214175654848097
0.4488924865699299
0.4516365771318744
0.5352366554251191
0.378996249330176
0.4800687081679768
0.5758548461684785
0.42571371531239904
0.5144607165883368
0.428218216621515
0.3712054705909185
0.5624959418218838
0.5765943458251307
0.5508319024217412
0.6187820902113864
0.6452696568003357
0.6342390626947496
0.5933853394365355
0.44032794492991906
0.4291757641921724
0.5340244710988062
0.5161290322580881
0.5226833976833957
0.36108811354230813
0.39775616226370336
0.6169142015466559
0.63360701153473
0.4262500825681544
0.49455735229343584
0.5662316476346279
0.4924930730072746
0.6409967089797315
0.45183856502243547
0.421039583505542
0.495532931643408
0.5014101057578648
0.46755670399078614
0.56513001644226
0.6289847124152749
0.43470105509972967
0.5580783399744172
0.5544126416219523
0.5152861627625767
0.6185971899545789
0.4966769471352978
0.5192640793971013
0.38998824451412895
0.5210150257434202
0.6308052661336208
0.550153981522157
0.5142503097893636
0.44152445961321624
0.6589261580046047
0.5902179886426182
0.5135160459123967
0.5925453324379856
0.583976542624324
0.6466879457776663
0.5196423875887027
0.4657965538955134
0.5393586005830849
0.4025776141197174
0.48363763126929377
0.551956271576517
0.4553129107268725
0.51115338059824
0.416219751471642
0.45287269996243534
0.441704907832265
0.44891766133920097
0.43572276732703463
0.4475426978041233
0.3993169823036396
0.5456207557026174
0.5245424412739652
0.3826106293084915
0.4813039309683821
0.3562895797351914
0.6034546943637423
0.6951669157946918
0.4690784910090098
0.40419895026247943
0.5124930076449686
0.5457516339868853
0.5688600960838405
0.5023635582294557
0.43354108369370126
0.503462897526481
0.5979746835442875
0.4927111805284
0.6404057736954004
0.5187794405769373
0.6403527487376559
0.5371038293301652
0.6096676737160122
0.5256074494397764
0.49252362815623496
0.489694705655067
0.5332093858187283
0.6221259580139931
0.5461163470912475
0.5266455521894793
0.5257509281134471
0.6144320076209074
0.5366830276414416
0.5903544870406775
0.2964339527875367
0.3539723141739008
0.4941220323431565
0.4444624090540592
0.5627058913658949
0.3811228499082674
0.5711014426379215
0.4922388604820838
0.4643450672306857
0.5077787053198788
0.37042980742402165
0.5718428080884679
0.5421849648459591
0.6170575692962894
0.4403634780716365
0.5962500631727754
0.6397903503734581
0.5890342411895632
0.6370014363054276
0.4469034608378714
0.43583555259657847
0.5031469440832154
0.44284143106682805
0.5727554179566293
0.6287931897846428
0.567754746222396
0.5374648367572574
0.6393067523489792
0.6261344737467134
0.6322054485511368
0.5808474369901407
0.6323529411764133
0.4879471529011542
0.48689021205471233
0.537664132688329
0.5059885871951181
0.6483362611064276
0.5179019917061128
0.6305703849395188
0.6484472049689423
0.5125315816068746
0.530392370968921
0.5242207828156927
0.41354200630367527
0.4681758755934265
0.3229032076848703
0.6549909874799692
0.5044690109373215
0.5413059609200496
0.43472298409218296
0.5976357544725561
0.5065915781390299
0.4584671376578629
0.37081089168160525
0.3483298762606743
0.43565235558341364
0.4236445124617671
0.40290314710894454
0.5584131187615041
0.47472263868070924
0.6149323331137179
0.45854024714172364
0.5400459125112649
0.5153461036133451
0.4827586206895536
0.6295953882966583
0.463002414429695
0.49834610730140255
0.510766085234186
0.4117784711389291
0.39944677487995933
0.44042283710054897
0.42314086224097236
0.4765319033559646
0.5003256533420773
0.43834688346881795
0.4397759103641547
0.3895383939842356
0.511607393448533
0.5366334728436595
0.5266214908035992
0.5446969157348218
0.41755485893410343
0.5106740921221505
0.4800000000000171
0.49024859797446957
0.5117587770872458
0.536622675464917
0.45702639215138985
0.4791074864839833
0.5078744318782253
0.4454110898661089
0.46975942902845075
0.571956941760945
0.4416654333777389
0.5045331388078816
0.517626949647434
0.42992679355777785
0.509694097371801
0.43628678130261006
0.4299001504581867
0.47570074611825813
0.3571675814666686
0.5433323814961976
0.5729700807062869
0.41997723392142433
0.5740754919225092
0.5159415737396384
0.6021079566223245
0.4867997424339219
0.7165742068191453
0.4828331804481621
0.461951890935313
0.47779032561640383
0.5377909020601156
0.49424126086081105
0.5967532804314963
0.4698262040659283
0.5812496340107143
0.4241115562724359
0.4648201736255212
0.5442131996438168
0.3774034878522629
0.49977648636561384
0.5116478797637949
0.43294334620484576
0.256339958875973
0.3369892595328872
0.39460384740785936
0.36806141386868674
0.38333549980493753
0.3854388729261705
0.4800191306196032
0.4956832390592228
0.5563733979909642
0.4139480860518449
0.6339303158580205
0.5959023770447942
0.6415927807402627
0.680417335473468
0.45198714897667813
0.5843653250774603
0.46519434628980755
0.5046251553223784
0.4652962515114298
0.4287164520017629
0.4668800238165458
0.4539540340211238
0.3972674115671268
0.6067344791301218
0.514783976922519
0.5578874393395195
0.5779238197424685
0.5693769648471568
0.5750644883920074
0.45372813446688387
0.4169741697415674
0.4663921954712361
0.5995520716686373
0.5641895261845127
0.5495054552870133
0.5368062599623691
0.4763860369610287
0.4601958907134924
0.5317973433642711
0.4609099459204769
0.49959032064232073
0.5414146008641684
0.5519458734063601
0.451363073110381
0.5138293728086927
0.5473216070357632
0.45518641989498176
0.5311616996322042
0.4504227053140724
0.4163132676102734
0.36273957158963743
0.2686976144422724
0.3572385668511792
0.47661611210428767
0.37187756538058175
0.3755632122979961
0.3719135802470808
0.39351032448369394
0.41215588130129854
0.5084048769930902
0.5244603638420391
0.47532467532454675
0.5206962605147414
0.41373456790118307
0.34995359824514793
0.6370854740774956
0.627689255378531
0.5569910996267436
0.4373095503530368
0.5736949846469401
0.5362119013062
0.48853820597996334
0.4603905381807951
0.557125116423374
0.5922763824083859
0.515772105212018
0.47766360194696483
0.4477635406021194
0.595149555375746
0.46103747714812865
0.3567560309717555
0.5004311358469292
0.5611754732974772
0.6163058133080048
0.5933021245948281
0.533563297688907
0.42513462479891534
0.3702646316020528
0.516907819866819
0.5006231823847971
0.5475835322196024
0.5115723078488709
0.6438774785019222
0.5457231608456169
0.6139477977161847
0.41444083874181536
0.46932644671655344
0.37841534116248166
0.552626496716917
0.4821671041911595
0.5818021646111085
0.45048851333517087
0.530244530244456
0.5207339241082567
0.5575992871689365
0.5108165933673338
0.5337880079567422
0.5681609687480921
0.41860028182255005
0.5609773421408403
0.48395138672493504
0.5324067228547381
0.6031400966183783
0.5383056571910461
0.6908057788792497
0.6716502845317872
0.5078244166996526
0.6167011662543718
0.5115976331360925
0.5429789501732274
0.5626314644229009
0.5859418931584234
0.5327013003651698
0.5286829389171831
0.576870822237941
0.5192413413963731
0.466208327928406
0.7588196918752582
0.7115740237137823
0.6747736939687393
0.45592374616166387
0.6184255849076183
0.48383609595380495
0.4646305072845414
0.48444475446433977
0.5159602649006279
0.5599403525590335
0.5710401087696018
0.5291954479949147
0.48997051573299594
0.5448616475653166
0.4411362819129691
0.45743975237669304
0.4432021938614356
0.5073896920513608
0.528374949926556
0.6289051372138349
0.3322704928921082
0.4628630348856724
0.4254545454544588
0.4081853796781815
0.4892235782914076
0.5706741986982685
0.5560811841904567
0.4997377622378233
0.4817585665465814
0.41663094727817107
0.538744672607434
0.6404537041430653
0.41826043572262533
0.48493713924245285
0.5235392320533969
0.5010274173663435
0.42684654300173447
0.4276152980877025
0.555949741315569
0.5566033981934926
0.5462995594713603
0.5978086436832675
0.5397689062786772
0.664529318836555
0.5055540050237017
0.5688408340940305
0.5920961936125889
0.3853743470690295
0.3879943922851343
0.5562391732870908
0.5452978828162919
0.5278546590022237
0.4265650816963907
0.4878417266186555
0.46193620732618784
0.24433287436611553
0.2974606168569835
0.31328155339804903
0.28709362014183526
0.3120808538774091
0.38494556113904116
0.40294452167317085
0.43341450910027357
0.26498114261765193
0.35899215288532266
0.4043052613499396
0.39792920106342994
0.39730111407500396
0.4357545839209904
0.5037104072398607
0.4857406233795735
0.4991734444224116
0.6588281488591232
0.5572081682413214
0.5576783905051446
0.7013350816545814
0.4887226378498271
0.5247954464603721
0.48834959284042206
0.5881279966645764
0.4442916993976947
0.4629422963303903
0.5388492230155213
0.5251083103584767
0.5253710247348881
0.5315300226111384
0.5124982347126057
0.5071283095722662
0.5027490393142028
0.5428081766474196
0.5674180448472432
0.48629815745396004
0.46646032338966714
0.5165610534357677
0.5222145804676278
0.5402230305921825
0.5508079978089435
0.56204320938084
0.5111091518251343
0.46565943585835956
0.4705596697827263
0.5265148759729528
0.5071351975583953
0.33174990371034874
0.4808850199492754
0.38800869835351975
0.621454376363677
0.4943782911902477
0.6629020237344123
0.5401950022599705
0.5757813375154387
0.44425600285649886
0.3819354038807569
0.5229864187667328
0.46308136988698845
0.40738072366308137
0.5325243684106385
0.5435844690151732
0.48406452115633464
0.6345694084133632
0.658701021293613
0.5459959862756308
0.4481697171380481
0.5997862962468063
0.5032250543985346
0.55001658531959
0.529706015006847
0.5029535385663418
0.5268251141905962
0.619000892060619
0.49162120031176904
0.5906084039876914
0.5699124162803101
0.49829749103942456
0.4094349403836589
0.4296818510484645
0.6012956419317755
0.4875523086743944
0.4886922320549639
0.5730827764177415
0.45984376070720495
0.40170236133998477
0.3435223031811339
0.4425345224396129
0.465877128053335
0.484090041968644
0.49330334321646524
0.48469750889679875
0.48685466377442466
0.47100015223015573
0.5012377939760869
0.5691609977324277
0.5689370877727303
0.46188707280827157
0.5664277232947426
0.5767646442783776
0.4111155431457833
0.52158306488724
0.43081598344756367
0.4378723404254847
0.5281594571671329
0.47857699298896134
0.41732608546060507
0.40579595704366095
0.5197263760738219
0.537745429925677
0.4861901457321828
0.5030842508003637
0.4174100578374663
0.4570728409667412
0.45470470470467605
0.4366685536370832
0.3571756918267609
0.391900510204102
0.5367486292845619
0.6286624984676072
0.4615384615384876
0.5511508951407952
0.5676196594924195
0.5073369565217428
0.4677359882006553
0.40576262225751686
0.4732790193586465
0.5577011143337463
0.605375494071137
0.5861555268646764
0.5475113122171873
0.6819749616761404
0.44726172120380786
0.4518784016992475
0.4069546318935791
0.34390062306519065
0.483269101364149
0.4415546249357146
0.5025097207493078
0.5356171073746322
0.44860768117184463
0.4867013145827337
0.3681436947970617
0.33957567855872545
0.5068479844584471
0.5045264978129476
0.3819458579279412
0.44247646401787644
0.5816407489685345
0.5873872106708885
0.5309867378429015
0.3717838429655111
0.4741428707859755
0.5051056420874194
0.4704345868047741
0.5879895001875889
0.45801438848929094
0.46392183499655365
0.5472886147519803
0.5413769520118533
0.5990850869168338
0.5213460231134718
0.5834237915841867
0.5356168049237434
0.46325070463250406
0.5636620556299046
0.4685085656700013
0.5227813518991166
0.5767855207541963
0.33089454335762125
0.4267438318611217
0.3934811614461232
0.43121781582298574
0.5281936476843154
0.48407165879611047
0.5833796940194607
0.5030099759202571
0.4341435016737444
0.5382746945384194
0.5650113535392854
0.42643410269907706
0.3990471210272135
0.46988471734170395
0.46034237870960765
0.5355553757787053
0.49219783126157396
0.5947578257608569
0.44852536374366037
0.47220272904484606
0.4568569110088982
0.4250313373830078
0.44661505221463743
0.41594575637123227
0.4801500064658185
0.4107319100306096
0.38832618025736604
0.37819764356223284
0.28948128883110047
0.5546969555907775
0.5516145223356069
0.43430892807675714
0.4945788964182781
0.4787741991492969
0.39657666345228576
0.47702680206433246
0.48481653310833184
0.5128166351607634
0.5256278454985157
0.5333084391336489
0.6512547977561461
0.49073387694598286
0.5813656124798253
0.5334542330821096
0.4439008480103783
0.5150351887395711
0.4528849120641404
0.49501271269317315
0.5099397319421077
0.4648030865546166
0.44991627340545925
0.54363483717019
0.4344769796564555
0.5124435036329911
0.5903475539450457
0.4465013469642003
0.5551877069148302
0.33805062786516965
0.5358379962696539
0.46167316723706625
0.5857581635952048
0.47511474041842483
0.6219839142091965
0.48874518094763686
0.5396339185655922
0.5248464544946849
0.5761583963195083
0.5302801348366726
0.5270131797462748
0.5274479675931392
0.4482485338405212
0.3722317259234855
0.4000885347499672
0.5216149552122022
0.5164467205041655
0.6232618503183271
0.4758987400300121
0.5458903744739848
0.5914991216084037
0.5992674489589079
0.546728971962584
0.4344789219928975
0.47797025566759566
0.5251172549986801
0.525868775933642
0.4554229271901966
0.5678188170701456
0.4733314909492775
0.5552484229923563
0.5031202046035934
0.5415159345391936
0.4248082357690696
0.378252097270948
0.3488318297478496
0.4841050802412426
0.5872886986048458
0.5781442935262427
0.5150919807108009
0.5379151660664939
0.5709910304092375
0.5571704732584168
0.340846111213708
0.452890924848357
0.40229745335199124
0.41576882356603
0.4054179361505622
0.38642911742223307
0.41806063774180563
0.41468161295340583
0.5680597183735461
0.4933124891435659
0.4047684485364287
0.5048837410320364
0.35740041208781115
0.5247467991591561
0.5177693977829788
0.3941995527017963
0.36564278810003653
0.2231725109423473
0.5375102339811821
0.4342827947375443
0.4234953863104695
0.4682974559686718
0.40161487311708327
0.5024013971764657
0.42824169483150043
0.49361732139074604
0.43247968733930303
0.5779007296928965
0.6091979075851087
0.5750737361957685
0.6467320009260331
0.4926239706143448
0.5202831002935018
0.5109349190617661
0.4938980143808132
0.5560205933552973
0.5969510564322271
0.5354308228173087
0.5353059123177226
0.3454826785867551
0.5944852184649181
0.5438546693159713
0.3955607316570962
0.487812911725861
0.5306683322922617
0.4574673568723381
0.4847652347651728
0.3830098507752394
0.42814607233551316
0.5820492558935924
0.5743656099488712
0.5602409638554254
0.49927726918941245
0.6635860458030792
0.5115690796814849
0.482779132710734
0.35408960131526346
0.43461505523682514
0.5145838468491886
0.5825950271506098
0.462933753943147
0.45037680418952786
0.45671546785489825
0.43658892128270704
0.5324195724734586
0.4127188052031145
0.5622527200792129
0.5894197952218931
0.5191795203101714
0.6042619352478752
0.5106645857719296
0.5090179083550284
0.42610686170513007
0.5085219823441105
0.5003013863772656
0.5820607963465162
0.6561212477928748
0.5677387914230866
0.5684705063512484
0.49051703785312856
0.50131313131305
0.5266531948993376
0.5445944386756358
0.48383798662992433
0.6452873188995896
0.44739297190834443
0.5436214231599076
0.43462347169226156
0.47485322896280324
0.48286343947106003
0.4301911960872553
0.4360750613821324
0.5487450177745091
0.6217891939770358
0.5147557840616329
0.5721094439540857
0.5424493554327265
0.582327848872658
0.46854663774411975
0.4472120658136182
0.7159819726123523
0.6796860741011945
0.457918185500318
0.49174236168458746
0.3665151737281298
0.3958660387231356
0.43016285908163543
0.5355702394233955
0.5094668877062104
0.5832661057968326
0.7009748356383116
0.5579728059331768
0.6593761204733103
0.5173616616457137
0.5370984821744071
0.45693178245823574
0.5048154961584463
0.4035935694021971
0.31403508771932176
0.5817859720490313
0.3835528339345073
0.35791464073477286
0.2838778789501046
0.3849257818128937
0.44801197804025084
0.4253210376626634
0.49897375751355544
0.5093837741982651
0.47244145426310963
0.3857993197278119
0.4428610391381829
0.4719492219492307
0.4553983618763481
0.5196111676274645
0.6531631520533314
0.43544924869669205
0.4745976081288316
0.42094060409490924
0.510446922139891
0.610723751274207
0.5369828039349334
0.5489084447453979
0.543875061005302
0.526302173163168
0.619128226830334
0.4135516657255397
0.6603275582024865
0.5661813368630441
0.5033589639822664
0.49335863377611333
0.493791429371822
0.5178182451858966
0.49066116649473046
0.547259967149427
0.6240345915370598
0.5478924824632164
0.46439317953862497
0.5481744106487042
0.45862131137679907
0.36257763975160306
0.5814396427165063
0.5252561697215172
0.46196275071626425
0.4205857504928453
0.6173860730936952
0.5778867102396934
0.42070410729246893
0.4415922619049206
0.47996813111766934
0.258956386292915
0.40724657348345444
0.3228746134051154
0.309374999999978
0.33330153581994165
0.32468334877980237
0.42550382209856613
0.4367382056307473
0.5717770929634525
0.49980436653885485
0.5407303370786309
0.34692090670310344
0.608438485804292
0.3199867637326084
0.5231678050580943
0.40888224618343144
0.4107078171411725
0.4971277065843085
0.46502057613172404
0.4830372288188334
0.555025240936106
0.4410969486287822
0.540893330613797
0.34128322492574525
0.36474870285770206
0.3441499085922096
0.5651408450702644
0.5521795875750577
0.4151169766046696
0.5294482331059646
0.5099284436493507
0.466396829412161
0.43848387589778326
0.4162502566911462
0.4175743840923759
0.5105912108756571
0.37402246834188063
0.5188415910676465
0.5310590631365057
0.5448205477122576
0.6175762439807706
0.49965277777778144
0.5758972086839956
0.5283039407793986
0.5604771592379177
0.5944482724678292
0.6076304241833376
0.5155481101455797
0.4450878208840163
0.5203462230215972
0.37781046438334925
0.6402936938172925
0.5385864051403506
0.6475732853982301
0.5517031630170858
0.6797313460300193
0.49565319548868864
0.5771003561699837
0.45439308966677966
0.5541167375338316
0.36741449062163145
0.47737753957379253
0.5958044982698157
0.48057829646409744
0.4886024075813634
0.7651208269311075
0.5848421541318406
0.6564019448947147
0.6525014814188101
0.49508285059936014
0.4274044221762458
0.5814693405322073
0.5662733614676112
0.4332593825106408
0.6819669692010072
0.5481713237672766
0.5311346493340412
0.4986957188892779
0.5563935948017414
0.43298650458417604
0.4246831013299228
0.4319312969650352
0.5539979813838343
0.41543450064845905
0.5472545182457241
0.4393099199015011
0.6463303217946988
0.5098502148081872
0.45842956120097017
0.6276612774131617
0.44279208104846485
0.4081902245706421
0.4689119170984829
0.5600144287130475
0.6125461254613666
0.4768204797247178
0.4713186249357548
0.4637881260197482
0.4499298379896339
0.4048499441052723
0.5114200595830216
0.4663623916020791
0.4075995727148492
0.5090587715423011
0.3484369511767189
0.45239022490511677
0.42794415672146213
0.5242905242905397
0.3705972434916146
0.4997135491262323
0.5126427804353522
0.412037037037005
0.4916289772276964
0.41015293118110774
0.4812897152270212
0.5713451572878551
0.5880118465103431
0.39901969683231603
0.6398736235654927
0.5600771941601917
0.5295138888888878
0.3719130895601601
0.5400730634458224
0.533947949678229
0.520827909398523
0.6044568245125229
0.592744630071717
0.5750978228153597
0.5992624462200566
0.48546487688384377
0.5246659298703988
0.6932048681540273
0.4671163575041497
0.4574429223743912
0.6001201441729797
0.46942488727152665
0.45146977260111826
0.4563166171588003
0.519141178853535
0.5105537280701562
0.5535458167330927
0.46026646508557645
0.44929273555505866
0.41859341013454315
0.6092623830700382
0.5198288377779603
0.6449409843366095
0.6186561438123117
0.40334017540584943
0.44210204705158884
0.543929781871864
0.3121087636933211
0.4771584465604176
0.5650929899857391
0.5129204561857388
0.5297238336060829
0.5582604763340495
0.3794898046242123
0.564012490242026
0.4823055360898243
0.5096026490066875
0.5484856904694871
0.3947612855285372
0.45581268221580734
0.48826546471864857
0.5842941048510684
0.512724287557274
0.3920511956888871
0.5214057507987071
0.4952463267070363
0.5950825970034632
0.5034644613322052
0.6595346048638272
0.543832185347588
0.5607851268228151
0.6504217432052097
0.4690639196365555
0.5568938193342741
0.6294036907121869
0.48814375694689327
0.41186486244281856
0.4582618350660146
0.4049451831116884
0.5170928667563326
0.49614674915878926
0.42319891255104913
0.5022412175543506
0.4174266455193623
0.3471913949121652
0.628963754071928
0.5844674656375022
0.4451723367825281
0.5678776290630828
0.48402576912969986
0.4535728704076716
0.5910089910089071
0.48546377480384184
0.5629514963879525
0.6060044477391103
0.4433838667415005
0.3067234140449902
0.5104287369642275
0.456124383769489
0.42905185506628707
0.4113773026629601
0.239040021817679
0.3826942792700239
0.5296948124711005
0.5176764175794182
0.4935488767455805
0.49709996588186833
0.5434030181364824
0.500780234070184
0.5958625291959061
0.46589189932608177
0.4651090824693911
0.4758205053732803
0.631584628670088
0.5963465264323906
0.4499798421931965
0.31243329775889445
0.5229289940828493
0.6574486472113555
0.5953454144052369
0.5643070787637039
0.5482989818723019
0.5289565804826974
0.5966486658196599
0.47584610934335725
0.4840044839181927
0.37229317046088745
0.47547129391590226
0.542696842906046
0.5526315789475651
0.5420444242975349
0.5959722309086865
0.4669451507447659
0.6406679564198516
0.6069499882600506
0.575222302331299
0.5095128279043242
0.3833177132147144
0.5612080227464593
0.5827338129497182
0.3438281250001339
0.4949944382647698
0.5964076745135587
0.5621849724533238
0.6700633670149022
0.49267276149501293
0.5647975605624089
0.5940978514107366
0.5731859363311579
0.5908693540553317
0.5810329105529205
0.7082778604433284
0.6036596868517342
0.5695843956132627
0.5381277564376751
0.5553110929185807
0.5343280930810432
0.42873176206505803
0.48177107866237756
0.5111134084565254
0.6294943499600347
0.5370832880878659
0.47297297297300683
0.6060771470160936
0.5052250473134391
0.6181492411467256
0.42585584792747305
0.5159646385855854
0.3425654682644264
0.45080244554821464
0.44085217716317576
0.4712588503538344
0.489871280860835
0.47077486272125574
0.5166745843231177
0.4645802734155756
0.5692159923159666
0.5196316664532779
0.5591579594345948
0.48357649360164195
0.558442982456186
0.7423845912279434
0.6373817549200542
0.4039342708169252
0.4342304402183796
0.5636547344111075
0.6798545294248864
0.7023064747117319
0.7074867939861463
0.6687108559498548
0.7037870762711288
0.7010922839937864
0.6464527524286294
0.6641197070997706
0.6362288300943484
0.4996496847162706
0.5414255133591528
0.4607674067687229
0.4961618350943135
0.49571641908345393
0.356236367241712
0.5006252605252124
0.33715571750074835
0.43395961862040644
0.474341759588971
0.47791981406177925
0.39042307169088836
0.5116591928250149
0.4307167235494419
0.6460372157133047
0.4441913439635834
0.4255009419421348
0.4807793023987667
0.4139600387290036
0.5804919244168484
0.3793484262838828
0.5607785530664121
0.6037927187911039
0.4420411271896748
0.37270418132082
0.5995427889872625
0.6183291422184274
0.4969354936586009
0.53827006845068
0.467782165869984
0.4187435984978191
0.5760881189178155
0.5059975789590854
0.532726237905426
0.5678329678710613
0.5368593238822525
0.4232011747429458
0.4391167192428179
0.505316292557207
0.5444633730833892
0.4539585097374011
0.5962904862968448
0.4431411696197962
0.3571338463479303
0.3722604383298158
0.536382182930951
0.49179918408127044
0.5843319475015037
0.3621521335807319
0.36529997683576054
0.3034206632430698
0.3636994754705269
0.45450917797280094
0.3718355953412539
0.5053287424167341
0.5280279062221285
0.4851355766089615
0.5254060974634813
0.45604019182465416
0.5390337751175627
0.3563294272982618
0.4757248533289205
0.6431913168236407
0.46815331010450384
0.40025550314470393
0.3708170853360725
0.3874383347370245
0.39988789237668276
0.4064403829418331
0.5467331118492161
0.46857373086217613
0.46957863272592865
0.41967001566963974
0.32569057757405
0.5170510824961476
0.5372758729160723
0.3517167590702109
0.7051237709372982
0.733747803757218
0.5343516498048378
0.5677275023453868
0.6141690205359471
0.5796095090270676
0.5786877617495861
0.6556107539449817
0.6516548152048696
0.637558411215236
0.42278040288485974
0.6080555882698372
0.7390163934426733
0.6380831212893163
0.6245227289099818
0.5262624214155112
0.4858050235781395
0.5044365741269704
0.6198557861414492
0.5671579821466346
0.5336146682189554
0.48330827067689824
0.4648682559598964
0.6506390748630178
0.4553639223341518
0.4487465659339662
0.3688609044074735
0.4777023751818456
0.5690732758621554
0.5571880230611052
0.4330238018998636
0.5368536853685192
0.5025836890585366
0.634127979924756
0.30566862910005466
0.32444952090873236
0.5215828974300737
0.38692886061318804
0.4791163913123631
0.49101908444556414
0.4474294395138884
0.5803149606298946
0.4855004046399482
0.658984578062739
0.5368449535492
0.5172778123058359
0.4927383367139276
0.5959030337397775
0.6869381279746267
0.6261839426397446
0.6870925684484808
0.5436981084961564
0.5560447003047146
0.49304880141877855
0.5197013956508294
0.5688417443480023
0.4697515095216673
0.4069032850908334
0.4117847411445031
0.4501474926253344
0.4300572442152116
0.4361620795107704
0.454766199528206
0.4586348523371367
0.48794286774245393
0.6008793356131049
0.4507042253520801
0.4840175105310073
0.49402390438250954
0.6065027403347496
0.5566237575362081
0.6082884897616075
0.5221395348837402
0.6258323373741259
0.5437298651713207
0.5419801019169487
0.500473858790058
0.5446040515654341
0.49166386930738587
0.39285086948881254
0.4745106249345178
0.44571428571438637
0.5120306050538036
0.5758650436115887
0.5616668668187842
0.5282838320268175
0.6030000931704979
0.6358450202044619
0.6638740284646615
0.5068277310924046
0.41031179564237463
0.5321401287786414
0.5698694211653327
0.44078374455723096
0.4528580468256374
0.4794282660966034
0.4335696670779125
0.3119396903016224
0.42213883677294395
0.42351953967882583
0.5632597370378305
0.6072731552312137
0.6787196206283833
0.6117758784425077
0.5133160499646936
0.5442268041238411
0.6276771004943301
0.5619712635962114
0.6425836729653693
0.47665469471525546
0.5173642030275248
0.5690726307465778
0.5335086796421513
0.5163015792153732
0.5022525597271214
0.43589743589738034
0.6575675289409212
0.6943097729012423
0.564901016586349
0.4609546509439791
0.5431290898272917
0.628816793893103
0.6335004256124928
0.49675120519824545
0.5979228486648422
0.48694245435632333
0.42321810951381533
0.46416156265497516
0.5603048376409031
0.7383660806618488
0.5694728761516752
0.6651215234278401
0.5583282114319698
0.5299262093468393
0.5201449275360498
0.5781437639389425
0.4138206688280379
0.40548919485746054
0.3429166666667521
0.4886611792374788
0.41818836016921435
0.46799227077230043
0.3571628427532686
0.49726834493838484
0.49367883080788155
0.4903776978417686
0.5526443867618495
0.49701195219122585
0.5044572627162626
0.6474591651543646
0.5849821801646492
0.622659625540198
0.5002039983680412
0.5829121920404399
0.5251954821893309
0.42838664158038237
0.44142951687626136
0.5310299656131966
0.4708153869004442
0.4241647684129853
0.48876404494368825
0.6186581318160859
0.5624168514413843
0.507749370777623
0.5422249539031062
0.5140824192112372
0.44370860927164835
0.38549697853709686
0.3724267532244888
0.5746402877698458
0.42981118799102197
0.47516529592005957
0.44097252699028455
0.4748020158386939
0.6410256410256571
0.47142319984966574
0.45672302737510084
0.6553173602352625
0.44058997050146875
0.5088569665991449
0.49395638629278765
0.6147072278133686
0.5706905640483848
0.40363341114384843
0.4900314795384025
0.5097684515195425
0.49681167634975665
0.4186005625879644
0.44033312249626555
0.4859239895434575
0.5446792381313069
0.37859800274128724
0.454952325355013
0.43074367492972304
0.5894254113837502
0.5443390389771078
0.49212161562359746
0.49919209200649284
0.5111111111110583
0.4690184979276774
0.5103080568721401
0.5259197324414822
0.45186100810342184
0.589249697458621
0.5122334161977671
0.4760051880674299
0.49514939852546797
0.5512582124705487
0.4680558105378937
0.475582466763247
0.41165318503557236
0.3998621165116821
0.467898677712315
0.46372450685378663
0.41273125608556493
0.6254408366776949
0.663397826663108
0.5468749999998009
0.6279187176576331
0.598816139164137
0.523210831721443
0.5589519650656042
0.4879600181737514
0.4947461891373448
0.5558765961413973
0.6048491101366642
0.4055258467024172
0.5302630067761993
0.6696130426242809
0.4938295410720531
0.4048995739500673
0.5314529914528847
0.5398780341982108
0.5258630576901338
0.6607545952917444
0.5148076923075585
0.49132204842510735
0.42385987060150077
0.5316495045657207
0.5542799741695612
0.5142077744941395
0.45032999057187373
0.3917525773196818
0.5129164313946679
0.5125910893828911
0.5437551924675902
0.4528353700397311
0.3626228060491229
0.4758348890270359
0.48911667932169084
0.44096765711280267
0.6072184471427998
0.5215261665376301
0.4802784222739615
0.3471640654738359
0.5812899978428021
0.5310772701635381
0.4448979591837271
0.4770695685969078
0.43671857863564956
0.5541973755166796
0.4508267227371837
0.5736434108527527
0.5426550598477733
0.6782887486223489
0.5576642335766369
0.4682932190350545
0.622856427587928
0.5552625544601253
0.5306122448980415
0.4746764496077245
0.5669949268873424
0.47073054652175345
0.39681758530177536
0.43254306668937725
0.3745027292071937
0.47069177961624065
0.4648864592094134
0.44498634412787297
0.43900652550272157
0.6012769447047821
0.3634928007431543
0.4053834433722142
0.45774855236034745
0.5067832378654707
0.5338329764456132
0.5163407447094199
0.5245200437679062
0.7140526976161344
0.5523073054193258
0.6020864381521694
0.5908695652174885
0.5577812018490271
0.65657111952408
0.5934594421288438
0.5192895123881276
0.575905756834975
0.5538735529832053
0.40516321740998396
0.5468828346984523
0.48907882241220874
0.5296797708930279
0.5112781954887907
0.5166640588325978
0.5443826848579219
0.6515957446806643
0.45217943292426493
0.45393958937980244
0.4056541019957041
0.417481073640745
0.4092781658603603
0.4353767318276247
0.6331310368407995
0.4736536000930424
0.4919457939146273
0.5687789799073205
0.5781715095675313
0.6844547563805371
0.46259297068691835
0.4830577668911757
0.45318937349062405
0.43907232704393223
0.35135135135120366
0.3733579530466392
0.371338806121323
0.6447260834014265
0.6424077780953881
0.5821264570823551
0.6132941956253911
0.661003659174228
0.6536028602858618
0.678347934918507
0.5764284551520494
0.4101910828024976
0.5561585424943352
0.5548025928108602
0.37838135034070824
0.611231823499754
0.5284451495920763
0.6530709600475125
0.3352458603854531
0.4821206020515308
0.5568624202765301
0.5117796024864089
0.45834489135468737
0.4377575227868482
0.5214752138324904
0.4029229261920228
0.4651500897973001
0.4641377405395467
0.5359569179784683
0.5132860520094665
0.5341062280937325
0.544838184776628
0.39656986531984495
0.49542267238019316
0.5139513010763376
0.6021634986864933
0.6169179988350463
0.5319933850655613
0.4622420761540945
0.6073982398239721
0.5846323124886098
0.5561981667393058
0.4839591879666955
0.4706528370956394
0.4402349486050294
0.39803111327186236
0.48917242186583826
0.6023338406900255
0.40539374325790795
0.519576486158519
0.5441341924926025
0.46536659490957455
0.5300661455200509
0.6096025672672197
0.5340984919257973
0.4698367036128413
0.6325966850829343
0.5453766205936974
0.4295172413794115
0.5004741134080277
0.5052631578947662
0.34128187456920017
0.6068930433677346
0.4869009584664493
0.5948048340046656
0.6254769921436413
0.5416878495170849
0.39360313315936923
0.37307532251345216
0.5708367181152976
0.6187068114512276
0.5684744440108072
0.5872730001501792
0.5223730517847782
0.5727222528990358
0.5726375176305576
0.5290204773706829
0.4502982107356433
0.508760545100707
0.5300090661831045
0.45947389504608027
0.6184786267250787
0.616772554002479
0.4769888991672699
0.40808107054690584
0.6674170793936587
0.35793589496043177
0.2923473774719984
0.40770869649425595
0.40749678249650323
0.35457589285712
0.521907351249685
0.5382871944309388
0.5942467827400879
0.5640296662545713
0.33683453237419175
0.4157780071093241
0.47209765819643423
0.5147854309413832
0.38975648491271186
0.5566231983526325
0.4844972067039501
0.5132250029652646
0.5331979695432089
0.39596957160029844
0.3535418682145481
0.34804288207429346
0.42266957716870207
0.43809050223772805
0.39913119026926297
0.47814942970654906
0.5932724848733613
0.443316864734844
0.48468036817536597
0.4145847400406602
0.6212227687986069
0.5735750059624245
0.4585950885208954
0.41129906744731104
0.5205068356117328
0.3050903996264907
0.43905484583616683
0.4370712794511302
0.48510931313471845
0.49971910112366097
0.5761693232298257
0.5133975176895331
0.37764174318617777
0.45265000795795707
0.4538310412574146
0.4979028311776207
0.4800661952761092
0.33325101864429624
0.4272354733635156
0.4866973116033639
0.5983572323542732
0.5881781900549318
0.7065286901923904
0.5782289114455825
0.5583535598704611
0.513680583704875
0.4549025769957872
0.41803198273330305
0.4754323899370336
0.5250965250964613
0.5634529673938115
0.4474286586297329
0.41699282452699515
0.4926335174952098
0.5914738124238528
0.37355732239044315
0.6078499478986273
0.5604130052723898
0.5607191316144562
0.6227736081551021
0.4243243243242479
0.5002573340194975
0.49334600760465847
0.5018726591757832
0.4069957169079979
0.41515440942383663
0.5697391304347892
0.46764484574848314
0.5239333231378794
0.4513438368860017
0.5483414557461374
0.37307110438730673
0.39829437776371546
0.5325112107626617
0.5462033847537754
0.6395414661761297
0.6201009408685789
0.5050687543912389
0.4147831398901793
0.5293860607384381
0.5248004187934745
0.5113001523615137
0.4390497208879387
0.6942847083675743
0.5384855095043974
0.42717667513717844
0.5437895896447933
0.519536701088426
0.6120353522224565
0.45750873108271695
0.4166666666667586
0.34078590785910046
0.513100992114169
0.5495281083299278
0.6241569589209843
0.40051785227579484
0.5459895100422463
0.4211354693647398
0.538790195637355
0.5851931330471749
0.34325633087232693
0.292730173199578
0.3593909782980019
0.43787824848721496
0.4127631793698972
0.4071794871795825
0.36519780374493105
0.41935123042505273
0.4594794439512267
0.4583667575804108
0.5579302587175682
0.5208395208394575
0.4125292740046054
0.47235730739687715
0.6128379355210186
0.4609568666336119
0.598342841619179
0.3656105375578581
0.5301220462216715
0.5273586143551895
0.5019319005072111
0.6057914588149995
0.5158821278224496
0.6014736297829216
0.5077705156137018
0.41307786957286463
0.532739567870854
0.4447427617734495
0.5070149975811515
0.5216297786720333
0.35667447306795036
0.4901501437545254
0.5135443037974117
0.42467827403488645
0.5573659961794101
0.5018935174872454
0.48777555110200466
0.3907704901257537
0.46026958242999344
0.5168796234028572
0.48640026863684543
0.5795246800731398
0.501471068976811
0.4012016021363469
0.663266368273154
0.5978867038449293
0.48114042854609346
0.5342130987290047
0.4547253081723995
0.3302805923616412
0.4067099854131939
0.48137213552669417
0.5021959715280029
0.435286195286065
0.475323430761655
0.5901542810034541
0.3827843540916957
0.47483316366915296
0.5620520558280151
0.5877557810678598
0.432715674362065
0.4679435036604564
0.4576639166304434
0.5046310589685978
0.4323565537814039
0.5485764602287173
0.34254331332800325
0.4393420150787062
0.48965641302383517
0.5350863297955102
0.287009976821448
0.323183110028426
0.562762258721973
0.4443414956982861
0.5472280929931219
0.45533618666287057
0.435842293906598
0.28569288389511227
0.41962616822430293
0.6276362038663988
0.48857142857147345
0.4711755233497
0.5702906651760082
0.4024088943793037
0.4050265218488768
0.601453957996682
0.5129221732746856
0.6424363955383562
0.4815359914371176
0.6581059390047397
0.5690239919607303
0.6132938297050678
0.5429878529737199
0.652955840455667
0.7220140133614346
0.5607058103038615
0.5920729837473714
0.5449826989620475
0.4805616682386576
0.4857822724569383
0.42811311787081024
0.4944913894534521
0.42398211343834613
0.5396531035236788
0.5459551037698009
0.4528879610296763
0.4150187065742104
0.5054978159362777
0.5438130642592927
0.6051369863014694
0.4569332355098975
0.3840273259597291
0.573273369739851
0.6032917139616507
0.602365279482361
0.5198871650210699
0.4792851340374044
0.4702301692979131
0.5807431225436082
0.38203463203458476
0.38271753520285295
0.5792092170724251
0.48507462686574154
0.3542452830190682
0.572969086987808
0.5178950808954942
0.4362132676403978
0.47097013541072036
0.7076403326402292
0.38271211638517705
0.41297412265151534
0.5971799834117296
0.5809680689305737
0.5676855895196976
0.4271891052441812
0.47310593637264875
0.44817738955132275
0.4653014789534209
0.4981308411213069
0.4654602062657305
0.35575396825397604
0.35822136029921214
0.44410487373337115
0.499622213827062
0.6040339702759129
0.4174268637936436
0.5618051492100635
0.5569288934129191
0.6200570224371892
0.5369282790530214
0.6185468451243489
0.5652577182985818
0.5269911504423466
0.4527896995707284
0.6187461711251299
0.3767267999348379
0.6020499910085337
0.45718960189053715
0.42300330607259445
0.32856778146528637
0.4415833973867697
0.4871755490707998
0.4417212559295295
0.5007697971751115
0.40121580547113533
0.5892834890965168
0.5444549167452828
0.5836294716892141
0.4352364185110519
0.601787487586807
0.5518757327080763
0.42449129688648757
0.5598358067571233
0.37802746566797424
0.6260097849584095
0.6756596149275662
0.5666757567493237
0.6231148696264465
0.6201048951049173
0.592528834566839
0.5746600242358991
0.49671792948240456
0.5355519341282098
0.389848296918263
0.4509378588745709
0.5788506685719865
0.43870507022135985
0.5010499790004092
0.4513993003498883
0.4318571918982936
0.460782734739808
0.4758824356629651
0.4878091562881839
0.46464766901164695
0.38671721793699865
0.4958460260316147
0.6346938775509967
0.4222557688160424
0.4881980426021835
0.3932865731462589
0.48674117904903597
0.415206092106891
0.5463974554004059
0.49428698619966044
0.42474344355762345
0.48252460128955343
0.3924878345500368
0.44634525660939145
0.4798368826460431
0.4789156626506539
0.5039056742813313
0.5737275449100601
0.5494380746963695
0.5270227054684291
0.5231727976766548
0.5029657426462181
0.5521454545453677
0.5867997781476193
0.5815004519433086
0.493343774471487
0.6124409448816189
0.5768227168074763
0.5348686344471385
0.6511666390864128
0.46754047802613674
0.5126934984521596
0.7313680449208912
0.596849778703473
0.6167128196775246
0.5799011532123522
0.4903597996054204
0.45825491229388243
0.49390322166594725
0.42878542004742465
0.6346402920050465
0.5319623389495904
0.5321587165161813
0.549305752337635
0.46199129767087316
0.5697005988022837
0.48129320862122527
0.47754467754463387
0.5541615126346072
0.4918793503482314
0.6040703052731823
0.43814243759190774
0.3744285038627684
0.5197916666664649
0.48048252397144486
0.5423983190757176
0.5378935095219914
0.45687237026657607
0.5371340157107627
0.4360890549584754
0.5148358585857405
0.48400297619027194
0.5633521782509892
0.32118644067796637
0.4653408272086693
0.4141055249601805
0.6622798529127315
0.4912485414236645
0.4146374458876176
0.3441144456537738
0.4438344594598625
0.5396159431981493
0.48853492035712387
0.37409672040020103
0.4452943132688409
0.5327692307691226
0.5935689797848168
0.4554436987325135
0.54551191039598
0.4930114358323117
0.47967241883577205
0.36855804268600817
0.604932991160688
0.49263336155811427
0.5272429332238966
0.5992997471310713
0.4664488017429863
0.4896791842828431
0.5709298635354514
0.3655692729768545
0.5629453681709027
0.4366982710541116
0.42990291262148117
0.54378202142514
0.37285858246546066
0.5529699938764195
0.5267804590935564
0.5011373578302982
0.5599999999999447
0.6658227848101577
0.4486864242266617
0.60976890756297
0.6348387096773397
0.5162368672399301
0.31251318843621456
0.6241746020712651
0.5808929428709969
0.4986504723348097
0.38087549336181836
0.28663101604268065
0.4044230769228604
0.532299741601733
0.6978469145978593
0.5932814575820017
0.5367306419588727
0.6334768568353798
0.5194448680800506
0.6117901903141383
0.5622317596567507
0.394118386326476
0.48201566951569913
0.48743188609587573
0.5196693708862854
0.5192584593233709
0.49706272503310917
0.5797041338311671
0.5236740499900863
0.49188272352812695
0.48281619590918184
0.5010681685762817
0.4393817743878598
0.3769747899162074
0.41635524291054105
0.5532619279452853
0.5284465846263748
0.5634646394839413
0.459445452189752
0.4042150130237243
0.5248173815322741
0.5937820293816238
0.37715571107221624
0.45051546391759667
0.48492462311562873
0.5137925471851394
0.585431173004878
0.4528301886793626
0.415171433647088
0.32796403820912423
0.575877587759027
0.6661099691677004
0.5509026614554738
0.4233838137109599
0.4278512917453592
0.47791932059467246
0.4673334408773579
0.5141978230005915
0.49916305916309367
0.4741266850269501
0.3633524206145401
0.4716512622431542
0.515709642470248
0.4146297948262089
0.4552547582457533
0.46626139817654394
0.44404973356991034
0.5218242317479329
0.6596214511044558
0.5201703272078196
0.6324123989216978
0.5443756449948306
0.5993698497331673
0.47427937915750973
0.487847602365066
0.47170503531139213
0.5983619720570164
0.5732749178533227
0.4989846778661114
0.49303564113048315
0.597811217510313
0.5929765178761598
0.3778098329126735
0.43561208267103607
0.3813646670789877
0.47723704866550937
0.5408410837041581
0.39413956639563447
0.46482057078225697
0.6287866108783611
0.5541183467143758
0.45358255451721136
0.3049541879509629
0.2929644268773663
0.3956006186629552
0.3389121338914081
0.4923192206818173
0.4317544149197642
0.5
0.3108257693159075
0.44295070665275793
0.4646516393441364
0.5151197343122613
0.36382818387350635
0.43227572878088694
0.4328640109889674
0.5504663557627534
0.3824689554419157
0.5305956495220245
0.5688744789253022
0.5221962616822683
0.4067250115154
0.3890506697729059
0.6474175966778214
0.639577329490981
0.5420989143546217
0.506911142453966
0.45810564663037423
0.4393281204753892
0.5377435064937431
0.5286552977352332
0.512927850283318
0.3367697594501685
0.5708709441326127
0.42497136311556166
0.5305343511449264
0.3858148088918153
0.47683371606112107
0.6987174250469903
0.6104301314910224
0.5504326182291474
0.5190831556505001
0.5147275405007193
0.4749136371114466
0.3424702235276602
0.4068354951616793
0.4454249883883539
0.45104166666670237
0.4955527318930307
0.45837472680317276
0.49676752004169644
0.6359325605900356
0.5562339964547576
0.5328730111076377
0.43923716778254474
0.48927993527510477
0.40679522497678855
0.2877689694225026
0.4077402787966414
0.37710168134532074
0.5184345543492753
0.4243083003950884
0.4758983347940991
0.6743199401048847
0.5676864244743608
0.47413360120558434
0.4710181879991644
0.5735573015441885
0.519029601602649
0.5713621571361573
0.6678390855133117
0.5695714443099464
0.5875610032912079
0.6074807160529496
0.6226552275699598
0.5245053666104609
0.5718002927305421
0.5418807810895191
0.49336691855597953
0.43846537120063006
0.5190161223645573
0.5554800339847245
0.5563195146615459
0.41447368421032577
0.35916733386724503
0.36832857456621587
0.530887696833188
0.6075009766896639
0.5690027483314519
0.5851758506127573
0.6301939058171636
0.5643738977073802
0.5833072345755822
0.5533635825606368
0.5796950796951893
0.5642422972123995
0.6109481915936323
0.43585780525492224
0.3930558646784219
0.5979797979797072
0.5414294750158973
0.32457121551085055
0.5936222403923993
0.5991503823278103
0.6878875568417092
0.4491080797479296
0.5220489119968189
0.5880819366850807
0.40098164746081405
0.4787635084192539
0.4676056338025151
0.6182162389567281
0.46706961233848876
0.41240955930696194
0.5007971303308448
0.5460967855881961
0.5414912808178399
0.5418974450599405
0.48578199052134885
0.44642857142879067
0.6250559284115579
0.5304392943620373
0.4396591432519037
0.48134750169588053
0.6528944381386518
0.7104418284664226
0.5761731304906981
0.6849136526556916
0.6451550009750112
0.5296657904618628
0.44820909970968836
0.5640147523712602
0.5952425547853558
0.40978077571678967
0.6521003665070607
0.39469350411732784
0.48416194671684726
0.49837067209745955
0.3817000084408618
0.49688512334886964
0.5559625559624108
0.4438725004949381
0.42121471343028455
0.5289821999085784
0.3704231082179423
0.3823156368908268
0.43976534674201506
0.4450887366016535
0.6391304347828435
0.4879340788701169
0.5339920948614483
0.6401036605116411
0.49840950945951057
0.6233716959656104
0.6067808458583008
0.5082042350352685
0.5378447722902103
0.670509383377817
0.47683467017824804
0.4892151531629421
0.6186627479795749
0.4610505450940626
0.558124598587063
0.5466621253405247
0.4971689497718401
0.4748067182085598
0.5854277735463094
0.671792711185991
0.5186511489109141
0.6177458033573382
0.5650829350576777
0.4251220138709578
0.5718716767102973
0.46092619392190215
0.6417355371899173
0.6616957818492201
0.5815578660304204
0.6651785714285356
0.5149688958011263
0.40516767454684
0.5329623287673049
0.42761421319803156
0.37544190431278485
0.5039062499999593
0.4321096859797436
0.5042035398230146
0.410792951542149
0.5327780763032118
0.45678092399415854
0.4011287171695999
0.42970630717411773
0.5887465690756092
0.6198638177975271
0.5289798059269174
0.49975903614463435
0.6828372632390163
0.5160156250001806
0.45609014487567684
0.6452972493344767
0.4408877507466798
0.6121788772599623
0.5725681364947988
0.5929999999997403
0.30970775948943835
0.26968911917129884
0.4395388076490386
0.4246643460964047
0.5096493612394855
0.4483925549917577
0.5388677031390072
0.5802558532463747
0.5471992858737336
0.42986036519868387
0.6276632902546003
0.6770334928226788
0.6102514506771033
0.5135587546032804
0.5662303664921512
0.5733731739707004
0.3483476686281188
0.4377535101401514
0.5431784426055315
0.31501166709843126
0.4816276665727339
0.5898459783229977
0.44261545496099397
0.5310421286028445
0.5034521365925712
0.6237161531280869
0.38350983358566915
0.42348532167369846
0.49602848534633975
0.5061411025418127
0.594912355707564
0.5440896091516262
0.5434191253398053
0.5679840914740767
0.6706092390089755
0.5178604478991637
0.5461576846308016
0.5609602021479155
0.6028433151847239
0.5802849441664849
0.4592342342342122
0.5152340847165463
0.4592954990214293
0.5020491803280437
0.5022212350066408
0.28297297297296664
0.3717349463847221
0.5171751141002764
0.5232558139537752
0.38214502120777294
0.5272877618523403
0.4847917641555131
0.4332161687169444
0.5417115177608982
0.3830938442434049
0.4154542120064022
0.3771712158809629
0.409704737926075
0.3550442477875373
0.4202806122450406
0.6321314468283648
0.5434906196699207
0.5031944021903804
0.4354181643903615
0.5247614720581983
0.5221757322175323
0.6336566659146301
0.45468794528365303
0.4515272244355837
0.45896834701064765
0.47704714640181817
0.6321707444038914
0.4902834729898213
0.45315865039495445
0.4926528991264582
0.4911595866821206
0.4788371098761912
0.4614574557709238
0.3674169346197534
0.547769265434774
0.6798801973219211
0.5167452245098771
0.5304247990817155
0.6426981300091186
0.5556222488995196
0.6110638297871924
0.5412885662431561
0.4910896130347201
0.3334745164477476
0.4534257120863775
0.5142176059935347
0.3897738951698485
0.3440366972477147
0.5622650964671926
0.5685863874348842
0.5145510835913876
0.6426654740609385
0.4913509060952742
0.41163141993955865
0.4086855370302451
0.44448449891820807
0.42204628501814584
0.5433486238530748
0.5091521144541169
0.4224973089341276
0.5089931392545233
0.6303197120473365
0.49179709598353083
0.5463936543072913
0.5112648221341806
0.5134496009455655
0.5912438625205871
0.6324822999359534
0.5258603340711475
0.574720433751204
0.5739717618170262
0.6527538726334428
0.5227809039755622
0.46258945998713263
0.49861303744792634
0.669622602598321
0.3459296482409573
0.5561108587007421
0.5093616061354994
0.5884282731879691
0.5108135942328064
0.38899130892802847
0.5022922636104192
0.5544554455445132
0.493804213134444
0.4037917374080973
0.7962836685985458
0.6085382123116772
0.6013175230566395
0.45670225385513635
0.5042348955395154
0.49851101846305584
0.538585209003167
0.40272958593531455
0.612997347480208
0.5605400696861109
0.6365317919077559
0.6401625072547245
0.5622418879058699
0.6080236764221157
0.5640243902440867
0.5613893376414286
0.5388167388168537
0.4950048340314934
0.5883470550980545
0.3060963114755845
0.49727992087023465
0.5320372941878158
0.5443107221009783
0.4453805926787805
0.45995962314898464
0.5926884503396469
0.38932732055610303
0.47424812030089564
0.35550572994474167
0.47743724010458477
0.49989568120189287
0.5267478813561882
0.5117815459148242
0.6278026905832008
0.5120344565491505
0.5281373844122081
0.4813466787990395
0.5272567409142516
0.38997321086859904
0.5166783707867354
0.5541567180378263
0.5227447956823333
0.406782639254907
0.44695259593710285
0.4057806099225412
0.40902069817701303
0.49119373776879915
0.5689309257664121
0.4987755102039134
0.5706806282722594
0.570422535210569
0.6626230258642203
0.5202702702705579
0.7778010033443987
0.6287103377685253
0.7442133020802446
0.6197604790422261
0.5140428677014256
0.42169789498017396
0.5749706572769858
0.6083962683251618
0.549608355091446
0.5028880866431312
0.44005006257813317
0.5001621796948841
0.5233704974271466
0.47334834834787726
0.5423832923833247
0.46854663774411975
0.42997061704210066
0.6017434620174162
0.5357535753576402
0.627149321266782
0.6622390891839193
0.593132154006568
0.691197992891195
0.571547420965057
0.6288987905793142
0.6193393130606706
0.6188596491227114
0.6967597765360981
0.604594180704391
0.5647482014387841
0.5393649412790904
0.5758426966292252
0.6279693486593757
0.4927285318557215
0.6510312707920645
0.554413239719021
0.5883989726026316
0.5133774000628138
0.4906505135630269
0.4775453277543353
0.40940826370599787
0.37347880822475577
0.34984756097524966
0.507729681978718
0.36184857423787414
0.4978632478632174
0.5797488645471716
0.3517391304346924
0.4720087815588272
0.49132357944873006
0.6174163179915829
0.48950766747374475
0.46563814866778874
0.39307861572302155
0.4534402483188541
0.2941504178269867
0.35714285714289185
0.43465845043966894
0.4947935368045226
0.4533192834562574
0.3832311647222021
0.3889354568311093
0.3527154663520178
0.31750907567735615
0.4353550615154908
0.4558503697258401
0.5607864357863086
0.44263249854439457
0.5456892101189988
0.4171444954127325
0.528904771915232
0.570635410240777
0.4343511450384777
0.5425673872428561
0.32278481012669424
0.43876140447897866
0.4228552051543267
0.4105808812317717
0.4168193850541703
0.41780330222499285
0.43620414673024704
0.4860252287908698
0.6505760826379049
0.4965479149403539
0.5132046724222934
0.5740740740741233
0.47703062583239797
0.5875806451609891
0.5860086248202705
0.5103287750942594
0.4071128782860002
0.480707534899765
0.38616752953688843
0.34121395036872426
0.4101151727589764
0.43602885345474224
0.5047856049006222
0.3717972015267065
0.4715565742865612
0.44539353264178466
0.4941203596956023
0.43066954643634525
0.42331911436106207
0.3574879227053159
0.4223711039907808
0.45445689235242903
0.4917374881965002
0.5530632741882735
0.7106545502435501
0.6031257399955889
0.5893080189859192
0.6109778843592268
0.5923226433428942
0.6422349053764429
0.7472631181576984
0.5703271514898522
0.5786335403724531
0.6873216469627741
0.5908450704225264
0.505043227665867
0.644251626898182
0.5487500000001173
0.6082725060826355
0.5717011995637749
0.5227213028629689
0.6411726525313344
0.5847039473685083
0.6494890193519223
0.6718749999998084
0.552145214521063
0.4213984045052586
0.474424242424127
0.47251506024068607
0.3862745098033674
0.45023963913180853
0.3381173490928927
0.5564348188255418
0.4627939142457857
0.44957829116216036
0.4378975560764477
0.5806451612903226
0.4422865518506799
0.4704815635704591
0.4422726088092466
0.6599289811526402
0.5272186642269157
0.49449362988527423
0.5114297589358728
0.5620659722222628
0.6014760147604883
0.6484687083890969
0.46550029486889033
0.4066291802310064
0.38349159970770236
0.4770307271072329
0.47615354788649894
0.5381319622969789
0.3120890237732203
0.4824510932105151
0.45170797052913303
0.5309037900874023
0.4567484662574973
0.497698085776456
0.5826362849724669
0.5846953937593825
0.5061301477524229
0.5395317271801945
0.5224795640323936
0.5629087104365709
0.5028188865395503
0.5217113665388666
0.6152667075414394
0.41069781739943134
0.45452084461291886
0.5233488992663025
0.5102323968093927
0.5828556192506924
0.5578296049497882
0.4983637213649851
0.4673342870766916
0.4788433262538077
0.5754034501945514
0.48319952423408663
0.5235980011102493
0.5349946977728742
0.6125377643507279
0.49237288135629403
0.6935092916779314
0.3824561403508991
0.5677419354838873
0.7140531741727714
0.5467312348664828
0.552171965965635
0.6192468619249225
0.6184903452308563
0.3200987451141327
0.4741427768406998
0.48165810711684004
0.4781341107874052
0.41686104631818843
0.5495311863025277
0.4722306525040073
0.4036877206752225
0.4401210549073074
0.5288907633915096
0.5930149679255985
0.3338699291693441
0.4428726877038093
0.47654537483544623
0.3808260704814128
0.5738151658767301
0.5945454545454235
0.5457099080693217
0.4575549000326385
0.5469654998744993
0.42866607773817805
0.42569511025857354
0.45680473372756353
0.4515588333894947
0.44055140723698955
0.29745712596143037
0.4402515723266041
0.4441154700224654
0.4517628826038574
0.4722838137471227
0.4258960284148079
0.5450129533674872
0.6514925373133699
0.6180338133999634
0.5613031036757593
0.6234654860133314
0.5665226290650777
0.5287598944591512
0.5172164700218154
0.6279444982254004
0.494856825132479
0.475151849806993
0.6007968127489955
0.4678141135976431
0.570950655143951
0.522855898998455
0.4916855631135487
0.5633223684209759
0.5674633770244586
0.5169785169785516
0.5529970760236705
0.5305961310695767
0.41484249866522327
0.5467260012715457
0.5905325443780082
0.33490011750873844
0.5277618775044913
0.5677811550152757
0.7702841492644671
0.5548076923077478
0.6327479338843575
0.5210631895688387
0.44725738396623976
0.4260823653639673
0.3890851982723104
0.3411197626989934
0.6087719298243971
0.5209471766850661
0.4158139534884844
0.499190283400098
0.4359504132229278
0.4573432021813148
0.5285899094435447
0.4241849886281066
0.600538599641008
0.6476774758985346
0.6321265085314844
0.47020933977464563
0.5370457763090628
0.4198717948712722
0.5403087478550953
0.4049192364171138
0.6310904872395
0.7146722164411502
0.6238414829016665
0.7271412037038806
0.6035345115036803
0.5482993197279848
0.6326158336371602
0.5675855197611921
0.5193412485637348
0.5689881734562005
0.513824884792485
0.6077181208052884
0.617894056847044
0.47838858581586396
0.46473719228218224
0.5333079558436529
0.5265861027192357
0.5525498891351311
0.5351857444881013
0.5090507726272802
0.5406831435711887
0.5402399765878608
0.6120268620272523
0.46024355300868275
0.49576450656529386
0.5014214641080962
0.43513398553829546
0.4358208955223937
0.5546772068513245
0.5632458233895948
0.5531987683885996
0.46062691131522976
0.374397429030894
0.4344436569811836
0.43667068757510935
0.47402760351307976
0.49272286234048257
0.32555425904325563
0.4438627108779062
0.40019286402995535
0.4076492537310181
0.25954198473330164
0.3414634146334977
0.435768261964823
0.5084590763606248
0.4962335216576064
0.5025477707007534
0.42713833157397624
0.3222549432056463
0.44336317633321537
0.4679152594413449
0.5765650080255048
0.4005563282336313
0.4438116932422239
0.5901060070664712
0.4041916167666
0.5725837504808715
0.536082474226407
0.4682008368200665
0.5293125263601536
0.6177715091684128
0.416871015203529
0.38095238095224465
0.3633556356150937
0.48761061946928785
0.31973457852059384
0.3382832307135636
0.45227801795791917
0.3682078974009369
0.7421465968586887
0.5538896746819664
0.5647748303516632
0.6040508339949116
0.5092556124461012
0.5840909090910833
0.4400294334069427
0.4592237243785984
0.4192941176462288
0.4318460908720275
0.34569045412405913
0.531878230901694
0.4928278688518472
0.44878563885954575
0.466889259878182
0.47856782652568763
0.43110871905258313
0.6020378457063353
0.6093613298340173
0.5152934692755559
0.4986865148859847
0.4456335616441401
0.5188544152751122
0.5093956323010103
0.2906298003072474
0.4436160298231196
0.5909782057779613
0.4405837387085056
0.4190031152646374
0.47729184188361273
0.3295753476134394
0.5108005082588135
0.4268524382517523
0.4714873603760394
0.45535558273633264
0.3456368193208676
0.4546010394373443
0.4672312223861393
0.4856102003650175
0.5493853327677228
0.49065559181254753
0.4781790820161908
0.502642960114982
0.5011485451762681
0.41415157612361947
0.35778859527105966
0.4939862542953422
0.5171919770776134
0.5189223861444742
0.4555180180177345
0.5130890052361035
0.6245601688950512
0.47525095188703304
0.4782164737918535
0.4727969348658377
0.43241711533026167
0.5294915254240207
0.45872597059949216
0.3634045266182285
0.3306857294152999
0.3919797687859872
0.4344615384617322
0.49321406539160123
0.4588926174499227
0.5696508814377081
0.5398959236772141
0.4382935500258801
0.5659617321240676
0.6137767220904327
0.5449649973074904
0.5646475380801722
0.4867586721372325
0.4684651841052254
0.5948310139167328
0.5294117647060085
0.5965738758036053
0.34319315751955676
0.547973319651034
0.5637421231221524
0.6051310652538117
0.6536333456294894
0.5131702728123506
0.5086747877447868
0.469691193290185
0.5822314049588574
0.42269684411833225
0.4986787466969647
0.43402354851834274
0.417101147028343
0.5230566534911929
0.5042787286053622
0.5118230358507068
0.37143928036023444
0.47300771208196823
0.6078967943707686
0.6614922383574443
0.5033707865173145
0.37792257569919324
0.4650624710783727
0.4090466926076043
0.5702075702068837
0.36026490066236677
0.34072580645138384
0.43606923506388334
0.432984790874782
0.3634677793231732
0.5586937334506121
0.4812834224597738
0.48081069426467665
0.48713119899545587
0.5777777777775581
0.38112136266900853
0.5688689809625745
0.6003009027081657
0.4580498866205756
0.4489187173766307
0.4200652528553777
0.5992192582949842
0.3694741740344895
0.44517338331765927
0.5268650947042761
0.4947598253282468
0.5088474414153957
0.33151878062019274
0.49922077922067176
0.4542504866978717
0.3894324853228906
0.5151342090240159
0.47457627118606793
0.557991231565942
0.48011480114785704
0.5189101260669469
0.5133366884750538
0.5039370078741112
0.6211626387978855
0.4891891891894532
0.27229757501010543
0.28599316739944153
0.27569475077196737
0.41089108910943783
0.3409516672908736
0.4906914893616451
0.5211670480550807
0.2870905587666419
0.7146801656694893
0.4700460829498874
0.5840336134453454
0.4577191621402228
0.40845070422555574
0.6128500823726308
0.40225563909638473
0.6039861351820175
0.4976377952752651
0.3722304283603052
0.4011764705876996
0.5446428571428494
0.42673521850869167
0.3373493975903845
0.5485977718013461
0.49102773246326764
0.364551863041483
0.49174078780227987
0.3413111342352355
0.5
0.6657771847910557
0.3438524590168253
0.48309455587435285
0.4105691056916021
0.4291405805353228
0.5357873210635807
0.613394216133928
0.6031787389265371
0.5977747808493232
0.5349222111881252
0.5254174397036241
0.5603096984510549
0.6624459542927258
0.5458167330681484
0.49111937216026547
0.5686378035906857
0.6123698714022978
0.6904761904771106
0.6767025089603551
0.5041899441341375
0.3794940079894067
0.4098454493419874
0.5309608540928659
0.6176062204942168
0.6243264049261675
0.7022862823054086
0.4539170506913573
0.578267477203984
0.506621102093716
0.3547237076645272
0.29610194902497666
0.388998035362522
0.2892398815396302
0.37466014138164255
0.4220289855077644
0.3188638799571307
0.3233449477357134
0.3816964285709603
0.3620331950205961
0.35274652547972996
0.5907731738568178
0.5201668984708009
0.44985337243369317
0.49265274555426014
0.39587932303178364
0.5235964198534813
0.3843159065631552
0.43421905379257497
0.44342331993117023
0.4362837413682899
0.43041351711935005
0.484893146646856
0.5549668874176829
0.4770146024880967
0.4015976761082378
0.5292376017774709
0.5329780146569784
0.45717505634856676
0.4474489795915791
0.4091618948459176
0.5073227885184447
0.5479744136467632
0.4413472706162834
0.4679415073115396
0.5546583850928399
0.5796959293763111
0.4796747967481788
0.5777906304217346
0.5200945626479074
0.37360801781769604
0.5946866485012385
0.5919243986259746
0.39409368635417125
0.37111398963785247
0.34535104364292335
0.4625240230619114
0.4204620462044102
0.5772727272729571
0.7145328719725358
0.6501524390240155
0.4032520325202899
0.4735401459854885
0.47527047913423165
0.485148514851616
0.5415384615390617
0.40809968847233297
0.6725717776422373
0.6066584463623345
0.5014556040753544
0.5007374631258517
0.40899795501055675
0.6185935637665194
0.5236473704125881
0.5418634607122884
0.5773441218464993
0.5563218390809065
0.55101058710339
0.5082382762993111
0.3935897435895224
0.5378214826016853
0.44801795063575417
0.42730210016146236
0.5361781076054655
0.5514479359211742
0.4857651245551672
0.38192011212396376
0.5181255526094954
0.5218130311617573
0.6130417805539483
0.5256107171006589
0.5641725832883808
0.48000000000021353
0.4544012688347733
0.44428969359386705
0.52338983050868
0.5114116652584596
0.583333333333078
0.493185689948586
0.5849056603766987
0.6644004944378746
0.5136226034304884
0.5564581640942236
0.46845124282870165
0.4559535333979328
0.5
0.5848642720040056
0.5277258566979661
0.6122787610616754
0.5279007971665076
0.4896125772034275
0.5650406504057983
0.7290922087208136
0.6299357208445511
0.3186475409836019
0.4595660749491241
0.580477673935992
0.46216216216301786
0.5043062200962866
0.46424870466293294
0.330291970802953
0.5036075036074665
0.440423654014532
0.6616812790103834
0.634057971015398
0.45705521472458044
0.6078268109921703
0.5345167652867445
0.47068819031411285
0.5154061624650209
0.39419475655503644
0.5418754473874419
0.5077551020403687
0.41211101766319563
0.4398826979465892
0.523103748911149
0.5395683453238945
0.5410312273062556
0.5425971877591431
0.5459236326088474
0.5896240163221158
0.4512325830648541
0.31676495366481855
0.34785238959534304
0.439834024895434
0.461864406779119
0.4833815028908318
0.545288753799984
0.6752136752133877
0.49892473118184927
0.535958904108852
0.5723562152129944
0.6280575539565203
0.6054766734282985
0.4447174447170777
0.34154351395662036
0.5139925373132935
0.4789048473966837
0.4567901234568423
0.5210970464132447
0.5022182786167556
0.6639629200469771
0.4947848761405758
0.4763636363630187
0.39230199852042064
0.4522875817002681
0.46096345514842757
0.4189473684212991
0.6894409937878379
0.31382113821111157
0.5456329735031948
0.4720000000007931
0.4854227405241078
0.5073891625618154
0.5975882090217512
0.44798890429858695
0.6395522388059082
0.48829701372121925
0.45745654162777444
0.5452173913044908
0.5080731969871147
0.4536817102139775
0.4576271186464321
0.5174353205852702
0.4751677852340016
0.5487528344670344
0.6472573839673028
0.577592732779046
0.6
0.5410010649644115
0.5672371638125676
0.33460236886619016
0.4512860483246792
0.39615384615345955
0.4382513661217914
0.4228504122499092
0.3968432919952275
0.6460377358488514
0.48731884058065916
0.5101387406610959
0.49388753056240037
0.4834874504610666
0.32984293193642894
0.5490909090909188
0.6207264957257087
0.3902759526952066
0.5632306057374455
0.5927099841506758
0.5102651839173886
0.4718657453114366
0.3818011257030186
0.4881209503239395
0.4332171893155094
0.46186440678067275
0.5334872979214424
0.42322097378321877
0.45060893098655064
0.521250000001988
0.43839169909125003
0.6582809224322667
0.4589947089954134
0.6033755274253684
0.5155279503104017
0.4672619047618391
0.5242290748899254
0.5658914728682743
0.466101694915443
0.46358792184585745
0.45768025078370633
0.4222488038286614
0.4654545454550945
0.2908082408876799
0.31996353691859425
0.41702127659684557
0.5592948717953916
0.40291262135746736
0.6413881748059044
0.5954773869362812
0.6077981651368248
0.6003521126763666
0.38970588235238796
0.4936305732498966
0.3510781671160272
0.3903508771927792
0.4668094218408737
0.5021097046408552
0.47700170358003036
0.5308641975305252
0.31356898517799403
0.4631956912024854
0.3052276559880969
0.34163701067553687
0.45166402535628075
0.40133037694228735
0.38447319778302536
0.5086092715233973
0.45769230769352515
0.564220183484772
0.45333333333457615
0.7570436913024075
0.5366739288299633
0.7080436941421382
0.5843750000001449
0.7150735294121668
0.6135105204873219
0.529281767955687
0.5406162464968978
0.5192307692324144
0.46393210749615243
0.5304878048776629
0.42760942760751114
0.5738539898159164
0.4395448079664727
0.560240963856572
0.6891566265061403
0.6212121212120645
0.48998178506372275
0.5923566878979688
0.5208791208791101
0.6360902255648856
0.5198019801975156
0.4448217317473802
0.5598631698980686
0.55982905982929
0.4361370716522776
0.6326259946965017
0.5122699386508719
0.41782178217886323
0.45849802371409454
0.4916286149156884
0.4571843251082443
0.41632088520076177
0.5332103321037602
0.31340579710138944
0.38045234248864124
0.4110320284687579
0.4446460980033587
0.43727852586818083
0.4288816503802944
0.43742690058440586
0.31587982832545586
0.5332265812639683
0.43373493975938837
0.5409836065569785
0.4709517923368599
0.47877358490668115
0.44049079754557025
0.36768447836966145
0.5160744500837045
0.4272237196770791
0.5212143379658881
0.5396551724141039
0.5896686159852844
0.6038338658147495
0.6571056062584474
0.5845921450156539
0.5842696629207866
0.5701438848915323
0.5031055900631201
0.5008547008535504
0.5114503816809447
0.3987854251046508
0.5454545454524644
0.35817805382751994
0.43324937027476357
0.5305039787801069
0.47505938242457235
0.6295525494282118
0.5906249999980124
0.6613272311182764
0.44308943089612834
0.5355648535575173
0.5349301397201867
0.48831775701207786
0.5238095238086338
0.42539682539505447
0.6076294277874987
0.519298245611543
0.5540308747872212
0.6061381074166033
0.35714285714352473
0.5227272727270429
0.4560000000028946
0.5140186915871661
0.5123456790119604
0.5024937655868407
0.5029868578268661
0.5100574712652173
0.5371428571416951
0.513761467887699
0.556338028171441
0.5
0.5767045454492497
0.46324786324586137
0.5579567779967232
0.5480519480537038
0.4598930481287239
0.49253731342956547
0.5079787234024146
0.3696969696998701
0.4332344213624782
0.6433615819203371
0.6499189627213392
0.4566088117464928
0.6415841584172371
0.5961945031688414
0.5962877030160617
0.642696629214056
0.5995203836926234
0.6674473067922523
0.6222910216694387
0.43956043956225266
0.47663551401545357
0.4299363057306567
0.42907801418146024
0.448484848486891
0.4675324675303416
0.4555555555579355
0.5535097813575085
0.5460317460335394
0.5533980582489328
0.5475206611550782
0.47293447293281193
0.665064102565068
0.6053412462875696
0.683510638296944
0.5402597402604306
0.508361204009621
0.6289978678055672
0.5751072961364786
0.4483870967752814
0.6200607902776661
0.5060240963818828
0.451612903219152
0.5367965367950779
0.5247641509428611
0.36290322580703027
0.41064638783022345
0.40438871473321447
0.480243161097143
0.4462151394349227
0.5207547169784398
0.4590163934432207
0.46391752577000445
0.3388429752083587
0.3184931506845141
0.3897058823536627
0.4093749999999348
0.37190082645273775
0.5076923076948084
0.5755627009631584
0.5235294117657064
0.4331306990902214
0.41124260354829045
0.33714285714198555
0.44636678200947705
0.3208955223881836
0.5271966527204441
0.48019801979554777
0.4171428571400972
0.35338345864749676
0.44505494505548227
0.4430379746822969
0.49425287356454084
0.49462365591526436
0.34444444443771655
0.49315068492545455
0.44545454545767055
0.5217391304421409
0.39825581395454096
0.38028169014025676
0.3829787234003954
0.49315068493053293
0.3923444976094887
0.5927051671736017
0.42777777778237747
0.5195530726243099
0.536723163836412
0.4557522123895547
0.4972677595664946
0.5608465608407075
0.5673758865370178
0.6184210526331193
0.5645161290261823
0.46428571428713283
0.3999999999977186
