-1.5022348933004153
-1.5022334643911528
-1.5022314982460323
-1.5022291851409513
-1.5022261706555444
-1.5022175227326553
-1.502206599182908
-1.5021869163137092
-1.5021522674231302
-1.502107917758342
-1.5020570510837619
-1.5020117083660451
-1.5019619570514775
-1.5019059521089873
-1.5018532148892556
-1.5018028784658322
-1.5017587197574478
-1.501731195876174
-1.5016845803147245
-1.5016329707374687
-1.5015802853953086
-1.5015396658763878
-1.5014953586395539
-1.5014543051190536
-1.5013983481895845
-1.5013419301610067
-1.5013527567107967
-1.5012781674705276
-1.5011950996361552
-1.5011149515180222
-1.501015073352889
-1.5009172480519097
-1.50083090097967
-1.5007568848925803
-1.5006811411541416
-1.5006485960623273
-1.500637926357667
-1.5005416801021783
-1.5004704323545301
-1.5003558421346581
-1.5002638699784834
-1.5001618694287542
-1.5000397747051544
-1.4998839918094131
-1.4997348447059002
-1.4996044799244679
-1.4994162980914048
-1.4992708393294472
-1.4991143932882627
-1.4989690677983667
-1.4987533430354987
-1.4985874269648496
-1.498384030921273
-1.4980844801640554
-1.497931920622567
-1.497661962073505
-1.497351802615703
-1.4970303071754916
-1.4966857463154186
-1.496303446449162
-1.4958628314869689
-1.4954352033695155
-1.4947249301792886
-1.494081170660771
-1.493424512206933
-1.4926738192184767
-1.4919804505538015
-1.491351314500694
-1.490778851179141
-1.4902485498676246
-1.4896423739573066
-1.4888085645497753
-1.488197713429327
-1.4873981374818157
-1.4866179884442265
-1.4858921063902197
-1.4851507469212735
-1.4842897594314068
-1.483380018976139
-1.4825871906526038
-1.4815920169704713
-1.480936543871481
-1.4802192783595352
-1.4795712280724829
-1.4788053099369523
-1.4781458505419447
-1.477488980622861
-1.476828798040324
-1.4761431397252147
-1.4755420438796303
-1.4749532979629698
-1.4743532774403574
-1.473646970934752
-1.4730316455057304
-1.4721650177034826
-1.4714026227423274
-1.4705957699935126
-1.4696519740403626
-1.468651124995227
-1.4676313520345492
-1.466889060916501
-1.466297540206569
-1.4654122165132693
-1.4647294486592786
-1.4642087288671572
-1.463581588527165
-1.4624647971220401
-1.461736192417839
-1.4599329868165098
-1.4584797118067148
-1.4572258775159657
-1.4560499755436396
-1.454726510901029
-1.4534667434130377
-1.4523120060775596
-1.4518614954025935
-1.4511339214655425
-1.4502715246678861
-1.4493256343102026
-1.4486940623298772
-1.4479456047947667
-1.4471542506444892
-1.4460273610496086
-1.4454546050741837
-1.4448478532954312
-1.4453465189594594
-1.4449935456251162
-1.445320316114029
-1.4449935576423896
-1.443848783903131
-1.4419371682696536
-1.439906134650795
-1.4380350792412189
-1.4367426509715144
-1.4346182717976894
-1.433411887515951
-1.430711213243418
-1.4282643490408231
-1.4259030940382214
-1.423876209788931
-1.4211018201145578
-1.419220315332665
-1.417319963788832
-1.4135954137136355
-1.4124908705675274
-1.411082664759336
-1.4088481680449811
-1.4068167937785445
-1.4042864056760085
-1.402194628331357
-1.4004547587974947
-1.3981289876040481
-1.3958365534725121
-1.3938520860947026
-1.3923542249689076
-1.390084103381313
-1.3869757511120735
-1.3840414689304634
-1.3807850576160454
-1.3776046475316484
-1.3747923544088527
-1.3722931988488298
-1.3711142910183824
-1.369441648834159
-1.367330640437989
-1.364587727349349
-1.3620326361779054
-1.3598657018400957
-1.3571009963093432
-1.3544584377663813
-1.3497216729061636
-1.347274550743536
-1.3446056906276527
-1.3411381193049745
-1.337544137034767
-1.334892779300796
-1.331560546303338
-1.3284360114960643
-1.3250773039226493
-1.3221118914153362
-1.319318187440232
-1.3166577153116388
-1.3121541361000386
-1.3079922523355931
-1.3046520399387382
-1.3013701566063867
-1.2982484021083274
-1.295531708758437
-1.2920844567562573
-1.2900955013380242
-1.2885374653174722
-1.285676565341711
-1.282985426567093
-1.2803400445512065
-1.2777337099230934
-1.2746373117578333
-1.2723473124538118
-1.2666674543987007
-1.2625404116960952
-1.2589298902110835
-1.255465949093099
-1.25313280401494
-1.2503434545016934
-1.2482366151454427
-1.245003771492745
-1.2422231558184684
-1.235247997666259
-1.2314832430443567
-1.2286926351995442
-1.2261315001296482
-1.2243566967217254
-1.2225608903568401
-1.2196931514811737
-1.216481402771623
-1.2144177817449713
-1.2108510333491387
-1.2085927629408248
-1.2073962214940697
-1.2047258678441313
-1.2023901750562251
-1.200809610382796
-1.1982597845170309
-1.1954470819825975
-1.1931477499476648
-1.1900169075691647
-1.1886194964084071
-1.1862392546738987
-1.184037975764037
-1.181475901876606
-1.1789762488273459
-1.176553440756515
-1.173318514978398
-1.1697875592716844
-1.163370233613835
-1.1597373183581958
-1.1567367501619186
-1.1545083629278725
-1.1527078586312338
-1.1509305615826777
-1.149109941706415
-1.1470158951285405
-1.1446694058014353
-1.141412875775062
-1.1383287929955042
-1.136052787773333
-1.1339988079817949
-1.1328109684712144
-1.1309605981177986
-1.1295701930844047
-1.128335524654931
-1.1270730362186043
-1.1260884234421058
-1.1240987006472007
-1.1219954432125299
-1.1205409270043731
-1.1187929183104868
-1.1165735574389244
-1.1145727306955397
-1.11249479399589
-1.1109742425939675
-1.1090133661236992
-1.1073253730654018
-1.1063837606027436
-1.1054398767218687
-1.1040162925201595
-1.1032355896019912
-1.1034543095624743
-1.1033906063630143
-1.1025648275368334
-1.1016539155732803
-1.10120069534582
-1.101019535067147
-1.100107814190397
-1.0994224813032103
-1.0985217796473041
-1.0978067806739782
-1.097481584595173
-1.0975532724850858
-1.0954668336476623
-1.0947409721760741
-1.0944043538201282
-1.0938394512536522
-1.092610870236333
-1.0919910130244954
-1.0908011905147357
-1.0902081221374584
-1.0899914826395198
-1.0893311841644184
-1.0889621448199505
-1.0887153512932888
-1.088696898911672
-1.0882234523275638
-1.08797743828809
-1.0869539662757732
-1.0863362560559982
-1.085345264966471
-1.0843872863496997
-1.0841536383682773
-1.0838242362181456
-1.0840191421597811
-1.083847286024229
-1.0832517232877878
-1.0824964382740594
-1.0816432810492607
-1.080230551452184
-1.0799708592409072
-1.0789928784958411
-1.0777419431483268
-1.076791602895898
-1.0762901426106384
-1.0757796196317526
-1.07546320496855
-1.0749278133277802
-1.0741594076262804
-1.0728969012361915
-1.0728133764204226
-1.0729247547709093
-1.0728040197333302
-1.072507719108345
-1.0723360839019993
-1.0720604620825238
-1.0716790392892073
-1.071200342739657
-1.0709175863645475
-1.0705103632194806
-1.0700919623490177
-1.069974956192147
-1.069779083634802
-1.069499267440568
-1.069273635235511
-1.0685695006639888
-1.067926797821585
-1.0676337981105035
-1.0670723049586037
-1.066427337563897
-1.0659081795917826
-1.0656217567512458
-1.0651788415982206
-1.0647567025033742
-1.0643827359685634
-1.063985573435872
-1.063858472859165
-1.063772767406838
-1.0638053006914108
-1.0637325960126136
-1.0634609440964853
-1.0633070891412464
-1.0628692038005993
-1.062703033986285
-1.0624642780440692
-1.0628943953884882
-1.0630262828404928
-1.0631618262195153
-1.0629406207274708
-1.0627057331053344
-1.0622410648226526
-1.0619837164692327
-1.0615907854358861
-1.0615747522990544
-1.0619486838084025
-1.0624364482382678
-1.0627287295627195
-1.0626958777736326
-1.062545741556453
-1.0622763918291713
-1.0618296734030916
-1.0612381455112072
-1.0608787205400318
-1.0597830906806311
-1.0593101646900025
-1.059168619023743
-1.0590860287918542
-1.0592816412614188
-1.0593606208955915
-1.0593240240236426
-1.0593256437462846
-1.059439124585402
-1.059441437151935
-1.0595409666701052
-1.0594321120123513
-1.0592528491932873
-1.0590732585825073
-1.0589409578560962
-1.0587889782794089
-1.0587449528248787
-1.0586936417075565
-1.0584633517171482
-1.058302505720807
-1.0581955286990536
-1.0581016686995264
-1.058039747164509
-1.05809863197213
-1.0581458927508667
-1.058080402764082
-1.0581995862564462
-1.0578699035631676
-1.0577948185449284
-1.0576821115740669
-1.0576570893239687
-1.057700283428799
-1.0576043423889017
-1.0575585751293977
-1.057535356772606
-1.0574493940139196
-1.0574215328694185
-1.0573853067221441
-1.0573724709782006
-1.0573918360769579
-1.0573628749601154
-1.0573625124992019
-1.0573874164307815
-1.057415135775851
-1.0574173295414242
-1.0574049073290237
-1.0574046526437026
-1.0573767252289226
-1.057355763123551
-1.0572809794206215
-1.0572222158265592
-1.0572412495105816
-1.0571910137926301
-1.0571723350107984
-1.0571806434722515
-1.0571746084060507
-1.0571665912344916
-1.057167356270252
-1.057125956560144
-1.0571520917827308
-1.0571504769749211
-1.0571515280435395
-1.0571375304585906
-1.0570631367255883
-1.057023072301564
-1.0569878099034884
-1.0569464939256377
-1.0568896032858
-1.0568356546358129
-1.0568182945366627
-1.0568180055733822
-1.0568004000663043
-1.0567478579947636
-1.0567211537734158
-1.0567174663270722
-1.0567028297657448
-1.0566717737079843
-1.0566710762758704
-1.0566757381582923
-1.0566633990052743
-1.0566258763545362
-1.0565242460652213
-1.0564029836658602
-1.0563353093067718
-1.056293355840578
-1.0562291176474619
-1.0561678819257472
-1.0560991976127572
-1.056043827458851
-1.0560139321205493
-1.0560421237348727
-1.0560585386487535
-1.0561050932919944
-1.05612771722143
-1.0561344278421998
-1.056137139022009
-1.056143052162777
-1.0561260539842534
-1.0561321563923418
-1.0560757033520949
-1.0560837569266497
-1.0560838793963538
-1.0560264285559016
-1.055988386729134
-1.0559746021843268
-1.0559489406689135
-1.0559524631569774
-1.0559683964856637
-1.0560316667535508
-1.056048553319444
-1.0560937880892443
-1.0561203061171272
-1.0561380987443363
-1.0561415174638913
-1.0561583040067948
-1.056182912369844
-1.0562215485999331
-1.0562475400424454
-1.0562859011785044
-1.0562868787639426
-1.0562877998516838
-1.0563172206978388
-1.056292141339787
-1.0562761675960173
-1.0562278866641155
-1.0562189025399158
-1.0561511009263986
-1.0561128243579205
-1.0560899758175768
-1.0560355961181551
-1.0559449784291168
-1.055878463838819
-1.0558094748847922
-1.0557480601202347
-1.055695813413707
-1.0556404527939394
-1.0555452742992717
-1.0554787244099406
-1.055436118783093
-1.0554204497296373
-1.0553952712906025
-1.0553444434389279
-1.0553087514946158
-1.0552562647866661
-1.0551133566330002
-1.0550209562251622
-1.0549535405746273
-1.054863137524135
-1.054838445941247
-1.054801670713834
-1.054751860858986
-1.0547159946934759
-1.0546495216151417
-1.054588460044278
-1.0545689471875532
-1.0545379124182248
-1.0544926349299348
-1.0544361744158375
-1.0543819902965688
-1.0543595933139542
-1.0543400615829899
-1.0542895116800386
-1.0542496943497017
-1.0542221582455449
-1.054168169667392
-1.0541359394842071
-1.0541004948279886
-1.0540801377697437
-1.0540869001682371
-1.0541087761355195
-1.054119301628692
-1.0541702634722132
-1.054211834736364
-1.0542025103381938
-1.0541984050039577
-1.0542268386072278
-1.0542644499942284
-1.0542927249127878
-1.0542808147862972
-1.054300045986859
-1.0542301888995802
-1.0542341289607646
-1.054251500493615
-1.0542584451984531
-1.0542591936922046
-1.0542860108334298
-1.054320782797746
-1.0543122528686497
-1.054320702826823
-1.054353039541427
-1.0543697489289208
-1.054343704963708
-1.0543033358989258
-1.054230991968294
-1.0542119460834154
-1.0541472261449363
-1.054097716765476
-1.0540774821503125
-1.0540798318254414
-1.0540785813778977
-1.0540830338746965
-1.0540926059774565
-1.0541144185065785
-1.05411954522976
-1.0541132143783274
-1.0541001115448971
-1.0540773687777516
-1.0540968343273902
-1.0541069171227768
-1.054130460314546
-1.0541438537384356
-1.0541133541809193
-1.0541103468909254
-1.0541248034224002
-1.0541123067958655
-1.0541054400869747
-1.0540787044709512
-1.0540425368706965
-1.0540438487897121
-1.0540142869199915
-1.054048705508959
-1.0540981680319943
-1.0541560724781
-1.0541880896442024
-1.0542401357929811
-1.0544657968357865
-1.0545710900170906
-1.0546527338665321
-1.0547130348541691
-1.0548305564778966
-1.0548770886261587
-1.0549210464397576
-1.054934517048064
-1.0549217934135326
-1.0548213642562023
-1.0547229415197066
-1.054700392803517
-1.0546381256176718
-1.0545703243987268
-1.0545182538194768
-1.054526688322285
-1.0545207548545072
-1.054542297175659
-1.0546045401755497
-1.0546362763929045
-1.0546798112936993
-1.0547199503894797
-1.0547331011757135
-1.054726634867324
-1.0547152700641533
-1.0547082871119278
-1.0546671044281586
-1.0547964263263632
-1.0548025982738747
-1.0547885192254565
-1.0547730177005885
-1.0547480029063043
-1.0546998782135357
-1.054704885058514
-1.054740273572445
-1.0547772166977392
-1.0547457960437656
-1.05473215613246
-1.0547196970800552
-1.0546881468726124
-1.0547175977071317
-1.0547383711339784
-1.0547175496168066
-1.054703392102619
-1.0547235812379119
-1.0548040086379171
-1.0548509216429929
-1.0548899255141848
-1.0549370549597177
-1.054998162168723
-1.0550431673562832
-1.0550540954589696
-1.0550574353174558
-1.0550826821736863
-1.055084468023808
-1.0551217143068363
-1.0551506526279277
-1.0551753891767255
-1.0551757385553218
-1.0551756244361084
-1.0551597346047024
-1.055126220133401
-1.0550939323148307
-1.0549680042287068
-1.0548636426412779
-1.054795576585745
-1.0547564541962298
-1.0546963757497485
-1.0546697084606962
-1.0546134092512864
-1.05456416829988
-1.0545161007151462
-1.0544609347891822
-1.054464134240865
-1.054386425579727
-1.0543563880772526
-1.0543178748955409
-1.0542823040570817
-1.0542447870880862
-1.0542180502998204
-1.0541996084680616
-1.0542158635388874
-1.0542036887834743
-1.0542046327185488
-1.0542382641051504
-1.0542708508906757
-1.0542979296234891
-1.0542960254259872
-1.0542991329839466
-1.05428643246269
-1.0542888940978685
-1.0542542521336848
-1.0542639620815801
-1.0542595576281737
-1.0543243980116597
-1.0543430531363553
-1.0543685847561965
-1.0543631446648554
-1.054368451685417
-1.054359938680246
-1.0543223053121928
-1.0543340800881564
-1.0543268395035927
-1.054302935887642
-1.0543015664391762
-1.0543159490566278
-1.0543219128681731
-1.054337402388014
-1.0541977568014804
-1.0541401622663649
-1.0540402486717848
-1.0539665715661681
-1.0538844633738822
-1.053823051022986
-1.0538109441474954
-1.0537736873702075
-1.0537549883153778
-1.0536655493307416
-1.0536082404253022
-1.0535798152498514
-1.053555183246991
-1.0535430823964684
-1.0535174109130032
-1.053492123127113
-1.0534672524871291
-1.0534283597313607
-1.0533465226088798
-1.0533334032868218
-1.05330341539576
-1.0532797388153616
-1.053284536798239
-1.0532834138144698
-1.0532640916550162
-1.0532838712145143
-1.0533021351855565
-1.0533264436309262
-1.053336644483524
-1.0533309310881738
-1.0533336221939271
-1.053349075328004
-1.0533493423809581
-1.053383966079816
-1.0534104602249275
-1.05344688104131
-1.0535275322772772
-1.0535913493892133
-1.0536508854919648
-1.0537431050226889
-1.0538115343809313
-1.0538723612287757
-1.0539020847798775
-1.0539625354536069
-1.053961724777511
-1.0539417123301014
-1.0538964411722862
-1.0538848261238514
-1.0538535674107832
-1.0538230594271518
-1.0538192155698358
-1.0538185512902432
-1.0537923388954198
-1.05378249555301
-1.053714917133825
-1.0536955308091178
-1.0536898905567127
-1.0537484901617953
-1.0537987161503286
-1.0537806749449137
-1.0537939716561533
-1.0537685203301816
-1.0537808338207546
-1.0537199959772237
-1.0537387223704542
-1.0537314711241212
-1.053718486904244
-1.0536959268189177
-1.0537096762466114
-1.0537427829466448
-1.0537774294101148
-1.0538376344752398
-1.054031106963153
-1.0541563222992527
-1.0542514502892746
-1.0543474589592792
-1.0544291713671465
-1.054465227117201
-1.0544929545041013
-1.0544895897091966
-1.0544752738207042
-1.0545022912606905
-1.054476624141987
-1.0544284409687938
-1.0544017599860798
-1.0543424254268745
-1.054248182499544
-1.0541833361607882
-1.0541106229430912
-1.0540298781940727
-1.0540248196089117
-1.0539925734242994
-1.053920361697575
-1.0538731682666895
-1.0538472843505984
-1.053837132230808
-1.053835756204755
-1.053827527473077
-1.0538172647030466
-1.0538621700492667
-1.053866266247293
-1.0539018222742544
-1.0539012141639732
-1.053875112613192
-1.0538506041622366
-1.053820201783857
-1.053795527230304
-1.053784104658331
-1.0538108364884886
-1.053794739962838
-1.0538031669009582
-1.0538047616553852
-1.0538002695535937
-1.0538061284625888
-1.0538284287167279
-1.0538356336568773
-1.053876229463005
-1.0537756643826068
-1.0537628181483305
-1.0536784947882538
-1.0536453962784498
-1.0536025655943952
-1.0535196206612116
-1.053461381333758
-1.0534067358229462
-1.053382221373568
-1.0533062262011856
-1.0532858331186505
-1.0532467835117072
-1.0532242401718397
-1.053240668049433
-1.0532281112387756
-1.0532071751095005
-1.0531980185787797
-1.0531957550081101
-1.0531896215676848
-1.053151699820141
-1.0530767429402967
-1.0530516327351167
-1.0530087988930308
-1.052969431174396
-1.0529372597161577
-1.0529397076567044
-1.0529713548439648
-1.0529560684317938
-1.0529851832296622
-1.0530065866194105
-1.0529878624821885
-1.052973971067508
-1.052976498450587
-1.052993759037786
-1.0530447558572
-1.0530696821834138
-1.0530375249403148
-1.0530511612484101
-1.0530355241046365
-1.0530168462509721
-1.0529714734925433
-1.0529432069642912
-1.0529232365734063
-1.0528854835081678
-1.052850058090658
-1.0527719584255233
-1.0527444263854964
-1.052733910974326
-1.0527130609993016
-1.052708938936556
-1.0526840100959791
-1.0526811040980177
-1.0526797892827617
-1.0527215103180623
-1.0528084436768674
-1.0528593457639328
-1.0529126162438818
-1.052937897695947
-1.0529699353413184
-1.0530262386248352
-1.0530491815583385
-1.0530408552565806
-1.0530133563744102
-1.0529741692355472
-1.052965417409899
-1.0529548311709171
-1.0529565091294608
-1.052960536458859
-1.0529654321359614
-1.0529656970790224
-1.0530002717726406
-1.0529983160674397
-1.0530150169687824
-1.0530114555648673
-1.0530278745082835
-1.0530380226333638
-1.0530344453142326
-1.053008835314097
-1.0529957598306139
-1.0529531802456986
-1.052917993451329
-1.0528697520226722
-1.0528397540621979
-1.0528113146940983
-1.0527985144368213
-1.0527792408368501
-1.0528040882300425
-1.052820288172953
-1.052824013779664
-1.052833861021277
-1.0529412341060824
-1.053004616352492
-1.0530450143225696
-1.0530821219041477
-1.0531173430876046
-1.053121734146816
-1.0531265190726342
-1.053165911324369
-1.0531967128034505
-1.0531772418234635
-1.053154732384551
-1.053153667766766
-1.0531427391986563
-1.053140493233273
-1.0531116385518045
-1.053101806779641
-1.0530502662887167
-1.0530455901587077
-1.0531523294434024
-1.053212929805424
-1.0532378695934914
-1.0532907409724432
-1.0533150203099337
-1.0533319597036255
-1.053350309473647
-1.0533426388603144
-1.0533038360311913
-1.0533323187434125
-1.0532883172830834
-1.0532249356874683
-1.0532230013750794
-1.0531935212558219
-1.053177118863284
-1.0531262206756429
-1.0531238330549486
-1.053083020476272
-1.0530040614366996
-1.0529449337171108
-1.05290383774154
-1.0528324396681914
-1.0528302939779677
-1.0528143989232643
-1.0528018686273062
-1.0527934056643102
-1.0527913187592643
-1.0527988237565407
-1.0528173033820531
-1.0528169721602851
-1.052811203381237
-1.0527937811971533
-1.0528123764666795
-1.052830355876299
-1.0528396574015646
-1.0528349233362935
-1.0527434412261945
-1.052702478428281
-1.0526767201512441
-1.0526684889902629
-1.0526940506900753
-1.0526727376234242
-1.0526848420369725
-1.0526965798932855
-1.0526705026611847
-1.0526530717604843
-1.0526466280463371
-1.052620412305291
-1.0526155585924657
-1.0526418780427107
-1.0526395260359704
-1.0526510274881549
-1.0526780231813022
-1.0527162826007628
-1.0527124642611867
-1.0526917052156877
-1.0527014035549624
-1.0526977255197763
-1.052631635157182
-1.0525798364127361
-1.0525394871099627
-1.0524964447467515
-1.052513948868272
-1.0523919059066564
-1.0523629164540746
-1.0523104324625436
-1.0522949924414262
-1.0522763442566172
-1.0522844295280445
-1.0522748016735022
-1.0522867779498009
-1.0522604241596567
-1.0523520587527917
-1.0523765867116712
-1.0524162753583741
-1.0524178014401515
-1.0524383180323216
-1.0524250462065046
-1.0524198954622874
-1.0524571579017161
-1.052486764429443
-1.0525294816254462
-1.052548453976643
-1.0525550925228613
-1.052571430125331
-1.0525579739788984
-1.0525489643605643
-1.0525262610738972
-1.0525423913838787
-1.0525501496442582
-1.0525172152359537
-1.0524960107574899
-1.0524675347269365
-1.0524559031280536
-1.0524297597281327
-1.052372346695457
-1.0523324597131127
-1.052319358871906
-1.0523112614706511
-1.0522910237100125
-1.0522761677482928
-1.0522612649901733
-1.0522602885025025
-1.0522393650946835
-1.0522487429270584
-1.052207689463309
-1.0521735810652073
-1.0521896953046037
-1.0521758595898298
-1.0522056921072318
-1.052191220858617
-1.052163597678678
-1.0521450117218538
-1.0521309264501773
-1.0521176947711932
-1.0520820595981581
-1.0520434775952558
-1.052083649682893
-1.0520360668048572
-1.0520071907523996
-1.0519464533401128
-1.05190254625854
-1.0518465840163245
-1.0518245278145777
-1.0517906884908286
-1.051799560782538
-1.051814506947203
-1.051811056365464
-1.051794565720087
-1.0517851261346864
-1.0517598089735067
-1.0517280583093616
-1.0516813316782911
-1.051632013370437
-1.051611636189943
-1.0514488008072582
-1.0513702296698593
-1.0512866993215846
-1.0512629740093902
-1.0512215377214558
-1.051193933798169
-1.051134141364152
-1.0511001147538062
-1.0510705136130918
-1.0510878305867464
-1.051069800412704
-1.0510309039698689
-1.0510050884042643
-1.0510006514055907
-1.0510094209092609
-1.0510177595988635
-1.0510074856794815
-1.0510270765182952
-1.0509637592539425
-1.0509220572325644
-1.0508636110019633
-1.0508393271442251
-1.0508305336153214
-1.0508605914803657
-1.0508989532379562
-1.0509172425492899
-1.0509446694091302
-1.0509893921302453
-1.0510356271431025
-1.0510694400623928
-1.0510821703277724
-1.0511039526833499
-1.0511105786335337
-1.0511505243334829
-1.0511431931508015
-1.0511616509638093
-1.0511959852878112
-1.0512065315735086
-1.0511873900420283
-1.0511851220703172
-1.0511848725899942
-1.0511501492615947
-1.0511491987209094
-1.0511463420826646
-1.0511175387430047
-1.0510494091135403
-1.0510191038051102
-1.050981914349431
-1.0509798994127955
-1.0509393230053874
-1.0509024684829018
-1.0508343975463954
-1.0508171875921508
-1.0507935057067836
-1.050778840510313
-1.0507490187425286
-1.0507298204261433
-1.0507077549774568
-1.0506980797156416
-1.0506651326292922
-1.0506164526097648
-1.0505892472304932
-1.0505624715480995
-1.0505458796061264
-1.050516459524492
-1.0504961843555607
-1.0504895137895538
-1.0504906603063944
-1.0505011118705745
-1.0505252687697715
-1.050545545248939
-1.0505499605954276
-1.0505276319618375
-1.050539251754145
-1.0505596043086876
-1.0505676998453337
-1.050580086134812
-1.0506142690488838
-1.0506417124021175
-1.0506383517194866
-1.0506313047698204
-1.0506401285088243
-1.0506071531914616
-1.050599817979912
-1.0505790911813455
-1.0505639857687503
-1.0505420397265557
-1.0505441736926613
-1.0505642387874337
-1.0505959399633211
-1.0506573884329249
-1.050671070585888
-1.0506568830879637
-1.0506599895753945
-1.0506811008865977
-1.050714399501704
-1.050746700448599
-1.0507165482726004
-1.0507127567798764
-1.0507121236446257
-1.050720711513277
-1.0507197507997985
-1.0506988176883285
-1.050646728418404
-1.0506220500274268
-1.0506004006461105
-1.0505873344971628
-1.0506038870117431
-1.050624290865634
-1.0506071424882226
-1.050614056664898
-1.050641293106205
-1.0506223432128723
-1.0506521622485665
-1.0506690900548714
-1.050722238181663
-1.050740103527451
-1.0507752815268618
-1.0508229617314415
-1.0508363172889537
-1.050825197740507
-1.0508237846194495
-1.0508218872453348
-1.0508105639929382
-1.0508019763188947
-1.0507712668745828
-1.0507719316088644
-1.050757650054438
-1.0507312995417504
-1.0507285575111773
-1.050726799521725
-1.0507093977861104
-1.050694271410605
-1.0507077373311862
-1.0507340452311364
-1.0506865004503347
-1.0506547453285993
-1.0506372786714306
-1.0506054294486507
-1.0505802964848951
-1.0505341278859188
-1.050513323934123
-1.050483124111995
-1.0504622582172483
-1.05037577345603
-1.0503313211890208
-1.0502854623366973
-1.0502779878179087
-1.0502589027909326
-1.0502599946590279
-1.050259050765121
-1.0502512091019511
-1.0502829125402335
-1.050279351901292
-1.0502749802394182
-1.0502970911611114
-1.0503053580632413
-1.0503240563470195
-1.0503384694587166
-1.0503623876905521
-1.0503762010556625
-1.0504003599529497
-1.0504410329009621
-1.0504691421589734
-1.050484013627711
-1.0505066827574276
-1.0505319136874303
-1.0505201533697945
-1.0505073829197864
-1.0504944082074028
-1.0504554778989064
-1.0505584050813388
-1.0505878404348339
-1.0506071193227142
-1.050632355665793
-1.0506434368730906
-1.0506997523025203
-1.0507339982294224
-1.050761551666094
-1.0508172769505089
-1.0509480451698687
-1.0510276764484843
-1.051069660350009
-1.051149420799968
-1.051207675228256
-1.0512397064580135
-1.0512346099408025
-1.051252932866572
-1.051272520737751
-1.0513309983627297
-1.051351577438021
-1.051347827151069
-1.05135483507226
-1.051314298076861
-1.0513226830996656
-1.0513029561812754
-1.0512922198676036
-1.051280192697902
-1.0512126657833496
-1.05117581307156
-1.0511263109496356
-1.051101847812233
-1.0510612737102414
-1.0510219153719815
-1.050990675430763
-1.0509275483974496
-1.0509327059586289
-1.0509027206070758
-1.0508899405226277
-1.050851087745156
-1.0508417676388209
-1.05082526654173
-1.0507850040533258
-1.050755677194439
-1.050738560321004
-1.0507147232678344
-1.0506618478796452
-1.0506230938989087
-1.0506369807823417
-1.0506602604018793
-1.0506320870952
-1.0506226244974652
-1.0506254513501914
-1.0506005737603858
-1.0505941081420156
-1.0506268837805732
-1.050645382087346
-1.0506575585618814
-1.0506567670629996
-1.050676699557486
-1.0506542526500218
-1.0506572578836257
-1.050687244341203
-1.0507105830067918
-1.0508267685436796
-1.0508528266421757
-1.0508863673969067
-1.0509209648432036
-1.0509291739682218
-1.050939450874238
-1.0509264071490638
-1.0508942560983778
-1.0508962375083608
-1.0508313945086887
-1.050801192619384
-1.0508255083877527
-1.0508329151448557
-1.0508126358105787
-1.05080232936319
-1.0507797421900045
-1.0507516039951716
-1.0507153154112976
-1.0507605896503198
-1.0508079958039713
-1.0508657562869883
-1.0508955072058808
-1.050937312087874
-1.050951885847989
-1.0509636875322175
-1.0509613510263471
-1.0509712860291405
-1.0509646766466283
-1.0509626808104728
-1.0509643041922543
-1.0509830569861387
-1.0509911329085264
-1.0510100896150532
-1.0510128904797351
-1.0510007143807414
-1.0509860903439534
-1.050944759576792
-1.0509522968077138
-1.050951904058592
-1.0509628157533029
-1.050994607174512
-1.0509960586217943
-1.0509796279319503
-1.050982168478777
-1.0509693672960625
-1.051057814642108
-1.051103900667598
-1.051131207384437
-1.051171853258371
-1.0511987161146827
-1.0512391543992268
-1.051273935157738
-1.051296466427362
-1.0513302702682699
-1.0513543135698633
-1.0513693947894012
-1.051382834062647
-1.0513693991084243
-1.0513667440438048
-1.0513282515514242
-1.0512971759891487
-1.051250503627026
-1.051214502659587
-1.0511812561303568
-1.0511171516525726
-1.0510523300888632
-1.0510030559124068
-1.0509505868798381
-1.0509157110223915
-1.050929383221315
-1.050919575106013
-1.0509234198091475
-1.0509436069257747
-1.0509322061164719
-1.0509220831726491
-1.0509263604416412
-1.0509397741166129
-1.0509304321639759
-1.0509501935360754
-1.050956994254655
-1.0509561060082335
-1.05106173803547
-1.0511080287008214
-1.0511399792823037
-1.051157657679343
-1.0511772708817713
-1.0512079239335008
-1.051220221465151
-1.0512176892213674
-1.051226943632653
-1.0511944407006244
-1.051166049887754
-1.0511139600684565
-1.0510788774380946
-1.0510467456079173
-1.0510275888373484
-1.051016863365182
-1.0509762639979028
-1.0509624770097046
-1.0509052672237207
-1.050864977730846
-1.0508359124842432
-1.0508226625800738
-1.0507840045285624
-1.0507554477647985
-1.0507380266712034
-1.0507027848440826
-1.0506654916662832
-1.0505794006151403
-1.0505485354267003
-1.0505082961505083
-1.0504721504554475
-1.0504162212580945
-1.0503719180382227
-1.0503133711801522
-1.050235768559132
-1.0501846821228653
-1.0501570795812698
-1.0500961872853443
-1.0500573261399857
-1.05002358404408
-1.0500254527907
-1.0500195785954602
-1.0500547369122393
-1.0500861756351922
-1.0501020256936533
-1.05010509533805
-1.050102725149346
-1.0501101635063035
-1.0501112212504962
-1.050119657397986
-1.0501195025187
-1.0501193062933323
-1.0501110431168879
-1.050087721537935
-1.0499932914994032
-1.0499337266307505
-1.0498918319881512
-1.0498408657467022
-1.0498208101834199
-1.0497967276901239
-1.0497617453874961
-1.049746339984865
-1.0497251483280907
-1.049761120155016
-1.0497490956008975
-1.0497607136089797
-1.0497773343199654
-1.0498043677587319
-1.0498424958972563
-1.049853470112476
-1.049878979105299
-1.0498778741015433
-1.0499104302064721
-1.0499302320327761
-1.0499550452106352
-1.0499387012531025
-1.0499443261147299
-1.049915195581653
-1.0498894874704063
-1.0498747024651671
-1.0498522329558002
-1.0498168263130043
-1.0497930880794062
-1.0497671605611407
-1.0497495360445475
-1.049737300702586
-1.049723167759336
-1.0496940829592243
-1.049688357315059
-1.0496978555212684
-1.0496914363674508
-1.049693216151409
-1.049700182727206
-1.0496954791493898
-1.0497134857882304
-1.0497053809574572
-1.0497117905529365
-1.0497355883688655
-1.0497347305188274
-1.0498052303526253
-1.049825835906657
-1.0498489666424355
-1.04987714311707
-1.0499108804851627
-1.0499449794624078
-1.0499787202895126
-1.05000784834474
-1.050043753895596
-1.0500631372560087
-1.0500906524519416
-1.0501082006690232
-1.0501132295106845
-1.0501343978376625
-1.0501375546147347
-1.0501547882111055
-1.0501388174023214
-1.0501255430675764
-1.05012184074472
-1.0501259966083623
-1.0501023871191186
-1.0500787770940474
-1.050060828724874
-1.0500386103231845
-1.0500390112816913
-1.0500325072454444
-1.050027332171993
-1.050059016497017
-1.0500522324124895
-1.0500697299234012
-1.0500843793027974
-1.050092152206149
-1.0500855020343078
-1.0501108103811985
-1.0501353940330145
-1.050183579004935
-1.0501606449767997
-1.0501865837478468
-1.0502007309954606
-1.0502164978229251
-1.0502117645173232
-1.0502348100757992
-1.0502795522792348
-1.0503022036138248
-1.050330956325729
-1.0504015588950433
-1.0504238777436272
-1.050450641801775
-1.0504842657458926
-1.050519037858104
-1.0505558292650632
-1.0505889740914331
-1.0506178885929305
-1.050637556268408
-1.0506098816667122
-1.050598131208844
-1.0505892358424738
-1.0505607918839905
-1.050549537476661
-1.0505115901480326
-1.0504884467743398
-1.050458241550369
-1.050457323152277
-1.0504389834089858
-1.0504409625859923
-1.0504419416948345
-1.0504303611786103
-1.0504039039344695
-1.0503863366039676
-1.0503618711861236
-1.0503443718333385
-1.0503302919892676
-1.0502954930308803
-1.0502966513454675
-1.0502708235761824
-1.0502355060710913
-1.0501990018083518
-1.0501817181106388
-1.050155699728896
-1.050131621847609
-1.0501447159153212
-1.0502064217315674
-1.050203046097047
-1.0502116352982367
-1.0502260142242308
-1.0502242691469232
-1.0502247369158895
-1.0502399055454388
-1.0502535601289067
-1.0502353733118144
-1.0502803264841487
-1.0502982703832175
-1.050305736796164
-1.0503121789377456
-1.050328155742275
-1.0503496538895478
-1.0503764970760912
-1.0503772725296379
-1.0503703571687621
-1.0503639602921186
-1.050338728709262
-1.0503258629722447
-1.050311334545903
-1.050278449748877
-1.050262646853868
-1.0502369079289933
-1.050228730608426
-1.050238099421052
-1.050225292001322
-1.0501965355918392
-1.0501830907058005
-1.050163573141051
-1.0501451466381515
-1.0501142166876658
-1.0501139344531305
-1.0500884432482545
-1.050096703094856
-1.0500368241850755
-1.0500150514360114
-1.0500045276532803
-1.0499902994372927
-1.0499764810849201
-1.0499636308921412
-1.0499549622911222
-1.0499457639597936
-1.0499263614195675
-1.0499387838501866
-1.0499400224523272
-1.0499275525907485
-1.0499065312736453
-1.0498649594188583
-1.0498477162137962
-1.0498400141665272
-1.0498508073009323
-1.0498520649056449
-1.0498681910980399
-1.0498627151880027
-1.0498750214459005
-1.0498958758451764
-1.0498935738580424
-1.049895663885044
-1.0499067191076454
-1.049910153663929
-1.0499234462157867
-1.0499317728406987
-1.049909328158217
-1.049902777208817
-1.049899117625126
-1.0498836255474466
-1.0498828603278738
-1.0498676358003294
-1.0498226406703017
-1.0498128247211926
-1.0498259481700833
-1.0498322165087839
-1.0498598638345296
-1.0498850874321517
-1.0499406025795963
-1.0499664267841344
-1.0499660536279887
-1.0499803269772885
-1.0499921815558622
-1.0499550026640356
-1.0499492900240488
-1.0499399795233124
-1.0499216083953156
-1.0499145979833393
-1.0498546319262159
-1.049822418566784
-1.0497966680578885
-1.0497620583181797
-1.049731842229172
-1.0497238266745221
-1.0497126475246092
-1.0497105005728284
-1.0497095677931845
-1.049711087443641
-1.049720093959307
-1.0497194183734633
-1.0497339992942996
-1.0497703724926526
-1.0497995016299881
-1.049832096253198
-1.0498662996012698
-1.0499080656096942
-1.049913510265298
-1.0499284799299442
-1.0499610511046884
-1.049979123057527
-1.0500255589697305
-1.0500598707557243
-1.0500618855921127
-1.0500747084363315
-1.0500950898975363
-1.0501035607805356
-1.0500714940704297
-1.0500491526218123
-1.050028462794922
-1.050059347852086
-1.050074835141997
-1.0500711700767724
-1.050071955351852
-1.050067498880312
-1.0500890836007046
-1.0501014053181503
-1.050103491602338
-1.0501105801643378
-1.0501081513329737
-1.050109451024312
-1.0500913331967547
-1.0500640015627194
-1.0500537294358983
-1.0500521746759455
-1.0500216219299914
-1.049997442077227
-1.0499735438951296
-1.0500050967609156
-1.050029428241032
-1.050061814756906
-1.0500781555521117
-1.0500864894889874
-1.0500741565060874
-1.0500728015075484
-1.0500411615479628
-1.0500130133494674
-1.0499568714429788
-1.0499018823335815
-1.0498661751848823
-1.0498303398131257
-1.049793943360668
-1.0497889132981362
-1.0497646772722382
-1.0497862365986161
-1.049777320564399
-1.0497291230632355
-1.0497002470080992
-1.0496820330104029
-1.049650675478179
-1.0496523207891089
-1.0496395625103652
-1.0496159699625747
-1.0495891371484776
-1.04956832815056
-1.0496338283101798
-1.0496455157267384
-1.0496530682386915
-1.049639301245109
-1.0496418639840945
-1.0496355223708311
-1.0496215940701614
-1.0496420519417562
-1.0496443998677083
-1.0496060472024358
-1.0495900603290955
-1.0495975372915263
-1.0495869251322605
-1.049589926055331
-1.0496070069938188
-1.0496082755583467
-1.049610065238744
-1.0496166299860412
-1.0496603630540025
-1.049691352399393
-1.0496996393810916
-1.049702329400405
-1.0496972651528627
-1.0497000704993882
-1.0497033322365439
-1.049684500045722
-1.0496822199293165
-1.0496337264354665
-1.049617869085519
-1.0496065826119148
-1.0495765171504046
-1.0495531377770264
-1.049540539730856
-1.049515573643103
-1.049512482817942
-1.0494935038688906
-1.0494875591200665
-1.0494856015283969
-1.0494975746216804
-1.0494992832367114
-1.049510997383605
-1.0495414492902293
-1.04953600474266
-1.049537008530988
-1.0495460596529556
-1.0495056278364945
-1.049515670358862
-1.0495133101618845
-1.0495189075844245
-1.049513935410531
-1.0495206246280653
-1.0495243800694833
-1.0495256253541285
-1.049519731591977
-1.0495272989025939
-1.049557982889921
-1.049566995297501
-1.0495757122459175
-1.049556452251515
-1.049556730140423
-1.0495339966519361
-1.0495288988740836
-1.049511772915248
-1.049462114160251
-1.0494388859148458
-1.0494110987856102
-1.0493878975739523
-1.0493540619662127
-1.0493413577307344
-1.0493283218561078
-1.0493069544994544
-1.0492891058937504
-1.0492705143970984
-1.0492464194579085
-1.0492362512424
-1.0492257959136573
-1.0492245183679518
-1.0492349252371216
-1.0492420302302163
-1.0492441986760144
-1.049248183716035
-1.0493008091924931
-1.0493259060831128
-1.0493463250596233
-1.049352924841935
-1.04936860384223
-1.0493859321275383
-1.0493999943545198
-1.049409871130398
-1.0494034515294075
-1.0493716913867452
-1.049371126560148
-1.049371172019071
-1.0493526730632319
-1.0493401740588064
-1.0493199933511559
-1.0492966699395343
-1.049294947099067
-1.0492877764647033
-1.0493156625120224
-1.0493219611080002
-1.0493478896100499
-1.0493591211866329
-1.0493601922290847
-1.0493631500533784
-1.049370134519129
-1.0493784285206031
-1.0493810305676747
-1.049433014695708
-1.0494669241078796
-1.049513165818515
-1.0495431394823536
-1.0495651355493565
-1.0495729041736224
-1.0495908824376121
-1.0496110135533316
-1.0496213532628393
-1.0496152816385875
-1.0496103954922207
-1.0496198537157164
-1.0496102736497266
-1.0496073615592059
-1.0495947031594695
-1.049564053315555
-1.0495419276961668
-1.0495272076339972
-1.0495067973698102
-1.049480591563896
-1.0494828229796132
-1.0494566243765273
-1.0494496066716932
-1.049436928136865
-1.0494172941126219
-1.0494005479565889
-1.0493957511417762
-1.0493895304326049
-1.0493614150098394
-1.049359923434867
-1.04935058816724
-1.049356790973123
-1.0493578925611813
-1.0493711423104592
-1.0493758730516738
-1.0493992761153212
-1.049405148040983
-1.049412059111144
-1.0494191708417642
-1.0494312186780734
-1.0494489977689359
-1.0494603829192657
-1.0494726016502762
-1.049488126352967
-1.0494910369200026
-1.0494696603369968
-1.049438079948625
-1.049410989281775
-1.0493859324152999
-1.0493844165464445
-1.0493803028504152
-1.0493534106293811
-1.0493375986219036
-1.0493178531902394
-1.0493552376080517
-1.0493742005021787
-1.0493794564127075
-1.0493907581351587
-1.0493903013835038
-1.0493810904562688
-1.0493879019900048
-1.0493678741276002
-1.0493799511305029
-1.0493683127955642
-1.0493437899090543
-1.049340563420357
-1.0493294817176315
-1.0493417769937277
-1.0493431164450169
-1.0493473487033682
-1.049354726159941
-1.0493489014581039
-1.0493475000321906
-1.0493404881006447
-1.049355792741909
-1.0493630723673555
-1.0493893506492802
-1.0494112225713237
-1.0494477844089072
-1.0494683470988908
-1.0494855267599803
-1.0495361331821977
-1.049555201461186
-1.0495775783407615
-1.0496036129306494
-1.0496080044565714
-1.0496170092189083
-1.0496140918379133
-1.0496095685222888
-1.0496002142269212
-1.049551164268255
-1.0495186330249757
-1.0495060354719845
-1.0494800380354412
-1.0494717917245213
-1.049443198417235
-1.0494225759384774
-1.0493998639569517
-1.0493684050768517
-1.0493268933819035
-1.0493029051555267
-1.0492950007278876
-1.0492767458926133
-1.049254072818847
-1.0492471960529308
-1.049247628612176
-1.0492470367155358
-1.049216951729785
-1.0492165432848182
-1.0491997386963543
-1.0491782377058616
-1.0491756852421148
-1.049177228671487
-1.0491812900103503
-1.0491802656292717
-1.0491928334936782
-1.0492099167397893
-1.0492627738074918
-1.0492993580320114
-1.0493376651654813
-1.0493609099356198
-1.049395934330762
-1.0494273752837489
-1.049442409469515
-1.049476081114033
-1.0495040110119584
-1.0494750000164899
-1.0494761960442176
-1.0494820558249291
-1.0494936590536292
-1.0495057079412515
-1.04952350612533
-1.0495272637347666
-1.0495361335502096
-1.049535400477413
-1.0495618245421101
-1.0495719903636072
-1.0495823274191278
-1.0495774558104656
-1.0495990630830219
-1.0496072328724402
-1.049619243471981
-1.0496084770385632
-1.0495861914751488
-1.049566852207409
-1.0495615383968695
-1.0495598839377602
-1.0495724015172065
-1.04957640560107
-1.0495669235107425
-1.049550158735563
-1.0495346236164405
-1.0495249682279446
-1.0494322103034668
-1.049371457225012
-1.0493261868391497
-1.0493025803329041
-1.0492870799733012
-1.0492663349831068
-1.049254293750644
-1.049239710963685
-1.0492265374793943
-1.0491995239142298
-1.0491902889836202
-1.0491730963046857
-1.0491613449267652
-1.0491611634942517
-1.0491572097913358
-1.0491541453328488
-1.0491560401173583
-1.0491573385986448
-1.049184046529268
-1.0491810013146587
-1.0491926182338267
-1.0491912359502098
-1.0491963284412449
-1.049217507709911
-1.0492410823392213
-1.0492679846449302
-1.0492867019829648
-1.0492791382767408
-1.0492839867483719
-1.0492906780127456
-1.049303207942856
-1.0492960519195649
-1.0493142617158313
-1.0493155691493914
-1.0493111234623758
-1.0493029937594491
-1.0492950742755258
-1.0492782547102133
-1.0492599723910085
-1.0492290933694386
-1.0492057467320282
-1.049183329952571
-1.049162354021833
-1.0491570895071909
-1.049148760022976
-1.0491116912323801
-1.0490967138107763
-1.0490822362792045
-1.0490699984308591
-1.0490569657326876
-1.049036595981725
-1.0490385634767472
-1.0490344459929146
-1.0490121891366644
-1.0490500107350587
-1.049066851511
-1.0490807783741594
-1.0491095226233027
-1.0491211964351164
-1.0491455204831897
-1.0491561610431053
-1.049158888310505
-1.0491706772397924
-1.0491819035259324
-1.0491861768905448
-1.0491907264144467
-1.049193411857693
-1.049204177635225
-1.0492044245706766
-1.0492084530311783
-1.0491930934245752
-1.049193738607732
-1.0492594990358293
-1.0492765065759293
-1.0492961408273545
-1.049323000523548
-1.0493383503567888
-1.049357471461205
-1.0493672496659345
-1.0493689860692343
-1.049366621964299
-1.0493565077218132
-1.049360559691296
-1.0493629823918376
-1.0493506718620658
-1.049349277809042
-1.0493296418606286
-1.0492998574132466
-1.0492852879215746
-1.0492723598552975
-1.0492463260997964
-1.0492271266868862
-1.0492150030777105
-1.0492040831993463
-1.0491898603128356
-1.049175385066657
-1.0491737087426014
-1.0491798027148693
-1.0491734888816968
-1.0491539248090536
-1.0491408262193067
-1.0491338662190879
-1.0491289257760863
-1.049123286198913
-1.0491209243420005
-1.0491123467116112
-1.0491253955984055
-1.0491254455167134
-1.0491055030708925
-1.0490975866371623
-1.0490781303362748
-1.0490700309824403
-1.0490767338166773
-1.0490636347318962
-1.049059714107954
-1.04906722127478
-1.0490689505566155
-1.0490972588468905
-1.0490973741171568
-1.0491043986144806
-1.0491101068195894
-1.0491101039359916
-1.0491065346282749
-1.0491068169343665
-1.0491044190808274
-1.0490933329906695
-1.049092834883833
-1.049082201196903
-1.0490701988626583
-1.0490616026670192
-1.0490572503939388
-1.0490553263861415
-1.049040605646244
-1.049039565142252
-1.049038545060962
-1.0490537406815588
-1.0490740009242612
-1.049074199411103
-1.0490622456229308
-1.0490548362132508
-1.049040431375934
-1.0490344761894246
-1.049021437911956
-1.0490257482757321
-1.0490238521506379
-1.049021779290839
-1.0490180747480797
-1.049020520045037
-1.0490075011223796
-1.0489950034717825
-1.0489738254381502
-1.0489576929824256
-1.0489445318068553
-1.048980731335711
-1.0489906947424747
-1.049007080846728
-1.0490173004661836
-1.0490213934739645
-1.0490195077432005
-1.04901942735394
-1.0490046227172796
-1.0490013941536427
-1.0490065134052995
-1.0490003901733929
-1.0490087079453208
-1.0490055804699001
-1.049009462819425
-1.0490059429714855
-1.0490113147062092
-1.0490083574715958
-1.049006219206343
-1.0489761614159692
-1.0489662205789225
-1.0489613027869538
-1.0489353627367122
-1.0489238516046449
-1.048917307097882
-1.0488986316165712
-1.0488911525520461
-1.0488793387151694
-1.04887032390451
-1.048857718035377
-1.0488366282393393
-1.0488398812834114
-1.0488386697218226
-1.0488337780740675
-1.0488268281651243
-1.0488032072071312
-1.0488008070889256
-1.0487752745900372
-1.0487615087724909
-1.0487559029416929
-1.0487582045341786
-1.0487626445068539
-1.048771665436496
-1.048778073096296
-1.0487796785125312
-1.048786839398445
-1.0487834417458362
-1.0487752104618722
-1.0487685545517735
-1.0487694563838985
-1.0487588544113904
-1.0487517376259146
-1.0487555283042458
-1.0487399372236996
-1.0487229732955814
-1.048696342958803
-1.0486782132992971
-1.0486608606554915
-1.0486453287896247
-1.0486291727629
-1.0486188863615469
-1.048606887421341
-1.048591798523358
-1.0485747808542605
-1.0485423363913584
-1.0485165240205239
-1.0484990073407001
-1.0484879531922082
-1.0484850114500779
-1.0484707612879987
-1.0484695620885098
-1.0484625351142682
-1.0484623606640076
-1.0485129639432635
-1.0485425995318018
-1.048584004254849
-1.0485951160162292
-1.0486075024750103
-1.0486159920696354
-1.0486217658336017
-1.0486179885942253
-1.0486240349583051
-1.0486580086581265
-1.0486731998253733
-1.0486798403780924
-1.048685427800804
-1.0486962462278602
-1.0487002875514175
-1.048712925918781
-1.0487214729251344
-1.0487223332563989
-1.0487450060844312
-1.0487489915783914
-1.0487565691728924
-1.048761427049235
-1.0487732593019243
-1.0487773599964638
-1.048780709645112
-1.048786768709687
-1.0487844401805608
-1.048785119368563
-1.0487810899583316
-1.048778351126943
-1.0487808799408391
-1.0487663224285713
-1.0487604135830795
-1.0487599946870525
-1.0487635863235145
-1.0487749041113155
-1.0487847453838068
-1.0487872950205133
-1.048795837559193
-1.0487978259896538
-1.048794004278948
-1.0487890768939956
-1.0487847001728925
-1.0487758749304508
-1.0487697506097138
-1.0487772204436447
-1.0487755702540886
-1.0487714575817955
-1.0487722046482957
-1.0487822927782309
-1.048783026901715
-1.0487814066782757
-1.0487780003140796
-1.0487765263236442
-1.048800124745238
-1.0488082863084103
-1.0488178994317139
-1.0488233904218818
-1.048830866154992
-1.048837337574331
-1.0488351689148887
-1.0488286980879897
-1.0488248188590628
-1.0488409089000552
-1.0488472390012487
-1.048851983705311
-1.0488493509592145
-1.0488404294934963
-1.0488323415073617
-1.0488161534586287
-1.0488043693455722
-1.0488038975135536
-1.0487580906735618
-1.0487357514057045
-1.0487108080273286
-1.0486906086044943
-1.048669979571773
-1.0486542458881722
-1.0486405236788874
-1.0486316171013335
-1.0486159581392807
-1.048597486211811
-1.048590889963015
-1.0485864155152367
-1.048578162754915
-1.0485712876995497
-1.0485629606582911
-1.0485563223778447
-1.0485502076307895
-1.048551309983556
-1.0485330011216394
-1.0485204774408672
-1.0485212435730018
-1.0485220451678519
-1.0485153070745867
-1.048515691444802
-1.0485197682996439
-1.0485273603712553
-1.0485245811302775
-1.0485654748347628
-1.0485807617397391
-1.048597501501743
-1.0486069903897592
-1.048616602328557
-1.0486331577176804
-1.0486452237050503
-1.0486532305861038
-1.0486599020753902
-1.048649200285426
-1.0486430315834028
-1.0486342971018836
-1.0486261938103183
-1.0486223935014654
-1.0486113046155412
-1.048605628080697
-1.0485985866383631
-1.0485907536101609
-1.048604500831903
-1.0486033072167353
-1.0485941458031667
-1.0485895272966965
-1.048582797454011
-1.0485703769542312
-1.048568457974925
-1.0485610400406593
-1.0485474729606572
-1.0485218904752271
-1.0485113457460835
-1.048496511489345
-1.04847823910993
-1.0484719201440529
-1.048456404429482
-1.0484424265401004
-1.0484282451070654
-1.0484262105253634
-1.0484450161280634
-1.0484464960180229
-1.0484529731733054
-1.0484485029370079
-1.0484551576092773
-1.0484608130710453
-1.0484648980985531
-1.0484665763132048
-1.0484675680069035
-1.0484547788703098
-1.0484531717661885
-1.0484509812583047
-1.0484435148800915
-1.0484435158629475
-1.0484388190944454
-1.0484335686760426
-1.0484296452492223
-1.048416918890858
-1.048423646995633
-1.048422255305052
-1.048419849467294
-1.0484108182956138
-1.0484036167821025
-1.0483925449851814
-1.0483854595787403
-1.0483769194356851
-1.0483669397315527
-1.0483485743974272
-1.0483418100903232
-1.0483288305689333
-1.0483161146574143
-1.0483038692135465
-1.0482923120035148
-1.0482783848071506
-1.0482632081792311
-1.0482456754005554
-1.0482084288208486
-1.0481852235942972
-1.048169918498499
-1.0481537210227387
-1.048134619812148
-1.0481153162093537
-1.0481041499485924
-1.0480924276796715
-1.0480883712461044
-1.048066567203433
-1.048055593592742
-1.0480471374146842
-1.0480461928097153
-1.0480388438914954
-1.0480333745292139
-1.0480265664127448
-1.0480218478568653
-1.048011155119604
-1.0479945756900937
-1.0479882060394543
-1.0479763986696595
-1.0479717817841605
-1.047959677211389
-1.0479521948089576
-1.047948236096391
-1.0479477002472855
-1.0479536948709691
-1.0479532676023389
-1.0479468724195469
-1.0479444525069022
-1.0479405818705898
-1.0479397091264862
-1.047936503029503
-1.047936434448037
-1.0479311289316389
-1.047922742853979
-1.0478984112398007
-1.0478814713300564
-1.0478663276491624
-1.0478508762801473
-1.0478424884028403
-1.0478361205024767
-1.0478288884344316
-1.0478204725910676
-1.047810756218281
-1.047775149695432
-1.0477597912646903
-1.0477453463653819
-1.0477318924351966
-1.0477198641725085
-1.0477052372919602
-1.0476912277204433
-1.0476853478711523
-1.0476772510216745
-1.0476788538843496
-1.0476706970431993
-1.0476641048671267
-1.0476586208649319
-1.0476540424980607
-1.0476452870887554
-1.0476420532467694
-1.047641013299906
-1.047645455458438
-1.0476545532936465
-1.0476599951277843
-1.0476664640156963
-1.0476684184024172
-1.0476684853442813
-1.0476661768702256
-1.0476698676870446
-1.0476754839858096
-1.0476779754256693
-1.0476739962154942
-1.0476713975147331
-1.0476656784996987
-1.0476631511955368
-1.0476604564130134
-1.047654192621996
-1.0476537959761631
-1.0476496216457731
-1.047647986057667
-1.0476104397722488
-1.0475933762398684
-1.0475792413581935
-1.0475685098542076
-1.0475577225347426
-1.047552197876123
-1.0475413862270617
-1.0475324492101727
-1.0475254310537598
-1.0475142068033598
-1.0475073924803506
-1.047500084011917
-1.0474935495021593
-1.0474860901229046
-1.0474840793674154
-1.0474806156029415
-1.04747276620263
-1.0474709788836145
-1.0474932204142031
-1.0474993334344014
-1.0475072954833016
-1.0475137865141593
-1.0475154409885141
-1.0475212335168458
-1.0475296164506467
-1.0475394019942978
-1.0475444071496458
-1.0475403018935194
-1.0475460831761223
-1.047547928223141
-1.047548728376781
-1.0475495149432417
-1.0475487105072132
-1.047545787665495
-1.0475407188661539
-1.047540550299287
-1.0475276460727605
-1.0475153118196636
-1.0475037130324378
-1.0474974583451575
-1.0474868591794022
-1.047477892783152
-1.0474751141885488
-1.0474728525565522
-1.0474721939315137
-1.0474763230381858
-1.0474780395473882
-1.0474806026760943
-1.0474760116841457
-1.0474745025372538
-1.047477816611069
-1.0474828962398488
-1.047487393063311
-1.0474906939603554
-1.0474980889465952
-1.0475027631266913
-1.047505126314224
-1.047504975435202
-1.0475117236941172
-1.0475163311864093
-1.0475190321604544
-1.047518212153807
-1.0475183337258605
-1.047528221246695
-1.0475317988747512
-1.0475388110378487
-1.0475415705446511
-1.0475493534773845
-1.0475547307843953
-1.0475624487226858
-1.0475657323696772
-1.04756805100126
-1.0475681812589677
-1.0475682993449962
-1.047570311228906
-1.047569567388187
-1.04757127809549
-1.0475707143613304
-1.0475736242431457
-1.0475704944761255
-1.047571782304679
-1.0475749307891011
-1.0475774575661168
-1.0475800282554084
-1.0475779672476186
-1.0475741845115045
-1.0475717094326358
-1.047569793423456
-1.0475656099808306
-1.0475614080440099
-1.0475507599867908
-1.047543851645527
-1.0475349131071447
-1.047529904418411
-1.0475252309060032
-1.0475192696047328
-1.04751454564342
-1.0475057815356095
-1.0475020932122046
-1.0474890120913225
-1.047483053071303
-1.0474798349922285
-1.0474757064533327
-1.0474702085123584
-1.0474668654076487
-1.0474650767820355
-1.047462887288386
-1.0474614561379192
-1.0474628043445822
-1.0474596120087785
-1.0474584912836578
-1.0474595108377327
-1.047461030829139
-1.0474617580692847
-1.0474659279715903
-1.0474688718871983
-1.047473549871609
-1.0474814457636568
-1.0474873373910192
-1.0474918053140383
-1.0474957362897277
-1.0475001008945888
-1.0475028746845811
-1.0475073752396782
-1.0475102976910469
-1.0475129027636974
-1.0475040610831288
-1.0474999776155762
-1.0474995748281808
-1.0474968954840935
-1.0474983865073841
-1.0474971927560064
-1.0474971763629461
-1.0474973558611185
-1.0474953748934641
-1.047486975994713
-1.047482515439108
-1.047476790698595
-1.0474692793490095
-1.0474631012171296
-1.047458015146189
-1.047451013759426
-1.0474482585260294
-1.0474422112551667
-1.0474338263906684
-1.0474287424660593
-1.0474247867809592
-1.0474219482950609
-1.0474197303058523
-1.0474167612333012
-1.0474161519227916
-1.0474140206477278
-1.0474112601556742
-1.0474085378607505
-1.0474052296045233
-1.04740319651415
-1.0474013974831382
-1.0473987260044315
-1.0473993644478297
-1.047401760386338
-1.0474035068802374
-1.047403963939087
-1.047411792140182
-1.0474161340775927
-1.0474183866589675
-1.0474218397264061
-1.047422543427715
-1.0474240233756233
-1.0474239344601624
-1.0474238726989598
-1.0474259765240905
-1.0474269451375073
-1.0474283724555222
-1.0474324244246518
-1.0474348910960456
-1.047437072996411
-1.0474386110849878
-1.0474421732533463
-1.0474441684313491
-1.0474469181602166
-1.0474482185712655
-1.0474502064794227
-1.0474502644562367
-1.04745181704333
-1.0474549785839802
-1.0474573039258324
-1.0474592356645926
-1.047459937625786
-1.0474593245557304
-1.0474578100779934
-1.047458390512647
-1.0474578953647908
-1.0474587587811595
-1.0474586354561166
-1.0474599940014164
-1.0474595024298856
-1.0474576178098476
-1.047456632871812
-1.0474534604684718
-1.0474522488068672
-1.0474519748937536
-1.0474513853934657
-1.0474486029431107
-1.0474475744651712
-1.047448169389438
-1.0474495986801209
-1.047450090216136
-1.0474568414524377
-1.0474603222956707
-1.0474628707990778
-1.0474648896680139
-1.0474663625140348
-1.0474687677152794
-1.0474703675355064
-1.0474718766885955
-1.04747339672768
-1.0474736543398453
-1.0474747227655992
-1.0474755299690965
-1.0474761267472823
-1.0474773166762488
-1.0474786389897675
-1.0474789908866038
-1.0474794951554
-1.0474803585936847
-1.0474785882724633
-1.047477588781186
-1.0474775180381786
-1.0474781601607976
-1.0474782218256813
-1.047478000527201
-1.0474782853109301
-1.0474774327522576
-1.047477033672344
-1.0474761357878097
-1.047475582537732
-1.0474747408656115
-1.0474743055092668
-1.0474731028687214
-1.0474723827398247
-1.0474719764249176
-1.0474713995893365
-1.0474708408988957
