1.5289791235738765e-06
2.6334585840216006e-06
2.8461271918949435e-06
4.885709033425345e-06
1.29166929391068e-05
1.4659926046834511e-05
2.766357875687016e-05
1.0453783440952059e-05
0.00010879029398569788
4.974406867824997e-05
0.00011681027196666844
7.205604585446461e-05
0.00017714428408296932
3.585796402205785e-05
4.598946891885437e-05
9.747949670702866e-06
1.9165560153932726e-05
6.687386777308801e-05
2.7820983760895975e-05
2.1779316551643953e-05
1.471564523923793e-05
1.1559609589000794e-05
1.1664967469738574e-05
1.896682859735228e-05
2.213600853710678e-05
7.597347231944689e-05
0.00011671179122376184
1.811954831192827e-05
1.9836192720513994e-05
1.3583683230158584e-05
1.646060451343175e-05
2.8899340381831606e-05
2.4638774145998662e-05
4.5174991734047204e-05
6.49176766058223e-05
0.00028684414320394666
3.822217749482303e-05
5.8868081565737935e-05
2.402373940363864e-05
5.598831658352957e-05
3.8590671951641364e-05
7.681703453742424e-05
2.9424058418813652e-05
3.0913724487584434e-05
0.0002192649050452118
2.9533760775137237e-05
4.05089122697704e-05
3.43452794021464e-05
2.4258728748549116e-05
4.219221153242773e-05
3.292796406728691e-05
3.179696911621172e-05
3.356233384109985e-05
0.00033378493120128606
3.573690111980875e-05
6.477288886544912e-05
5.2373532352202496e-05
5.6533309301134396e-05
6.827059434898372e-05
5.517130189574007e-05
8.326186481573624e-05
3.9627075019642515e-05
0.00035436373780318916
9.091896679953538e-05
9.671744827508634e-05
7.972745181061461e-05
4.649632980592348e-05
7.705976173188754e-05
4.3519499568561026e-05
5.372805714010383e-05
7.056028228149735e-05
0.0005784949602880224
0.0001517469025079429
4.683937706748315e-05
2.519416493011911e-05
4.625597193111586e-05
5.873633159259821e-05
9.176836884856686e-05
0.00016060630574578377
7.629298813186277e-05
0.0003687826503354931
5.784710886049217e-05
2.773484586922175e-05
3.978523454330886e-05
5.368697194162295e-05
4.696649057993993e-05
5.570839014814809e-05
4.78313557706056e-05
5.412374910382905e-05
0.0004618295427511743
0.00012634161977662922
0.00012261911165218001
0.00027436657903881343
0.00010506786779830175
6.662349144308283e-05
0.00017228487250083518
0.00010391355421136685
4.0425509568263704e-05
0.00038533338916385996
6.962860343028917e-05
8.113311224989067e-05
0.00010631696462364117
0.00016981878032711843
9.636942149341882e-05
4.8547938041155515e-05
5.261234464272546e-05
4.1648487538828406e-05
0.00028092458476828446
5.132929083589578e-05
6.001361170796583e-05
4.43776228340655e-05
8.230523119772872e-05
7.255373565158969e-05
0.00013842756603109786
0.00012943435882599693
0.00010703432078764386
0.00040585264656506473
6.922417853029126e-05
0.00010040245818102055
8.824307769421802e-05
8.215252435036388e-05
8.773166395024093e-05
0.00012964421984926623
0.00011775925256002696
0.00013826472809249821
0.001139632493733879
9.138504678519e-05
0.00018623089586586105
9.42449518625956e-05
0.00012080623479949852
0.00010941743746690436
0.0001085378142961987
0.00014205737768558394
9.886497330307605e-05
0.0008940540140449951
0.00020388138047413367
0.00013793115319367695
0.00014244678206368187
7.234059259668556e-05
6.736613961159051e-05
7.232501200476633e-05
8.950535339331517e-05
7.068758140059569e-05
0.0008763262209428794
0.0001261973983843147
0.00011375289029784598
0.00018984914656991256
0.00014475192393071282
0.0002476410510377318
9.67810259429315e-05
0.0001067744679552894
6.616900122086467e-05
0.0012708574544524054
0.00010854850344833329
0.00011502100739365163
0.0001143439423488464
0.00010783329001629089
0.00012299288738366922
0.00013694169977038117
0.00015368651796059842
0.00023149300518946018
0.0015003474884274326
0.0002511234811261004
0.00016298207844081596
0.00014613877995736898
8.567556143378413e-05
0.00011080690846069892
0.00012386925737838922
0.0003112638710358489
0.0001912195038447181
0.0016080040622851325
9.24944311560724e-05
0.0001531716799817938
8.80521657763478e-05
0.00010960584438451739
8.043412107255962e-05
9.656278096055306e-05
0.0001186047433354614
0.00013151273217601464
0.002281646381578702
0.0003327567884136188
0.0003027986226650161
0.0001159496309975902
0.00012032637028270345
8.486410093359104e-05
8.611285507804567e-05
0.00010217536953425315
0.00013043167888720055
0.0031574158094468297
0.0004395885418462319
0.00025403427752060696
0.00010036094908072874
9.729170984212341e-05
0.0001076870074537236
0.00010371769447262671
0.00014604514443186718
0.00016248329313289087
0.0024203631092907115
0.00029289876493740296
0.0002017695357126802
8.691027514459287e-05
0.00010291422497623096
0.00013862648537320092
0.0001387848477739787
0.00014079884888355742
0.00020811513327633903
0.004187840640318102
0.0006131284005795259
0.0006628602199788716
0.0009501841564320873
0.0014402465256073277
0.0001942666551537755
0.000108520213250222
8.072545273524743e-05
7.761702993981499e-05
0.0016847064475597486
0.000119443351774599
0.00013502337947720464
0.00012499815289856097
0.00015952968736120932
0.000142312721891177
9.148243907193453e-05
0.00011275356165824584
0.00015403682840428611
0.0020198018848903354
0.0001755888391968559
0.00011557210058953355
8.832339884046933e-05
7.167895729249404e-05
6.775232713364252e-05
7.533398686451141e-05
7.084219348279476e-05
7.482552133735339e-05
0.0014940839109655922
0.00015761016019766964
7.607537983350359e-05
9.20826813958655e-05
8.76787809064318e-05
9.374396268501187e-05
9.266344913428395e-05
7.335019804006081e-05
0.00010390233773666422
0.0025185759945623625
0.00013055534724872177
0.00015785654583660858
9.426881821075108e-05
8.528021994686437e-05
9.60477960794076e-05
8.096883838698797e-05
7.358480847289447e-05
8.467139712692334e-05
0.0012879202564082008
0.00019423470410292047
0.00014926204911858978
0.00013595965722944432
0.00010502126029562762
5.651010656830385e-05
8.131202045215895e-05
7.283962499001746e-05
9.572363189788602e-05
0.001580088453228236
0.0001309741113755571
0.00010979373800411374
0.00010943164920647749
5.845298695660784e-05
0.00012241157100103812
9.731287771839787e-05
9.419628666985211e-05
7.014097911705686e-05
0.0020553402555236566
0.00025467850217488717
0.00018666232215352305
0.00019269266689143886
0.00014762292356439486
0.00016987269893582995
0.00010913504448713584
0.00011828311528170461
0.00010781192308540396
0.0019767045317790936
0.00015110957602970383
8.94291098792082e-05
0.00014897303436097075
0.00010141236328188955
6.970705387597026e-05
0.00010552400594436986
0.00011972126581438588
9.639601721752479e-05
0.0017862946321889669
0.00015646453145662983
0.00014867425529033098
0.00011962849984104827
0.00015275643158235797
7.740788412713712e-05
0.00010037327768692193
7.588589210184506e-05
0.00010201076046860265
0.002211905108618516
0.00019651724200741682
0.00021471185685441576
0.00011453717575205964
8.829240088709784e-05
8.986821095127312e-05
9.646130249252442e-05
8.198966808815804e-05
0.0001240912496266023
0.0015221646095411004
0.00017444500268052953
0.00010234015668022564
9.221784812433984e-05
0.00012021203047224365
8.602976478872074e-05
6.921635118642743e-05
0.00011432279024306198
6.991275289520742e-05
0.0018398568961859108
0.0001862028773606581
0.0001793344030265492
0.00011163642775854607
0.0001235122951050479
0.00018339307193492453
0.00014614841644026663
9.89375501886171e-05
0.00010675702792388224
0.0020502979500580595
0.0001662039097909844
0.0001681297364655207
0.00011519539828034457
0.00016819855564753232
0.00011774881570901503
9.951212541093545e-05
0.00010438905524385869
0.00014605766820210134
0.0019360809671717064
0.00017808888415847188
0.00013168035825163077
0.00013370854871842098
8.277833889553646e-05
0.00010636819428691079
0.00010711431554754447
9.073444934270854e-05
7.725501477817802e-05
0.0015504861224863219
0.00013952799441946772
8.400708189999008e-05
9.214623389941677e-05
9.469982848480791e-05
0.00010155220343327778
0.00010727494063681767
0.00013875274376040113
9.934386239574745e-05
0.0021787608612261426
0.00016885049622373987
0.00011860391809293257
8.68726333979728e-05
0.00010565962171909851
9.007527130304521e-05
7.87611084025645e-05
7.823887523612582e-05
7.977942344163315e-05
0.0009823094841649952
7.927525587588687e-05
0.0001319757027177209
8.997099589341805e-05
8.641711278569788e-05
8.52027031486989e-05
7.805700577200221e-05
8.1129965069233e-05
9.261796718490582e-05
0.001290445124868492
6.959713490394812e-05
7.208845214855695e-05
6.700824415707054e-05
8.77349659239691e-05
5.1210129893055987e-05
6.332689554699019e-05
6.26298709574754e-05
7.47842773812355e-05
0.0013005530569492492
5.275998349630692e-05
6.308154018714911e-05
3.965019408499487e-05
4.5257522264380055e-05
4.6849836362426924e-05
3.8638530117455316e-05
4.2592804795158475e-05
4.701895733695497e-05
0.0007026077347380314
4.865076949300415e-05
3.226575963425808e-05
4.226245200825913e-05
2.8339777481680596e-05
2.2548603944928974e-05
2.4282830797156926e-05
2.4925512566990245e-05
2.1893597584885972e-05
0.0007550061793300054
1.788960936648274e-05
2.3580794578767492e-05
2.586821773545389e-05
1.5608447888098568e-05
2.118924063725935e-05
1.4997694202668788e-05
1.767663911939226e-05
1.446285051779363e-05
0.0001699914571923189
1.0975103312502534e-05
1.204232665306907e-05
8.661388678872086e-06
9.216175317176249e-06
6.894939598950125e-06
6.148469456768535e-06
5.164801930043112e-06
4.850838491095812e-06
7.131183323633135e-05
3.906446216304978e-06
3.197043626659981e-06
3.4742721853795836e-06
3.3962363698371878e-06
5.767271932638896e-06
2.963459711982536e-06
3.0433220049294704e-06
4.151130074000417e-06
6.536014129810776e-05
5.142299694966693e-06
4.273227981381704e-06
3.5224276729833556e-06
2.6128582555275612e-06
3.1679758194741653e-06
3.802620845507992e-06
4.19988871087348e-06
2.7742885594601773e-06
9.255122750078668e-05
3.7671742002021505e-06
3.609553130579313e-06
4.364409462864986e-06
3.2940605904742515e-06
3.890452171376482e-06
5.201937837001686e-06
4.925344879400945e-06
4.688329024705984e-06
9.330099640536851e-05
3.7765931289777712e-06
4.374107035989755e-06
4.176443023711338e-06
4.018459929608518e-06
4.536934226393018e-06
3.2643197746759486e-06
4.061620032101133e-06
4.142417921374518e-06
8.066824378062779e-05
3.387492969457606e-06
5.1424221725298586e-06
5.2235960279775806e-06
3.470074614980264e-06
2.8725793232857422e-06
4.9485771005073565e-06
4.191487424360118e-06
5.111051979079186e-06
8.446055562266698e-05
5.433460287198328e-06
4.355960978742071e-06
4.676949319497878e-06
4.678234808442079e-06
4.959497305353129e-06
4.360769763078579e-06
4.482011885495161e-06
4.082961943912592e-06
0.00011061056350497533
5.3267541111427645e-06
4.847464902050562e-06
4.488142567772155e-06
6.373282685911362e-06
5.3325671543613405e-06
4.892871775637606e-06
4.17211147272085e-06
4.333761599934897e-06
0.00010165005773747358
4.255818707904533e-06
6.5059410084642295e-06
4.1376184759849615e-06
4.781653814934005e-06
5.2250719854148146e-06
3.3369129430370067e-06
4.302977036781004e-06
6.838361567185132e-06
8.492370845863872e-05
6.3188444644608265e-06
4.1466017773140385e-06
5.0336292744925425e-06
4.7530400927793425e-06
3.6664770977134277e-06
4.7556218906595475e-06
5.039102020732317e-06
3.7501141667820937e-06
0.00010364131041008004
5.4869666789424095e-06
5.125232224473871e-06
5.772469671222329e-06
5.208738162991108e-06
4.765853612040453e-06
5.615507040896445e-06
4.849212132340818e-06
4.931373072116076e-06
0.00013105564391413486
4.7317810152776265e-06
4.733038620098367e-06
2.994343200125795e-06
5.706942665746918e-06
5.344091908016518e-06
6.23643171139673e-06
6.238097992580066e-06
4.335424236861001e-06
0.00010826976806605882
6.6078749572768455e-06
4.663229852748583e-06
5.1106160393358436e-06
4.827945217995318e-06
4.261082965192674e-06
6.494773290602055e-06
6.049853144890288e-06
5.645319520414267e-06
0.000133054995496194
3.0069832716644408e-06
5.5278090252537955e-06
6.22039746388297e-06
7.157350778182964e-06
3.7423408113980636e-06
5.655672026684031e-06
5.94203762074953e-06
5.210834432086625e-06
0.00013312644317003128
4.928435652205754e-06
5.133431324833512e-06
6.1128131899837886e-06
5.4622039536410526e-06
7.013031027117108e-06
5.3835177242532854e-06
5.79287438918831e-06
6.161661010792333e-06
0.00016676349993783603
5.960715942408379e-06
5.390536618936187e-06
5.800421388359453e-06
5.393343045709072e-06
7.152137698349724e-06
8.25778077129144e-06
5.765603204563152e-06
6.2988307652236805e-06
9.48993947791098e-05
5.401787844455028e-06
4.6254523579839786e-06
5.527422340637351e-06
4.914519710950885e-06
8.070085703900527e-06
4.1385404695374945e-06
4.795380499302395e-06
4.468665980623946e-06
0.00013176212533374068
6.973052188619585e-06
6.400429583704572e-06
6.6482758394269026e-06
7.840460825342733e-06
5.543105466943198e-06
7.3516302404340405e-06
4.642192725355349e-06
5.8350517971795166e-06
0.0001231520464258149
4.645750238300264e-06
5.798387118994048e-06
6.21120081885839e-06
4.196712936935419e-06
6.132076617046095e-06
5.433830435509983e-06
6.094030394882464e-06
5.148331884867319e-06
0.00014720520982879382
7.334943174794168e-06
5.935395690985165e-06
5.854466376521512e-06
5.443564300742411e-06
4.619965742954016e-06
6.725414884861516e-06
6.768409061513035e-06
5.2014359265656325e-06
0.00011017898160688016
5.4931881369439415e-06
7.2709900469235e-06
7.810033860422463e-06
5.0426867567307055e-06
6.036223126920687e-06
5.376066611615745e-06
6.039256823946563e-06
4.965062510137002e-06
0.00013136568636419623
5.257299045642919e-06
6.914849589806567e-06
4.721494762288477e-06
5.095505726664893e-06
9.489095102901777e-06
4.766497770999127e-06
5.38954870323727e-06
6.012935607638452e-06
0.00013929506248144512
4.978696572258686e-06
4.77243672942006e-06
5.977414339916625e-06
5.605228257973531e-06
4.98368424838483e-06
8.723589333293454e-06
6.855998315003372e-06
6.3589804035758085e-06
0.00014094253439116296
6.320568944350218e-06
6.696473599568764e-06
5.200418513040591e-06
6.4917608734913936e-06
8.408068015775866e-06
6.53664516138165e-06
6.038519843013476e-06
5.123623666592562e-06
0.00018223771670928252
5.7929756377868215e-06
5.8777784748665566e-06
5.962627667468008e-06
6.464581081591146e-06
7.4256870199741806e-06
7.5944370331455445e-06
7.304175981056223e-06
7.431235604068443e-06
0.00015751019505923957
8.228525792773558e-06
7.687406006838783e-06
6.0177332569526964e-06
6.102814024266628e-06
6.940496282277175e-06
5.771263740312537e-06
5.145217058511199e-06
7.113048686977238e-06
0.00015527041382305842
6.614166372238585e-06
6.6157660236365405e-06
7.831952599180057e-06
5.487918932964233e-06
6.578712768833126e-06
8.214917670178936e-06
6.917336114577582e-06
5.241701788514777e-06
0.0001618484739366094
6.838468288826862e-06
6.630307960179881e-06
8.394814858654403e-06
9.152572544633486e-06
6.089197675135929e-06
5.082575256032628e-06
6.176197330429036e-06
6.34580510973473e-06
0.00018788449662944626
7.77836552322311e-06
8.158730885018754e-06
7.1510959264833685e-06
7.4473538352673105e-06
7.364961226425127e-06
8.082346311869625e-06
7.915908795593634e-06
6.148960160297495e-06
0.0001778511512629727
7.626617332705619e-06
7.712721603244704e-06
6.492029937195091e-06
7.547730859049415e-06
5.693793120202426e-06
6.24357133630398e-06
5.949708255422747e-06
8.567922415985295e-06
0.0002217783653790762
6.629548794175861e-06
9.08079657761249e-06
1.056152948521331e-05
6.507447181713363e-06
6.2976697142738795e-06
5.791842287373543e-06
6.554364329204154e-06
7.317246585246155e-06
0.0001757650750059272
8.209307899486926e-06
6.137246870840031e-06
9.483225190697499e-06
5.674336930439489e-06
9.191214232675715e-06
6.524340024877224e-06
4.746123497693003e-06
6.9937287446278095e-06
0.00018094237280003383
7.929910447563721e-06
8.271138963405725e-06
8.782206248883398e-06
7.808244453727579e-06
1.01445849542562e-05
9.043184005740765e-06
6.922024246194745e-06
7.773207537632624e-06
0.00019010257044497933
6.076930454885442e-06
7.396052939076672e-06
7.695363925877064e-06
6.804132251578368e-06
8.379503903594021e-06
9.104737926926054e-06
7.745119191852134e-06
1.0556246961354516e-05
0.0001852527018359679
8.176255540690668e-06
9.285541474850665e-06
9.841483523119882e-06
7.073860220010689e-06
7.3311864323267134e-06
4.902810312187513e-06
6.439048711147644e-06
7.336235809821906e-06
0.00015259161808868293
7.296813507144285e-06
8.749624459716025e-06
1.0331088328073017e-05
9.991816104809197e-06
6.790840531375157e-06
8.757454355827502e-06
7.862182100785313e-06
7.863925370664412e-06
0.00014543400682997073
9.449486997612786e-06
6.800041860886626e-06
7.913758342651961e-06
6.674743105824714e-06
5.221182113291435e-06
1.0915512265632716e-05
7.235890943905704e-06
7.580174802257008e-06
0.00015942454035695425
6.940887715545626e-06
1.0070837413272413e-05
1.0887563616162802e-05
4.2445445918778195e-06
7.8905938289381e-06
8.578720483839835e-06
8.022907245024178e-06
1.055660787866252e-05
0.00019870996853379804
1.0089023395844206e-05
9.275375064390856e-06
1.3701378414504838e-05
9.021734647585269e-06
6.1447705360057555e-06
9.197705628033094e-06
6.448454963087754e-06
8.599825440743203e-06
0.00021294047842863084
9.420965519911468e-06
9.724205190367668e-06
8.951722328590871e-06
9.34108221301688e-06
8.00845968903065e-06
5.426297699094738e-06
7.408970247040052e-06
1.012494919752884e-05
0.00016866327654198839
7.586261831551194e-06
7.544818268393502e-06
8.495187131507783e-06
1.0179126751694005e-05
9.577428331068402e-06
9.018553927090471e-06
6.474083681933966e-06
9.195215327983618e-06
0.0003042748151433389
7.342070339452416e-06
9.071582300807275e-06
1.2011658048662079e-05
9.16197173237846e-06
8.083302451803957e-06
7.825709600541626e-06
7.178773249711292e-06
1.1765358269433452e-05
0.00019086400237012177
8.568196395524216e-06
1.1989379573845511e-05
1.0606655221580604e-05
9.87283271835978e-06
6.843222381599043e-06
1.1176803955652867e-05
5.632978192834869e-06
1.0921651280862658e-05
0.00023452700297630887
9.061964018973239e-06
7.0690224118801906e-06
8.02484143889311e-06
1.2191656837052953e-05
8.635860022516594e-06
1.089482969145799e-05
9.073781785099417e-06
8.424436667907751e-06
0.0002163304946360719
1.1686267085246453e-05
7.039340352975121e-06
7.953553680380925e-06
7.172769454539574e-06
7.696124314409028e-06
8.219679591670672e-06
1.0787954830833124e-05
7.222544432788785e-06
0.00022365944527846037
7.660852659865454e-06
5.833961790336643e-06
8.273730539750311e-06
1.0104826247948219e-05
9.932778613786644e-06
7.930520276118058e-06
1.1026629309783127e-05
1.2249622190700636e-05
0.00024503279046061456
1.0379473553101387e-05
1.0599717628756798e-05
9.642106389256722e-06
6.851264758747985e-06
8.99144058504074e-06
7.770961645152745e-06
8.558649983004966e-06
8.604121111958178e-06
0.00022127921747074316
1.1360446699755278e-05
1.2805013341906137e-05
7.474823940575937e-06
7.651316478955098e-06
8.221432925789323e-06
7.785856405712753e-06
1.0543696424842542e-05
1.142117135971058e-05
0.00016459488002293303
8.667951274556568e-06
7.925348298259142e-06
9.197071162031548e-06
9.856075453557975e-06
7.1416757306799595e-06
8.545474743849395e-06
9.555449792993015e-06
1.249474617843804e-05
0.00028748349292926045
9.60518185087293e-06
1.0923172589417025e-05
9.038703200578476e-06
7.41679486238181e-06
1.215897531003741e-05
8.693083571968722e-06
1.400832252445605e-05
9.838701516284456e-06
0.0002407859837701552
8.87602616968888e-06
7.867031175374452e-06
8.571989612858617e-06
1.0068660792050102e-05
1.0334563234311946e-05
9.896897639290807e-06
1.1482863058762826e-05
1.0253138549517093e-05
0.0002275497650720262
9.596969541155679e-06
9.114550481598316e-06
6.87040167539149e-06
1.0175548474176507e-05
6.2564067587874095e-06
1.092889432199872e-05
8.418765808050994e-06
8.156009561664744e-06
0.00017412374758739427
7.718295787940749e-06
1.001373204691138e-05
8.250919370824598e-06
1.0547455761697758e-05
1.3065649947225367e-05
9.668845571185287e-06
8.655161836953885e-06
7.199455526821042e-06
0.00028800673199176304
1.0648893648438663e-05
6.408319465950986e-06
1.0830034630030324e-05
9.992161017042824e-06
9.242443760503606e-06
9.730899063418657e-06
7.609399944840698e-06
9.646414653346355e-06
0.00021059729108173565
1.1952177478680193e-05
1.1511856548098973e-05
1.4171197095046308e-05
8.5045478955762e-06
8.81638678330584e-06
1.1609854302532242e-05
9.35184987790074e-06
9.930127368069393e-06
0.00030843277546107245
1.144188709890864e-05
1.1843371019058202e-05
1.1490783659466766e-05
7.4993504630627034e-06
9.720005693526622e-06
1.0609781428292328e-05
9.590717038414995e-06
1.1280256735090454e-05
0.00018071403801743824
1.1950989215365133e-05
1.1197906737967116e-05
8.31120678233585e-06
9.824184876045236e-06
8.047673886556521e-06
9.07208007764989e-06
9.741062541758134e-06
9.92097344057535e-06
0.0002360148103074331
1.0414346804157407e-05
1.0505412735854305e-05
1.1308896085225265e-05
1.0465034516133098e-05
1.0511666970436025e-05
8.286277523472217e-06
1.1317940281021784e-05
1.1543020637361031e-05
0.00028256720728697253
1.0967822015254368e-05
1.4983170688637227e-05
6.824025726487786e-06
9.724954205725963e-06
1.2448561006582611e-05
1.004114235354291e-05
9.641359288824772e-06
8.973597666650312e-06
0.00024380530534985257
8.530355134762416e-06
9.24671811862253e-06
9.248464006608854e-06
1.1439908173287082e-05
1.2514839023413476e-05
1.1623144398525076e-05
6.975281123950298e-06
9.033860788563024e-06
0.00027103414055485364
1.1408179611095604e-05
1.1052292332684739e-05
9.129922012564205e-06
1.0474458971812784e-05
8.7303692610414e-06
1.2403883893377647e-05
8.10661279695564e-06
9.272854551513462e-06
0.0001950940912467068
1.2323550838926844e-05
8.247084812392716e-06
9.907334148424508e-06
5.963461022392796e-06
1.040437127101952e-05
9.060676931247405e-06
1.1395318121391183e-05
1.2294940362808434e-05
0.00030621397241885085
1.3870538854274638e-05
9.248694430050103e-06
1.059756051341768e-05
9.566581317490716e-06
1.1544843338497367e-05
1.006437696699037e-05
8.538306618320078e-06
1.4113398550419128e-05
0.00023561529949050382
1.0611328528439844e-05
7.465288880146406e-06
1.2054533269162435e-05
1.0707133272137718e-05
9.404237081266782e-06
1.683164529332742e-05
1.3368826893542411e-05
7.923784003050657e-06
0.00020755284393984182
7.881593780764957e-06
8.829013363162185e-06
1.1669012558695921e-05
1.2256907668714531e-05
1.2349400414074495e-05
1.2081262538817817e-05
7.1239111462517315e-06
9.921220995648643e-06
0.00026221346213652937
8.391022363969348e-06
1.2633950330346217e-05
8.033045602877817e-06
1.3857309344751034e-05
9.029298901125294e-06
1.1017817888655558e-05
8.761713372018556e-06
1.2060936186128704e-05
0.00024383175437331153
9.579947326557539e-06
1.0982771376258313e-05
1.3199815094097052e-05
8.95223575305936e-06
1.1531559821639781e-05
1.0222001981801941e-05
1.1988245005527486e-05
1.3800313624570024e-05
0.00029142000163578816
1.022965206780648e-05
8.737524184946315e-06
1.2995459241643864e-05
1.2092085168677116e-05
1.0418407786446194e-05
1.1371740427656272e-05
1.0422268636058549e-05
1.459395096142411e-05
0.0002610874723687711
1.3102924377764111e-05
1.3377366484472981e-05
1.1746995479130239e-05
1.1476942301237618e-05
1.1025240768799566e-05
9.938166001770083e-06
1.2890173992839417e-05
1.1031355971098211e-05
0.0003209529252099809
8.582918004114623e-06
1.053751500687482e-05
8.35881256889206e-06
1.54028786480798e-05
1.4678481496092638e-05
1.2135835727509489e-05
1.1001513208134901e-05
1.0958068473559704e-05
0.0003091759803222058
1.3145120078852527e-05
1.1964656132825698e-05
1.2467324462119127e-05
1.615568804231061e-05
1.3609635330504077e-05
1.0880625471161813e-05
1.1793197583459981e-05
8.607485935071957e-06
0.000312390797518865
1.3348262126884753e-05
1.0343235485262462e-05
1.1575447582454101e-05
6.700315621330067e-06
1.0713204462145393e-05
9.894364211181844e-06
1.5231772857965815e-05
6.340128750226066e-06
0.00041037871056829814
1.2319440350638649e-05
1.0130994673834908e-05
8.261387375404243e-06
1.4060379102515045e-05
8.218584392670813e-06
1.0594720961080018e-05
1.2377866201112738e-05
9.182272914053698e-06
0.00021448332446960593
1.0510626334621052e-05
1.430606729455219e-05
1.4308514521565103e-05
1.1110474557630512e-05
9.146033063641208e-06
9.01045409349732e-06
1.0201459613862402e-05
1.0660792036452405e-05
0.0002092374251921311
1.0710158576255597e-05
8.24007777900972e-06
1.0851261303454423e-05
1.0486787998040574e-05
1.2000080977645681e-05
7.833538677410067e-06
1.2141772466941047e-05
1.017338192360505e-05
0.000404748443688405
1.2285568692556944e-05
1.0224467407263507e-05
1.0180359280470548e-05
1.0686595408937708e-05
8.991120992781231e-06
9.359818683794767e-06
8.81075867056665e-06
1.124480908631979e-05
0.00027553168093550647
9.733477192901907e-06
1.2673963931000736e-05
1.318127136990657e-05
1.2816014082732378e-05
1.5115290384254113e-05
1.0063325890607787e-05
8.778245210398681e-06
1.034266157133529e-05
0.00020656524550543667
1.4024585696495182e-05
1.485482626636819e-05
1.113148817417375e-05
8.695043700875591e-06
1.0491030858815112e-05
8.513855840171455e-06
1.0908849382897438e-05
1.0956777079674552e-05
0.0003605412666034684
1.1513005044446185e-05
7.691968622110945e-06
1.0917970523414417e-05
1.0689346757432735e-05
1.6082770693652664e-05
1.4472288287245241e-05
1.4244328026130275e-05
1.0235522130582025e-05
0.00019813869487360152
1.2314422915010235e-05
1.1070954299654199e-05
1.1441982275446714e-05
9.182748743705376e-06
1.3245730594116246e-05
8.862792069389014e-06
1.2696298041118185e-05
1.1728819714095704e-05
0.00028721998474992057
1.4965805904952722e-05
1.1549663646075434e-05
1.1690148231541636e-05
7.163154618171278e-06
1.0538433528414529e-05
1.2204424103737604e-05
1.2345136161997038e-05
1.1144863760052285e-05
0.00036200063062349674
1.360002834726997e-05
1.1751498917566659e-05
1.0642847418864253e-05
1.300477201084274e-05
1.4626881671952557e-05
1.0740409578112083e-05
1.2084857927678376e-05
9.076727335944405e-06
0.0003703088331225627
9.959673513563894e-06
1.1860767195193572e-05
1.1769960114663507e-05
9.083772683593936e-06
1.0753898334499266e-05
1.3722685481333856e-05
1.5857763098373215e-05
1.0573675702769154e-05
0.0003401176354517556
9.185241265670578e-06
1.3733586971651279e-05
1.4571009074861576e-05
1.1370956284892301e-05
1.1233470319778835e-05
1.6342236137883902e-05
8.868944443771148e-06
1.1285445179928311e-05
0.000318168124159574
1.077790555377111e-05
1.2545250019863312e-05
1.4406070699604336e-05
1.1712551672338578e-05
1.2923041336439574e-05
1.4087400744846906e-05
1.0834663912212995e-05
1.0138860531601851e-05
0.000300261094177836
1.6050100131689907e-05
1.2562843297141488e-05
1.1634113641091318e-05
1.1310097985941501e-05
8.146407799584961e-06
8.659821000568754e-06
1.0663469426366345e-05
1.192261588899076e-05
0.0004373985234029158
1.0714975865215666e-05
1.169511787537263e-05
1.0485290465613537e-05
9.508087887171436e-06
1.4217680520141489e-05
1.3380866023636017e-05
1.2123867502542048e-05
1.4037989411065303e-05
0.0002825272620628443
1.2595688747655453e-05
1.0404720775787178e-05
1.1059499594508347e-05
1.115450790301552e-05
1.0222592517613083e-05
1.2838447742965872e-05
1.185992808587858e-05
1.307585480832338e-05
0.0002558527961208981
1.2005383456852535e-05
1.2754648543790562e-05
1.2756601015341332e-05
1.1309659505408961e-05
1.0703852129414527e-05
1.4632246076419312e-05
1.3138361298483417e-05
1.1737527742769134e-05
0.00031850940776184005
1.1086202238991857e-05
1.3707688914058639e-05
1.1276729299305686e-05
1.2073935163155366e-05
1.3714045855556836e-05
1.118827274275076e-05
9.410861791943263e-06
1.1191850085402245e-05
0.00039732835068851833
1.0726735385537372e-05
1.410137181049574e-05
1.5696643022211968e-05
9.747484844301268e-06
1.312355394839931e-05
1.3125644387104129e-05
9.658254389606293e-06
9.425290342317636e-06
0.00040272118026553723
1.0929023776912076e-05
2.0031524083263398e-05
1.243369147525937e-05
9.05691983166518e-06
1.2015215392917726e-05
1.394157204509202e-05
1.1455509851409831e-05
1.300685226333551e-05
0.0003019106267565101
1.2869625991759681e-05
1.573696217346332e-05
1.1322917533406248e-05
9.585913894246506e-06
1.1749204672837286e-05
1.607531293510866e-05
1.405625746738678e-05
1.3635244605944251e-05
0.000416390522049382
1.0158812337012203e-05
1.5052091525747731e-05
1.0302805086875934e-05
1.3409667749367946e-05
1.505867896609369e-05
1.2660570986103634e-05
1.6145848509293347e-05
1.468883814962446e-05
0.00031081795198643924
1.4975413479171884e-05
1.0173510157731798e-05
1.1729479758003404e-05
1.1872559941587005e-05
1.0083663306293722e-05
8.7656627312297e-06
1.3857386378151483e-05
1.1313837266101736e-05
0.00034187364001558623
2.1785027424143074e-05
1.1318570019409462e-05
1.1603178101048399e-05
1.311440392722619e-05
1.099312401324327e-05
1.2504708730650792e-05
1.0807504145668922e-05
9.345913499322421e-06
0.0002926413672023485
1.1189866683361758e-05
1.1474752687205278e-05
1.0390257112579664e-05
1.1242002236497151e-05
1.0676690535841367e-05
1.2568195453771863e-05
9.545725537518859e-06
9.121773166834348e-06
0.0002549187626588192
1.2528083590399365e-05
1.238799971630535e-05
9.315940865812194e-06
7.61457103503256e-06
1.3623099175594369e-05
1.395608111160801e-05
1.3011920291152835e-05
1.547462594350853e-05
0.00035556725275268986
1.2070620228702752e-05
1.6759103696622727e-05
8.096646496862787e-06
1.4301265728314214e-05
1.3545468633430823e-05
1.1794784952412307e-05
1.118066919147654e-05
1.3314427793512652e-05
0.0002665176264980484
1.274927740271152e-05
1.3319996903693246e-05
1.2989963404333755e-05
1.2422802005666125e-05
1.2282384248842812e-05
1.2521237489078304e-05
1.1005195590787362e-05
1.4375222240698626e-05
0.00021794032589928368
1.2148835766628077e-05
1.2577680824689579e-05
1.0965556143813601e-05
9.732730207911533e-06
1.0066500632717551e-05
1.334483933929463e-05
1.277675508323676e-05
8.883345849983471e-06
0.000333784917243042
8.268003434927772e-06
1.9579534254205085e-05
1.0694215726856612e-05
1.207423582446685e-05
1.1362711981732562e-05
5.230464737252835e-06
1.7310313913031652e-05
1.2033416750753932e-05
0.0002865090111007144
1.1322964732770896e-05
1.0372923737979185e-05
1.5275904972449834e-05
1.523047999809619e-05
1.2138453196433162e-05
1.0473887218515472e-05
1.5808272697656023e-05
1.4096215432841439e-05
0.0003605114263746694
1.1860999941361883e-05
1.4911616277710892e-05
1.367483575307249e-05
9.101964446964402e-06
1.3011284501172374e-05
1.31084245461208e-05
1.2442864725036288e-05
1.0632777572830592e-05
0.0003873493706871517
1.0253992344226236e-05
1.3546541911283507e-05
1.507491469315679e-05
1.0830645114732555e-05
1.3027154172361275e-05
1.1835848992129733e-05
1.1885270765322178e-05
1.336672213219841e-05
0.0002880147906452223
1.3322448081488687e-05
9.599183467665389e-06
1.184537355054182e-05
1.2085820022649687e-05
1.2851889144095237e-05
1.0655697637364246e-05
9.366804046459348e-06
1.0897628064336537e-05
0.00030399595564009976
1.5967993638810295e-05
1.0375806449993371e-05
1.2768161885372607e-05
1.0330724761561133e-05
8.801381893491034e-06
1.200780267974927e-05
8.70804064109552e-06
1.1723904443000888e-05
0.000360703788049861
1.8236272884907053e-05
1.263794992537865e-05
1.460236538211015e-05
1.4795870850721874e-05
5.219944767237634e-06
1.4799755713029001e-05
9.436713019449736e-06
1.2887277665116569e-05
0.0003028468755626899
1.5526008220158796e-05
1.2844056570976208e-05
1.289369569699029e-05
1.1888528174325708e-05
8.677856626945895e-06
7.576154982429554e-06
1.5010355466797838e-05
1.1942744468578806e-05
0.00031055693642127074
1.539977750439841e-05
1.1131441986187032e-05
1.103686235247554e-05
1.1422166239743207e-05
1.1855615498678147e-05
9.648946831854716e-06
1.1378559538696872e-05
1.1332068303177387e-05
0.00036416667150654267
1.1334738456673538e-05
9.751074287382605e-06
1.1721970989851271e-05
9.225034629915154e-06
1.1917236331386435e-05
1.4946458278115142e-05
1.5669463906303144e-05
8.31652841760164e-06
0.00024248887583483498
9.232136297105533e-06
1.5004055423057136e-05
6.87776863253655e-06
1.0053410547374532e-05
9.140629743205073e-06
1.438625655410664e-05
1.3955165230118749e-05
9.14426346182371e-06
0.0002175800860235252
1.0109284251121553e-05
1.2902951222703879e-05
1.2567549979244282e-05
1.5169639185557002e-05
8.813956027606852e-06
1.2524195782852796e-05
9.394410749556909e-06
7.612868484516871e-06
0.0003021641513857331
1.2578854598417175e-05
1.306243986035818e-05
9.496734304465205e-06
1.133001831461301e-05
9.258027891544904e-06
1.1525849321269739e-05
1.094854689390448e-05
7.139228264860738e-06
0.00021368394153364306
1.297907690778559e-05
8.734210682383614e-06
1.0231375807313465e-05
1.4383536121885892e-05
1.1923430337116891e-05
1.5159674339296493e-05
1.2650661166043309e-05
1.2217786634465796e-05
0.00037123285654536235
1.4828885529070244e-05
8.55064078357106e-06
8.98651443060285e-06
1.2128436762886403e-05
1.0728506162801891e-05
1.0246578102076604e-05
1.0779549464137961e-05
8.363721925874122e-06
0.00031902283224323794
1.1653805008437887e-05
1.2090526511477826e-05
1.0012141777538238e-05
1.3544655762573794e-05
1.2433599378494199e-05
1.0161057601583964e-05
9.72677395185421e-06
9.58282293508315e-06
0.0003101803753797
8.568496195515074e-06
8.714798628600556e-06
1.0749549632607509e-05
1.0024450457930941e-05
1.3125484426031526e-05
1.0995803720350263e-05
8.42961749011918e-06
1.2113027532039442e-05
0.0003861576011157601
1.3715083058397613e-05
1.051773578643122e-05
1.2167094833681873e-05
1.0180816142702076e-05
1.5224491921370639e-05
9.261949211640825e-06
1.1930414837013074e-05
1.2513915668237277e-05
0.0003762427890839167
1.4845363705589076e-05
1.0286262812462215e-05
1.028744679157827e-05
9.512117661401225e-06
1.194009334823224e-05
1.0242540942372989e-05
1.00981540574383e-05
7.623069233151767e-06
0.00043428539815439625
1.3986746198154702e-05
1.554248518898302e-05
1.1561101343545704e-05
1.2388213979531075e-05
1.3604323687284797e-05
9.232555038662054e-06
1.428779705496428e-05
1.0012345318985546e-05
0.00029719215360243096
8.653309715955595e-06
1.4002373207781313e-05
1.3323079424614127e-05
1.2741068802549614e-05
1.1964350903323084e-05
1.0409224557520402e-05
7.978088665947796e-06
9.243988658501662e-06
0.0002810240754658103
1.0413957739964838e-05
1.4308563490308333e-05
1.1292401751724087e-05
1.3338270115936829e-05
1.3047666045182315e-05
1.4607295993773787e-05
1.1589870141835662e-05
9.886625728243737e-06
0.00025473735030894206
1.1739913088595279e-05
1.276427033243519e-05
1.0232079146788823e-05
8.430248296151796e-06
1.3304710174433522e-05
9.260751269185961e-06
1.038297835002775e-05
1.301679288161812e-05
0.0003781463479489326
1.1995597323206838e-05
1.5947066273812882e-05
1.263230818656973e-05
1.1170392236372523e-05
1.1025227085529028e-05
8.245498848045262e-06
9.027147266782309e-06
1.3176333898842065e-05
0.00023813070179962118
1.3130310423479846e-05
1.2545974038425537e-05
1.2107917083812077e-05
1.2646361492874165e-05
1.1329302185305192e-05
1.2258536739982321e-05
1.2162247903831689e-05
1.2359022269443783e-05
0.00033677044952604054
7.866642333822678e-06
8.307341128942248e-06
8.063917444252307e-06
8.846916812832232e-06
1.2123110578997806e-05
1.1635634884728502e-05
7.0898346098050844e-06
8.94887011712604e-06
0.00024755379308726564
1.1689895728575685e-05
9.0007600750546e-06
1.3160135513193182e-05
1.0764173113346253e-05
8.710157756615683e-06
1.2773039002058613e-05
1.0963628553830828e-05
1.2678122108721212e-05
0.00029699082088429274
1.1505812712101702e-05
1.1556020059683905e-05
8.227245935299763e-06
1.0236219122677658e-05
1.0580233733037584e-05
1.401063691473626e-05
9.063890679483629e-06
1.2788894888072916e-05
0.00036194958683870976
1.2546586554097647e-05
9.165956305053025e-06
8.088517202731919e-06
9.16798838499217e-06
1.2601267981751991e-05
1.137674279930641e-05
8.925910820538383e-06
1.0888908704740765e-05
0.00018991364837750343
1.1528928755979037e-05
1.1186831568414393e-05
7.998470182169329e-06
9.275293812107968e-06
7.558478821780395e-06
7.31392192275448e-06
1.0751125149429595e-05
8.493867010689556e-06
0.00036788591531890496
9.232229161999399e-06
7.563355131839594e-06
1.0658538016966722e-05
7.810549281544905e-06
1.1643328016868579e-05
1.316772398249361e-05
9.975138319051605e-06
6.683605018601062e-06
0.00029325713462575765
9.241052056419178e-06
8.406298943033265e-06
9.931308775402764e-06
9.981540051322818e-06
1.1113657307918137e-05
9.246013197798583e-06
1.3870526017565398e-05
7.575571987659885e-06
0.000346259196004045
9.74196774759211e-06
6.741357960448896e-06
1.3484025022807196e-05
1.0237167611964098e-05
1.146880831156844e-05
1.3439049259628992e-05
1.0191191177441488e-05
7.927383590680331e-06
0.00027730851463144497
1.1277813168004204e-05
9.998415522032789e-06
9.506866050769523e-06
8.719659832768748e-06
8.129363096918808e-06
1.2170640660060652e-05
6.40632416552207e-06
1.1286180525365297e-05
0.0002494791267077531
9.563216360080137e-06
1.2029212844793476e-05
1.0847142073894676e-05
1.2376952260813055e-05
1.0898801472117389e-05
1.1985031435553748e-05
1.129577260396316e-05
1.4799497882635837e-05
0.000263877472088337
1.0361793363932531e-05
9.770641590660451e-06
1.0561261981973802e-05
1.1450754303632743e-05
8.687717334849208e-06
7.849386175532713e-06
9.97319580197578e-06
6.419076626690304e-06
0.0002572819377614655
1.3433186687711993e-05
1.0619311845871999e-05
1.200339355200421e-05
9.089918361664732e-06
8.843797052149994e-06
9.289437119404843e-06
1.0031663983731903e-05
6.424920308748063e-06
0.00041033758244668104
1.0627844091405589e-05
1.087601452205008e-05
1.1322047839063566e-05
1.0482576277059633e-05
7.862735041999615e-06
1.0138513358628842e-05
8.210591584005135e-06
9.052391233664329e-06
0.00026199717608781743
8.608843538424683e-06
8.510800849536265e-06
1.0936440918896592e-05
9.403371890787457e-06
6.780991544301529e-06
1.1830806400139554e-05
8.762655167686774e-06
9.555769127270615e-06
0.0002224034471791813
1.1885052525989638e-05
1.2579568245445404e-05
1.1639735043968232e-05
1.1838955920991266e-05
9.809010636435362e-06
1.0850464887920395e-05
1.0009185657609939e-05
9.663350188363473e-06
0.00036351858449756446
8.723424903851501e-06
1.016176186510861e-05
1.0906352603371153e-05
8.924224410530189e-06
1.234639338792621e-05
7.934213469021608e-06
8.13342869943797e-06
8.23342534599482e-06
0.00034933882941248507
1.1310691907765474e-05
1.0468316251703768e-05
1.03204899136562e-05
1.0569604942406818e-05
9.28029615956035e-06
8.338203075546204e-06
8.33906230222648e-06
9.03489724095088e-06
0.0002591629127251273
9.582708781529781e-06
8.689842393569914e-06
7.399466453773919e-06
8.691525588720485e-06
1.0430834181625062e-05
6.557183558517946e-06
5.6635825975395606e-06
9.539634149068113e-06
0.0003978812315335503
1.053531317709265e-05
8.697436606993803e-06
7.952706842946366e-06
1.0339455251881557e-05
8.351945411684789e-06
9.545975506220098e-06
8.204393009916824e-06
7.658208390989532e-06
0.00020648481650470477
9.549668472316656e-06
8.704968761349103e-06
8.556554096574642e-06
8.955430612925591e-06
8.359196255318912e-06
1.1793638789904984e-05
9.057623005008766e-06
8.212435090032926e-06
0.000227071715896309
8.861065364893196e-06
7.2687842062263605e-06
8.912615588284163e-06
9.461162872524574e-06
6.97209488742258e-06
9.961058238920763e-06
7.670804916487847e-06
8.219519146174285e-06
0.00021849595394003688
1.0861808794099068e-05
7.5243018755892065e-06
9.518379467490024e-06
7.2267223659232425e-06
9.769459692056662e-06
8.175304041551281e-06
8.475215081017074e-06
7.92764048639016e-06
0.00018350598732527485
6.73231991804722e-06
7.92996771206417e-06
8.180130463105118e-06
9.627569207881019e-06
6.784881926092281e-06
8.032916797492612e-06
8.083605639402728e-06
9.581546898827549e-06
0.0002585985515188137
9.832848071466538e-06
7.9368894491634e-06
9.63492086709695e-06
1.0284856577175767e-05
6.441154684329744e-06
9.387955253409875e-06
8.390040183298406e-06
8.390839720277373e-06
0.00019774358589217362
1.1139768679456353e-05
1.0890995325065235e-05
6.545189612894004e-06
7.345263406892066e-06
8.945025224221549e-06
9.795469595312168e-06
9.246594941412825e-06
5.348537977143948e-06
0.0002323464548024173
8.849169505441914e-06
8.049965787645402e-06
7.950700059140208e-06
6.251146772875484e-06
9.552617894934106e-06
6.052241447620126e-06
1.0554881104766899e-05
8.154579203951979e-06
0.00021113444322056607
6.204606920638574e-06
1.0959128406005783e-05
6.956433657668294e-06
7.257389837201731e-06
7.908822291265907e-06
8.059737371705626e-06
8.160654959147411e-06
1.00140045854127e-05
0.0002743978314062083
8.06275002975956e-06
6.761319462978946e-06
7.813781165842196e-06
7.564064242849943e-06
6.66301787116579e-06
8.066480222418412e-06
7.415878879857551e-06
8.669379096563504e-06
0.000265588786692123
1.0876105371918948e-05
7.117729552542428e-06
7.87031446217404e-06
7.419767001268078e-06
1.0027602982730562e-05
7.72191866613382e-06
9.32731784851473e-06
7.021206148931618e-06
0.00020131859417144813
8.477048991775406e-06
9.129971871660286e-06
7.023597884171238e-06
8.128083340750627e-06
6.322416760867331e-06
7.125900510585826e-06
7.076324280138328e-06
1.0791156932984556e-05
0.0003114512136285873
1.0893328759808577e-05
1.1948514553642153e-05
1.0091871680194712e-05
7.582122800563005e-06
6.628657009985569e-06
8.838979901365019e-06
7.885468442782213e-06
9.895378722514644e-06
0.00023550861273576346
6.681715766141355e-06
6.983718440186989e-06
8.642435221179513e-06
6.13064094343529e-06
6.3824089151095895e-06
7.287616856308048e-06
1.2214043727583397e-05
7.540241514941089e-06
0.0002750011307612285
7.99396159268473e-06
1.0659528134869177e-05
7.1907416636550195e-06
7.493094660667162e-06
1.0511322530074327e-05
6.689628354930354e-06
6.891429551606873e-06
7.193867846434163e-06
0.00016131449127762434
8.805157709179728e-06
7.54794682260121e-06
7.296954075235623e-06
1.0719895325506601e-05
1.0217481869883741e-05
6.34244235575625e-06
7.551194075353265e-06
5.9911541364363016e-06
0.0001893188623451528
1.117855280844019e-05
1.102846588046966e-05
5.640637408143227e-06
7.655794665945947e-06
7.95869698198151e-06
5.742864742437554e-06
4.584622380524363e-06
5.643109974337957e-06
0.000200487739318386
7.810936631584474e-06
1.2700066362886454e-05
6.149016888123678e-06
7.9641287575818e-06
7.410279287377134e-06
6.705119772344547e-06
7.008214080671804e-06
5.0927415977705285e-06
0.00022105764361626107
7.816832747465922e-06
9.179191640036083e-06
7.91898984356767e-06
7.112548821216098e-06
9.837277804271165e-06
6.911940316353959e-06
8.173934050883647e-06
9.133356952228052e-06
0.00018268953812542975
9.841438279268426e-06
6.8643283668571654e-06
7.723014537893425e-06
6.360635942439274e-06
5.906784578203329e-06
7.371488697387261e-06
8.079009481121576e-06
8.180715024792111e-06
0.0002961653328457652
9.040484856859579e-06
7.879435743504567e-06
6.566707238814776e-06
8.638411114311084e-06
7.679190112193978e-06
5.810345375518327e-06
7.680393753576183e-06
7.1251291429657165e-06
0.00016092338596749084
7.732728206076297e-06
6.318080156825869e-06
8.188870536383151e-06
5.409150958938832e-06
6.8757355393928585e-06
6.3201150402507906e-06
8.191535494226686e-06
7.534844229737906e-06
0.00016709895832885672
7.131416890644578e-06
6.525018463526083e-06
8.903092468934783e-06
6.981384088737642e-06
5.818313693826268e-06
8.753508930071758e-06
6.375922573225194e-06
5.97162244528425e-06
0.00021897973455891825
7.136709233003687e-06
7.1878826471858175e-06
8.1502781700064e-06
9.011597825147056e-06
8.354142320459735e-06
7.240866722632322e-06
7.899761346184151e-06
7.799126112983408e-06
0.000207398894810987
6.12885290211062e-06
6.686522938167595e-06
5.623217952837615e-06
5.927627318215249e-06
6.384103541647307e-06
8.81682379699253e-06
5.168918220416457e-06
6.334957802339282e-06
0.00015716559599504367
6.487974994533374e-06
6.539139920612814e-06
7.1479697155224655e-06
7.401998803309727e-06
6.135026249039374e-06
7.251049538714089e-06
9.736427799976045e-06
6.69432640622694e-06
0.00021904014579961112
7.354702650132686e-06
5.478387507653257e-06
3.8047158082745873e-06
5.428459974823107e-06
7.914973699455663e-06
5.936695041870191e-06
6.8505520606181505e-06
8.018316677225809e-06
0.00017831062807457707
5.9384969664178e-06
7.258683911269239e-06
5.990137796520705e-06
5.838305242539191e-06
7.158813608914825e-06
8.022572879743156e-06
5.382667546445058e-06
7.1605273946796876e-06
0.0001832433338954014
5.891817494654953e-06
5.841452910549628e-06
9.042235264941049e-06
5.842352698158506e-06
6.706517607199874e-06
6.300560089305359e-06
5.691272068415595e-06
6.352375196282041e-06
0.00017632264340467947
4.930198804421707e-06
7.370424256361045e-06
5.43930495646243e-06
6.354827002036137e-06
6.15195480906188e-06
6.050721212918422e-06
4.881654954254317e-06
5.594010137363462e-06
0.00017974817255600833
6.1034659548669035e-06
4.883132895987743e-06
6.155247030156896e-06
6.969680212248638e-06
5.5456657849058065e-06
6.614573003363154e-06
6.513316730481905e-06
6.208481416641112e-06
0.00018144934367849008
6.718360719984324e-06
6.8206685395340205e-06
4.683200808931312e-06
6.8725950689894e-06
5.498492852926618e-06
8.095604712904653e-06
5.244738597900098e-06
6.925620364990378e-06
0.00018390881381462725
4.634736658592209e-06
4.736944001834471e-06
5.297613832477225e-06
3.820686715966431e-06
5.196515929664851e-06
7.082042919727591e-06
4.636798314202804e-06
6.522588795109689e-06
0.00014460011800347897
5.045556019508871e-06
4.179444127814741e-06
5.861853245802441e-06
4.893733095593061e-06
4.94506718587493e-06
5.91413813468899e-06
6.118541853579622e-06
5.81304809012305e-06
0.00016304529039243136
6.374839436919103e-06
6.936301090957757e-06
7.089816498717075e-06
6.478195389004156e-06
5.81549989884091e-06
4.3364203034055545e-06
5.153070952225777e-06
7.092366129165661e-06
0.00024813364118773576
7.348452706736214e-06
5.409660305994884e-06
7.808808918292656e-06
5.359362891189468e-06
5.410790259189105e-06
4.543325586707965e-06
5.56470441745126e-06
5.258762515152767e-06
0.00024302247062023714
7.199821444428178e-06
3.6767510756794866e-06
6.4347362999101895e-06
6.384102868837075e-06
5.873767026071405e-06
4.903655429940249e-06
7.662493910871505e-06
6.334763218811713e-06
0.00016080342047468884
6.999810289813095e-06
6.489312230498735e-06
5.416658022157402e-06
6.796806604738049e-06
3.935276859248383e-06
5.5710975547737275e-06
5.418139829921524e-06
3.987216370897001e-06
0.00015051827095036724
4.907972950934074e-06
6.13535764686947e-06
6.033497158120576e-06
5.16461124513817e-06
5.369499005798906e-06
4.807322513652796e-06
6.188553355073056e-06
6.086690948983146e-06
0.0001623256571810999
5.627072809002007e-06
4.86006168594926e-06
4.451084803551372e-06
6.037481915695058e-06
5.321527728741264e-06
3.582048981142457e-06
5.88518475360497e-06
4.606112393031996e-06
0.00017188268441351546
7.421883777497247e-06
5.886707900581387e-06
6.347815225337202e-06
4.402813623165434e-06
4.147102964425997e-06
4.044983286282668e-06
4.9669480331781885e-06
3.687053168842967e-06
0.00016610140644471408
5.78734498173939e-06
4.660913665076681e-06
5.429526234907326e-06
4.968856793602858e-06
4.610576375324687e-06
4.764579806327515e-06
4.9186012481770435e-06
4.970170522451516e-06
0.0001680877277566938
5.739469099108333e-06
3.843641287410738e-06
4.663908741963919e-06
4.254170817259529e-06
4.203183963110397e-06
5.074914711957324e-06
4.613863696623493e-06
4.204019206420624e-06
0.00018171919274029519
5.435123139893199e-06
4.871392419836494e-06
4.4614503764925666e-06
5.487406018556151e-06
3.231112060043704e-06
5.180339677437174e-06
5.488442954893565e-06
4.46285694968652e-06
0.00012622303893070365
5.079015370793517e-06
5.592387498479409e-06
5.1822465264453374e-06
4.87469794190766e-06
4.874998620888548e-06
4.567384288269895e-06
5.850723411156508e-06
5.645791267911273e-06
0.00014354303943276634
5.749139579663979e-06
4.36344678004065e-06
5.0824452188128714e-06
4.980078914227793e-06
4.158883521533082e-06
3.851055350910474e-06
5.186402648988531e-06
3.6974864487121655e-06
0.000193722020248033
3.74927807137136e-06
3.6981294963733163e-06
3.955183964595248e-06
5.034161408365215e-06
6.113281154680654e-06
4.418273651018854e-06
5.08646241111985e-06
4.7271130143792616e-06
0.00018031583937485576
5.035973810880684e-06
4.573763525428147e-06
3.4433688399480536e-06
5.036865227774755e-06
4.317559813880276e-06
4.934649815659988e-06
2.724507795819217e-06
5.243701004168743e-06
0.00010368030114886718
5.449962251299199e-06
5.038934510099361e-06
4.730708530557601e-06
2.622611861209529e-06
3.7541581801692506e-06
4.5772486569761e-06
3.6517349624254474e-06
3.7548355724069374e-06
0.00013588253494886454
3.755264379100215e-06
3.4982580218400366e-06
4.887552591995187e-06
4.630573370972006e-06
4.527942447381707e-06
5.763175674458789e-06
2.984682608851375e-06
4.065588544633035e-06
0.0001138259761375059
3.242549663122251e-06
3.9118729151904925e-06
4.478325291650935e-06
4.169718669081397e-06
3.3977502157313984e-06
4.0672463058978e-06
4.582354198370937e-06
4.273692851136516e-06
0.00015038331786168204
3.347246032728136e-06
4.4804115633963555e-06
4.583673439327434e-06
4.635433936877133e-06
4.944750652707086e-06
4.275402030733547e-06
3.2453762532110552e-06
3.1940428422118108e-06
0.00015530281860450502
2.679176635436398e-06
3.194579355309154e-06
4.328372160033934e-06
3.710243580582935e-06
4.380389973235817e-06
2.989140041932481e-06
3.4531701932038415e-06
3.0925663878649345e-06
0.0001393551956760309
3.1960001748521384e-06
2.8868708516052496e-06
4.175874426816125e-06
3.144971373800316e-06
4.021651748057336e-06
2.9906295326728853e-06
4.795583607828929e-06
2.7846908013411897e-06
8.8897560927315e-05
3.455454778334381e-06
3.9198320083785375e-06
3.713730393695654e-06
3.5076063475295103e-06
2.3729237433099027e-06
4.230226245912544e-06
3.6629611429470584e-06
3.4567986587621205e-06
0.00011617862701212921
4.489157832442648e-06
3.405750951055953e-06
2.8898894328303e-06
3.1996918387111725e-06
3.561148611841046e-06
3.5097288651869787e-06
2.7356794279229766e-06
2.168017651380284e-06
0.00013780800217519867
3.768614698020646e-06
3.304159668559744e-06
2.9429220272808873e-06
3.5110383431203526e-06
2.891599212369683e-06
2.4786467167277567e-06
3.5115986036231436e-06
3.7700125045633937e-06
9.67757161325532e-05
3.253914239319814e-06
3.5123473471860315e-06
3.099294259704123e-06
3.099456603268315e-06
3.409584030748249e-06
3.564758671779185e-06
3.4616183251667557e-06
4.805187618550566e-06
0.0001012083470693054
3.5655135468586765e-06
3.3589906822115243e-06
3.875963583926782e-06
4.134574187956709e-06
3.411203529458585e-06
2.325944531184946e-06
3.256495713908891e-06
3.2566728062703046e-06
0.00013536568971299839
3.3086990350489456e-06
2.791855103960929e-06
2.3266581510978336e-06
2.3267789349567563e-06
3.3610676571026364e-06
3.1026877963842516e-06
2.5857041999903604e-06
3.2581542680191833e-06
0.00011567736491823544
2.74125401613109e-06
2.637939539563688e-06
2.1725310348644675e-06
2.43128679164136e-06
2.948726763063131e-06
2.84540898175591e-06
2.5868651199213757e-06
3.6217970508430975e-06
9.41100215997762e-05
2.845978195563927e-06
2.432133513573401e-06
3.1050098816939483e-06
1.5525828768739674e-06
2.5360114925830205e-06
3.157234360005563e-06
2.4327445763641885e-06
2.3293431340359424e-06
0.00011091739242164551
3.1578485815746577e-06
2.484984995867677e-06
2.795740409911459e-06
2.951197598574271e-06
2.4853383161605087e-06
2.5372385058564903e-06
1.8124023730043184e-06
2.951767650521896e-06
9.036080161889273e-05
3.2109997665292427e-06
2.4860524687588663e-06
2.1753995665153796e-06
1.8647180225204067e-06
2.1756082612196896e-06
3.2117649228440822e-06
2.6420680119075414e-06
2.3313504938344326e-06
9.309154535539757e-05
2.6424422757189552e-06
2.7461903991836457e-06
2.435418277648358e-06
2.2800720254024898e-06
2.1247106701156074e-06
2.1248119735745946e-06
1.8657772299303008e-06
1.7622071457914399e-06
6.654496470214599e-05
2.4362130736834717e-06
2.695509726591338e-06
2.8511504054932026e-06
4.043636855282281e-06
1.970070481863687e-06
2.4367802004039143e-06
1.3999176329943787e-06
2.333307113874876e-06
7.632175593132038e-05
2.0742393064407515e-06
2.4373432937354937e-06
2.3337311221248237e-06
1.7114823506494375e-06
1.555965431427203e-06
2.282187269025791e-06
1.919202906274896e-06
1.6599283948388676e-06
5.6799929329476054e-05
1.9713437176803387e-06
2.0751940332361e-06
1.9715251583731346e-06
2.2310404239101328e-06
2.490576540450128e-06
2.6463574472364324e-06
2.4389169361453666e-06
2.3871366959578717e-06
9.262543286822567e-05
1.868362059918994e-06
2.4393569377620915e-06
3.062308161315958e-06
2.0762341265412795e-06
1.7648788893388752e-06
2.3878851580894177e-06
1.9726892592884074e-06
1.7132053714283755e-06
7.890624318654972e-05
2.388305940329526e-06
2.1807209110262753e-06
2.3365884780122093e-06
1.713570643481606e-06
1.4540016201732338e-06
1.5059960192890048e-06
1.973459872965272e-06
1.765804652770615e-06
7.472946919486656e-05
2.8047428409198684e-06
1.714081360170307e-06
1.869983768540889e-06
2.7531464958081268e-06
2.701314698694839e-06
1.7663191000915888e-06
1.818345705444101e-06
2.4418845758568584e-06
6.56176808425622e-05
1.4548601578024462e-06
2.338261053960258e-06
1.7667587459754276e-06
2.07862546318271e-06
2.234613761822081e-06
2.23470597116034e-06
1.5591627420808046e-06
2.1309437934468905e-06
4.277386042094156e-05
1.975179684175006e-06
1.6113977175435e-06
1.8713753798112282e-06
1.4035888102365084e-06
1.663578994736644e-06
1.9755813980087387e-06
1.4557525570033708e-06
1.6117904865782306e-06
6.166204478619336e-05
1.455927867509732e-06
2.0279783006321834e-06
2.392069561382845e-06
1.664116754431491e-06
1.6641821813517568e-06
2.132319361735446e-06
1.6123072090156057e-06
1.4563363321378894e-06
5.9655807316007215e-05
1.7685427020877335e-06
1.872645343547712e-06
1.7166584483810948e-06
1.404591776989114e-06
2.2890483291976127e-06
1.6648275524797867e-06
1.4047519637261825e-06
9.885681459305567e-07
4.916656430135951e-05
1.769146746768081e-06
1.9253179571543906e-06
1.4050151234266757e-06
1.5611851893483456e-06
1.6132855627335197e-06
1.821518935496007e-06
1.613407142719966e-06
1.4052782354618632e-06
5.303501044539884e-05
1.3533267582473295e-06
1.7177461026553179e-06
1.0410960159129443e-06
1.1452461560853904e-06
1.1973453707842837e-06
1.3015108719107663e-06
1.6139312882810836e-06
1.6139907801557646e-06
3.253963183983712e-05
1.3016983153784879e-06
1.457954265224375e-06
8.852181841519389e-07
1.2497644975025018e-06
1.3539601877380367e-06
9.373913211936992e-07
1.2499001381868762e-06
8.332973973830712e-07
3.5310528495492336e-05
1.3021194807126676e-06
1.4063385553809092e-06
9.896816313995353e-07
9.897164811286853e-07
1.3543971963561298e-06
1.3544463033930547e-06
1.0419192235451238e-06
1.4066412953728431e-06
3.683298626796461e-05
1.146232843238904e-06
1.7194083005425672e-06
1.4068381609332194e-06
1.5632083287739758e-06
9.37958329429516e-07
1.4069866894369224e-06
1.0422491319367543e-06
1.0422855236963613e-06
3.5697622481018114e-05
1.3029457884388161e-06
1.3551098796057839e-06
9.381846793607919e-07
1.4594472260234452e-06
1.0424978415082192e-06
1.1467869583633973e-06
1.1989536991709443e-06
9.383438252336711e-07
3.513512217326474e-05
1.3033415330893652e-06
1.0948426187196503e-06
1.0948785803116119e-06
9.906367620192785e-07
7.299671212380492e-07
1.3556977578219068e-06
1.1471666756006617e-06
7.300392156208368e-07
3.556313494144754e-05
8.865333755045092e-07
9.387125036505487e-07
9.387426605969653e-07
9.909268133269643e-07
9.90958856483549e-07
6.780461942440658e-07
1.0431817795366749e-06
7.302508609918455e-07
3.3017641905052217e-05
1.4605932971704344e-06
1.1476450584229583e-06
7.303428229210791e-07
1.0955481254206447e-06
9.390708895223792e-07
6.782394136088112e-07
7.304345031381031e-07
9.391591812201556e-07
2.7339659160017148e-05
7.305022683139006e-07
7.305243766592034e-07
8.349101829716102e-07
7.305684448702615e-07
6.262206083357478e-07
7.827993311136275e-07
9.915757291695643e-07
7.306569785726491e-07
2.9643648895194776e-05
6.263140852400943e-07
8.351099427459062e-07
8.873302961235201e-07
1.0439482372881816e-06
7.829843511181617e-07
6.786062742578906e-07
6.786263245937573e-07
7.830532656322881e-07
2.526659388773948e-05
7.83098397723251e-07
9.397450116768539e-07
7.831432896915423e-07
7.309546884321304e-07
7.831884321606619e-07
7.309966711455877e-07
6.788023649683258e-07
6.78821859755717e-07
3.362746925619066e-05
9.921788629034923e-07
7.833208637355392e-07
9.400108080353795e-07
6.266909558154675e-07
6.267081714598352e-07
6.789524682611917e-07
7.834279705617017e-07
8.356793289494988e-07
2.6950618944989816e-05
5.74560298144562e-07
5.223413764154929e-07
7.312970263164548e-07
7.313165850691481e-07
5.223827423129813e-07
5.746362356729474e-07
7.313743506179382e-07
6.269088067104319e-07
2.9359980632861173e-05
6.269403804775781e-07
6.792026223908758e-07
7.314669779232817e-07
6.269872884597137e-07
8.360036683840968e-07
6.270185425058483e-07
5.747813832072185e-07
4.180333308425514e-07
2.0326814417699734e-05
6.793370694433507e-07
4.7032183025426697e-07
4.703330872794497e-07
5.226050187850374e-07
5.748793106214544e-07
3.658411982658082e-07
3.135857580219679e-07
4.7038987219245846e-07
1.7038656425632744e-05
4.1814441516388175e-07
5.226928130156365e-07
4.704346214791562e-07
4.704457855401797e-07
5.22729589369771e-07
5.227419950427331e-07
5.750296911353475e-07
5.227665895272287e-07
2.2687989333926636e-05
5.750692527147581e-07
4.7052183328480857e-07
3.136882904552809e-07
6.273906196737151e-07
4.7055342049202636e-07
3.6599426026887087e-07
3.137163042546205e-07
4.182978102632505e-07
1.6784235618459084e-05
3.137370061897174e-07
5.751968728951389e-07
3.1375062305644564e-07
3.137572842675509e-07
3.137640442093538e-07
3.660658810857995e-07
4.183699115890244e-07
4.183789260024699e-07
1.7937957989929956e-05
3.13797126183159e-07
4.184048336636814e-07
3.661117162705329e-07
2.6151378509769973e-07
3.138229270871134e-07
5.23048771787335e-07
3.1383573063730307e-07
3.1384203430732815e-07
1.1612205076144681e-05
3.1385444539774825e-07
3.1386061847490315e-07
4.184890119432579e-07
3.6618506878289553e-07
2.6156585351946013e-07
3.1388511616417323e-07
2.092608165085021e-07
3.138972679114228e-07
1.4753219445454732e-05
2.0927281568097948e-07
3.139151359728643e-07
2.616008875594913e-07
2.0928459722917657e-07
3.139327104071205e-07
4.709078124181634e-07
3.1394430732636134e-07
2.093000816898219e-07
1.3499889175328398e-05
3.662882333620242e-07
2.093112967609286e-07
2.616437349015212e-07
3.139779530960895e-07
1.5699172868145211e-07
2.616574271068198e-07
2.616619458490603e-07
2.6166646474737806e-07
1.0885360822497863e-05
2.093402161605204e-07
3.140155831279846e-07
2.6168396668093194e-07
2.616882945936088e-07
1.570155571537413e-07
1.5701815407259817e-07
1.5702070176634159e-07
1.570232495427614e-07
8.845693060836437e-06
1.5702819739637827e-07
1.5703066322057643e-07
1.0468872534881498e-07
1.5703549646065546e-07
1.5703791319226828e-07
2.0938707378214196e-07
1.5704268111222024e-07
1.0469670463981245e-07
7.904646303983695e-06
1.0469980680791648e-07
2.617532852785712e-07
1.0470285434639348e-07
2.0940871251230668e-07
1.570588119809697e-07
1.0470736020494163e-07
1.5706323580526608e-07
1.047103204690771e-07
5.811458992957925e-06
1.5706981444348043e-07
1.0471464056228411e-07
2.0943208824211605e-07
1.047174586832031e-07
1.5707826880270074e-07
2.0944046618096724e-07
1.5708241407395598e-07
1.5708447034127388e-07
5.864522206379867e-06
2.0945130147278824e-07
1.0472698878384423e-07
1.04728282993415e-07
1.0472958820325919e-07
1.0473088247707808e-07
1.0473215484523416e-07
1.0473342724430643e-07
5.236734161013132e-08
7.121980463569708e-06
1.047371349282425e-07
1.0473834162756261e-07
1.0473953738431649e-07
1.0474072219775363e-07
1.0474190703799628e-07
1.5711459671589642e-07
1.047442219421129e-07
1.571180362340378e-07
2.6186538233917014e-06
1.0474760122755809e-07
1.0474869844504747e-07
5.2374889613373276e-08
1.0475084905800704e-07
1.0475190245167637e-07
5.237648067656166e-08
1.0475398735577471e-07
5.2377512176069315e-08
3.1426703185892513e-06
5.2378510794084936e-08
0.0
1.0475898048979223e-07
5.237997038122195e-08
1.0476089007785514e-07
5.238091421771488e-08
1.0476275583457835e-07
5.2381830649646276e-08
2.095286506333946e-06
5.2382725162036796e-08
5.238315870970851e-08
5.2383592264556835e-08
1.0476803518864952e-07
0.0
5.238484906536786e-08
0.0
5.2385650375969197e-08
2.095436882350334e-06
0.0
5.238680298900239e-08
5.2387170738118995e-08
0.0
5.2387895273873176e-08
5.238824657114997e-08
0.0
0.0
1.1525620143850216e-06
1.047791773598183e-07
5.2389904318746046e-08
0.0
5.2390524628759435e-08
0.0
5.239111750515594e-08
5.239141394838618e-08
5.239168294607235e-08
8.382705723648598e-07
0.0
0.0
5.2392747984437884e-08
0.0
0.0
0.0
0.0
0.0
5.763350841519955e-07
0.0
0.0
1.0478947637013027e-07
0.0
0.0
0.0
0.0
5.239561392124216e-08
