1.5640336179827958
1.5638792705238826
1.5636805415857424
1.5634429623913058
1.563209992549311
1.5631242585938907
1.5631266291180037
1.5636556510825559
1.5651991256716897
1.567154676369134
1.5695986867296414
1.5724714985630344
1.5757066054983648
1.5792040504355345
1.582918793416396
1.5867506139492833
1.5905870438346126
1.5944035876565492
1.598132553782089
1.6018421606273723
1.6053536970134359
1.6086650558077347
1.611746473763072
1.6145976874878798
1.6172549133227736
1.6199505943266115
1.622326649662546
1.6244350991652792
1.6262776548800038
1.627874202870112
1.6292226360030593
1.6302933227274328
1.6311161579862135
1.6319788970675628
1.6329426468152832
1.633707272537511
1.6342468301647877
1.6345534179500696
1.6346312501584466
1.634497974024982
1.634136600793533
1.6335683334853321
1.632812399684852
1.6319349106756882
1.631183717923434
1.6306395509437155
1.629915619218761
1.6290984468786947
1.6281423354864497
1.6271702889043338
1.6295225073033544
1.6316609834448523
1.6343840571717738
1.6374715331331777
1.6413541882387104
1.6458422488635478
1.650578029258194
1.6550543689582502
1.6592764040992947
1.6632176638287324
1.6668379809324259
1.6701985939499615
1.673502050997217
1.6770420336726366
1.6803238926113069
1.6832863892736418
1.6858250889028852
1.68788520605287
1.6901391793969847
1.6922299816646544
1.6939361005470972
1.695302312610892
1.6964129031578343
1.6980980824106122
1.6998343596276038
1.7010913958864164
1.7019998334048332
1.7025874599932902
1.702870737624794
1.7028393940281887
1.7024935608992584
1.701942809130337
1.7011556634290355
1.7004724257013542
1.700285681079563
1.700389720748967
1.7004452963698387
1.6999727718966464
1.6991529656408992
1.6980824106123096
1.696912425266758
1.6954092495875452
1.6936771866356435
1.6918887578881658
1.6911860291844443
1.6935802585385784
1.6955817710646583
1.6974650207766562
1.6991939230297406
1.7007186968175385
1.7020044427572751
1.703033381918103
1.7035767587231172
1.7038181570952915
1.7041717602754813
1.7055201934084285
1.7064320550172307
1.707239876956629
1.7074964203439695
1.7073474724122026
1.7068820595113494
1.7063353903117338
1.7062077770969837
1.7102892928364408
1.7180951653489955
1.7257692103817104
1.7337206067356468
1.7417420652467008
1.7493424923361285
1.7564465580154498
1.7630601885949475
1.7691064737367328
1.774273952911514
1.7784654346306574
1.7820267520230941
1.7848420127988547
1.787125354302814
1.7887024113168821
1.7898561980809948
1.7903798205184007
1.790311865493828
1.7897088304986364
1.7891628197779412
1.7880148276283268
1.7864687191235118
1.7845924492880691
1.7823083176094054
1.7796263329671094
1.7766190597381954
1.773681980362183
1.7705880513073604
1.7671443382500858
1.7634899119383216
1.7596687587639428
1.7557579207606222
1.7519275488813595
1.7481451142674933
1.744197796531989
1.7400937608134586
1.7359211115914348
1.7316755029050444
1.7273873564804039
1.7231019756672286
1.7189287996620686
1.7156237622654045
1.7126088506810153
1.7094960891290727
1.7062349064284992
1.702854275651787
1.6994583681641247
1.6960113627122484
1.6924920562749255
1.6888643642073247
1.6851695072898556
1.681530752776394
1.6780730799660093
1.6752280559430521
1.672633385605585
1.6700468804067292
1.6674385137077203
1.6647092502789482
1.6618867462350644
1.6589827225008502
1.6560040272570764
1.6530977646945333
1.6502261381231969
1.647322904563687
1.6443755529165183
1.641409895555366
1.6385362935472687
1.6357330170878572
1.6329706980172871
1.630268037136894
1.6275565526389695
1.6249376502772361
1.6223768257562712
1.6197880817290866
1.617175500764988
1.6145577836653109
1.6120458182802309
1.6095716495851748
1.6070948469744375
1.6046213367583018
1.602162181382628
1.599804036673325
1.5975114764644818
1.595247757632347
1.5930168310504418
1.5908075025771218
1.5886957606797873
1.5866402528822445
1.5846125328951375
1.5826168149835562
1.580654547801125
1.578783019013908
1.576965222106586
1.5751823245820387
1.5734418330999573
1.5717463815760233
1.5701303426098747
1.5685785711863454
1.567072103112531
1.5656148892619537
1.5642102220292147
1.5628835187006367
1.5616122592971462
1.5603927563367896
1.5592273803436798
1.5581178433630098
1.5570831095876836
1.556104873303717
1.5551841880773831
1.5543214489960337
1.553517577930157
1.5527866663286476
1.5521154129173151
1.551506056524489
1.5509595190206575
1.5504771173636611
1.5500631975143737
1.5496462486620532
1.5492269292856196
1.548805502776641
1.5483823642224697
1.5479613328008435
1.5475384576382403
1.5471143972135806
1.5466891515268644
1.5462624571865238
1.545838396761864
1.5454126242920116
1.544986325039023
1.5445594990028984
1.5441318827920691
1.5437082174547616
1.54328376194275
1.542859174734954
1.5424336656566697
1.5420077614910332
1.541586861765191
1.5411649084730763
1.5407424283978253
1.5403199483225742
1.539896678072619
1.5394790707413781
1.5390605415396488
1.5386416172505675
1.5382221661783497
1.5378019249314276
1.5373844492959707
1.5369661834858097
1.5365475225882963
1.5361282032118626
1.5357083570522927
1.5352911448084041
1.534873010694027
1.5344548765796497
1.5340359522905682
1.533617028001487
1.5331999474533822
1.5327822084263572
1.5323644693993321
1.5319463352849552
1.5315278060832258
1.5311137545381543
1.530699307905731
1.5302852563606595
1.529871336511372
1.5294571532705166
1.529047184294751
1.528636425144281
1.528225665993811
1.5278146434517728
1.5274032258223826
1.5269965492412183
1.5265890824853496
1.5261820108168331
1.5257742806693966
1.5253664188261757
1.5249631663353969
1.524559782148834
1.5241562662664871
1.5237527503841402
1.523348839414441
1.5229491427098316
1.5225490509178703
1.5221490908216928
1.521748472246595
1.5213475902799292
1.520952502927762
1.5205567570966743
1.5201604844824503
1.5197635533893061
1.519366095513026
1.5189717983355628
1.5185767109833954
1.5181812285438758
1.5177852193212202
1.5173885516196441
1.51699649327051
1.5166035130508875
1.5162104011354811
1.5158164990453702
1.515422201867907
1.515032514042886
1.5146422994347288
1.5142516897392193
1.5138604215647895
1.5134684949114394
1.5130810459147475
1.5126925433517828
1.512303645701466
1.5119144846595811
1.5115254553134805
1.5111414304071737
1.5107563519345946
1.5103712734620154
1.5099860632936524
1.5095997995590167
1.509218013481039
1.5088355689241408
1.5084528609756749
1.5080697579398565
1.507686128120902
1.5073096098742864
1.5069320380613986
1.5065540711611585
1.5061757091735661
1.5057965570112695
1.5054203021562222
1.5050429937349024
1.5046650268346622
1.5042866648470699
1.5039077760763415
1.5035329698749187
1.5031577685861437
1.5027819088184484
1.5024053905718329
1.5020284772378654
1.5016552513858512
1.5012816304464849
1.5009077461155504
1.500533466697264
1.5001587921916253
1.4997908341709734
1.4994228761503214
1.4990538645633973
1.4986841944975526
1.4983137342570036
1.4979473565857604
1.4975797936524609
1.497211835631809
1.4968434825238048
1.4964746026326645
1.4961113856602386
1.4957480369920289
1.4953845566280348
1.4950202860893365
1.49465575215907
1.4942974079306544
1.4939409074432153
1.4935833533895038
1.493225272552656
1.4928662698453201
1.4925126666651303
1.4921584050060201
1.491804275042694
1.4914494866004477
1.4910943030708494
1.4907445190683972
1.4903940765870247
1.4900428439309479
1.489690821100167
1.4893377447031133
1.4889907263121263
1.488643444529571
1.4882958993554478
1.4879471689192683
1.487597121525248
1.4872533955288623
1.4869087476619882
1.486563177924626
1.4862169497083433
1.485869141142652
1.4855275222788111
1.485184849848698
1.4848420457228009
1.484498056334847
1.484153276772189
1.4838140284324612
1.483473594830677
1.4831327661415408
1.4827916740608362
1.482449001630723
1.4821129139898126
1.481776036174198
1.4814379730965268
1.481098724756799
1.480758686242367
1.4804248374297855
1.4800887497888753
1.4797521353648286
1.4794151258534298
1.4790767993841905
1.478747691619835
1.4784200325091044
1.4780898711784765
1.477758392890008
1.477425861035267
1.4771007041444335
1.4767743619915432
1.4764473613597326
1.4761194388574337
1.4757901993972942
1.475466227768517
1.4751415976608195
1.4748155188994974
1.4744879914845506
1.4741591471117632
1.4738446575794382
1.4735289827850564
1.4732104106834254
1.472890785015522
1.4725691839108577
1.4722546943785326
1.471939546367287
1.4716220278319285
1.4713030606429454
1.4709822497129854
1.4706688137469328
1.4703551143893119
1.4700408882485547
1.4697256085415251
1.4694080900061666
1.4690990000009878
1.468788197950616
1.4684760789424038
1.468162642976351
1.4678470998777533
1.4675422241376643
1.4672399823132563
1.4669339213111106
1.4666253580890678
1.4663148194302642
1.4660123142142882
1.4657070433868469
1.4654001922099968
1.4650918923795222
1.4647818805038548
1.464477399851118
1.4641714705447564
1.463863960888986
1.463554607492239
1.4632443322250035
1.462940905138539
1.4626353709195297
1.4623286514384637
1.462020483303773
1.461711129907026
1.4614108635193788
1.4611094118696752
1.460806906653699
1.4605032161756664
1.460197945348225
1.4598987325268502
1.459600178184396
1.4593001751883168
1.4589980650596928
1.45869437458166
1.458398980938023
1.458106352905851
1.457811222653782
1.4575137218776
1.457213982273089
1.4569195104999402
1.4566241168563032
1.4563280647337458
1.4560303005659956
1.4557306926572686
1.455441357019698
1.4551520213821274
1.4548605786120121
1.454567555492488
1.454272556936203
1.4539883574342105
1.4537050798027065
1.4534192999513056
1.4531319397504958
1.4528424724171412
1.4525644626169993
1.452285135859017
1.4520035702727057
1.4517197658580656
1.4514338543108805
1.4511571614685792
1.450878361493733
1.4505966642116377
1.4503127281012136
1.4500269482498125
1.4497480165791823
1.4494676362549275
1.4491850171023437
1.448900290817215
1.4486133257037577
1.4483374230361608
1.4480603351065073
1.4477816668274452
1.4475008914158383
1.4472177454801183
1.4469432914661462
1.446668837452174
1.4463914861309524
1.4461126861561062
1.4458327009192036
1.4455625928661053
1.445295118728688
1.4450255374587258
1.4447533222730824
1.4444791316506782
1.4442123159921811
1.4439462905083886
1.4436772360215626
1.4434055476190555
1.4431310936050832
1.4428642779465861
1.4425956185471123
1.4423239301446054
1.4420503980011214
1.4417744953335245
1.441504255584642
1.4412320403989987
1.4409586399512988
1.4406841859373267
1.4404081515739457
1.440144364918482
1.439882685395563
1.439620479089508
1.4393551120846355
1.4390872428598662
1.438829382514685
1.438569678428527
1.438307998905608
1.4380440805543602
1.4377779233747834
1.4375250674693965
1.4372730017387136
1.4370171168302932
1.4367608368345206
1.4365008693567944
1.4362465647977827
1.4359900214104422
1.4357320293694769
1.4354719301959666
1.4352098555856956
1.4349589751170693
1.434708226344227
1.4344558972219763
1.4342015926629645
1.4339449175798398
1.4336964076353265
1.4334492146486537
1.4331985975715955
1.4329450831872883
1.432689725062004
1.4324431905542516
1.4321954707844426
1.4319444586200323
1.4316904174525886
1.4314336106736798
1.4311870761659276
1.4309384345256302
1.430687685752788
1.430435224934753
1.430180393592605
1.429935307738477
1.4296973334566885
1.4294563301718664
1.4292107175346023
1.428962470981657
1.4287222578715393
1.4284821764572055
1.4282389343440545
1.4279930583152225
1.4277449434580614
1.4275051254352957
1.4272680730239953
1.427026806347605
1.426783695930238
1.4265383466845423
1.426301689360594
1.426065558819782
1.4258256091012322
1.4255823669880812
1.4253368860466011
1.425097989894324
1.4248585669589107
1.4246166418036001
1.4243718193410404
1.4241248897459358
1.4238862569852266
1.423646570658245
1.4234049088945029
1.42316193017292
1.422916844318792
1.4226838744767973
1.422449587676962
1.4222114816993892
1.4219714002850554
1.421729211738177
1.4214970320708866
1.421268934972902
1.4210374137845319
1.4208029952889125
1.4205664696607483
1.4203404796953087
1.4201131727720284
1.4198829685414989
1.4196502620910723
1.4194153168123167
1.419191829066774
1.418967419450743
1.4187389272654063
1.4185080645559565
1.4182743045392574
1.4180523971431234
1.4178374696235443
1.4176168791852508
1.4173923378734357
1.4171647675585874
1.4169445722076461
1.4167231915946483
1.4164985185870491
1.4162708165764166
1.4160399538669668
1.4158169929045603
1.4155923198969613
1.4153652763652491
1.4151354672220717
1.4149028924674292
1.4146762440230691
1.414446829967244
1.4142151770830897
1.4139823389368793
1.41374792044126
1.4135269349156143
1.4133109538297628
1.4130912852619577
1.4128697729531758
1.4126453633371447
1.4124279335976688
1.4122080016382956
1.4119859625463775
1.4117612895387783
1.4115346410944183
1.4113176064422943
1.4111009668775225
1.4108801130476611
1.4106568886936866
1.410431425511383
1.4102146542508271
1.4099956441619423
1.409775317115217
1.4095526195443786
1.4093280782325635
1.4091126239298484
1.4088959843650766
1.408677501059328
1.4084575690999548
1.4082359250953889
1.4080219194462982
1.4078064651435829
1.4075895621872432
1.4073710788814946
1.4071507518347692
1.4069370095772467
1.4067243208859965
1.4065096567579856
1.4062924904100775
1.406073348625409
1.405863425545624
1.4056524488995665
1.405438970033612
1.4052235157308968
1.4050058225998525
1.4047973481736922
1.4045878201812594
1.4043759216647138
1.4041620477114072
1.4039458032339875
1.4037395676361561
1.4035309615142118
1.4033203799555065
1.4031084814389607
1.4028948708772224
1.4026899522372316
1.4024843751183205
1.4022768225626485
1.4020674262659998
1.4018563179241583
1.4016560086366094
1.401454514087004
1.40125078070907
1.4010450718943748
1.4008376510344869
1.4006407658373234
1.4004433538570238
1.400245678485156
1.400044974110255
1.399841504123889
1.399650545237008
1.3994587961754228
1.3992645448939405
1.3990679230883452
1.3988686673670687
1.3986777084801878
1.398487144680659
1.3982928933991767
1.3980960082020135
1.3978960940018168
1.3977047400275837
1.3975124641828622
1.3973171593351075
1.3971194839632397
1.3969191746756908
1.396728347484594
1.3965371252061451
1.3963440591867193
1.3961484909473965
1.3959509472713127
1.3957601200802159
1.3955683710186306
1.3953747782160686
1.3951790782809617
1.3949807444301738
1.3947892587601567
1.394601197180525
1.3944105016852122
1.394216777186866
1.394020550468623
1.3938298549733101
1.3936396862611335
1.393446488545924
1.3932513153939532
1.3930541668052216
1.3928729534063609
1.3926909498327957
1.392505127081493
1.3923173288934294
1.3921268967896847
1.3919472637402328
1.3917727668263589
1.391593528864259
1.391411920378046
1.3912268878014475
1.3910500203634606
1.390871572576065
1.3906912810476926
1.3905087506909912
1.390323849810177
1.390153567161393
1.3899799921180074
1.3898031246800204
1.3896234916305683
1.389440829578083
1.3892697567545944
1.389096708494345
1.3889210263184146
1.3887425785310192
1.3885618919152947
1.3883895021339656
1.3882144784369554
1.3880374793031844
1.3878582413410845
1.3876770279422237
1.3875037162904063
1.387328429201828
1.387151034980705
1.3869711385396848
1.3867886081829834
1.3866133210944052
1.386435795177498
1.3862562938238299
1.3860752121207531
1.3858920232851315
1.3857166045007692
1.3855418441953273
1.3853651084531244
1.3851861338825926
1.385005578962652
1.384833057485539
1.3846589556590172
1.3844828783957346
1.384304430608339
1.3841236122968303
1.3839491153829566
1.38377290642389
1.3835948537238465
1.383414562195474
1.383232690317693
1.3830608273195002
1.3828900178875798
1.3827172330188986
1.3825422093218884
1.3823646834049814
1.38219611280139
1.3820267520230942
1.3818550207206854
1.3816823675477883
1.3815080023296984
1.3813421973375721
1.381176787432798
1.3810097971786153
1.380841226575024
1.3806708122304558
1.380508299632931
1.3803447334691337
1.3801789284770074
1.3800108846565522
1.379840470311984
1.3796790112807316
1.3795161035958545
1.3793508253868645
1.3791831766537617
1.379014079267034
1.3788532787147019
1.3786923464665857
1.3785298338690608
1.3783657409221273
1.3781995408426488
1.378042032684918
1.3778839977440511
1.3777231971917192
1.3775601578110581
1.377394879602068
1.3772355277033606
1.3770776244582776
1.3769174823848658
1.3767547063957728
1.376589823274135
1.3764324468121882
1.376273621696617
1.3761133479274212
1.3759512304172485
1.375787137470315
1.3756364774933552
1.3754859492121794
1.3753327870153225
1.3751773859901366
1.3750194827450537
1.374866979027117
1.3747122364808515
1.3745559135851775
1.3743976152527424
1.3742370780919784
1.3740831257204171
1.3739286465657197
1.3737721919742614
1.3736137619460422
1.3734536198726304
1.373299535805285
1.3731446615632354
1.3729882069717774
1.3728301720309104
1.3726698982617145
1.3725158141943692
1.3723602814733993
1.3722034317945888
1.3720451334621537
1.37188525478031
1.3717332778455096
1.3715799839528686
1.3714249780150352
1.3712683917277928
1.3711096983080056
1.370962199029863
1.370813251098096
1.3706636446874085
1.3705121945357444
1.3703587689473193
1.3702127183228014
1.3700669310898517
1.369919300115925
1.3697692986178858
1.3696174533788694
1.3694760121067935
1.3693328587895248
1.369186939860791
1.3690393088868644
1.368889702476177
1.3687474710293968
1.3686048444952643
1.3684598474370189
1.3683130066377966
1.3681640587060298
1.3680239343917944
1.3678827565112865
1.36773999828137
1.3675948695273406
1.3674477653365502
1.367308167805451
1.3671694921448403
1.3670280508727644
1.3668843707723595
1.3667385835394097
1.36659701057155
1.3664543840374175
1.3663100454580923
1.3661637314420063
1.3660154419891595
1.3658758444580603
1.365735851839609
1.3655937520886128
1.3654494135092876
1.3653032311889857
1.3651632385705343
1.365022587473163
1.3648803560263827
1.3647362808386256
1.36459062530146
1.3644530032071216
1.3643164346790557
1.3641781541057971
1.3640377663999936
1.3638957983447815
1.3637609418619083
1.3636238465507062
1.3634851708900957
1.3633447831842922
1.363202946824864
1.3630695389956156
1.3629356043832308
1.362799299246733
1.3626615454566107
1.3625226064044318
1.362388671792047
1.3622527617429014
1.3621151396485631
1.3619758055090323
1.3618350227158766
1.3617028001486846
1.3615696557110042
1.3614344041407789
1.3612982307000652
1.3611603452141587
1.3610318101289203
1.360901562998489
1.360769340431297
1.3606359326020485
1.3605006810318232
1.3603742530791298
1.3602476934306522
1.36011968512855
1.359989833085471
1.359857873909847
1.3597363187011635
1.3596139733177757
1.3594883355397864
1.3593611174123885
1.3592319238482298
1.3591083932027854
1.358984467469989
1.3588585663004316
1.3587305579983295
1.3586013644341708
1.358479019050783
1.3583553567095545
1.3582301140189175
1.3581034226746558
1.3579752826767695
1.357853990859654
1.3577307236057778
1.3576065344814132
1.35748076500764
1.3573530200971058
1.3572334403251833
1.35711254359542
1.3569900665162482
1.3568661407834517
1.3567407663970306
1.3566203964504036
1.3564984461543679
1.3563749155089235
1.3562500679056386
1.356123639952945
1.3560044552683745
1.3558832951470432
1.3557605546763032
1.3556364972477228
1.3555108594697336
1.355393650221924
1.3552772311488186
1.3551588366389524
1.3550385983881095
1.3549165163962897
1.3548025995430815
1.3546874974278167
1.3545706832673592
1.354452420453277
1.3543325772897863
1.3542201090902026
1.3541057971496422
1.3539899048596733
1.3538728273076477
1.3537537743188612
1.3536385405078124
1.353521858043139
1.353403726924841
1.3532840154571342
1.353163118727371
1.3530465679584815
1.3529285685359675
1.352809383851397
1.352689145600554
1.3525674586960865
1.3524527516681741
1.3523372544655572
1.3522207036966678
1.3521028359699379
1.3519839146769355
1.3518706563026475
1.3517558175789508
1.351640452072118
1.3515240329990126
1.3514062969680667
1.351293828768483
1.3511810971773313
1.3510669169325549
1.350951419729938
1.3508348689610488
1.3507237177193057
1.3506125664775626
1.3504994397990586
1.3503852595542822
1.3502694989600972
1.3501599280677627
1.3500504888712124
1.3499393376294693
1.3498270011256697
1.3497130842724614
1.3496040401632632
1.3494936790962244
1.3493821327671291
1.3492692694801935
1.3491553526269853
1.3490440696894581
1.3489317331856585
1.3488182114198024
1.348703899479242
1.3485886656681931
1.3484785679927225
1.3483683386214678
1.3482571873797247
1.3481452459632772
1.3480319875889892
1.3479243921334156
1.3478152163284334
1.347705382044531
1.3475946258901401
1.3474826844736927
1.347374825626551
1.3472660449089209
1.3471566057123705
1.3470465080368998
1.3469354884909408
1.3468307903426164
1.34672569710694
1.346619682000775
1.3465130084156898
1.3464055446559002
1.34630097820336
1.3461954898803314
1.3460896064699506
1.3459829328848654
1.3458754691250758
1.3457739316755688
1.3456719991387096
1.3455687496440099
1.3454647099746058
1.3453594850431452
1.3452616350755917
1.345163258324902
1.3450636963121558
1.3449629490373531
1.3448607531089258
1.3447626397498043
1.3446624192581378
1.3445615402875513
1.3444600028380442
1.3443571484306966
1.3442591667673591
1.3441603949293173
1.3440609646123551
1.3439607441206887
1.3438596017585338
1.3437626736614687
1.3436654821728355
1.3435669737263618
1.3434678068009678
1.3433675863093013
1.3432710532995884
1.343173203332035
1.3430746948855612
1.3429751328728152
1.3428747806853647
1.3427790378503561
1.3426826365364273
1.342585445047794
1.3424877267760247
1.342389218329551
1.3422961094102235
1.3422020786204076
1.3421077844390237
1.3420127000829354
1.3419170889437109
1.3418264822442805
1.3417348219785776
1.3416423715381705
1.3415489992272749
1.341454573350107
1.341364625129597
1.3412733599512463
1.3411816996855435
1.3410891175493522
1.3409954818468885
1.3409073773673552
1.3408201947583103
1.3407313001040726
1.3406413518835625
1.340550481792564
1.3404639576624393
1.3403762482702581
1.3402878803991567
1.340198722353351
1.3401082473497046
1.340022118306932
1.3399349356978871
1.3398464361310019
1.339756882997844
1.3396664079941976
1.3395814642134816
1.339495203474925
1.3394085476490163
1.3393212333441873
1.33923299716887
1.3391488435628582
1.3390636363905741
1.338978165826722
1.3388916416965972
1.3388041956959842
1.3387208322646769
1.3386365469628811
1.338551471486381
1.3384656058351767
1.3383785549219158
1.3382947964032565
1.3382101160141087
1.3381249088418246
1.338038779799052
1.3379518605815752
1.3378690239334041
1.3377855288063127
1.3377016385918692
1.3376169582027213
1.337531355943085
1.3374494411654023
1.3373669996045834
1.337283636173276
1.3372002727419687
1.3371162508317411
1.3370376284486598
1.3369587426740104
1.3368793301162247
1.3367991273837347
1.3367181344765406
1.3366395120934593
1.3365597044483215
1.3364792383242634
1.336397982025501
1.3363159355520342
1.3362365229942486
1.3361564519575426
1.3360758541377005
1.3359949929262902
1.3359130781486075
1.3358345874613102
1.3357553065993086
1.335675762345739
1.335595954700601
1.335515225184975
1.3354389733260066
1.3353625897712542
1.3352855477375816
1.3352082423123408
1.33513027840818
1.3350557385944044
1.3349809353890607
1.3349053420090127
1.3348293535416125
1.334752574899508
1.334679483739357
1.3346054707087176
1.3345311942865101
1.3344566544727345
1.3343814561800387
1.334309023498808
1.334235932338657
1.334162577786938
1.3340884330605145
1.334013893246739
1.3339418556528604
1.3338691595800616
1.3337962001156947
1.3337228455639756
1.3336489642291203
1.333577058331026
1.3335044939540113
1.3334316661854284
1.3333585750252774
1.3332849570819902
1.3332138413586
1.3331421988520737
1.3330705563455474
1.3329985187516689
1.3329260860704382
1.3328564190006726
1.332786225147771
1.332715899599085
1.3326455740503993
1.3325747217185773
1.3325062399108683
1.3324374947115911
1.33236861781653
1.3322993458341166
1.332229810460135
1.3321627773060507
1.3320953490646141
1.3320276574316094
1.3319595707112528
1.3318910889035438
1.3318249776199478
1.3317586029447837
1.3316919648780514
1.3316251951155351
1.3315580302656667
1.3314932359399112
1.3314284416141557
1.331363120505264
1.3312979310921564
1.3312323465916966
1.331169264311134
1.331105655247435
1.331041914487952
1.3309780420326849
1.3309139061858497
1.3308516140799913
1.3307887951909967
1.330725712910434
1.3306623672383031
1.33059862647882
1.3305380464181544
1.3304769395743525
1.3304155693389828
1.3303539357120446
1.3302919069977543
1.330231985416009
1.3301715370511273
1.3301112203820298
1.3300507720171482
1.3299897968691303
1.329930270374737
1.3298704804887758
1.3298101638196782
1.3297498471505806
1.329689267089915
1.3296309258575782
1.3295719261463212
1.3295130581308483
1.3294537950280232
1.329394400229414
1.3293372442591338
1.3292796932015014
1.329222142143869
1.3291644593904526
1.329106513245468
1.3290501474498921
1.3289936499585322
1.328936625684036
1.328879996496892
1.328822972222396
1.3287675282973086
1.3287122160680052
1.3286566404471336
1.328601064826262
1.3285453575096065
1.3284913622381436
1.3284371035751126
1.3283832399994338
1.3283291130321868
1.3282748543691558
1.3282223077513176
1.328169234350343
1.3281162926451526
1.3280633509399622
1.3280101458432036
1.3279587844874219
1.327907159740072
1.3278556666885062
1.3278039102453723
1.3277524171938064
1.3277026361874333
1.3276525917894921
1.327602810783119
1.3275526346893938
1.3275023268998845
1.327453862851352
1.3274051354112513
1.3273562762753666
1.327307548835266
1.3272586896993814
1.327210620738201
1.3271625517770207
1.3271144828158403
1.3270661504630918
1.3270180815019115
1.3269709344112195
1.3269235239289594
1.3268762451424834
1.3268289663560073
1.3267816875695313
1.3267355940451118
1.3266897639122603
1.326643933779409
1.3265981036465575
1.326552141817922
1.326507233555559
1.326462193597412
1.326417417030833
1.326372640464254
1.3263276005061069
1.3262838775058003
1.3262400228097098
1.3261961681136192
1.3261524451133127
1.3261087221130061
1.326066052678972
1.3260231198533698
1.3259805821151198
1.3259380443768698
1.3258955066386198
1.325853759075074
1.3258118798157443
1.3257702639479827
1.325728648080221
1.3256871639082437
1.3256466016067545
1.3256060393052653
1.3255656086995602
1.3255254414854232
1.3254852742712862
1.3254460289276375
1.325406915279773
1.3253679333276924
1.325329083071396
1.3252902328150995
1.3252525678208595
1.3252149028266196
1.3251775012239477
1.32514023131706
1.3251030931059562
1.3250668767653409
1.3250306604247255
1.3249945757798942
1.324958754526631
1.3249229332733679
1.324887770499025
1.324852607724682
1.3248177083419073
1.3247828089591325
1.3247483046637099
1.3247144588472075
1.3246807447264892
1.324647162301555
1.3246137115724048
1.3245805242348228
1.3245477319845929
1.324515203125931
1.3244826742672693
1.3244504088001756
1.324418275028866
1.3243866680406926
1.3243553244440873
1.3243242442390502
1.324293032338229
1.3242620838289758
1.3242321888859951
1.3242021622472304
1.3241721356084657
1.3241427674486212
1.324113135897209
1.3240842945205007
1.3240555848395765
1.3240270068544364
1.3239988239566485
1.3239707727546446
1.323943248335777
1.3239159873084774
1.323888989672746
1.3238619920370145
1.3238352577928512
1.3238091820276081
1.3237832379581491
1.3237574255844742
1.3237320082981514
1.3237065910118286
1.3236818322044261
1.3236572050928077
1.3236328413727574
1.3236086093484911
1.323584640715793
1.323561198866231
1.3235380204082372
1.3235149736460274
1.3234921902753858
1.3234695386005282
1.323447677100375
1.3234256839044376
1.3234040857958524
1.3233826193830514
1.3233612846660343
1.3233406084279375
1.3233199321898408
1.3232997827348802
1.3232796332799197
1.3232597472165273
1.323240387936271
1.323221160351799
1.323202196158895
1.323183363661775
1.323164926252007
1.3231467522338074
1.3231289733029599
1.3231113260678964
1.323093942224401
1.3230768217724738
1.3230600964078987
1.3230435027391076
1.3230273041576688
1.323011368967798
1.3229955654737113
1.3229802887627609
1.3229651437475944
1.3229502621239961
1.322935643891966
1.3229212890515039
1.3229071976026099
1.322893369545284
1.3228799365753103
1.3228667669969048
1.3228539925058513
1.3228410863190139
1.3228288386110967
1.3228167225989635
1.3228050016741826
1.3227934124451857
1.322782218303541
1.3227714192492483
1.3227607518907398
1.3227504796195835
1.3227403390442112
1.322730593556191
1.322721111459739
1.3227120244506392
1.3227029374415393
1.3226945089113598
1.3226862120769642
1.3226781786341368
1.3226702768870935
1.3226629019231864
1.3226557903508473
1.3226489421700764
1.3226423573808737
1.322636167679023
1.3226302413687405
1.322624446754242
1.3226191789228798
1.3226141744830857
1.3226094334348597
1.3226048240824178
1.322600741513112
