-0.3980128275746086
-0.09037841123341642
-0.14200145051619176
-0.12269133115332806
-0.12446645447241501
-0.07960346627640905
-0.10685584855258996
-0.11976546410239751
-0.11140681961723972
-0.2902105464861247
-0.14791772181248677
-0.11525523084299348
-0.09542708735513245
-0.09354873320074804
-0.08586403749125182
-0.07737451195855023
-0.07316215585562175
-0.05574445563747978
-0.05899883498545033
-0.0460364837727078
-0.06625074398065274
-0.056651511367515985
-0.04505005971074537
-0.03814974517902909
-0.022712119621196628
-0.023156570852479744
-0.03702659988378452
-0.04907028659275663
-0.08122393384187163
-0.09035224509385972
-0.09188722819232938
-0.09143818792210012
-0.08183795491441741
-0.07270495406624654
-0.044338970575288066
-0.04130956269530943
-0.03266989928021615
-0.020285687320350874
-0.017253718052525263
-0.01259877815273662
-0.011218810535251414
-0.011628575263597103
-0.024605474161117705
-0.021696544435311185
-0.08587660304263336
-0.029459744908810124
-0.056246392541630386
-0.0629383725316745
-0.04601268832678588
-0.04744574245233463
-0.06704052270901717
-0.09359121329897421
-0.05927366818758723
-0.04864999850688797
-0.05320510741057785
-0.07714001444165047
-0.058902322056136366
-0.06344245096078119
-0.04873139353409426
-0.04778095635306949
-0.07868304709865741
-0.08109796649663621
-0.08584834510580182
-0.0725300345612666
-0.10642125263348448
-0.06963492403698376
-0.07219062722656332
-0.05037791867417148
-0.04871609876266493
-0.0420953905125338
-0.06512670168984015
-0.033763822705949464
-0.019588306344588507
-0.007270013625942572
-0.02092492774562171
-0.019576179447400012
-0.013918134007253141
-0.028613943086099432
-0.013851562882808992
-0.002087845776588604
-0.02366931594748007
-0.04180771716538569
-0.027848231666805237
-0.03689274107886126
-0.035979738337483635
-0.048141756091419456
-0.04400060239392387
-0.03579676040740631
-0.021412603129841785
-0.0027348180355018428
-0.04099126951944786
-0.009220259671658583
-0.01093503071243785
0.008843958187597038
-0.0041952634951364885
0.0133173470135997
-0.05571909994596764
-0.09808081946463511
-0.13623180121313053
-0.14293020221826927
-0.156232225829354
-0.12479535391935043
-0.11575647901029512
-0.10233399246550053
-0.1291103000152947
-0.11475890671391951
-0.09974839898408305
-0.1322525101752142
-0.07371221354952397
-0.056378558210725294
-0.06135956738866736
-0.04641505877104677
-0.07782886260706255
-0.01832423685275976
-0.05514976589722242
-0.049724760885929815
-0.12803191130395739
-0.0625253735352176
-0.05080595494848252
-0.05577781993616171
-0.03584745056675171
-0.04589216972028061
-0.05823571298402798
-0.030746273097154202
-0.020208456863142998
-0.1945343148659151
-0.10355991188182408
-0.027883530231181626
-0.06725907964928185
-0.04515767764636462
-0.036837528128449384
-0.02401705415540077
-0.001600469147527808
-0.02347757591338319
-0.06338347244714038
-0.08840190819887983
-0.10553152111511649
-0.05437124007516731
-0.06858175505880289
-0.11722489475438654
-0.1055722297027442
-0.10382428088413334
-0.11601338894174464
-0.037056367099422886
-0.09288875889422257
-0.03910446890496513
-0.03992145372510022
-0.007853516866109671
-0.001717761303065261
-0.004551652740193082
-0.0031139490997976827
-0.0720307785636219
-0.12235977377144454
-0.14482674244263777
-0.1022181546366194
-0.05033333218592534
-0.060056109708688285
-0.043939328889139775
-0.05226454619285968
-0.0447645718149681
-0.09659535496578889
-0.12432583244391561
-0.07034840777791183
-0.08409880454538712
-0.03355895357685981
-0.07916821899469545
-0.02334034430433617
-0.00403347364181007
-0.004119376650487675
-0.007648382310166739
-0.09334466564386952
-0.09562664528361924
-0.10116334550296402
-0.08957201743668383
-0.051690045583941926
-0.057166299228737796
-0.016704412526966073
-0.04219115396799286
-0.08061939992991361
-0.2945718516098847
-0.1529227303581447
-0.1080823014476403
-0.06968044616526681
-0.09326365048250262
-0.14850265256824371
-0.15708922584784532
-0.12149548183000103
-0.11340922722701054
-0.0671492968353363
-0.14799809616529686
-0.12175524639210618
-0.22698246674131584
-0.21000860058545529
-0.21389619692514472
-0.24535026844899216
-0.19730593379144887
-0.21630499672192463
-0.27284768030739626
-0.2782073595929465
-0.11944988973556729
-0.10423988237673086
-0.034386937435137335
-0.03042327029942871
-0.02391302396774874
-0.07318719789000487
-0.08322626246679593
-0.061312940778342914
-0.11145203132148199
-0.008689712861380755
0.016778284914495664
-0.05472589095862907
-0.09036083129135516
-0.05476428177599623
-0.08621573831861824
-0.09599420117759047
-0.14051772435711787
-0.06611890689733815
-0.054016435794001456
-0.14693486646441378
-0.10945088283738406
-0.08507283144932032
-0.12063571912652377
-0.09618523220365335
-0.05440841240058
-0.05254865413322434
-0.006531225396052908
-0.008683666592783006
0.008816826861883066
-0.02587227853941962
-0.06021339876002669
-0.04034448420209874
-0.09097622488634571
-0.06246578770579782
-0.014604845701536116
-0.03349566420014954
-0.04753088016074818
-0.08321608897604287
-0.1163380436103884
-0.08430112562849798
-0.095224940093927
-0.08970801477623132
-0.11807151922543625
-0.06657044918623636
-0.047739004737360015
-0.09420116472319766
-0.07643145839508401
-0.08275966053133188
-0.08873070291898716
-0.07965287897810878
-0.07920585218193422
-0.08074826628282941
-0.20167988443708237
-0.16005030146352567
-0.11821772968119074
-0.09657970303851236
-0.09262560446562935
-0.1149990332003442
-0.06837112991903875
-0.06423326764503706
-0.06701873573852214
-0.08575654178271842
-0.0625442195852561
-0.04893806744878079
-0.07319652746515275
-0.08754866201179719
-0.061386956986116986
-0.09158682358003935
-0.1040637149586072
-0.06319035181008345
-0.030493962057850224
-0.028925676230664037
-0.027516664313084565
-0.025385018883743643
-0.04949556724470778
-0.013267500450090652
-0.02097764276377933
-0.03251848951712655
-0.035686928147086336
-0.08297725489118873
-0.08167450226229399
-0.1114909191424578
-0.1408819632736894
-0.1277155616873675
-0.11014634100364755
-0.09670151762667882
-0.05985827166514436
-0.06304222467846496
-0.11182827347447016
-0.08283548896805562
-0.06292655302307257
-0.047500013184182566
-0.06155826972514034
-0.06657672792373082
-0.11699762934695827
-0.06629173765272808
-0.07177894780709233
-0.09280488074712004
-0.08445128091409299
-0.03677302239806978
-0.055774461869015905
-0.04334544829510971
-0.027359901847921874
-0.01828125148614244
-0.025665323413765706
-0.020292820334519027
-0.006663539774146894
-0.044557027993698144
-0.012397452266779723
-0.00782781746888181
-0.020039843887751436
0.001135782343128465
-0.03237555188441544
-0.043258460461561024
-0.06763962567273586
-0.06164112247088502
-0.023370925593486313
-0.01903792016018802
-0.0021197690377604043
-0.021712147290402505
-0.0037854499891763387
-0.005121864218522573
0.0013548025693976278
-0.023492982752646722
-0.030400485672257355
-0.01587594655878429
-0.054636729731796306
-0.036851861947848695
-0.025642926124316158
-0.06848219923248702
-0.05077922417155611
-0.04410568516066724
-0.052258179998728616
-0.011802704389679813
-0.024595869232416315
-0.01945991351619686
-0.018941793203865447
-0.009201510430797595
-0.013746373944692298
-0.023806701542464857
-0.00800292788807121
-0.007652205517119729
-0.017576739947203095
-0.019842505632185845
-0.01559411573984482
-0.01677328303775983
-0.03531209981848245
-0.03604266997238709
-0.020153655997506795
-0.03222284779507143
-0.031337099742774134
-0.0386958968019425
-0.04700018659867304
-0.05437217592510171
-0.021367297708407552
-0.023830819782623733
-0.025714651481499328
-0.0360522364369989
-0.026746255961232524
-0.038309129446723975
-0.1435098475777851
-0.09724635372927921
-0.08576036402079575
-0.08600169947761209
-0.04990598224433108
-0.06037204693929051
-0.046928381819720186
-0.03452620750543966
-0.02195304986699095
-0.015115020539284506
-0.017962095562363587
-0.006355537923804308
-0.0069383018360597015
-0.004261252322405601
-0.004295668303689675
-0.0023206560833541586
-0.021833992036071736
-0.00232230038880354
-0.014274214982344036
-0.01947651250670966
-0.0037099811551307323
-0.011174242867989025
-0.008471508675767764
-0.0017683885615535537
-0.008704529911727776
-0.007935971076047703
7.486187127971705e-05
-0.01112817674063084
-0.01835569245348806
-0.001803746291705021
-0.010541566445010898
-0.019119241838856386
-0.003160571955269843
-0.006100454406645567
-0.0018975335924225276
-0.0029833179312511787
-0.00983713663223863
0.0004098496362474134
-0.02039138824037069
-0.014490745151060793
-0.01686782910903423
-0.01621440620952908
-0.024774983077123492
-0.014288433400609398
-0.015835559348404218
-0.009876864575855064
-0.00394148206114767
-0.009328243727032696
-0.012535092055103168
-0.007063409278121362
-0.008365751301540575
-0.00839801091541084
-0.004133209398317229
-0.0033676261193498003
-0.008065264841228806
0.0002805869152301467
0.001309819241873635
-0.0002930772126606988
-0.0012985286043210391
-0.0009329543832961998
-0.00014209057784448032
0.0014689855587301233
-0.0038204113263214288
-0.004497642419131171
-0.0017054579146071566
-0.004013996255794125
-0.0007576703547011057
8.469626296347962e-06
-0.0023957208225579836
0.0004366187375813115
-0.004994404911148764
-0.0038293858975944886
-0.0013730031623811214
-0.0046967191630438235
-0.005788726232522469
-0.003493052160946604
-0.007178818798531694
-0.0034048603399202296
-0.003200267977171892
-0.004734063383866898
-0.005853973829714753
-0.01140756351956961
-0.0094465926912404
-0.012461485033434578
-0.01595204739486512
-0.010741626076339536
-0.009829123058443306
-0.010322338891384291
-0.0037404156518765284
-0.006894972517197903
-0.022940828764241812
-0.01736897132021408
-0.013378510386633884
-0.01618269010123947
-0.01457316262166939
-0.013862111448009421
-0.013880999371480024
-0.012094843716226305
-0.006898442924410712
-0.004224455712226296
-0.0009425289774327351
0.0010747549929052533
-0.0047394716529963014
0.00020926801944143
-0.0036628789465159807
-7.679599669889262e-05
-0.007788067194889123
-0.006247946740563062
-0.005665991433712674
-0.0015884448709668742
-0.00244327836902804
-0.004395803329208412
-0.002266899264264796
0.0006847486103845016
-0.0015010642542347943
-0.0002086269019443938
-0.001749086863628901
-0.020781069714025328
-0.011704924391618925
-0.007394013781385395
-0.014110729680456556
-0.011121073390490075
-0.008069053024286964
-0.0014466042378640685
-0.0038110994750975534
-0.0020456023663917144
-0.009718614071834188
-0.0015387681062512294
-0.005878546873545175
6.633656548355516e-05
-0.00921858107751747
-0.004934729277122796
-0.005279412789456353
-0.0005252604425338448
-0.007398373435123148
-0.006443696693310366
-0.0027891682878270403
-0.0074965398172779606
-0.012023976526310357
-0.0034527712085766
-0.006238460715284039
-0.007329360963265174
-0.00673857387404567
-0.004796393771141287
-0.01295201589215898
-0.004395233127009631
-0.005891401350049933
-0.005506657700129771
-0.008242330825652608
-0.006637278574477539
-0.002224392646819594
-0.009022905851684016
-0.01099797692855968
-0.012614721979006241
-0.005712187163093742
-0.011262575005197747
-0.004804521790371145
-0.002081901877970476
-0.00553688258870162
-0.005729159556008907
-0.0006382239629435531
-0.009063432151858074
-0.011608167300220018
-0.006016340058993284
-0.010279032689177223
-0.01453118152856385
-0.00917646858611597
-0.011327773220953302
-0.021852986133017237
-0.023538822742594227
-0.018635675638499976
-0.019879736795534987
-0.015925712511960854
-0.01562032785830584
-0.004181511233227258
-0.0016710327270349208
-0.005773110392907835
-0.006638155781641064
-0.0013060616463659736
-0.008230380989981414
-0.009760985029829937
-0.0036355378112749325
0.0003545908584572692
-0.004899137306839996
-0.0018455061734271344
-0.006564673503029106
-0.01093206774964447
-0.012974396207012356
-0.002936057758898281
-0.011621343791861548
-0.009148367820675773
-0.001074529269859217
-0.006230449803193391
-0.019519760247604528
-0.014609179567535603
-0.018785427539750314
-0.015405607012224971
-0.023543160327306665
-0.01134043085864227
-0.01660819351847933
-0.011923877211712083
-0.007659748839841107
-0.006595321359792768
-0.01054718178126227
-0.005407246460938933
-0.011006784776426446
-0.013004438257358038
-0.030728731370478178
-0.01006244088830203
-0.00695494753718672
-0.00891479034504849
-2.5003807813422966e-05
-0.00425824070573465
-0.003576529933424938
-0.008667195957729992
-0.013227740207500576
-0.025431692337502084
-0.004669430113177398
-0.01181511016514159
-0.013430255494893517
-0.009235746354639168
-0.014850202460248265
-0.011382530565540807
-0.008524150595990994
-0.011559077212999369
-0.02232760815852467
-0.024652804891084863
-0.02692185885755392
-0.02386880760502383
-0.02748981982232983
-0.030949893528208608
-0.0168942624767379
-0.02656935334993268
-0.014622357359631013
-0.016991907671233646
-0.011349725088872156
-0.024745811187908518
-0.00791519966309435
-0.008882562432900202
-0.002224856407812415
-0.0017483351905409135
-0.0058753422336190134
-0.011143958650382637
-0.025314514319379325
-0.014042524912408058
-0.010880826157228358
-0.005103870636225332
-0.0023141551458849613
-0.0065623504464440915
-0.018542911792012954
-0.007547165351687164
-0.01622752216506179
-0.002342692369393433
-0.012991413263579468
-0.0034306349147580164
-0.0005718324531551806
-0.011257585561223794
-0.00022891920272896456
-0.010953652774505945
-0.02364309808757832
-0.01097783196732456
-0.014661402888895038
-0.027317443853168834
-0.017292012535304876
-0.019868937505019436
-0.03574904737375836
-0.028559180750128487
-0.01757278768020424
-0.013175711365117552
-0.016911121991054493
-0.020094807473690288
-0.01625862059849431
-0.02049509681979233
-0.013646456289577464
-0.010834030579576062
-0.024793437460884325
-0.007451839268648639
-0.006551956961461527
-0.018836163067022144
-0.053680488430129035
-0.024978527319492082
-0.010547557359244605
-0.00917795743754114
-0.010786095502905147
-0.00676724767700346
-0.009991794690967861
-0.009777882254777492
-0.021153674338515054
-0.028701816286227443
-0.03195485563911246
-0.024138660183012906
-0.0033225299293185248
-0.0019876281546398855
-0.013240450211883399
-0.007959844593956536
-0.008917871675867333
-0.008978528066142695
-0.036737966245338635
-0.018830261715777855
-0.02467591898801716
-0.023747769371500402
-0.025926479184421862
-0.006357410654109706
-0.030438833144056394
-0.016320092020048024
-0.009039636438921323
-0.045194616858383295
-0.03913110333802692
-0.032241670225710034
-0.01690993043287923
-0.017958365522081354
-0.02758084180641198
-0.01509802375522264
-0.014254915455227491
-0.0032571036848112627
-0.013270972682662209
-0.008592247326939532
-0.01587248672522353
-0.016545705736143793
-0.012555294166180196
-0.024142992470559666
-0.025905640937334884
-0.024091402427213738
-0.021905644385245844
-0.020175455725422578
-0.004722900008436952
-0.01651944270272069
-0.013666613884267311
-0.00796496399984829
-0.0016774747610799232
-0.012844368558806007
-0.020382079277925465
-0.02476532085866641
-0.04431642309635317
-0.028800622078021493
-0.03222886525101572
-0.025155490391778248
-0.028681385828646436
-0.014607337487104832
-0.022852538169642715
-0.006710553189389802
-0.004438435425887545
-0.01914985722005882
-0.017312343056112157
-0.00998949438727627
-0.014045496733625656
-0.007146835663305225
-0.00956465825612125
-0.010943863159906177
-0.03102458171875865
-0.026246304902995978
-0.03490188094056625
-0.030751636917616534
-0.017766231909103723
-0.022162032703893608
-0.019359248242497365
-0.01290588431311985
-0.0369906964248961
-0.02358138680671895
-0.019038438924574113
-0.030708162787321452
-0.02920069035023288
-0.029492887517131545
-0.00958599925234125
-0.017717997686689076
-0.01015885027176821
-0.020888734732894626
-0.033320758716615925
-0.030668609338923798
-0.03108478816043522
-0.007222748552698969
-0.03097648250948506
-0.011674200573081389
-0.020564798113842212
-0.00986622655187981
-0.00965725245576903
-0.010684877403451264
-0.022698976918643907
-0.04425062119122033
-0.02614062036954457
-0.039088500754236685
-0.02495859476425963
-0.04740604967550698
-0.038289290322031565
-0.03060406817371523
-0.025183015000456218
-0.03763507489939982
-0.029312601167274573
-0.0031217807054676294
-0.006777207211315112
-0.007997102932890335
-0.013954987754025596
-0.002529872375972716
-0.016468532521023163
-0.01518204820301341
-0.02717721376024548
-0.08334879595323898
-0.017311451353714907
-0.03694579605412494
-0.03813594651265888
-0.020949437026610767
-0.02229183418103652
-0.022239683457269538
-0.021890075452335785
-0.04571463989961292
-0.09719709550362679
-0.051486745043218124
-0.045754222452972136
-0.02412545448271711
-0.019786579711211057
-0.026253958443693003
-0.024063476430487084
-0.03038200986910889
-0.026414300592188848
-0.14471643209945148
-0.05405015742211055
-0.105860289468845
-0.1111397272687229
-0.08843844851590518
-0.040456552730865625
-0.01759758241838661
-0.04714141108046012
-0.006365876567279647
-0.16478017156721114
-0.07269708834110473
-0.04630767017189303
-0.06805677177877557
-0.04979607369785452
-0.05326501885197609
-0.058299402100251536
-0.02201736203281101
-0.03094729504599548
-0.030192800929267787
-0.03453602718033491
-0.039770730851422256
-0.02646149330285009
-0.024505880380668803
-0.015142767738698796
-0.011113622906535213
-0.017365573335589198
-0.011138331094689091
-0.05579040001972026
-0.09269120709752621
-0.06939900504016919
-0.12441693791205463
-0.0900351530303903
-0.08530450040108796
-0.08342179980887911
-0.06303087452590247
-0.04349537490266785
-0.11347072538126002
-0.055644848502899774
-0.016519536534841343
-0.021594593577091568
-0.009513173225277427
-0.02283163832541948
-0.009590156437108154
-0.016785988071264725
-0.028617903373960293
-0.018786543460492706
-0.004466852832945609
-0.02184944628433031
-0.023077351947531223
-0.005475222975284943
-0.01661591375065164
-0.016243292184769397
-0.035940433700694725
-0.012304260083311858
-0.044183791293765824
-0.0530502573291574
-0.05755602953456718
-0.04376828688209055
-0.028960815117450207
-0.04378371507033944
-0.031568092737950026
-0.05442120443412945
-0.05266927058171221
-0.005604656509076997
-0.022160078947672957
-0.028697596390067342
-0.0721526994286969
-0.05142229357706285
-0.02775470204751439
-0.06495279616030995
-0.05154894109215087
-0.05433109929441299
-0.033211829739902304
-0.02240856176996051
-0.031417245224997614
-0.06448522562838283
-0.0380763103660415
-0.029224066194215477
-0.03827830307836135
-0.04169494272985033
-0.023466391736107664
-0.11286619578723757
-0.07465210889854727
-0.0424560740941182
-0.012523510746505205
-0.051967117476902754
-0.02033302983182223
-0.013491283535236882
-0.05759344838260775
-0.07494385797914868
-0.07348090127990785
-0.07424863442766745
-0.07320777382972633
-0.08602624482747252
-0.05396618354263825
-0.08458613505835948
-0.03822016045184776
-0.04944294928019449
-0.02100119020046738
-0.03997613672608328
-0.048466525776484054
-0.04571144570468875
-0.07290802797807171
-0.07323177520618171
-0.029888914807309905
-0.03996420598322228
-0.04675259587560599
-0.043451421708277455
-0.17970545739847965
-0.09298693128935599
-0.09296947269725467
-0.06895243655294964
-0.09661914260854315
-0.06594986352504514
-0.09451441369563267
-0.06390031020424752
-0.061426274467723
-0.07947165256437536
-0.022887108078863516
-0.026591537553685648
-0.07073552359800235
-0.03938702302597124
-0.06578117525854936
-0.04764628623774886
-0.06501995452409308
-0.057112383701486226
-0.08670727892874006
-0.06860636219681744
-0.095860926613849
-0.07436604421514854
-0.056628591628593246
-0.052247715374505385
-0.06284316497919341
-0.03770881518138246
-0.02391622880949098
-0.061585394780919366
-0.01953350980580914
-0.07662899341621661
-0.02732915136240027
-0.05584925221870798
-0.03260085713710338
-0.04358848214400134
-0.05801049824122343
-0.036794923913555745
-0.034414265882188454
-0.0342873041299081
-0.01282300915517425
-0.023442945659983852
-0.019329320738302385
-0.015431006771716351
-0.06400632414157136
-0.02424392771651433
-0.06580611141060694
-0.08695642149526295
-0.07777167223964898
-0.06140093426090895
-0.0514671345192567
-0.03163942137345988
-0.011980491144577199
-0.029824509948984505
-0.027159963950025096
-0.07582134632484225
-0.15694462261854913
-0.0947508466020967
-0.0894896682476194
-0.1046982600554827
-0.07103280223584768
-0.08502039785909275
-0.031127921093601893
-0.04031081666618218
-0.028002182616128895
-0.039188579267811816
-0.021273926986287866
-0.008476917858623199
-0.014498012454527347
-0.009482335328414063
-0.014176787855803731
-0.02147370127184035
-0.015518854273104165
-0.02304429787392928
-0.05875387179160591
-0.029635128865280143
-0.016014964019658795
-0.0452995580685418
-0.0653280054400642
-0.07267268803215957
-0.04098474629134862
-0.026425917962371166
-0.010360746735679945
-0.04521809443627959
-0.03430657495095481
-0.04968251569158192
-0.0295746845073149
-0.03580814248323513
-0.0014741005626181067
-0.018566112526736834
-0.0316456478775566
-0.025631615598741
-0.03910368991288672
-0.04952361141029107
-0.04829685642250522
-0.030583285176812535
-0.016679992768490828
-0.053483260501672375
-0.01835913743228688
-0.036616702468888165
-0.04145678977638387
-0.025139519194597944
-0.026361413229366127
-0.016042275952691597
-0.02584805551862169
-0.020001388053971197
-0.020997487735323544
-0.010302877468595444
-0.031185286445592993
-0.007363305951051974
-0.06449234882272067
-0.07519969667681557
-0.05442197725211824
-0.03127545104314405
-0.035730061500530194
-0.044681511995743106
-0.08222637269648199
-0.032711326565252594
-0.05062562318146645
-0.0826184186475177
-0.05746943218045438
-0.08617219877907646
-0.038823879454486586
-0.014532367201751474
-0.0186470032895617
-0.038918755310600725
-0.05603909214109148
-0.018566009924706587
-0.1163084159677363
-0.03453069643191324
-0.036095502737023714
-0.017123226077583004
-0.023377974156073046
-0.027520825167282974
-0.01976660833886832
-0.035027849774729655
-0.06817565531899641
-0.08348965574699063
-0.05436576821230758
-0.03932589247990299
-0.043751958606233675
-0.05407151076575356
-0.06868435285014969
-0.04067503973678995
-0.06191898294341221
-0.08065485252316337
-0.15661772062009166
-0.06369941762446002
-0.07941738956837752
-0.06858314593167071
-0.03693798139496217
-0.08844663079958537
-0.07538250309563693
-0.051965847091306076
-0.09348167159870761
-0.08948034437356078
-0.010680073006254872
-0.0361257258401581
-0.04788720075058831
-0.019165981436684125
-0.02680736365704275
-0.04084940789808498
-0.02299469185568579
-0.05726024995788064
-0.0867211012613994
-0.06745050733266676
-0.04511366570574196
-0.08504479039834535
-0.04996681133855057
-0.05007653580440553
-0.03855734659636794
-0.029265705280366216
-0.00579635833162055
-0.2685281243938724
-0.08076697519556128
-0.17812816922636082
-0.19033333799256552
-0.1157334286557663
-0.08150079410815164
-0.13251121876646496
-0.0872511218370378
-0.09763714340538909
-0.058889168277459804
-0.1985007679493932
-0.1004648906456406
-0.10564177557865492
-0.009526437038662017
-0.12168651939962938
-0.03687878647603806
-0.07831560279738374
-0.08320606324086667
-0.10760394688266395
-0.08393341713329776
-0.07693793459377873
-0.10365156453270272
-0.04986681390210966
-0.11214160081128542
-0.1508731412111849
-0.17471771703864625
-0.1273183155498112
-0.07394820674292178
-0.20130698393517532
-0.08184231813924035
-0.12450246467643077
-0.0957493589620411
-0.07487514145099848
-0.029385203180845944
-0.06662738779913623
-0.05403844289596154
-0.11300381296937727
-0.04753380290793477
-0.07425680566067928
-0.08606464103588397
-0.09201162863380322
-0.05689503975717089
-0.06457607957221835
-0.037748591099914686
-0.03292004338320751
-0.11239810999704902
-0.08591771408320732
-0.0947565702606885
-0.07036020498939319
-0.0694066669396367
-0.03451339444155223
-0.04261702647794007
-0.023315997789349445
-0.024707001779091714
-0.05041220848800593
-0.020412358563567344
-0.02654297899614239
-0.05539308913560428
-0.038824382458154665
-0.007666098216021952
-0.0577637638966318
-0.07826470746339169
-0.048179330179559686
-0.06992129520144132
-0.060577877972646306
-0.032144987779549515
-0.091504376527448
-0.04392276378415909
-0.03217936663721588
-0.07940398243320486
-0.05543776370862462
-0.07715181230474222
-0.0845446303055361
-0.004410548882075459
-0.09105623688042662
-0.05446042911342111
-0.08277013103493147
-0.13416348754561633
-0.0996740807871261
-0.07932367867721013
-0.10701574499192407
-0.23824307331091843
-0.14591286343346485
-0.14639268151920762
-0.08973039475753251
-0.05881453645224249
-0.0884724054742282
-0.09052608807656481
-0.06698571813982239
-0.021744254629165377
-0.09373530726656389
-0.06580608564681922
-0.056764037641479796
-0.03291821974173396
-0.03373946239169708
-0.05966522518703125
-0.04036873146569652
-0.050253980257447255
-0.026411821605529177
-0.08018279621165818
-0.05756046506959932
-0.0747541519567819
-0.06752931104398531
-0.06149246697077567
-0.05690664680387055
-0.10048253013038384
-0.09733449251872035
-0.09670094262183695
-0.2189857331225929
-0.10151555648970456
-0.13545213743047724
-0.07772985970831653
-0.07919835412230034
-0.08859654618476032
-0.1185932243712825
-0.10846637311469949
-0.07349622905792608
-0.15105611485537346
-0.11296119247933434
-0.09132983699788806
-0.07508947425844804
-0.08931033450361898
-0.08312852155132203
-0.05241556592429577
-0.031646716149623576
-0.04971106611816454
-0.031480945379921514
-0.012916384069298792
-0.02224655832906431
-0.09243978956264977
-0.06316336379462714
-0.017910462969074725
-0.05623022358368661
-0.023812978854960202
-0.041284022127151265
-0.05295837259137608
-0.03263004209595929
-0.040160824898923524
-0.034644651741887474
-0.07054179816838484
-0.0399179644435232
-0.04835608257547336
-0.05570958965305153
-0.049712802727665595
-0.15115595744342628
-0.057874578783233106
-0.028041783648531975
-0.02949161602466333
-0.0019019546023519537
-0.028671474141658385
-0.01660569897955837
-0.007917918882876471
-0.02554451718188852
-0.09011509217284203
-0.06747759502603003
-0.04788322362767483
-0.0712014924549273
-0.03183046054257682
-0.06942558971836939
-0.09188709686216028
-0.06354510076572642
-0.060083227965064906
-0.02394745386869099
-0.015732975389744042
-0.02721009745098686
-0.025077709550537782
-0.04665232537402327
-0.05014196959547359
-0.03893770706145429
-0.046474084488798216
-0.029216812441790908
-0.05633853310589761
-0.030429178008953794
-0.034622332166313816
-0.0433506321802374
-0.04099012365143012
-0.03626643210998495
-0.02858292154831034
-0.04384465601198388
-0.057768935883722713
-0.026482410920788724
-0.014744109297692272
-0.019566095444481416
-0.049639267134201845
-0.0023754621260531276
-0.06961945635296565
-0.05460970850236031
-0.05616149384155551
-0.08595799659957164
-0.07707708153058909
-0.07996654325732133
-0.040810408850406085
-0.044245703834036476
-0.02438081853462889
-0.04260172161504394
-0.01795067098156012
-0.021230442786974998
-0.013598707153078274
-0.136035776019632
-0.04284561057160442
-0.08369390737348135
-0.13276447314588002
-0.09781703115633737
-0.11237870181037993
-0.13785472237482363
-0.11100437781113055
-0.16057845041374053
-0.2368428898025855
-0.10689210464748886
-0.10190563571993223
-0.09882929589442367
-0.19056473721949513
-0.10615291815717373
-0.1059769225414217
-0.10369622615993085
-0.0894810429250317
-0.30457524555322235
-0.15166312372162183
-0.26879323146970235
-0.27296353588935585
-0.2898043069522806
-0.23513259980623927
-0.13370184036920532
-0.1529377268677732
-0.14623865422530255
-0.09603626993301863
-0.07734852291699489
-0.03587672078212466
-0.0772148491134956
-0.07176423736688609
-0.08235745198259456
-0.06649179581266583
-0.05699885421872992
-0.025111773311657138
-0.08621725193632544
-0.051411044337861166
-0.09378821725861092
-0.06811967939368585
-0.04326874792890933
-0.05154778543703745
-0.029257630643627294
-0.04482455045311891
-0.05099286102462661
-0.03995681797990416
-0.06163383048399133
-0.04415556344036506
-0.0817023563964679
-0.04510430185406923
-0.06042182861823481
-0.06663600109578921
-0.0727695762588515
-0.013397678524529624
-0.21966335496844852
-0.06635252576730952
-0.09700246410135677
-0.05770394309571948
-0.05773105573432176
-0.06429016439624281
-0.08927319133535044
-0.029004126016209466
-0.054827552724933545
-0.3992355511083211
-0.1789845319146527
-0.2553964954481641
-0.2255639056988759
-0.20278036042278305
-0.22970198480222556
-0.20895877687356468
-0.19503195774201254
-0.13551595319474843
-0.2609551864474257
-0.16464533032653714
-0.10895696245120516
-0.06748574938931835
-0.03926138797426142
-0.07425619698812523
-0.04395901970363585
-0.057401299851662535
-0.016721756825493095
-0.3734291226489358
-0.13440439208071825
-0.20439592948348928
-0.14432748092410091
-0.04285369814671916
-0.11590536590037326
-0.052222645062896256
-0.05591534845493971
-0.029152623190128877
-0.2513065133082955
-0.10033028212850151
-0.10493137085519624
-0.11953957168595769
-0.14527205553264436
-0.0951698580908895
-0.0859317175722893
-0.1209267438458825
-0.11711607907710586
-0.09448559381118592
-0.04265511353163941
-0.07668545866843883
-0.035105135724790855
-0.14338611689109865
-0.06445993611202383
-0.06382784208146342
-0.04728392025202187
-0.07172845232603864
-0.05653228338614571
-0.06125312043915923
-0.11100153107732624
-0.055636151599770464
-0.05466252920631402
-0.04463504274975727
-0.06046926803861961
-0.04805166608848267
-0.04534153576117335
-0.08464273698526889
-0.008913686878532586
-0.022233641117478203
-0.02775809680141558
-0.05519098687683921
-0.10521386177516019
-0.07766793488110926
-0.02632006390837375
-0.05760176639399204
-0.3545166146316848
-0.12880490338397743
-0.23169754309959947
-0.09180505188910396
-0.14327142425415815
-0.11380938450798431
-0.1407067676097953
-0.13979612780112793
-0.12487063437637189
-0.1291840682819462
-0.19660399778555468
-0.1419289994067461
-0.1629947281275763
-0.12190246420123621
-0.12875581191293398
-0.145508239442648
-0.12267839171962126
-0.14339443677296063
-0.1432978557604603
-0.07974664253665534
-0.08531099958790637
-0.06309720681258138
-0.093329439847113
-0.042638689629748275
-0.04428128679941814
-0.03842559945577309
-0.05388280266392772
-0.06418924120347859
-0.21536300649319776
-0.05255724089415495
-0.05714644985833419
-0.059338879821996295
-0.02547392616493518
-0.029618497763526864
-0.02033986941607124
-0.056200029136608154
-0.03007794559732111
-0.011714651742596947
-0.01980150173045195
-0.05816683922050392
-0.04051119870523364
-0.0474120540764607
-0.023170054280932575
-0.02945496155068141
-0.0134539434566652
-0.064833833315011
-0.09600544764219236
-0.09899146154905435
-0.0617183402759159
-0.10450548147558045
-0.07233316568895176
-0.10199130692582725
-0.08220071854823634
-0.05638693152484758
-0.15344826508293333
-0.15283491018565562
-0.07485583092031285
-0.05638444092982759
-0.03717800115323924
-0.04554637672640778
-0.031091819879924577
-0.024230982330035237
-0.058340463634314985
-0.2686987922678531
-0.12220845881416026
-0.13937028139702676
-0.10682617447847309
-0.1212751503127546
-0.10430537060384247
-0.06104700175532288
-0.05706259792342634
-0.05112216581480432
-0.01597898780163329
-0.07862739346103527
-0.05565962990368797
-0.04084406028596738
-0.10353776738449784
-0.05173870404193554
-0.07475084017486293
-0.08033935006670015
-0.11569906855441481
-0.17741355374295054
-0.15707383845304632
-0.19288692203340568
-0.11941031559606399
-0.11991948577209945
-0.03818850768701485
-0.014583577613481854
-0.03878464933390757
-0.02836844038337646
-0.01794155412985136
-0.026850368467212046
-0.10616120266943016
-0.09244398181921319
-0.06415317643353058
-0.05633372849526147
-0.03522586231032593
-0.01800265639680763
-0.08099141194758173
-0.050322058061958476
-0.0944420827984191
-0.06180227907460896
-0.04068393842379961
-0.0683926674100343
-0.06577060320971233
-0.05065936489789572
-0.04243534790569136
-0.03192658530912523
-0.355771230529201
-0.26814571176321067
-0.21928076621373
-0.24433846814965857
-0.2143776614954056
-0.1740469767918476
-0.1548194168079233
-0.14313004731257045
-0.18530270466881782
-0.1702299353293662
-0.1059220722866102
-0.03538218391243775
-0.03679036812011768
-0.0448037829556305
-0.0240610657625066
-0.015538958297120065
-0.02152088515968026
-0.05894724579035802
-0.15089423244985126
-0.06286996215650889
-0.06913939803238693
-0.04109291731131256
-0.04169167781971819
-0.02041157178850396
-0.08657236662276802
-0.05307556160932237
-0.06828628687089866
-0.04544542762220339
-0.059886591919835974
-0.03824785752608326
-0.0458721366511221
-0.1077488031754988
-0.05973474101042468
-0.04965629455460402
-0.06680214235359244
-0.03127036490871349
-0.2592118622073883
-0.11218452237752155
-0.10476134687559978
-0.1192229210050296
-0.0880858143524129
-0.09056681863495794
-0.10017620071235835
-0.0800682627101195
-0.10684902794665939
-0.08778570712050912
-0.07311990828096208
-0.04212351991670484
-0.01832439524480497
-0.012990560618770736
-0.021933804396559325
-0.04956781015955493
-0.031635605019693924
-0.06002861524594023
-0.20418059970951766
-0.10483545365405954
-0.12060871861882605
-0.10359876836571874
-0.07480141932518625
-0.057281081834914566
-0.06285926430662936
-0.0661692178282374
-0.055334520477118836
-0.12262014000459368
-0.11081443637260191
-0.09169967669388226
-0.10080860827211177
-0.07411450608964563
-0.08020821807264868
-0.06314775129637391
-0.04254133008346208
-0.07229552294642577
-0.05994656017128838
-0.05756450306356894
-0.041655848888804366
-0.02662132028999022
-0.005268233308621196
-0.03828214536692033
-0.027632150629017152
-0.028899296015417023
-0.016954739564898593
-0.0733603384316053
-0.043736521745677354
-0.025396219404890247
-0.035781252647674636
-0.052396224880575666
-0.05570011965300897
-0.05004814132559885
-0.05901407935398504
-0.05425521371130237
-0.02426952786307381
-0.026548938768004217
-0.04101871972679334
-0.026804092030996957
-0.014017152047326755
-0.011401903732186403
-0.025941869310909367
-0.03542917792523562
-0.026360893180087507
-0.0903196710164384
-0.05095817872898137
-0.05791612983891215
-0.01125208271600485
-0.02098343145835987
-0.049467514002198246
-0.039988189957318676
-0.041060510260217724
-0.04065069798219968
-0.14130128624685925
-0.06878484953669643
-0.0773011176535841
-0.05146052300516559
-0.07570395062113329
-0.05017816582048243
-0.03735243932281338
-0.0609370293883891
-0.02164191223895386
-0.06869220828049276
-0.05488705244513562
-0.08292555482730216
-0.11974076188975771
-0.11229349010373368
-0.1125659118262451
-0.07001712359208233
-0.05399941324464849
-0.06749965006172796
-0.060873972140194466
-0.05970215416939952
-0.06886515000197967
-0.0578835134804299
-0.049895939383972215
-0.057965426804847175
-0.03026789340641764
-0.009695450646495123
-0.032692862980997855
-0.007809560870143301
-0.09276770782258686
-0.02073968353743229
-0.05137864009436931
-0.034099096815697796
-0.023784134376374094
-0.030045729219042642
-0.013792060167477973
-0.008351062857321078
-0.2147186835600724
-0.08212699806756317
-0.09270908783917962
-0.04625319860746256
-0.05478882463683948
-0.10547133186784158
-0.10586926546570832
-0.11910028167272511
-0.12323890037330001
-0.06473688535457797
-0.06673548011653144
-0.04570918674432427
-0.08024780627603117
-0.012976053905492313
-0.09280464147005535
-0.0107678910190197
-0.06696432507333473
-0.04525994472976395
-0.07042588145295534
-0.025826724618147952
-0.0345818562434201
-0.042067486849142646
-0.015556070221675319
-0.027724412486010694
-0.021631918171177954
-0.02834230843089758
-0.020595984101275173
-0.1570120460535814
-0.1074916999996327
-0.08273617988389492
-0.06868256265369281
-0.06594642481725174
-0.026005866865648902
-0.03669459097493989
-0.011894599569594953
-0.025193365950942386
-0.04703562756341014
-0.08027136998640308
-0.04785721912031268
-0.07985752177493782
-0.056002132385776976
-0.05298444202430605
-0.09448431301103878
-0.059010939170400956
-0.05295512494971061
-0.07272725498611557
-0.048505309267220825
-0.04692889980339449
-0.06279176876614967
-0.055482491191390634
-0.07067947153713852
-0.06144121492035553
-0.04290603315943085
-0.050249641416543804
-0.06214628441842827
-0.04762774304748887
-0.04811018226875311
-0.05565899474201654
-0.08598129322734274
-0.05011859330366322
-0.05003837159427328
-0.07237033535954875
-0.06412291638208198
-0.01894150101790079
-0.04450337931886978
-0.05620960814907639
-0.01983586386818627
-0.06366897557522043
-0.050544241687604276
-0.11728014784245386
-0.05438036055633951
-0.06510554535687843
-0.1274359288243053
-0.014581599969847805
-0.040132804975603946
-0.05837718222420913
-0.0628252705190342
-0.10466828427082565
-0.06998706780324913
-0.08341359005424019
-0.04601489220752696
-0.1397527460482233
-0.07119535243912316
-0.07684151543782228
-0.0578843449131248
-0.03839367408538281
-0.010983186430771903
-0.06127446630177112
-0.023635977752248884
-0.06392961425593653
-0.21910235753193275
-0.10126455139014007
-0.12220321807361521
-0.07992358926443904
-0.11237663351202253
-0.05929654407222087
-0.0858288726143711
-0.07616608574401504
-0.04632529413661657
-0.07472220055757435
-0.05951462203598708
-0.040612442344187566
-0.034797501608635296
-0.033361956359272374
-0.027095961529380902
-0.031055711176562115
-0.0513783195674838
-0.057242041520648906
-0.12271430253479049
-0.06184979511770259
-0.08647848492110985
-0.0580431616978976
-0.08302615813328411
-0.058128410101986785
-0.11204512520308477
-0.08599824902511222
-0.047846775178769466
-0.28426169993365585
-0.14362169076659903
-0.16883926776398392
-0.10619035166700086
-0.040685108150322974
-0.06914240726776888
-0.08117908923740841
-0.09367011470347991
-0.18362757498135468
-0.1304754471549639
-0.11790352158190029
-0.1278773295540307
-0.0989838991233433
-0.11824300642397145
-0.13444605003758422
-0.17343526662028236
-0.13543166264404186
-0.1477796096726664
-0.13109042096719384
-0.07714379454607903
-0.055082006596600556
-0.10502201324273182
-0.10670489875664466
-0.04371405010839648
-0.0693023732897073
-0.05235729235442775
-0.09911105277228614
-0.09476841350388501
-0.04873872535674728
-0.1205219589367384
-0.04533218404743341
-0.14756458854898485
-0.09003081829375378
-0.12566090367017654
-0.08119592748774906
-0.06749803380254729
-0.2925948296894086
-0.16364889831128057
-0.10413404154451168
-0.09369412149170167
-0.09604281158343973
-0.14064405951152115
-0.038164561099183175
-0.061753316966385696
-0.10632837827407075
-0.22591273149694288
-0.1424407458794461
-0.12754028128553904
-0.12675649824298516
-0.1099258224150514
-0.10996666914834641
-0.09148876605651052
-0.028587314480407935
-0.02432562348871844
-0.09339104682796573
-0.055770185815416394
-0.08595717886744574
-0.09741933516651274
-0.11515286955633322
-0.09348988281240342
-0.04045649104660216
-0.04160742092156235
-0.08841376142994598
-0.12532074127293172
-0.054281961267699984
-0.044814302262315274
-0.07116693682169727
-0.03490059187332021
-0.04820199024748249
-0.03844457998411245
-0.038194335575281214
-0.0076090625482616745
-0.1668828365442456
-0.06084345700119971
-0.07172154720356903
-0.06114205488321286
-0.0588178107940766
-0.039351140921962055
-0.03284614934485038
-0.04153705817404431
-0.019478971644257173
-0.103852698292041
-0.04243393743202882
-0.09808263607686867
-0.07285780673780276
-0.07828004020148899
-0.12165531008083835
-0.10599618540477332
-0.05547124183799104
-0.11822430130302071
-0.10179765646187619
-0.08450471569210782
-0.03691258117830908
-0.08797956280743455
-0.10739334363549027
-0.11967221783575
-0.06151177184703562
-0.09161815700513432
-0.05092148062450061
-0.015072822393030665
-0.06936246419315645
-0.05803695008475259
-0.03871453456812387
-0.06103673594415313
-0.039683576180543606
-0.03266912711973079
-0.05060431046818633
-0.035504968737403324
-0.16622517834573833
-0.06449384919194615
-0.09204092444588904
-0.07088400447471971
-0.11080256255062355
-0.11158164194719165
-0.09299863323858189
-0.03446486988757001
-0.08220134139264657
-0.07571546222079185
-0.04323840837836133
-0.015692393909493355
-0.006017177717982994
-0.010665922866024309
-0.028920522955333705
-0.019078013650287308
-0.050770984833259133
-0.061400541020862766
-0.14384077310751198
-0.07599276089051375
-0.057059689266944845
-0.07302570702431972
-0.05640176882515785
-0.03933116358450746
-0.024898387045512064
-0.023023526508061123
-0.01229794419246492
-0.1313614432329624
-0.10858566458397068
-0.09867134164950492
-0.14382883871531646
-0.0890079671659209
-0.1349290638392167
-0.07995302646138346
-0.10967315888113116
-0.06279440741767965
-0.11189744623082842
-0.08384738492145362
-0.04889613960716762
-0.06341816376232419
-0.03312072900351206
-0.05909920930038634
-0.060102333934938135
-0.035457167446913566
-0.05596860813367777
-0.10239795845832506
-0.04236225620178544
-0.04286028652003919
-0.07217766327138812
-0.009257314842383783
-0.039730995256240485
-0.03234613053943038
-0.07772881580356594
-0.08307609829730413
-0.23842154363862642
-0.09767628553287092
-0.05733631317914164
-0.10125096055907169
-0.06012501487714412
-0.03990261568973484
-0.09580485893381441
-0.08121406139646077
-0.10395813388282947
-0.04387984737818975
-0.042811170481737465
-0.02073808826146042
-0.0446724564874096
-0.027854519075537296
-0.08545841484622475
-0.022772079386813346
-0.061177492694002
-0.04893942850005628
-0.1348842706380282
-0.12413159387722988
-0.10808878961379383
-0.06248259431168083
-0.10091073393545535
-0.07038874565131867
-0.0651680624502997
-0.08559706782747037
-0.09041620176328034
-0.24024296575371498
-0.09391948695899564
-0.22327090858231094
-0.1556207216925542
-0.12772664727318866
-0.1117094741827595
-0.05998826701765015
-0.09279753142304649
-0.08345602150294197
-0.1380029633149204
-0.08389149389012214
-0.08106032519875414
-0.08773259096077311
-0.059379658375933224
-0.054027081366899855
-0.07262866342154334
-0.032054516626096534
-0.042814675412230295
-0.07741409249819643
-0.07002009654665514
-0.09229121032798214
-0.04426071663126693
-0.044549653645878755
-0.10288977554650776
-0.12694118893068498
-0.11427985794994852
-0.13808492373227294
-0.07157273755886147
-0.06481068534883039
-0.08945262760969512
-0.06688748064337922
-0.07246885233974595
-0.08722239123928416
-0.11071826219755619
-0.09334974488848206
-0.07916962000192992
-0.22303031119703257
-0.1359521292860698
-0.18061435535640874
-0.17762852694416084
-0.15186222174885627
-0.14080072607474506
-0.10401780938867024
-0.0803442761164332
-0.09823211944975567
-0.0820405749977075
-0.006088220846226119
-0.03195764039455745
-0.040624945548314174
-0.0414790968647916
-0.05513935997492973
-0.054697661610920954
-0.0500674209866897
-0.06355871859232891
-0.15956041271648405
-0.14380297346700352
-0.1564665162018707
-0.10320297147735547
-0.06499263821532594
-0.0683921592983914
-0.06967377346230126
-0.045286887122639986
-0.025986950652582965
-0.04363402767665337
-0.06083541983956929
-0.030529827837232952
-0.04221519232867453
-0.04055423916141749
-0.04085430392135464
-0.02861963948540894
-0.03751584263892409
-0.016702962485730707
-0.05942999515337891
-0.04750117989210717
-0.06097158616815244
-0.052872400570074446
-0.06273736926050322
-0.031662156020728846
-0.08685332945714071
-0.06080376502424325
-0.07562397012328768
-0.035352013126157995
-0.061667820477195566
-0.05953547244454094
-0.07131780555547212
-0.05165277081182377
-0.07322397316916256
-0.050488434067911626
-0.07515167365628014
-0.08935616971616929
-0.21897603003354557
-0.058303168611125195
-0.05413176041660617
-0.04031265153435068
-0.021385636714802075
-0.03984477000599639
-0.011006170478473127
-0.06840391119072559
-0.0290570485436926
-0.2038044473439904
-0.12151282460838372
-0.2393791794241496
-0.14719371651075283
-0.11026277590687367
-0.11542355466083014
-0.11421796245290337
-0.15432952154944135
-0.044121280409526446
-0.29037789008206394
-0.15919656874604024
-0.18898926992595957
-0.1783335288809571
-0.1616320054725674
-0.10406500740211813
-0.12913735644771013
-0.12218134274117931
-0.10875327699787765
-0.036324179281526654
-0.08321617422531848
-0.026320954238847904
-0.031492447409410554
-0.06044583418490153
-0.054342583591648334
-0.06327844887126892
-0.027841868256946976
-0.02377620980058103
-0.025712335533263086
-0.04870579154272451
-0.07094904641384846
-0.023366742370543175
-0.03343666461681638
-0.01740232415026267
-0.042586948664489345
-0.050921884551757605
-0.00972899964488644
-0.05372459630899102
-0.06043101094294686
-0.0455910994392024
-0.07561500010623351
-0.04559902669618858
-0.04150263816486926
-0.061754642634752256
-0.022764479435527184
-0.017704688980661267
-0.009136196392180855
-0.04122730194892489
-0.026459947457607984
-0.018330671238929976
-0.06295406192914894
-0.005719433392084835
-0.028800658463854618
-0.02557360290610898
-0.019749557041415868
-0.021407459551875816
-0.007083611548453783
-0.01401134576796958
-0.033305095505338944
-0.0034155867834322136
-0.02518170615947934
-0.006718697656438027
-0.03268692981983392
-0.007800828831729109
-0.1018973775606366
-0.05590899977068981
-0.04513720777503173
-0.017295476171638898
-0.01442301138026825
-0.0049075897390292835
-0.014414412580977965
-0.03707328315483631
-0.0229630297891865
-0.06148695206938442
-0.0039831819281396
-0.017977137468038404
-0.021720248737867053
-0.024044577175378692
-0.023347857868132444
-0.017735706153430092
-0.016364451718939223
-0.024515537018447366
-0.1238601850344703
-0.05853424334450966
-0.036114164385968456
-0.04165485117449048
-0.048432211526162346
-0.04696206270410718
-0.01959264038887876
-0.014780902150599897
-0.014776782363181501
-0.02440292013903159
-0.012430451077796922
-0.012465152941680687
-0.014012049774120324
-0.01894251054234384
-0.000920120094039497
-0.024576155802200936
-0.031087365646701812
-0.04006818756841989
-0.07042071751176496
-0.057198784637861315
-0.031522282407881685
-0.022045180713040773
-0.008092441152333475
-0.0027072242694480037
-0.027802558842702208
-0.021768346216756808
-0.06391004532582806
-0.08282774353752784
-0.04488792263360403
-0.02279452104271147
-0.023755893764515194
-0.0311114190748396
-0.010417547992951259
-0.029849449840899475
-0.03139201465201999
-0.021470285192786955
-0.013359930281487542
-0.016400946964726115
-0.011672235009530773
-0.011304420012000643
-0.023624320739264543
-0.009777202383913896
-0.005726199485418644
-0.019089190095648457
-0.01611800479269611
-0.04889181277071674
-0.023405337446303513
-0.015994106198097095
-0.0034943738989519713
-0.007886273556386337
-0.026088635828331277
-0.019941529619720972
-0.01839859031583565
-0.019558194371108666
-0.017160133853366698
-0.012205727826071882
-0.012952888548322786
-0.017759552647203553
-0.008723182614113548
-0.010213743516843834
-0.01871593892846542
-0.003960893678737344
-0.008974370533995883
-0.07589777708816654
-0.02978310782932011
-0.03520928111705812
-0.046564006455585505
-0.02684462374990756
-0.02121576344662557
-0.04775800520720949
-0.04724981819976324
-0.05669400767998271
-0.04442319828561078
-0.03263502400524641
-0.02901751472803836
-0.026227332705359763
-0.019529202507349807
-0.03907789969848058
-0.03439088286090153
-0.05514474540566962
-0.029286721032491938
-0.00044699631700707474
-0.01689501019587844
-0.017342469460720586
-0.014993156882740047
-0.02602909882912525
-0.025257276509673094
-0.02384039037720317
-0.042986514922543635
-0.017739175145161164
-0.02659120980224799
-0.022293298567669404
-0.01978675578839624
-0.031869665338248976
-0.01064398824015899
-0.02356989418040157
-0.05443070216187681
-0.03369015664125493
-0.035548612297200355
-0.06644063146683912
-0.05130217705667498
-0.04643949253731561
-0.03550290346956715
-0.0055779242874781755
-0.03709780013675892
-0.04070704820650273
-0.03131897708320704
-0.024519092636169044
-0.03591918919622153
-0.05369634111941461
-0.062025641033894685
-0.028126520987027226
-0.02339867785179915
-0.02171058377124775
-0.03043454650751624
-0.03366089239969972
-0.026116489628163687
-0.16163901021924673
-0.05166545129062888
-0.061751285447701046
-0.02542847420847601
-0.007374464770136204
-0.03547307902432152
-0.03761729628631951
-0.047404210983104766
-0.045461078928743376
-0.03267041593698071
-0.0485825914830235
-0.043270439890372915
-0.06168737665173308
-0.0458719236514865
-0.013840118511293725
-0.02867956558922224
-0.02532176309515361
-0.022511057376096107
-0.03405719594205787
-0.005804129828995184
-0.017118788047045492
-0.01955883933862481
-0.005490080047631338
-0.02510837793892427
-0.02067971817010599
-0.021505214349834788
-0.014515996086374652
-0.06515675768624722
-0.05118785835904949
-0.059808726563971334
-0.03516880144670833
-0.038816399809966144
-0.05328619683538564
-0.08041992119308233
-0.06644378117858668
-0.09200667483202336
-0.04306222662855942
-0.03943719294483039
-0.011599260579295513
-0.020580338775199748
-0.03570724926867287
-0.013410830737050294
-0.005180000628566012
-0.02633703952907551
-0.03954619682009101
-0.06169944774196549
-0.026743688848829994
-0.032465786886031536
-0.013433700769798386
-0.051577740741606426
-0.009877522413167346
-0.04338077740621578
-0.04648482060415564
-0.025685577648372312
-0.04167062244664729
-0.02640458126939274
-0.03997469097558248
-0.03538372868244191
-0.02099713431550468
-0.014668520279567715
-0.008422464910686416
-0.01759335345985567
-0.020738430030996423
-0.05331512774918985
-0.002366991178125123
-0.08510989346953818
-0.04822554544830431
-0.03233227543625072
-0.019177364109021985
-0.03365207930866273
-0.017964069777046794
-0.021574657622486608
-0.025092806244594822
-0.03988967037290081
-0.058710259725544195
-0.03290276574892309
-0.04729984245636741
-0.024698067520841284
-0.019773434917483252
-0.007243414034024574
-0.028799373218364316
-0.025890551980161096
-0.030715590280172678
-0.017668912521843112
-0.020017638254693212
-0.007168844377477969
-0.004620923007862417
-0.00559686153292532
-0.022170346522831282
-0.005070624818750767
-0.04283442758504464
-0.03393542968936796
-0.036721485632607166
-0.026275378067747386
-0.01231590703644733
-0.006380775758978251
-0.007991012884037951
-0.0288177824609349
-0.018257825299953113
-0.05715013258806186
-0.0191705309530928
-0.022750112105429897
-0.012894838641323438
-0.026768171413600824
-0.021403390329777845
-0.027926973820296363
-0.029046044417748326
-0.04770478919193531
-0.035561342286465354
-0.032112851588499094
-0.05448649343212195
-0.02382160598894383
-0.01968709819660004
-0.017253598678435934
-0.04321171749486941
-0.01904242666044777
-0.01670962708590241
-0.026157535131543955
-0.022362035832299218
-0.02283216343274568
-0.01814095989325602
-0.026517834637027473
-0.026477937588682814
-0.024588516157243587
-0.043618295235584685
-0.019207727003584783
-0.06577038105737582
-0.013090563861264256
-0.03381196022304881
-0.03172024571602909
-0.018318487624689128
-0.006889842131090522
-0.009940739363378054
-0.01279546401461305
-0.02741775605936152
-0.05208382109490962
-0.04792730179369509
-0.05633091122067156
-0.024398568717718307
-0.02394200627166724
-0.016517508839720984
-0.016745820933942362
-0.02086994391788982
-0.012889670731094613
-0.027068378353522198
-0.04795074536530481
-0.03216737273923591
-0.025053271610556913
-0.020718948174736133
-0.01890601388447663
-0.02320572611995592
-0.021331500665769512
-0.02116816116491631
-0.024004618887096183
-0.011356659125736008
-0.020147943242097607
-0.0171338675074085
-0.02244299168480406
-0.005075276701286106
-0.005685419614297748
-0.005192121458399991
-0.0025890989654212284
-0.053249974116513187
-0.035650717993594996
-0.02369500372493571
-0.012032111234844371
-0.007544077524618521
-0.016877125933955277
-0.0026713317612914547
-0.029961284069254312
-0.03173814637280156
-0.09898032311978455
-0.0497843014765818
-0.06531383806545742
-0.05557153805256969
-0.05560732728327903
-0.04540383248373423
-0.028069206546953232
-0.026520055879849718
-0.03485982421361524
-0.061858976117594354
-0.03698218317810986
-0.031538906936049785
-0.042120871782198296
-0.05591472258711552
-0.059477139570168945
-0.04272432130559901
-0.03620952890697714
-0.008553470116487029
-0.017136229572931153
-0.025183904514848757
-0.03653272805965818
-0.03404288345170843
-0.037967332281127336
-0.07501499122185652
-0.05822915255282997
-0.05517793561531844
-0.05087267225614398
-0.047461069546578846
-0.017889759819570437
-0.014084126486452587
-0.0005766665202441902
-0.03955068095824128
-0.026851847683191616
-0.03819343256292828
-0.06641560730104829
-0.05395304828822316
-0.015410752475229576
-0.0420999682267453
-0.03633192945061295
-0.029736763866281657
-0.027860040866453425
-0.031085809201399816
-0.04310851754740862
-0.07121670985491738
-0.042657856737365
-0.05814025150344025
-0.05075166081294607
-0.03892630479490593
-0.04909674363823867
-0.02322601022785524
-0.0048566378261633
-0.04449817474076467
-0.057029920955680595
-0.06922401564100934
-0.20253415514217615
-0.12048468811402041
-0.10107113579575071
-0.11513874307031041
-0.09489282365309147
-0.07126780386132094
-0.10687773974790306
-0.09417479795959414
-0.053367599193450584
-0.051743623669424255
-0.026511412940326815
-0.0217814499852228
-0.020568504419937742
-0.02070473934371043
-0.034073568960231296
-0.01691906748346372
-0.034593899685015604
-0.01939922264936619
-0.008802635856346714
-0.006400054862967862
-0.010795697002077425
-0.013934118043691523
-0.01083421623588473
-0.013341149928132606
-0.017798998294948996
-0.01968735204748769
-0.011601243007257976
-0.05057282113247618
-0.023936179805208176
-0.027422151045493958
-0.034383535418408315
-0.018681340315951128
-0.02828309449326087
-0.03711991350133996
-0.023867581353662584
-0.020646944840964934
-0.06904561837590803
-0.06535987711153443
-0.057298242165849944
-0.07790793399150316
-0.0780806015550484
-0.06827820619558084
-0.08688461385649168
-0.0663126526792248
-0.05039783624825597
-0.07874542293985588
-0.022554404777800352
-0.01691392329103133
-0.032341493012564664
-0.025433543513620704
-0.014804241904881226
-0.012175177725955276
-0.0120599337461974
-0.016405984568773072
-0.02322619005069234
-0.012382508323980948
-0.011561502707028654
-0.012415603917530686
-0.012869771861338622
-0.02714691424798125
-0.032819509785492494
-0.04923643852304215
-0.019150069268266276
-0.041724805933898455
-0.06912269537547222
-0.036723568282422896
-0.035075096836694866
-0.027458938132227752
-0.03679874958009771
-0.039635844783596386
-0.016047184201061326
-0.0395660300012822
-0.055020745045314505
-0.04287123578704642
-0.03784095789749906
-0.03709018621456624
-0.03358991106056267
-0.039048731606599454
-0.042620895947844004
-0.05258904418133584
-0.06469101073748877
-0.13020151952970058
-0.05903906770974506
-0.022377392849546672
-0.058375229658847616
-0.05105695585630635
-0.0615742290830473
-0.043793211946947366
-0.0265475833239494
-0.03606910702621613
-0.09543627940916447
-0.016036967663810565
-0.045886704845391105
-0.064112986375228
-0.065560358823699
-0.05216178751158098
-0.044099069868367015
-0.038261535516418727
-0.06283916726244682
-0.01391000982863373
-0.034656709859190594
-0.007655091507014778
-0.00806812688332318
-0.004114966820726665
-0.03372047876556901
-0.05665982601269454
-0.04993111208382479
-0.04694170389934614
-0.11064617757113973
-0.07233532183166366
-0.06461813822808155
-0.07781131291281836
-0.04862132479493634
-0.03734274183227955
-0.039506010087887046
-0.04018968342262588
-0.04497752298687914
-0.025981279369645425
-0.021871562338779217
-0.0077015324329161835
-0.035933803335532706
-0.027443752332774938
-0.018416666052113447
-0.026016090142985233
-0.015142106146778923
-0.03923321251317187
-0.05919851430693492
-0.044153189679419565
-0.05360988097749406
-0.05047712545711521
-0.03666111545169775
-0.034479217559924065
-0.013006528940878871
-0.03796831055903562
-0.02601320467437544
-0.0621407964851773
-0.018296504003064432
-0.01304944503284227
-0.013613392818936127
-0.01759268208424414
-0.012152194823325803
-0.0380941377213275
-0.0280901009271924
-0.03042331878863113
-0.033473161890164166
-0.016682885965410652
-0.007842529789706072
-0.018482763955929574
-0.013622216121373319
-0.009645332479944887
-0.036790882258297374
-0.01625330439162531
-0.01677781912606923
-0.04327191366071676
-0.05196845691466126
-0.03841624520854378
-0.037565533047141456
-0.033452922959973715
-0.01947112330296319
-0.023939944219278555
-0.032239221411030326
-0.012123885621689775
-0.030562721274573462
-0.0071946692511263835
-0.019455226267657232
-0.004815603840841195
-0.017737909486302245
-0.016282335061415996
-0.01722227893609076
-0.018167360060683493
-0.04004293695286877
-0.046778297827968524
-0.05773994187672797
-0.06223924415831431
-0.05193549200222148
-0.04213858924501768
-0.027201064441721514
-0.049760785454284
-0.021155488449291427
-0.02621378468923886
-0.04688270288444802
-0.01988142646821065
-0.007707572903793027
-0.008302778963594578
-0.017861841707068952
-0.01150775043016457
-0.01226140605035983
-0.019263251101620946
-0.012016374831988941
-0.081960128447131
-0.03728823444417304
-0.0598929501612442
-0.033882516906682265
-0.044275843315766485
-0.019143460345427188
-0.030664427370669815
-0.04560079351111917
-0.02907357151450704
-0.046854291103942305
-0.04453972482038659
-0.04990003898587608
-0.0764643359158602
-0.040121515953866815
-0.03242999884194846
-0.04483544370390046
-0.042787043020803994
-0.03810338356026056
-0.11037147794882449
-0.08039970049893348
-0.06158533489095526
-0.058152965906498065
-0.06746120863539341
-0.05197371975718604
-0.050895290486474565
-0.03927717797441895
-0.04179033427947822
-0.0520783346502682
-0.04467219363054475
-0.03651231822872409
-0.03284949420697469
-0.022865095196958257
-0.03292848488714968
-0.02775055574660435
-0.029574242485845472
-0.030977001649571487
-0.025482913167518134
-0.011048728092727592
-0.003993965485715983
-0.0068428991734888565
-0.002831835612856503
-0.003948921396973529
-0.015011499982692215
-0.0151802282964516
-0.007796728121177735
-0.020814256640518364
-0.00396906482259769
-0.014313171870129378
-0.012689998426262155
-0.004005387534849518
-0.011476803324662872
-0.012092262218894981
-0.007485679220515777
-0.008799399816606775
