1.7148057825147587
1.4009764567228733
1.6038860286934131
1.3229711553711858
1.185840789448942
1.3905336678687854
1.1840043744630848
1.2321941078791085
1.4435708842075194
1.441793878522549
1.668785932918031
1.212791424658796
1.2581396333744719
1.2282870350806538
1.2243249146277384
1.264730785269706
1.3287762432231323
1.21652590545963
1.1329904608067196
1.095741984586399
1.1165987372489539
1.1219612928610272
1.1267708305035413
1.0978658825430359
1.2133085050276435
1.1495189972569038
1.1417671988883216
1.1041299762541772
1.09885748183582
1.1722188216694056
1.188896620875491
1.1515891516880437
1.2141924735176899
1.2195223861246471
1.1687624216003552
1.2041840435268567
1.1080023636898546
1.1502161171218361
1.224513510690854
1.1478241316065163
1.1135042361055871
1.1617037471490153
1.1098733814126531
1.037169807480709
1.062466574086606
1.0394907646593396
1.0945487393604487
1.0703082991137114
1.071408684749672
1.1217583757542609
1.1619139685925874
1.2109234110503242
1.1381604721037177
1.1431462508864383
1.1474218904227902
1.136275700260801
1.1630495130212142
1.1534490021019994
1.1659809508325725
1.111946414624154
1.093447566140902
1.1581939822476708
1.1407594000603607
1.1893884704515012
1.1690975355236177
1.158313385388835
1.1650522291606096
1.2393368781468017
1.1887937115271783
1.2109864774046755
1.2247055048963558
1.2142740888058183
1.2645152206102646
1.1826040446279869
1.3100837279917332
1.127250430360282
1.154104736027837
1.1566861672957902
1.1870898867244088
1.2327623319835084
1.1970194958262657
1.3280842218917077
1.3670089552777531
1.3019305979593794
1.2042347968612888
1.199935733473131
1.2819485505951602
1.2812248635910495
1.3267909989725797
1.3020193923454468
1.3568708911898173
1.3582008159258492
1.3311394503643927
1.3391929130413245
1.3393752696298873
1.2863108434768804
1.2889593157752777
1.2307588900001933
1.3141306987142278
1.2901596851763475
1.3703885508086917
1.4753828059840322
1.3702992971630423
1.4118989432450788
1.3206149295725187
1.2076525992273062
1.1858280236381114
1.166817630160749
1.1497370943348197
1.1919741330553069
1.3005207328181245
1.2825615651717166
1.270297718537909
1.296096560819794
1.3026652202421924
1.3367315368660837
1.2444394851909182
1.2776984715728792
1.2484391847963459
1.2516851234783608
1.210706709208753
1.2910887716660162
1.2461858653655835
1.2081614864682744
1.1372604912425297
1.1299720909760747
1.0906304659799215
1.0864634112146554
1.1456001712096129
1.1336827080427458
1.103519625464909
1.1292902028135814
1.311434397498676
1.293644290322713
1.270527919052301
1.4281962767570884
1.4190494249101755
1.3743705046714827
1.3357154129626208
1.3446020697971082
1.340513844513448
1.467993634030312
1.6054120197099577
1.507229149323383
1.3768772440490797
1.3715952222254073
1.2674813384462884
1.1935714392304944
1.1459631169719924
1.1511437105840001
1.2084634366420186
1.1836618535272736
1.260324704565536
1.1901440371651317
1.1728815095904337
1.2714002795927895
1.156125714602281
1.2128914080200808
1.127244149864008
1.0535300790984512
1.075122459986979
1.1495597166483775
1.243599463091084
1.194440700078543
1.2345455569171386
1.276272045846635
1.4192230615506476
1.202884630993368
1.1777558620035258
1.2660158891959814
1.1101129122442566
1.1578165702848078
1.1484801528609225
1.3126386421124714
1.271687691870813
1.3275700979657585
1.112145558643267
1.1358933298915266
1.0985928654092687
1.069077551120932
1.0555995338609179
1.0400220417396093
1.076951643419546
1.1481407631649452
1.123183815793544
1.060522744880164
1.169625167380263
1.1333758993827538
1.078584906678301
1.213862328043677
1.267979662204973
1.1858865872499191
1.2912034671922754
1.1522857349414541
1.1911691786254552
1.1680184228437307
1.1090748388395657
1.092848473516976
1.0685098857123627
1.0317501107140319
1.0769123593078538
1.0774686897334609
1.1070628139172085
1.1651050675754808
1.1784085492444876
1.2061255798787078
1.1618629692348459
1.1278204346141882
1.119525329608454
1.1218400043615646
1.159089327013766
1.046298635544706
1.1210410766894174
1.0796984148296427
1.071662267435397
1.0884105147137864
1.1476492831957688
1.2462340347752372
1.3129792426839733
1.290745249629143
1.436709154637693
1.6041036493375829
1.3972994914085772
1.4247312417118039
1.5989299113300373
1.3932535985355772
1.4503979892500543
1.3172784674020332
1.3931593334966486
1.283688896986236
1.3146075529407557
1.1969849787550346
1.1450189000562232
1.287028371129252
1.2997153444639629
1.3799139353931311
1.2076038181393023
1.2938189260806388
1.2588364609425091
1.2122348436001429
1.1684663564441544
1.1321421594193823
1.2212986018433187
1.2953511820655208
1.3916622155888385
1.4356863791225927
1.398349439925167
1.2081263890576157
1.3905499523157225
1.2780883442221351
1.284857301734868
1.311683518203284
1.2940687993350666
1.4669415715846337
1.7350407403965051
1.952925127630427
1.518091194922992
1.5452095147533578
1.580386246985405
1.641928729003317
1.4378041212174517
1.5663813771283397
1.4700919886384831
1.3945899881575128
1.5434109787763377
1.4676750009575286
1.273384124555802
1.4413020517738047
1.3583492368055492
1.4559235974775318
1.4541677725268987
1.4201577179214502
1.382253800491534
1.1298838790222874
1.1489924406250576
1.146858387649517
1.2635836592571175
1.3140201420212763
1.459104919200188
1.4971731346577868
1.2444855029584052
1.264294800559333
1.2409042330275812
1.3035235794971474
1.55824263586934
1.367356842356514
1.5623709267097412
1.337245122428241
1.5325072614369584
1.3173397749132536
1.160263942151378
1.1763245515543648
1.2915589005165395
1.1638890490024663
1.0717552259288021
1.1327273782785772
1.1334689349427476
1.2992096340543897
1.239736220382355
1.2673582843082074
1.1937816410932054
1.1536438262670572
1.2668921119411374
1.2004600961913665
1.2564557309670112
1.2847514873838475
1.2541133386165126
1.1749193120499815
1.198387490348326
1.1972353322958802
1.1436378718401916
1.1885858500831863
1.2018831896425324
1.1965920690789422
1.1040812226308936
1.175892903413191
1.1467627505699423
1.088395402776731
1.132270271850195
1.0853816434769978
1.1544380326464212
1.095397966988195
1.1522235727260157
1.1635428887023453
1.1806496228823824
1.1444561342154915
1.0875551318582362
1.159868894817368
1.2576727846608333
1.138365198566204
1.1845744995985652
1.1956508063252782
1.2473679490695098
1.1422515570757457
1.1355690084915446
1.2811233221987564
1.373442930127369
1.1946823562955762
1.2470276293406988
1.268417060373779
1.1853159064975438
1.1859203784661265
1.1680523765076045
1.1406445787929962
1.0653145224395695
1.1118964197512513
1.1271680196748195
1.1302838348879365
1.1370030742242332
1.111148073186543
1.2939620207611537
1.1950107679646105
1.219421664915134
1.202115064259175
1.253202960717001
1.2534893070458646
1.3718908168119228
1.5619824819197674
1.3089273302334943
1.2417045496193855
1.2921548109826166
1.3313991645135712
1.3574479100671228
1.2475100601379732
1.1977095762453844
1.2369482275603143
1.1193971284241786
1.2177358515652796
1.2218418573943524
1.24025960460005
1.1955998474783258
1.2926583826736828
1.4102244287496501
1.3223160290656892
1.3676855495509916
1.1675582727086566
1.162213831926558
1.180640798254934
1.1435508975400963
1.1330385567345187
1.1126847772008444
1.0680172169383209
1.1205900083794593
1.12977797254755
1.3354291373581726
1.2394283980953074
1.1326276636625305
1.2541377740570423
1.1385046994575294
1.2013549398884495
1.1772104754476977
1.0892865605373125
1.2045130698604156
1.1166750105258376
1.1299585594864883
1.1090434891557646
1.1494394581214589
1.0973181288898646
1.1027948611245502
1.1040623392252253
1.076530943442922
1.1550341481175752
1.1117335263907508
1.1168991954769134
1.110727775925441
1.1801309173389913
1.0982336902009302
1.2807838340250952
1.0767409601057223
1.1287058052525014
1.1920336239283127
1.1693067067686178
1.223008797317035
1.1905831358498544
1.2351946890482972
1.133072175810166
1.1584420176059387
1.1754936539382792
1.0812502210281778
1.1969679618276448
1.2496473908227286
1.2871657119021604
1.1441699011541917
1.2989016239258804
1.306757130206784
1.229492657569971
1.2017785700599204
1.2057173033446502
1.2151625676740887
1.2441514287153588
1.21889379059083
1.186149514798186
1.3369808051172931
1.2351009867870866
1.1530540127554696
1.2115503011143938
1.1097831968432381
1.1795288337563177
1.161542945904464
1.24412001961456
1.1964679702921868
1.069042590899271
1.1105874783997203
1.1132674571944354
1.0996694790208879
1.193809957169029
1.1815612136931724
1.2212303688208306
1.1833776269923888
1.2131826823818899
1.126855182200286
1.187049184868895
1.2345644648791552
1.1950991905064414
1.3224912444386605
1.1910685504293765
1.0737718916010777
1.0996295393081077
1.160081630222383
1.2610670846026037
1.2867578013267476
1.16192811398773
1.0761132685807457
1.186786250547315
1.0804951218183918
1.1457230827301343
1.1437095589626234
1.1574983591736094
1.2053469504897198
1.1391758021888798
1.0774020966692481
1.0960170642335765
1.1915174152504666
1.091052617275922
1.122403988758896
1.2611401510221112
1.3015829823395806
1.2406148370042656
1.3130826553643205
1.3901162669366383
1.3165065257625104
1.2517742441403426
1.2459532283079264
1.0795038207300867
1.0581156255000226
1.0635879720667571
1.0416361404679955
1.0515849626413645
1.1111589773251382
1.0528023419643016
1.1245930292133826
1.0397128627616563
1.0982203788753233
1.0459816925470302
1.066809041173212
1.0602403384202246
1.0456669781863968
1.047728113837426
1.0662726722092357
1.0479564548939493
1.0274363584135262
1.0522096162854397
1.0398140391321067
1.0938641784162482
1.1208453419256474
1.1120458863949672
1.0453087464880528
1.0523035072766354
1.0343771945669962
1.04375715525565
1.042308724043256
1.0614041866314583
1.0384686852231229
1.0259927099525188
1.0448053928422194
1.0555736282212234
1.022929919817444
1.078393530887105
1.1103544312798306
1.0651857943064953
1.0844136916539617
1.0864755512763211
1.05579958151484
1.080704559746079
1.0548571164566578
1.0682684876160127
1.0439259209529974
1.0784410305903436
1.0761838456949562
1.0744866794462824
1.1093402436726927
1.0254817371210612
1.025875023927984
1.0483315372813609
1.0314419056207489
1.0242616029961267
1.0361042141790977
1.052767802112723
1.0526502130500273
1.0603869560654873
1.0443611307908334
1.0489453039914127
1.0411846266028426
1.1408050570992785
1.0758197403394758
1.142809093359405
1.103798984060144
1.0748107912911848
1.086111613107342
1.0481647600099244
1.1091484729399825
1.071614881410986
1.0567687565531643
1.0823015505582236
1.2501788801346532
1.3073418737212719
1.3494158717344724
1.3311289357154432
1.1537899554150055
1.2103846562274783
1.1338515026756228
1.0948645929722518
1.153453434367018
1.1162681151957223
1.1228191403099612
1.1750233871457052
1.256054699497733
1.17522423839263
1.1450393925773958
1.110063206084481
1.1526415751026668
1.0958448158008072
1.2367429733124544
1.2568989377204278
1.3606254012948096
1.2846001297502745
1.2730901332682123
1.1833075353550468
1.3257956693875375
1.1985207091165804
1.3018246703108043
1.234385155450996
1.1900574426272807
1.1254694009093567
1.194827942911251
1.1345927255606143
1.1361053501266347
1.188645650935289
1.1344248524135219
1.1659927648272987
1.181815431458261
1.2045037440880124
1.2590851337860782
1.229093440217348
1.0272768792564189
1.2886719322957925
1.2695205813186474
1.3183112267904133
1.5102296578037644
1.3651030543066156
1.2691172361114176
1.2473843439708208
1.3853087486564162
1.4235216440357952
1.4116368472132172
1.2785360904350305
1.3308513604142946
1.2371238798647197
1.4068514256898341
1.175447674174611
1.1936741492184875
1.3291733058542234
1.1819455942602832
1.1973761220197658
1.2468189746568463
1.2160792449530966
1.3079746373458925
1.2259404933880973
1.1792756101153592
1.1166954060119012
1.1735919575741252
1.2500898175892337
1.1606881735691492
1.1779984644467059
1.0993575591573028
1.2117201980473227
1.0794256328546554
1.1348496848690421
1.1304014157247757
1.193415683503681
1.111396884618283
1.130823950226261
1.0970923012922307
1.0606750286113389
1.032229862353507
1.0888071343143175
1.1087111370865546
1.0921962103443363
1.1540849997633469
1.1191517322151974
1.1683334287537404
1.209930958820349
1.0829934280112334
1.2128610261235668
1.055852947790976
1.2515613183841674
1.185109025757985
1.0820474937807598
1.0565565201304712
1.1472390937944112
1.1087582957193143
1.1514083651994416
1.0805687425886468
1.1941969341114913
1.159477566058073
1.2638730541347332
1.2297570190426343
1.2667683156732514
1.1775674834521355
1.2897757742300893
1.1876284299764464
1.207864374547937
1.232154991167073
1.2150781423416728
1.1722785592576264
1.117435404597809
1.1036947882674755
1.2045158713283346
1.0865508005030848
1.1797775519875866
1.154725966701769
1.1229792248631416
1.1515409069738882
1.176172189727666
1.2419832785016358
1.1493572876161968
1.1479364370086576
1.2626542865400672
1.2272666820354643
1.3132501593334387
1.2293575118444158
1.184955059389369
1.1372277223451872
1.1440908665704872
1.0784224983725061
1.0734125150961216
1.1497829240292137
1.1548207672255324
1.2175739834940034
1.1301235652244837
1.1618633822842401
1.142232364369505
1.1083728493768672
1.0950558574603944
1.1065256081478785
1.0699074148584657
1.0277397816802902
1.0408277941706887
1.0424990998653012
1.0496479403909926
1.039295896803573
1.0346275473500723
1.0712850918741583
1.1059722320468708
1.0878460137672772
1.0481760419106523
1.039046230920037
1.0510045969277655
1.0615698538294533
1.048295313688649
1.0675596865813979
1.0838102931496518
1.150894938537195
1.30401986822049
1.2111971203178062
1.2873237024907973
1.0653934806942837
1.052764729804766
1.1114030067587573
1.1097741886043087
1.0444142342614298
1.0612783979933684
1.0299560074272756
1.0204665544747744
1.0637248744065495
1.058055886110765
1.0420078178645988
1.024041875430973
1.04869205443983
1.0572654010639528
1.0814960394905695
1.0409719605904504
1.0793819897152983
1.0347290772954154
1.010544484987289
1.0305616009008085
1.0524406356225566
1.0323644788181812
1.061862589812254
1.0462465552163414
1.0370412134755196
1.077444120656639
1.0927255442685793
1.0793212634595115
1.0799447401845803
1.055048209289663
1.0563088965025416
1.0463169459451616
1.0678236285482428
1.0643715232442852
1.0896656048884454
1.086478608215305
1.054398322489036
1.043925647237804
1.0428409670073848
1.0341388095255906
1.0165646780382103
1.0152754510827597
1.030747603285325
1.0176989152963196
1.0468721009011903
1.0540092936919867
1.0800019580701616
1.0189250741042668
1.07454678740894
1.096658451899139
1.056456120606067
1.0817571527986078
1.1105576741019711
1.0482354321837453
1.062152579567056
1.0292802094521403
1.0321720030733585
1.0477102525774304
1.0492759272665255
1.041173444741178
1.0139905363808792
1.0434133152761544
1.0344975853963692
1.0306545718424187
1.0046276597765005
1.0504208103905956
1.027807530473849
1.009931534431239
1.0291590061251312
1.0282251871052843
1.0292825066180158
1.0667705609180171
1.0524369066854378
1.0122732990151053
1.0175979774423072
1.0285974362540737
1.0454429505410185
1.0251059869936374
1.0406506003248792
1.0170229276443163
1.0083196481841357
1.0272026002534036
1.032390535551232
1.0372360466139026
1.025278502053593
1.0285351685358572
1.027132331039059
1.0496401765560859
1.0333659158625805
1.0048719987411596
1.042256959807032
1.0181752093053038
1.0361545358268798
1.0699313233473386
1.0322047178037406
1.040848409835796
1.023781511810194
1.0459338917446024
1.0252571542108708
1.0388913439451442
1.0424254681433485
1.0690918072597897
1.0706446382110226
1.0594523369744615
1.057385273240995
1.0434370159851745
1.0117021428508703
1.013218401245161
1.0189739398964992
1.018123930793152
1.030134527676067
1.0372754745430446
1.0650403493016005
1.1032508727976622
1.1349313371887417
1.1012615717586802
1.1172483937492481
1.041765941778063
1.0630052816754125
1.056816539755027
1.0773411383108344
1.062763604005325
1.110099693790112
1.131562220910096
1.0443704565246024
1.0616493252478219
1.012709892456175
1.0769485419461773
1.040226176697317
1.0849924756824654
1.0624433595312042
1.0708097263860046
1.0569202894420007
1.0844656112339068
1.069918707668859
1.0570187925777939
1.0669606635679756
1.0429941140617467
1.0921032335614067
1.0346472209218291
1.0436281603227833
1.0473196680257641
1.0385126976430807
1.0615327114860031
1.0257619770327455
1.0262617535722844
1.0078459052145847
1.012238268949034
1.0364602015021545
1.0226647865974654
1.0921468141593218
1.0867450613701182
1.0623059226722127
1.0321917038503554
1.0651008627324683
1.0750256542140098
1.0722828790964403
1.06251267838389
1.0645958002367137
1.0547525327707246
1.0382949671941737
1.082309096145206
1.013410360800456
1.0568903006475805
1.0177021009548113
1.0723513356459078
1.0212740722232179
1.0057657240227569
1.0623195615259644
1.0269675762866841
1.0196077338726925
1.089434960684304
1.0565120185233299
1.0580379057941611
1.0515336950968457
1.064865630263134
1.0666704996686194
1.030333444283272
1.0610111676725378
1.0523739329025772
1.0140729428891901
1.0214957487688043
1.0154543084133856
1.0375193200621327
1.0750598015125097
1.076714538122887
1.063374780835448
1.051659411947547
1.0339048160333717
1.0334554367468725
1.0187026595216382
1.0116560203168192
1.0453755605907158
1.031711356385338
1.0508443811954846
1.0358132163222402
1.0407191034901921
1.0505210244935006
1.0316457137463626
1.0492232864858713
1.0566014249926199
1.041211163371366
1.033790327882175
1.0117111948517634
1.0030231390638518
1.017579681958319
1.0259249725228736
1.030223988704751
1.0414430714639669
1.0610342483647663
1.0330137859847588
1.050328890799656
1.0281510841932835
1.0390588720333136
1.0650339072961352
1.0638968615922577
1.0640554099126314
1.0535521990165717
1.0624765799858311
1.0495453038849032
1.0527719118095082
1.0627357443623409
1.0628251572157286
1.0455416520095047
1.0550208114031334
1.038516138648065
1.014426466680881
1.0374676258358406
1.0319289259847044
1.014412533957098
1.0461767787349512
1.0327995150994753
1.040458765438052
1.0125193573109768
1.013725383557217
1.01423545591474
1.0385993525376727
1.0358664268329512
1.0380214719522074
1.061016446861181
1.041143503043557
1.0710409073344251
1.0431813675938229
1.1173321088113388
1.0694632379454525
1.0571611494346267
1.1061565277914744
1.0373916706002377
1.0118892451278267
1.0117389239453238
1.0232613338249525
1.0469446831439224
1.0922478074107866
1.0204464117953727
1.0804496843987623
1.048530379373731
1.0573164743035874
1.044037108502966
1.1400864273101181
1.1148601633891777
1.0421069460352812
1.0684464673531318
1.0717572346598685
1.049141195270394
1.03237270991143
1.0655654081356551
1.0369599226680426
1.0341811065945707
1.0564343613504776
1.1348988038916348
1.083812849927197
1.0088522300311034
1.0696888810574883
1.0670151615481347
1.1141456323660837
1.1019540310873757
1.0994704860892626
1.1549611093246945
1.0846373408781897
1.072209090641501
1.0980241020134645
1.1735874130535742
1.0512117613973613
1.1232320164246616
1.1376364084778174
1.095879630701137
1.1865401609939057
1.2202142869295993
1.0787946854644368
1.0864557577803207
1.1620202894895264
1.075753635253925
1.0607197406615705
1.0279123337610863
1.1504891781461308
1.0692609578714203
1.1845330593807009
1.1476196586179226
1.3761851238208076
1.3340208881367814
1.2106869766824022
1.2849854445099103
1.1615430261993893
1.9465656168315209
1.2937843127017503
1.27701270621706
1.106244556371164
1.1594957623948636
1.0920739502996206
1.0488790102367078
1.1034926211459375
1.1230755887418131
1.0756266249202766
1.0177356607816102
1.0329328261070625
1.0522330537892721
1.0594241668425253
1.007326591474988
1.0532654143193778
1.1016615764260458
1.1052202716423034
1.0116083095809723
1.1163730979093498
1.0655639617050774
1.067908318893512
1.0354741159581125
1.0056026504631692
1.0244593178268742
1.0237539059710736
1.081506059391602
1.0502097432931707
1.1072044591082517
1.2698852834327692
1.1418114215612971
1.2274465594606154
1.1824132924857764
1.2536445527293778
1.2999670780652393
1.227306445884781
1.1634544818412156
1.105286397953641
1.1341698649977066
1.053584827236377
1.0861865490196103
1.125611942732816
1.0390536455304533
1.0265353260278047
1.0899368076812288
1.0836195763667902
1.0759061401613867
1.0767980420815435
1.0631494893207698
1.0550157424991349
1.0837877254721793
1.1797193753987691
1.1499477826643292
1.083014798580213
1.0362537710724953
1.0896578333063025
1.0752192769575015
1.098875478230549
1.1123129085367256
1.2116434592151508
1.184709822012378
1.146589602217325
1.052601982225195
1.048289363105908
1.0216013127259975
1.0647285150078454
1.0350030378807749
1.0555566089454405
1.0435374851462305
1.058147242993075
1.0691918365366122
1.0471092707535872
1.05084114297634
1.0554640532981265
1.0367594147418302
1.0280812189109738
1.0251725181356883
1.0442874679454164
1.0212604373030156
1.0454853072799455
1.046191856737356
1.0751857730636731
1.047786167979817
1.0927867605589447
1.0279111266826537
1.0915958520073528
1.0800665910040315
1.1052656412865387
1.1109635552505448
1.1145201828999969
1.1339642330917798
1.083984480482149
1.0628301606370794
1.0610717425003142
1.0645658726349039
1.0189265888621302
1.082408836354702
1.0948366607622249
1.0814679549756743
1.0769098769298335
1.0863573660250598
1.1444609173345506
1.1922978736595164
1.120846704009827
1.1001615853087066
1.1136055764383916
1.065324900664675
1.0195338643211251
1.0353436030951209
1.1113470771137444
1.147692231645322
1.0387934999786301
1.11640615868593
1.1160320388674736
1.09898149549765
1.0456322656948958
1.08354981806568
1.0404752520435019
1.083184290498342
1.1039456010073097
1.037233352811355
1.0653495506797859
1.0369144436323128
1.0617705978793246
1.1315411820343322
1.0885248568883577
1.1108846886397188
1.0215325824988184
1.1117309455976339
1.0823277688723014
1.0871072445332033
1.0722133992450849
1.0400534632200162
1.0915198168309577
1.0337094878213366
1.0691015775539376
1.091289205497996
1.0811575729594018
1.0539820067088843
1.0403459455610276
1.032982710808203
1.0225578055385616
1.081345454293432
1.0898353179834743
1.0181225321031222
1.0482007719547233
1.0842121765683668
1.0717219542027405
1.0727844879643151
1.0994083449682184
1.0261383995291025
1.0495655906999168
1.079438145512569
1.2310183932260494
1.1319969336903797
1.1136447382531207
1.0478639245555934
1.0756010401011038
1.0962402644605167
1.0252345172648762
1.0558220164228402
1.1036426798904027
1.0889717248234232
1.021166859454473
1.0229492477051916
1.0602968680143874
1.0528395567405844
1.0899779799746336
1.0655461249037352
1.0248317729134617
1.1172944444764477
1.1304892091370582
1.1506881614882232
1.1498420003923122
1.0771155431179582
1.0866690487851949
1.0796844772230534
1.0436558454536184
1.0251127696345856
1.0163730207022301
1.0269166283763194
1.0554128554847468
1.0252840289394687
1.0114829738188786
1.032607612674729
1.0133186258433637
1.0472541754296039
1.0223503374133298
1.0159654587550286
1.0081942663217622
1.011108948167856
1.0481846589049366
1.0350570364789664
1.028703405144626
1.034504184821217
1.0288747316286617
1.0156893375877087
1.0281190089994106
1.0471889835606598
1.011655841951567
1.017464487181512
1.009038738852135
1.0214740464962355
1.002405282068913
1.0129897272888009
1.0414682367371133
1.056892451886407
1.0785511010519397
1.0238907207380044
1.0140429003506821
1.0535983771560722
1.0416439902488601
1.0778747905396946
1.0289755874119373
1.0393537911919228
1.0648575645885219
1.061147283443236
1.01845039807628
1.0671567140707905
1.0746153233446059
1.049983196902772
1.0576493620039227
1.0269198591719482
1.0653630165220784
1.032968844853776
1.0535586660194438
1.1057978739867045
1.072954325354021
1.0879633051457338
1.100076226725302
1.1284133679983768
1.042390606935265
1.0090505752293037
1.0566379526714849
1.0334241675504259
1.0795110023176624
1.0498395276173158
1.0838888925845607
1.1158261627655557
1.1091819143502788
1.1504047552625238
1.1129029207801706
1.199816444937858
1.156143156358025
1.133848289036527
1.193786807393453
1.0476038791327764
1.0492329469909851
1.121766477738488
1.072154429010859
1.0579269870151278
1.0445604864145985
1.1358034178994572
1.0817894186371457
1.0847984498732548
1.1586117312693018
1.1906501581100666
1.1619371444581859
1.0871733618110406
1.0942502505096354
1.0623630168835463
1.134637134480666
1.0717714877339153
1.0276856682231075
1.082429399492414
1.0897439616796156
1.062255565814185
1.0278502048429203
1.0305547316987784
1.1028454726555266
1.176814914648913
1.1614455318200905
1.3090018250421422
1.047493504867204
1.1175543283272744
1.098373382805884
1.1502415792242071
1.1288974751381509
1.0908616933410848
1.0610118007167664
1.0589305254704426
1.0522160552980182
1.0509804524424768
1.0252814509547383
1.1053821676124036
1.1454111370992293
1.0498177625428708
1.0997540867701234
1.0635856613480288
1.1187968925568015
1.0812036416624318
1.0484969333996548
1.0675795944590916
1.1236236395203791
1.1628388033998525
1.0352010464386499
1.2157587968735097
1.1409451897676102
1.1610071650534726
1.105786952457991
1.0921192298307814
1.0558105057426026
1.1588901078954945
1.0889035776616343
1.0367314684367204
1.1761628280347602
1.0752222042252553
1.084737463031812
1.0809064264898398
1.0323952222760677
1.0877188235489437
1.1882733998633508
1.2019239839450353
1.1254212627605602
1.0762518724113173
1.0612513695610681
1.1154888051939593
1.0751654275106315
1.0615490917104196
1.0927046699718368
1.0403367464330149
1.0400208206990866
1.1076092815028487
1.124851938569901
1.1110196448000702
1.089276852738818
1.289576738836973
1.229491502263656
1.0768200970136386
1.114784818633183
1.1655981281583152
1.0791108307300012
1.0439712335142168
1.0754839613873746
1.126888314345643
1.1556508586319962
1.222428066272851
1.1574637182695007
1.1170616674521525
1.0559688412226604
1.1822699616797596
1.135311077600522
1.069436609520949
1.1276112925790902
1.0709105769834062
1.060563699786267
1.0682615572558742
1.066253826310746
1.0119719916202792
1.0260700745655535
1.062638397656551
1.038591962800381
1.0346046821520993
1.0425462194146293
1.0707408235898737
1.0440754408836999
1.0437041957280364
1.1124605359285404
1.0996107546664387
1.186899216438082
1.1747749665797493
1.1151711238446977
1.091030946929297
1.0564449141802812
1.0551430276844436
1.0902491893119635
1.0373582043706366
1.09159131052749
1.0517395451520564
1.0388114858352897
1.0261350570523786
1.0289275264607052
1.0339033164788887
1.049653241505718
1.105570079976285
1.106871380549193
1.0333693948610982
1.0512752566169967
1.046161433801415
1.0634089700268938
1.0501814803967817
1.088241579535096
1.0574748466155806
1.12557756070021
1.0808761821922592
1.0680164861218822
1.0474313139523548
1.0633891839841254
1.120909239273389
1.0880612052461878
1.1797380733770357
1.1727336066140108
1.341136617109328
1.2472282042598197
1.2525426736322296
1.3355630724182066
1.2571114851333196
1.1950171748183602
1.1233585936068118
1.144522927035
1.1359606066111394
1.177831917806338
1.1260840989848437
1.1627149830954988
1.064252914797948
1.079269611357097
1.0885109479049073
1.0916448528849236
1.1435341623594968
1.0388702659203533
1.0835472161450745
1.1990100113765483
1.0346834228222073
1.1258206607628385
1.121354894648812
1.084610274892536
1.1578799893832665
1.0837292832846153
1.0988466046883607
1.040519053282986
1.041511122713908
1.062082077993561
1.0375681318714887
1.0679509721898761
1.0598835457237026
1.1854768279901877
1.0575053165975525
1.0510420062754675
1.037190547877383
1.1495421862781974
1.0819888831933
1.1585124860755753
1.1064812304838623
1.119116673057726
1.096247212701206
1.069409031535962
1.1067740254858975
1.1248204143331582
1.068756010903281
1.0251816796774984
1.050074819118254
1.0554435023107158
1.0727863809568312
1.081721353187906
1.1260485569223226
1.0395891207410795
1.042393426062871
1.0595662678518727
1.0919469759287925
1.1800444255835898
1.213326391346619
1.1535125741310317
1.0831370391335227
1.0807391338066274
1.2283703369641155
1.1821671977151658
1.1318551041155345
1.1957703495483993
1.1760137417292897
1.2407390941464935
1.1785894787086115
1.0286835889983135
1.046178179044521
1.098022293205283
1.0987561206974155
1.127181288479141
1.1499419289840946
1.1567326030873037
1.2891905725093433
1.1662548138864375
1.1575201533221078
1.1328340573952234
1.0336244237003622
1.0602125778850175
1.1159100508422404
1.1273254130690904
1.2860058845950324
1.1033999890033437
1.117733072520911
1.1200850339404642
1.17276219667987
1.0902504090714014
1.1272050285599915
1.153093129063886
1.1041280118262478
1.1055877122620332
1.1492024699130174
1.0475227417664177
1.0714594357838532
1.0926549373196202
1.1255535630387605
1.1681271597819016
1.2884152474838086
1.1672745648839091
1.131976903939197
1.2471637075224336
1.178867004086181
1.1493976913763966
1.1700958183146086
1.250925661977747
1.0481629222755418
1.1397879447027734
1.210478021820776
1.2564989399782724
1.3491918475016962
1.346560573314502
1.2940215761088425
1.2428958074763332
1.3209861000972747
1.3225923148965002
1.3959409743698754
1.2426793057881378
1.1974864520641606
1.2201387377130029
1.2381173550288853
1.2566009912557816
1.1425505336207713
1.1248680279639525
1.057177252680039
1.1302683046109754
1.0889732616001007
1.0901908027035312
1.08641816942078
1.0934657178040652
1.1026083650009257
1.087267492601301
1.1355803378953522
1.1257552646237439
1.0253257823069661
1.089975121377214
1.0585274522892192
1.174120067009651
1.3452653433536954
1.1309157545845467
1.3232593875893581
1.20445784736152
1.4223796894011467
1.4298439295210483
1.359416669261822
1.1051258808924407
1.1175156158765818
1.1306732945731282
1.2513950121474593
1.132481604166994
1.080986557831727
1.0940503881311283
1.1309595664763152
1.1624620111478006
1.0653933810819058
1.1176150121819155
1.0263723568612095
1.0358254677805385
1.1219785745632527
1.1189206035098493
1.0939967451603827
1.0714519777853948
1.1496606884506613
1.043925674680244
1.0220073237465221
1.0792731039492767
1.136577112542068
1.1336931006003492
1.0744619536576878
1.1473430597240037
1.2182220725125508
1.2177523106625088
1.116094367014678
1.0901328937183894
1.219072172268643
1.1329739054795287
1.1226278597372115
1.1568728309929286
1.045772098587077
1.0344404273454721
1.083898439576796
1.050968635618827
1.102300479329099
1.0281821226877972
1.090034837504864
1.1573025594777149
1.097919629441068
1.0791145315731119
1.028005172227612
1.0677759440674526
1.0581551117219983
1.0359856748933267
1.024436526308146
1.0598436229975472
1.0537728818198397
1.0303758316867913
1.0456751972440017
1.086282080286651
1.038267462968912
1.075557699730071
1.0425617738736488
1.1836129990813071
1.0722169832960593
1.1527595889002187
1.0840458266850947
1.043700285388294
1.0112281663965361
1.0261158597507405
1.0264878175580288
1.0316564038674623
1.0571088815268028
1.0673242975564017
1.088752419044707
1.1043746526725362
1.1171608349363427
1.098733835703484
1.0595859009239925
1.1252706348866437
1.0730201112707571
1.052245489426006
1.0390017318378848
1.0157911390447742
1.0324731777276355
1.0909271856431977
1.113871565507244
1.0400444662097055
1.0552659127189385
1.1401078637531068
1.1644381847884537
1.0469852959029216
1.1404063401178168
1.0949519477810223
1.045395514319248
1.0382819757896464
1.023874737705094
1.0877027254351723
1.097456958890011
1.0480887736997588
1.0677476201799858
1.123079318129053
1.0669928091233913
1.0364177929702119
1.053451485754844
1.0826884928605005
1.0782745882378109
1.0747865923126558
1.0551353493380853
1.0611289256461163
1.0979821330518071
1.041497459970771
1.0992726344054027
1.0664476995481575
1.0591519135880976
1.0667149016074986
1.0811751804145153
1.0213925961644095
1.0244032736571036
1.0434527391323274
1.070749669007741
1.0956290593285802
1.1373066416928803
1.0980862176937614
1.0666115437967838
1.0746707678455847
1.1001641549812997
1.0636055772688888
1.0434100910591553
1.0367337097545755
1.0852283733424335
1.2093687231048762
1.0661167105742948
1.0939235505935578
1.0718248082524597
1.0370619839675737
1.0403472033365313
1.0663469242702577
1.0884782427364066
1.052725915814663
1.0827175613306421
1.0940907165361082
1.077865377512576
1.1590658775979135
1.087756928996704
1.0916966612310444
1.0720347592557364
1.0378564436560478
1.12896189805178
1.135361896143532
1.0287295089459259
1.1105780364337834
1.105800693438058
1.0733907735816233
1.1260063122035278
1.144527736264008
1.0721625126119954
1.0794314457083043
1.0375030755215782
1.042397774811062
1.0371725955122693
1.1593950886192563
1.1370671358902515
1.1213893979860414
1.2502681637126885
1.2140735024027585
1.1364034353968477
1.0259638729893241
1.16727884116047
1.0285786152739969
1.0668804897895745
1.1804705113300122
1.0810270164848024
1.1120153868816927
1.047767608021828
1.116434208317158
1.205666601036735
1.1914350189899812
1.1691445728252239
1.1430101646996618
1.1327324529311755
1.2708336125612045
1.211192799613784
1.255820489239977
1.2288784845373613
1.1091955035822976
1.110797106087841
1.0261648613006584
1.042166450066341
1.0345349863997861
1.0270721846621762
1.037900337640883
1.0521508047178039
1.0481588434103093
1.0462040061080302
1.046607961494016
1.0790639919419103
1.0386575298070766
1.032593640436351
1.0363649110925794
1.0423149962462697
1.0728611873400848
1.0757140021449674
1.0380573377896716
1.1066309508753573
1.0693999130136964
1.0415732345421804
1.0272628099721584
1.0335554409833676
1.059834425235802
1.0367732819354152
1.060806046180096
1.109367349967457
1.062686599840837
1.1345849047237584
1.0875666220645834
1.1702986608470016
1.0878754398854755
1.0782544301012393
1.0758493439089412
1.0643150964429287
1.045480960829453
1.0203498147956789
1.1376989762000758
1.1968503355343203
1.1636515252869373
1.1051021785978978
1.1183551192712093
1.3062771302243341
1.2344345617237378
1.2225819375961082
1.1464711765145763
1.1462135229841661
1.1455461061521812
1.1519234963081852
1.1796536037429382
1.3636431761801346
1.2188447399116824
1.4048601796795817
1.1825862972945365
1.2709470419929063
1.1767601344544243
1.091914073516642
1.1788530211247754
1.1215035980398667
1.0896462640824343
1.1139187678161204
1.1382778590889135
1.0660988393719637
1.0371954549944273
1.3628782732138713
1.152720030972055
1.1126043453982037
1.022545972930436
1.081294988099239
1.0621723534388088
1.1777994579410014
1.0965452015563697
1.0340352516330806
1.060502354399591
1.0909380351526723
1.0726176469184467
1.1767529448562561
1.1190627914708555
1.0599772575770656
1.0953414880380112
1.121098010329009
1.1364432807240425
1.1614249300683257
1.0673476280607344
1.1189874305441632
1.233315781275881
1.091237039105177
1.1339262281309144
1.0419857055798252
1.0739827276686567
1.0329788146914234
1.0499843876494517
1.0341014706153469
1.022079976580769
1.0783857359865912
1.0680603551147538
1.1776499809116068
1.0614783120640237
1.20081151260659
1.0565235635832344
1.099703018713873
1.1014603948755777
1.1042232598969677
1.1105505476904876
1.1432375138449795
1.0622398845934808
1.0819774862363813
1.1229310297780335
1.0882415086516364
1.110162328338715
1.0626261739471414
1.0180814086461467
1.010408890222947
1.0261288232298635
1.0365924715677828
1.0576894789207956
1.1200118839989697
1.041299748469713
1.0207977561441999
1.0240087463620378
1.0724287605004192
1.0469053781160347
1.0246132079216972
1.0775410374276861
1.065762887008432
1.0167291686366793
1.0904260313597807
1.1027366354788324
1.0511966845423648
1.0911574694570985
1.1361275918465938
1.0355145732610982
1.117305670638002
1.1085218458563135
1.1198781085619853
1.1795843597670634
1.0791497480278147
1.14083070004719
1.0607980146475162
1.0234192857118556
1.1515093191561734
1.1370200656377707
1.066571286820186
1.107419883667979
1.0832941374799674
1.0603403607222934
1.0387567354445464
1.051317116952363
1.0388319712173586
1.0842935533798472
1.062272630845223
1.0236107056762314
1.0414985987966212
1.0584340565217603
1.0365500617194563
1.0554245719026458
1.045127933020295
1.0248055194655918
1.086736835400774
1.048395144863912
1.0559020915871147
1.1127067792777317
1.0808092369937166
1.0467201263342156
1.032974684867699
1.0064458104422143
1.0320230046444785
1.0060091252813521
1.0180991544499132
1.0490618566968881
1.0521133816799069
1.0738283506838031
1.0649815433503922
1.0441826685130455
1.0035425538244191
1.0141390940508388
1.0274663827759847
1.0562818562670302
1.019307195066843
1.021578653435865
1.0367227645965926
1.0335695683785104
1.043753584297325
1.050662148114241
1.061066484013512
1.030146918227675
1.0505055416310916
1.0077181068434997
1.029485935479313
1.0422856490894097
1.026687642426641
1.0400479564021088
1.0329079272713286
1.0591191272957126
1.1079413294462588
1.0350402389904716
1.0313777772180224
1.0473947179662717
1.058762878270698
1.0421027302790766
1.101003081983084
1.050849263824032
1.063511547480592
1.1025020029076384
1.0871014768785836
1.076161292376112
1.0537703186084064
1.0835663182613935
1.0649113894360898
1.0352023869741016
1.0093011452317353
1.0801209838981487
1.0685709197356141
1.081237152535862
1.0519501793086996
1.1127325995598134
1.077581833788625
1.168598496019674
1.1311257278252491
1.1459806601157767
1.1402565304722134
1.120817357277817
1.1041599733355425
1.0746595938485364
1.062653121125488
1.0378649748179631
1.0292276553485689
1.0484989151107378
1.039503804982384
1.042711638786632
1.0314195886959328
1.0293138560530717
1.0184415564560287
1.0445706547616305
1.03542424307849
1.05588429413554
1.0182502561707978
1.0220782020017032
1.0320903928006273
1.040943880120684
1.0209401494833295
1.034816651183048
1.020725766694548
1.0250306489306793
1.0173056026476877
1.0231925415217678
1.0415144224584614
1.0264876775480496
1.0404367659322151
1.0485351082197083
1.0200073728774317
1.0240498619693779
1.0038502407763372
1.0439816372767137
1.0248850920707364
1.0444862814528053
1.0708496369219638
1.0664230971737674
1.0184265978142617
1.0131617744969363
1.0912093669484955
1.0519456233879994
1.0806843904825585
1.0966710676928229
1.1007737053880464
1.0901611037455143
1.0795373386443432
1.1076410440690483
1.076268278877006
1.1085235119148489
1.1015570278665472
1.108231815883721
1.0894952048258657
1.0609840625443594
1.1074363312722013
1.08466692989225
1.1035389667281172
1.1303876200599037
1.1140506849355214
1.1745208832254495
1.0875509170512316
1.053918450743076
1.150944109363655
1.0427032005901693
1.0800239748653373
1.0448037583681762
1.0570259003474933
1.056629856167099
1.0861807671240324
1.065292588815323
1.0894554043150975
1.1254895029415157
1.0735516748646174
1.085464491444888
1.1709896265634765
1.2086408846452363
1.115415415149215
1.2479542011152882
1.0900346507285232
1.0555065941977726
1.0847457162375513
1.069033129950687
1.100805876557797
1.1449514287453713
1.1871409378219153
1.1619407156485697
1.1641120633516628
1.1670807268728232
1.153840536849362
1.2129526706452856
1.1479423879120132
1.045418098895945
1.1080071608504394
1.0944071639579278
1.1178323392763334
1.1654291902031158
1.0677799934918313
1.1336118008388716
1.0143007843605136
1.106727880456952
1.1132336672555987
1.163535807365452
1.0981139910676323
1.1075138715216535
1.2096778276708333
1.119773197526103
1.055354172718121
1.0539356800438613
1.075114928406616
1.065584562148153
1.1126392681431858
1.0518024004571467
1.1185383854790998
1.1643057045179017
1.17308630444358
1.110118860234333
1.269898331960448
1.1617497999866264
1.1598823612632307
1.1364175375287078
1.0963060948707544
1.134373718935086
1.0813383504331133
1.043854136872127
1.1485435701511815
1.0488880283526776
1.1128315755373521
1.127949729824227
1.1098708097445407
1.0357030519727255
1.0865120015483445
1.1028619844547074
1.1098830576189174
1.1341447658858685
1.1279798472748872
1.03894323974485
1.1480733181707086
1.083860809955189
1.0608547423608978
1.1073240638492183
1.0488726817354057
1.072047913637454
1.1516232837908102
1.0885755082419737
1.1050618721089325
1.1303631604113848
1.168442281234465
1.2501664267211767
1.3541798707994646
1.1588657125129047
1.1321539116657415
1.060857624121614
1.1558618430958292
1.1169682738005164
1.129713173790885
1.044909061826432
1.049613220122332
1.0577098962451104
1.0547936405048997
1.0191609531908752
1.1089924845069246
1.046612955587895
1.1276633318458518
1.104939771694077
1.1513589919929115
1.0655866133117122
1.1387867146154018
1.0485641690802865
1.0965691134948705
1.0370918016933175
1.0230594611103871
1.0475757041855867
1.0611894341711976
1.0483395406701481
1.042915587698874
1.0396028994135764
1.0603451239600998
1.103123578552692
1.0970491404917007
1.1083961158086437
1.0287881686022438
1.0404866286112098
1.170987334157752
1.3182258655208712
1.2442939758768623
1.1959540279566507
1.0730752279627582
1.057519339431766
1.1191780407694167
1.0522149897443833
1.0181668798674437
1.0878767249283994
1.0479391728026746
1.1092754795613318
1.1418107210452568
1.0664347216464451
1.0189851728042971
1.092556500709202
1.1125204128412929
1.1083640433993671
1.1937487513926868
1.10120053020161
1.0761583485129909
1.1480252677297655
1.1137320047186925
1.1582081804585183
1.1287444291421171
1.1513817191717575
1.104273355528906
1.1520835846808999
1.0432437269569141
1.0111801062777366
1.0404191522339976
1.0222631299004963
1.0393031873610925
1.0143461136451182
1.0681396864822108
1.0650692325382407
1.094722828092667
1.0096499069015206
1.0210224622987196
1.0212713275873897
1.03181792739207
1.0562839607879886
1.1342347694157888
1.123206883248996
1.037488383200162
1.036066376496123
1.0965596844966465
1.0847174534280213
1.0959679679361678
1.1403859015077173
1.1477313541482652
1.171720242530316
1.1573629698257815
1.0870906216621725
1.055243486582685
1.0810340543134218
1.1507212946930918
1.0928751206788487
1.1823600988000325
1.077800853336652
1.1593437446450854
1.191923071456368
1.097928115241957
1.1539953001096936
1.1336111548499483
1.1389937149087075
1.1169075875254697
1.1753164940147947
1.1259817388820554
1.202465204267822
1.0478300766728246
1.1730557369015586
1.1335825793452285
1.0794229977880292
1.1064510958027378
1.161517346896761
1.057262954287092
1.154514033271363
1.0693368983039804
1.1059607185362332
1.0766585270128708
1.0395996477121852
1.0573784522001903
1.021601840278352
1.046925157473694
1.0391034269003174
1.0293153265053185
1.0536346345426952
1.0595888448994861
1.0159573731737934
1.054676862929604
1.0485888365523992
1.0764112901293121
1.1522695535076806
1.0792225917035763
1.0800758199219813
1.1123814323789514
1.0121329233840062
1.0633110786567257
1.04659878200595
1.0415554098146411
1.0410685262283352
1.0623621291700553
1.0581926744035512
1.158347511490021
1.1485091298660373
1.1566025093856571
1.1240713179232487
1.102161319588608
1.1270667495551603
1.1398495810465012
1.0167837757199807
1.0502982726407126
1.0351401999771848
1.0537725801847446
1.0667779010394247
1.1334993426431874
1.1162838080069826
1.1588244147899343
1.02662536210651
1.0164901825444346
1.0855621043055281
1.0673199672317988
1.0711679508762977
1.0334073497975547
1.028762959786061
1.0414886462510005
1.172279998163925
1.0844053403328735
1.0734963699009332
1.0639176808935913
1.0461809613592261
1.0888038785599905
1.0343769794644337
1.0923662553069002
1.088491292975246
1.096175925881991
1.0256489029244789
1.1128287636076797
1.139701145829483
1.1179540515705848
1.125190216330379
1.0984837847505142
1.1331041859757423
1.097108556386878
1.0092649269351377
1.0158760518614798
1.0871169217598848
1.031494488076858
1.0249846852367706
1.0659766061839473
1.0515403835590953
1.0383589438245442
1.0163102841160028
1.0141726998201812
1.1370340937868975
1.0293591461439904
1.0100765994679537
1.0342484725989982
1.0691131639413158
1.0709806090683123
1.0648095165499434
1.0632205328721327
1.101946243298281
1.1133450659154456
1.1015758925394339
1.1125984378111644
1.1081564913669504
1.1116056614437475
1.0895257585295681
1.068275867010286
1.1225011218083665
1.1201003530583908
1.0718550828352125
1.0550793674658718
1.1360758755446239
1.226358937188115
1.076013871033044
1.0609842857647462
1.087486358098161
1.0677477280486802
1.1287263139066506
1.1081248867572515
1.1213513416379237
1.1223787341011215
1.1620261578532616
1.1202702041455086
1.113933866958606
1.1196633434440644
1.2309040940790157
1.11690219688848
1.1475569335283449
1.0837270184881935
1.1034096902905501
1.0801954946092993
1.1585033818158523
1.107159995760978
1.1806075652561143
1.0858721031151684
1.1687710737001882
1.1170450163325165
1.0667839757816349
1.0790351280667358
1.0358024361205551
1.0333006248678918
1.0419287675885087
1.2156322251858664
1.1615188208940903
1.2381491406004645
1.1245521297176129
1.0769275701071532
1.1421104726825086
1.0584629592490262
1.147765571074882
1.082192864580779
1.1117613283622647
1.0999138981096948
1.0713769537929267
1.0869958827919328
1.0247480558813278
1.0515556458922213
1.0191007553493265
1.0343868989705738
1.0512286209713233
1.0406164193043812
1.0250271263987996
1.0271160589110342
1.078536532049226
1.0627751584449032
1.0776243343580647
1.0377128416305252
1.0979790752003915
1.0482405276604945
1.0791727754382912
1.0401847245854299
1.0191761830694408
1.0333075421003162
1.0754162167941292
1.0321962244590053
1.0298978028035417
1.0464485513949684
1.0708751836939872
1.0538161365329255
1.1017389349904063
1.0448882538069113
1.070744601983696
1.042843081721697
1.0315506346786283
1.0315653934113385
1.026601304104098
1.0394957051677929
1.0249857355354735
1.0311153107659459
1.0447929260862399
1.0664788645022991
1.0316669968671839
1.0594245744300432
1.0463350334919335
1.0641941726051272
1.0468649649241144
1.0423944729780366
1.0403166453264154
1.0284235353393536
1.0137203839825528
1.0400489091351024
1.0969419546650352
1.0382061057882663
1.0288461262400288
1.0543415690702944
1.0771594189983065
1.0785844835672
1.035467978075702
1.1045695968186997
1.0586824815358977
1.1095442335365873
1.0652300378363007
1.1367566400098357
1.1074126918242806
1.0596594711927678
1.0332183809454083
1.0194589934158833
1.0457939091755541
1.0646330520607765
1.0295299873769093
1.100511722662088
1.0858625218842521
1.0939437949286397
1.127640254491594
1.0905427684097941
1.0333973036170643
1.0344079330286355
1.1461909826017944
1.0352378075938233
1.0523125993973415
1.1107464608057485
1.057084544238929
1.0588850383447515
1.042394425582028
1.049761888848532
1.0037370785694268
1.0132635255265006
1.017344368102213
1.0265660706951714
1.0447350239096609
1.076707919241399
1.0873685079355728
1.064867840329654
1.0904386595850726
1.0943838278292226
1.0748466562780565
1.0710078763793058
1.0410705515073313
1.1255313889336893
1.1261129770492277
1.1997621155287006
1.1081529363578282
1.150979652041552
1.1723734882850838
1.1218062040053343
1.0445111667134879
1.1114469454225782
1.2213549238713597
1.1233775715196428
1.266785993652071
1.0983266867618895
1.1892530159516452
1.0943729000091964
1.1482306157910775
1.1013792412205972
1.1082382930835533
1.2016499853690372
1.2199344838926502
1.1435738753470468
1.1446235470673676
1.1724111729507716
1.143471658998417
1.2458113030047604
1.167281914362544
1.1874809109713926
1.1635518595849663
1.0991900078517416
1.149455186694472
1.2132124838314091
1.096798257452733
1.11098409084371
1.217181834752368
1.046186709773232
1.0778916899119582
1.0486454979255013
1.1072901706356195
1.1501033904089408
1.066553743609133
1.088257735892471
1.1713228097654216
1.0812135173726694
1.202603279378998
1.124015358750799
1.2111669229484903
1.2782973133787305
1.1182517345699392
1.0438127158573811
1.133606844340302
1.163909767243711
1.0998982767390433
1.0387317844778967
1.049341584617773
1.0819270612612826
1.018996646284768
1.080994664941838
1.0252691198552366
1.1133263644206808
1.0704700977517414
1.1200506692486498
1.1580964928561397
1.172508941862883
1.098942212138585
1.1869005859456834
1.133430961185832
1.0858056331400359
1.03821048106563
1.169635224477993
1.1543806673117527
1.1495935889661284
1.1152884517192472
1.132919992647189
1.113299612951156
1.2062941526583137
1.1669645795551755
1.080926235727953
1.1490451249775668
1.0879316571348108
1.0303848301823628
1.5338766280684566
1.2837132756161436
1.1778766510806205
1.3390569050680765
1.2022814182571462
1.173703341564511
1.1165595191932085
1.0614786948594268
1.1845735440629255
1.3393895540004792
1.2705185797589844
1.2143591479211362
1.1602837797534498
1.1070927739796375
1.1166500935740802
1.1088509018787291
1.119155331811748
1.0700996461223669
1.1070293047141824
1.127853756804701
1.0561980206462993
1.057666665829852
1.070965815258694
1.069157309241427
1.0632122059607292
1.0581775135246605
1.0593662808787259
1.107273715060103
1.0797206557647032
1.0781240101735485
1.1413300443691528
1.0330911760832187
1.1739727715535933
1.0555922256776098
1.0321468294210834
1.085365796227453
1.0241706096723358
1.089881082315816
1.0503959558477585
1.0424425155691768
1.0339319841573185
1.0893035702769083
1.0856493716858837
1.081913827744669
1.1212845885179812
1.1311706867189772
1.068673998487857
1.0612237402966695
1.121553236069918
1.0695605963934764
1.0105466790128743
1.0265492338282514
1.023556216066406
1.0955257554520335
1.058134772118404
1.0505100923006379
1.0657845838682285
1.0166756495420564
1.057058299800336
1.012059072154527
1.0115819987275179
1.0445169675684756
1.0205072247474698
1.0242785229123383
1.0298059770952377
1.0342585144577878
1.014674162646155
1.0665743026901116
1.0439076020507936
1.0658331622650852
1.0511292041861646
1.0448997476397317
1.078414375819204
1.0741231622834102
1.082919574365353
1.0505266646566664
1.0804653765217023
1.0562670148523114
1.038577741730646
1.0225803307262424
1.0831608358000095
1.0583205857449414
1.064980342109266
1.05710984413138
1.0659974463505741
1.0277026911996137
1.0629262310964687
1.0316634622293623
1.0537333806676912
1.0529766420718862
1.03690316314929
1.065314162782973
1.0269314251813029
1.0817107226381124
1.045884669329079
1.0791669219930227
1.0275037693077376
1.0292324212441446
1.0274000318036995
1.0163082084111044
1.0200540973592
1.0107836008252902
1.021240074893309
1.1005095010955532
1.0860397709510354
1.0512874420277711
1.0600425809095142
1.0895286509722244
1.0691792178429675
1.0892817126277985
1.047801403953257
1.0866019014410886
1.0973732252782236
1.029086362755046
1.0493694964300488
1.056620284568717
1.0610931074172154
1.0880901416577662
1.04745717773814
1.0901182698210634
1.0768184431629066
1.0786221128202536
1.054415957811763
1.125162206486472
1.1589586349372007
1.1380951111674438
1.15880739350458
1.148711666664754
1.0500029180207928
1.042985637147215
1.1415793308525355
1.0432874645821897
1.1024469309321818
1.1228387631647423
1.047785374811316
1.0240219000813633
1.0782422094004303
1.0869123352670211
1.0251382920364247
1.0938047245094287
1.1022491008756492
1.0751598343597362
1.0988012019570466
1.0465253784520037
1.0634406277768456
1.0560727394780463
1.0901568533344161
1.0588167793417635
1.0308218498265105
1.0987177372723977
1.0819775602933444
1.0865821347926212
1.1411492667912868
1.2202501103495627
1.2477262329418113
1.1563870594838768
1.080575134944779
1.1984713220357524
1.1383516032491914
1.1247626966444706
1.0087401059566588
1.0284693644043532
1.0234805720052667
1.043437035463241
1.0332677456949322
1.0487775265461228
1.0737936365066851
1.0191735179772194
1.0215713317826776
1.0774982783311844
1.0141569816687317
1.1029711099367228
1.0628535548112557
1.0833354518484106
1.0088529295244428
1.0531203033699135
1.0499702856248192
1.0497762519185294
1.1078737241205658
1.043731883312267
1.0436398711414332
1.0593505017339202
1.0538800966996427
1.0219815756324633
1.0422269317232
1.0591348644540006
1.0502814101522624
1.070068967140929
1.1356365423842782
1.048597919760553
1.0642883718978864
1.092804632495501
1.0668615590403034
1.1268174947148344
1.0658537521800495
1.090661738563977
1.0916004416845406
1.040204401971392
1.0503275352771193
1.0621219911843136
1.0463314807346606
1.0477116438345744
1.0297555502506284
1.0351442387090384
1.041393677233015
1.0917106927295994
1.1233087451304975
1.0829284285051417
1.0667519535819387
1.0527755115102317
1.0238779140580625
1.0697347292204975
1.0263855008728506
1.0335149873518223
1.0099884675744346
1.0401405075497412
1.025885889681694
1.036833468655276
1.047757219900238
1.0574565288617492
1.0501051202780514
1.130109436184814
1.0816429965949932
1.1335489527358744
1.087037091663342
1.1044690596749691
1.1432963400371705
1.080245338393283
1.1242047891884568
1.1228743782296546
1.0657994043856167
1.0508458650674555
1.0485681427260694
1.050927493656021
1.0135763006925727
1.0594366517425133
1.1266667774754096
1.0825872825510514
1.042177295342054
1.0375133645324273
1.040331424564163
1.048259936138507
1.0425429389579857
1.0415329570884428
1.030771904695619
1.0734750672994053
1.0589353785270619
1.0332959863747677
1.0356567404444663
1.060777383924854
1.0566323619156879
1.057708125049766
1.015043464560199
1.0883432199749785
1.065026897497406
1.0226177245801795
1.0113925230052598
1.020633549201909
1.0130333309003827
1.0664240170295827
1.0384155483330249
1.2197541539565697
1.139110719706189
1.1311615310477048
1.1573283049501601
1.12562904391677
1.0704633042408631
1.0707260436782566
1.063621191501312
1.088777473748198
1.1270365883820181
1.0984034675494228
1.2228189736983337
1.2975124246579968
1.214184656567313
1.075146730670066
1.1413351668091054
1.0540967203074023
1.0360551280226025
1.057277234465074
1.1002020074288656
1.0380245231535914
1.0412018122158935
1.0693609337700225
1.0513874535658674
1.0428693974757084
1.0689648011302935
1.042082917946367
1.0486834758057357
1.0294838098057166
1.1323899583428
1.0789222883889442
1.017558160454501
1.0418612439668502
1.0480619457653233
1.0550498920020897
1.0664952058779282
1.0426101430002086
1.0472176358856875
1.0176627982538728
1.0312017433687037
1.0224977388855159
1.008816770345196
1.0300042851386104
1.030879743444602
1.0501394176085057
1.023017508617083
1.105722118671701
1.039065417502551
1.0492207270152576
1.0798283872831655
1.062662689704638
1.0684719703493097
1.0527921575007604
1.0842114469802187
1.032762182169523
1.046738902167292
1.0888694948381392
1.040636325898292
1.120033252120522
1.0641340757656796
1.0300370102315528
1.0162711143751155
1.0348991361430513
1.089674510640864
1.0666635521281982
1.1053231476093743
1.0413261013745325
1.0445650684799646
1.0596944533029007
1.05991066646751
1.032865582535053
1.0282047067324127
1.076626404654314
1.0609090829842078
1.0546746729121268
1.0420166066730272
1.0569534079642542
1.0247540491736469
1.094681911182579
1.0394902442130445
1.0688577883651122
1.0562899079851682
1.0183769359352335
1.1038514383193567
1.1156821583902312
1.0379561200352394
1.1208156986117235
1.1136475005308868
1.0791033359090731
1.0550362047645052
1.0499405555610113
1.1784691196414145
1.1250743759180641
1.2116116139911448
1.076762865545917
1.171336948130781
1.1597963241505287
1.2606859635305032
1.1416571257038746
1.1345947288758884
1.0661763369321064
1.076876856814066
1.0764132540760947
1.1121267759060616
1.1467329742922039
1.1232530033286274
1.0973579345119786
1.1471284692109018
1.144185977432829
1.0818994675397
1.0383801257273648
1.0176789277985228
1.0671603156882803
1.0127894913407987
1.075778995518879
1.008782287483291
1.0605313607830744
1.023199318561054
1.0574053646950508
1.0840213411822168
1.0433646317056144
1.0725952038258006
1.0924353520556715
1.0488366883394753
1.0490708427655233
1.040482848003377
1.078950575162694
1.0541282806907513
1.0630385195408054
1.0282788298030678
1.0354886446644826
1.1531321104648176
1.1012334552940568
1.1400911273815173
1.1441149524356404
1.0694987602460526
1.0638495048996983
1.0681837145679154
1.0682178902116626
1.061410940808939
1.0201762945530835
1.0707390019327345
1.0200986109415278
1.0491155218649215
1.0452166978627142
1.089133783164043
1.073763132294667
1.2355195091703188
1.1804527325327339
1.1258363291160314
1.009451823251729
1.1686262769420521
1.0509911590593897
1.052118866827506
1.0748394540349189
1.2900097754245505
1.205856108361872
1.1511219138817264
1.1720144260980707
1.2156273858907276
1.2034381164349515
1.1462538826810196
1.2132698073500605
1.1016839654440191
1.0336596398967401
1.2439134291076521
1.157105545315364
1.1727203743270331
1.0803423165662358
1.124315865986508
1.1539458726902814
1.1197884959208682
1.2435679150592953
1.1055439085114092
1.1784843310537367
1.1425082979572947
1.1663599556810504
1.0983117012256096
1.0468344914194172
1.0664145795610114
1.099222291706887
1.093479638171581
1.0797446885441953
1.0599258696212321
1.078880623676322
1.032044924635278
1.0571819653434384
1.066636458109406
1.0314040097108694
1.110207303508279
1.0963502446522244
1.1375489123520162
1.0675100584367556
1.0596179894578144
1.0308794683513192
1.0266123540753824
1.0396592946652743
1.0384477267387173
1.041228001035966
1.1220846785973015
1.1418814773356551
1.2000357513043247
1.2264556647711062
1.2080891381075898
1.1643312550176286
1.1955302528006735
1.1656188723886924
1.2415863853933498
1.1881507500947006
1.3103989670354326
1.1703770334691648
1.2174951662244506
1.1591687759604763
1.2541233556505131
1.1984055285184463
1.1847319697950498
1.139394320230822
1.0748671355960466
1.2910140440291178
1.2938571041141234
1.3148305510647866
1.1612678784291264
1.389356769568171
1.2272014157293711
1.0799160713725038
1.088422479249701
1.2334597378679752
1.3383961953069532
1.320368386380211
1.2170873261773267
1.2368252618877167
1.2784709948661155
1.2143175152141912
1.4657210675504884
1.2499734054473273
1.2469263844954952
1.2433385157087096
1.2762029399876769
1.3578851145653257
1.4010413053204593
1.088446499449662
1.3177386715109067
1.1366798306563843
1.0883981944934018
1.0247378509377283
1.0885304796135578
1.1760367478292844
1.12109518209832
1.0371469684855579
1.089682696084289
1.0587330647452453
1.022322182635645
1.0659608840187278
1.0379335269109273
1.1805274946186175
1.1086726312380977
1.0928780220132366
1.0814690659671162
1.1349525575384762
1.0788820092962903
1.2004646023944638
1.3095544699768455
1.208087586749474
1.3987560781283
1.3103991488735436
1.1828266206163842
1.17229808263646
1.232464719022104
1.1285206434983812
1.1395569536775254
1.1290009984278693
1.2596302956340188
1.0904161268510244
1.2698746114674813
1.1543088748675905
1.216896957009222
1.184924054874822
1.169231994246498
1.1509743537335009
1.1309568944468413
1.1755780753345724
1.0707977062142695
1.0385105676218909
1.0946668656037937
1.1491424423184589
1.1038969282175664
1.0311837266325232
1.0626965167950806
1.053720762838658
1.0388682003848708
1.1368729909720934
1.1649364619339997
1.1046138753601433
1.1403742250822413
1.129328186434835
1.1088583892528356
1.1935813937592175
1.0859842977834124
1.0942418992412801
1.115060663671274
1.221491921864168
1.1373719620454037
1.3184814886082061
1.18271239662169
1.1935731854007468
1.1383666122706926
1.3062477718143388
1.2591358041622465
1.251419858217838
1.2255533418041784
1.0878481785722125
1.1326749893571184
1.1247350240289007
1.0634727072149541
1.048239294872463
1.1120566737045732
1.1451910776823748
1.14249085009411
1.414717550931509
1.188924588189981
1.218132680853676
1.1658619258031135
1.151948198552952
1.2336770060998923
1.1350369136491292
1.1237186042721965
1.0826319475802826
1.2398308301491383
1.0836425217638472
1.1655109877774346
1.115509077891215
1.2265063001341763
1.19961202929248
1.1890856363773206
1.1772681248055266
1.192121900958319
1.1970790700081542
1.114941510133275
1.084429603426463
1.0844464079656262
1.0520063059646854
1.076334074388101
1.0954507222089798
1.1453942010850677
1.1197794093707794
1.0216183153635767
1.0250717644487393
1.0268807697766817
1.0186148486009172
1.0535411410321935
1.1149826140350152
1.086435911036911
1.045018856591284
1.0503918374172287
1.0672225424331185
1.1007178660574697
1.0976076239923724
1.042163832027906
1.0118249460795996
1.0416800858893132
1.014887246847798
1.1052226537855174
1.0757715659850478
1.0908840983330537
1.0405039672816438
1.056260448527944
1.1795215285315348
1.0653883556352726
1.168452157680637
1.2850680091837576
1.1359594574379983
1.0694083615630345
1.24575574222347
1.334127085827824
1.3708767677327234
1.1559697719725832
1.1223201866704633
1.2150612997814738
1.1965527563024774
1.1438509042875704
1.1144816373154653
1.0992123466624208
1.097701083543483
1.0905853455268113
1.0739730147173805
1.1524273113483372
1.0852212651350728
1.1836809139437474
1.1035216662138803
1.2378774893616942
1.2087633012952843
1.1497909567258722
1.074777918636176
1.3608642978946024
1.1724912871210855
1.2584417010325908
1.283696529686909
1.3574708946091756
1.1571765527904148
1.1560170858270442
1.177345411477867
1.1766602842622924
1.2614048979284642
1.1829405058697298
1.5507369804874453
1.5110571122785157
1.345130404090794
1.1868432798679125
1.259816754577856
1.2279665493862306
1.2208146098836135
1.2807247171910985
1.3159226168945979
1.0821597331724542
1.1196543780737904
1.4225024068373053
1.3500518531232393
1.1766108661851737
1.1878942086803264
1.0175479831146381
1.1045467377738263
1.078277400333224
1.079372352578595
1.2846337967626509
1.1520595149706563
1.1340771745597338
1.0783349677900538
1.2711020654344505
1.195089463533884
1.1813615170486784
1.2469293301584405
1.1881818521177707
1.1156079219169426
1.077499085666396
1.0462520754751732
1.103522567634617
1.0867317435850405
1.0785334501906376
1.0556503596954108
1.0637336668090787
1.1470285258713264
1.067874733941392
1.1015444864526054
1.1543380201076947
1.1775902858439455
1.1165739225149258
1.167679438771794
1.1006422575365324
1.0719574232945446
1.1112596575913536
1.0764199436588056
1.1428311698498903
1.069237019811088
1.1104216446203559
1.0609264259682671
1.1654156904316602
1.0580077455406987
1.0363324380056032
1.0453967073456185
1.0994966929982068
1.129783937989333
1.09664007078696
1.1444766817311716
1.0603640077783545
1.0423704853528155
1.0533032197299703
1.0728001688641493
1.0346858859489063
1.0534871630418363
1.0839824787744254
1.0205925973510368
1.0381750378688552
1.0341710642828699
1.0574447439105943
1.086600144470015
1.111698354038575
1.1210767281003562
1.0718842649441875
1.0967668992618407
1.0646936787944399
1.1540343277703513
1.127863881481469
1.1218601614652626
1.0556707976213855
1.0171738872772473
1.0217472636720641
1.0346978778471023
1.046496752154734
1.1904651751304094
1.0928531753271415
1.1103114574524215
1.093541280626867
1.081788873208244
1.0789905223484466
1.0339113296522675
1.032985932615674
1.0088995320134193
1.0125464232073138
1.0180880897346047
1.0206906592617806
1.0297531121044603
1.0298438459028898
1.0169113067270954
1.1001367292395257
1.072774047319903
1.0293242836414598
1.0511135039662685
1.0677720962897337
1.029199773090826
1.0788472124820863
1.0606465056647034
1.059158583618477
1.03514347815679
1.0564912552379695
1.043769229043001
1.055490102776326
1.0462728236087853
1.0818395714411733
1.0407209675852571
1.0605471382440497
1.06599810592867
1.052198948025829
1.1809194917365313
1.147613181030179
1.1292207492284865
1.111829457464588
1.1384162983941064
1.1995467636428192
1.1092803759299643
1.131982929872695
1.080834423380891
1.0811480511144609
1.1195344167502839
1.0538387691614677
1.0567838526505837
1.0450075823019576
1.081300315571567
1.005408014219558
1.067960541341649
1.0235802082007037
1.0268482973274176
1.0171690121247152
1.0962572006517
1.0344317762692377
1.104842497047836
1.0498195205099492
1.0289022118109146
1.0588537686409238
1.072875182840754
1.0916299278142914
1.0346286378571814
1.042388661927978
1.0404521922132501
1.0401170790818624
1.0328703047479542
1.0403906647290453
1.0390567261672727
1.0574729462839108
1.1296116278815467
1.1291096457591356
1.1672272186111343
1.1221795836819024
1.0922923052666944
1.1085445480830853
1.1238908833948467
1.0906371335094247
1.1007864690422329
1.1236937778484046
1.09988948757308
1.0467633560523544
1.057243274538645
1.0703047574723876
1.0307027170064005
1.08916913071553
1.1083766108178936
1.106065010111836
1.0944312348940202
1.1041600917158816
1.0636669123079068
1.0455327533427747
1.0457508493037142
1.03936151236159
1.06189583051071
1.128191079227084
1.0855025397194396
1.0439080286294062
1.0906041160622888
1.088277999638719
1.0380501978287917
1.081900227463239
1.296143139378868
1.1853313105067447
1.1928818620587482
1.2509929129625033
1.193616459912364
1.2128291039775878
1.1906793183277606
1.111665954812841
1.1949550622075222
1.0945245396998842
1.1217124336804203
1.0843422338536775
1.1233100666629015
1.0982454097880803
1.0663577235163848
1.0798194093253732
1.0697585305916246
1.079852268332369
1.0929462214955639
1.0693331206521006
1.0873555695709163
1.0609062511342127
1.089335365425354
1.0297074958160193
1.0536703935583718
1.072485894106198
1.1139950163709065
1.0279213913344314
1.0483128875806396
1.0227666508669084
1.0644443465848221
1.0019556594500674
1.0177570593344911
1.0011584279367995
1.0347079423432326
1.0235260508195392
1.0342322392672418
1.0352650828242065
1.0636810758728426
1.0780420003333089
1.0606369604423473
1.1229353568385645
1.0960478464903525
1.0356726974494022
1.093843930003616
1.0471925823264514
1.0937487228118272
1.0721849737496167
1.0413905654419642
1.0543967743202656
1.0507621604876527
1.311543673589504
1.1374356005618667
1.197173650709402
1.1693858240428119
1.096273180068218
1.127168779513886
1.1058227944151204
1.1211303446453753
1.1382329525293375
1.0807162967740405
1.1426134240877783
1.082087541321188
1.0451157293448978
1.1252016247955385
1.0140592351395
1.0496021676471265
1.0504588705177025
1.0274899276175027
1.0988338077806292
1.1241138769865864
1.0334603182919435
1.011655948911368
1.0335984964343834
1.0891626839126167
1.1024662067850708
1.147522704668207
1.2190166360393606
1.2432222680667857
1.2540828773729793
1.2281398010837161
1.1505415239341112
1.1682609520189693
1.165109488678919
1.2595264947855458
1.2285527757210384
1.0835735058260318
1.0307060862602624
1.02222105274519
1.207781964983701
1.0659892174902605
1.100570935660739
1.0903880986447079
1.088178293348661
1.0842960545460558
1.0470025757164392
1.0594963710228598
1.0824702545038678
1.037669548442469
1.1047337172563645
1.0258183048156357
1.016154282435114
1.174281981124206
1.1947381636943053
1.1771433242285685
1.0816755267962728
1.0844407163043464
1.101129363218858
1.0565162665848251
1.069131032446485
1.1051715333162475
1.0858591086440708
1.0755467809478982
1.0330287786343875
1.091762695211308
1.0255976668670437
1.0325805869648428
1.0618280321358649
1.0702530233396732
1.1375533926647048
1.077053572048665
1.0657625118102942
1.0675583879583663
1.0890062815146682
1.1087083353030487
1.083561901841551
1.086204967643757
1.0505473335875455
1.0637482959273983
1.0694652237444255
1.0517302799913189
1.0494415665431558
1.0845103307795763
1.0984135125978958
1.119816081085409
1.048459801651718
1.049932645527106
1.0451892487204044
1.014595813218448
1.0448463824345502
1.0852103833875246
1.0532020049306086
1.0562230778776798
1.0556608625524164
1.0369275311841255
1.0847948900890048
1.0751776966100708
1.0609735872192445
1.0961983633623564
1.0478379486763278
1.102924817845526
1.0718486103056515
1.02538811687063
1.0733821640182764
1.0504902394073858
1.0129060143056452
1.0249776071684364
1.0459110778515521
1.0705327621800547
1.0816956810982727
1.0559027721348653
1.054372668186333
1.0580117332754306
1.02821643697558
1.0239218639040346
1.032301645247052
1.0416898907781356
1.010199166624081
1.055637102175279
1.0559654003240988
1.1941079657974183
1.0930783101047878
1.1403814933836196
1.0846102600422434
1.1095343664677808
1.112471704432811
1.1065485674407323
1.071912996841856
1.109128642219673
1.0590569114883772
1.129571617454258
1.0525731581527127
1.091962112194555
1.0884754985714231
1.0750609856835067
1.0377869559185113
1.0970372142190348
1.0461394797888526
1.045325638697842
1.0401508593877997
1.0375816385020842
1.0045173436356987
1.0605904439202318
1.0699740844358006
1.1325219670175977
1.1905275235960504
1.1593949929884813
1.095615762751361
1.0682989964643106
1.084130758518617
1.0835148722530867
1.192864309114478
1.0152683659052348
1.1577225051577256
1.371811745862664
1.1941065089982765
1.2570870603253141
1.1780767401306471
1.2708395271195119
1.2084420640889126
1.4799403687498909
1.219483245952656
1.1393055159459755
1.2918911866331526
1.3499496997240594
1.275149738216463
1.2823306037130116
1.3497195507717232
1.107622067720693
1.1472521526814754
1.1240799330343867
1.357008153819387
1.1480448461718937
1.1702025918640504
1.1800740979589333
1.0690488868988404
1.0282254601935477
1.0641570973744285
1.0533453812646032
1.0720967967735948
1.03045848181163
1.0771265090074849
1.0799034050384966
1.0808999500970888
1.149436641280053
1.1065240272809107
1.0784434292954115
1.0266489779358299
1.1077230491623213
1.1346137500103968
1.0645492013146693
1.06844055724639
1.0300432073881696
1.1053971576800974
1.0708078892566713
1.0855713176466357
1.0742523462539375
1.0601399390120745
1.0294665519257822
1.0188838074024007
1.0821030192962398
1.0311291539302365
1.0538853932952033
1.0471073677569402
1.0264825314689479
1.1001077887679673
1.076119208390436
1.0478764114851076
1.090513121172311
1.100693926820144
1.0767369899475605
1.0491477117919603
1.0872948600949657
1.1031077940510206
1.068953137261391
1.0768929448994262
1.099626033825134
1.0714110548502043
1.0785947405568976
1.043470572774366
1.0438322329608176
1.0547867601022898
1.0317385726231971
1.0526313819212074
1.0326623168343565
1.029364066504181
1.0331628626726541
1.0258486723144493
1.0813992252197426
1.0273857010620524
1.0669707442697411
1.0468228233580101
1.0417406733317598
1.0649670453472326
1.0748783596730256
1.0557202145713411
1.0544160831952343
1.0738501026612841
1.0208596430561443
1.0319283557013887
1.0346474065710476
1.088352666055366
1.0565734454110522
1.0675839804588945
1.0934022488078379
1.1049493395115657
1.1085776162181669
1.0994389362000836
1.0903474912137123
1.1078733080484617
1.1043779935152351
1.0675154375607963
1.0834455369062728
1.0851066570860846
1.0960228090097057
1.1612236596377579
1.053342671507782
1.1450814856772935
1.0353977147217701
1.0688692191433382
1.0213050911665091
1.042516223803214
1.0103560302041472
1.0228531450880898
1.0165999122061407
1.0179180976976756
1.0372937359868677
1.0297432506460285
1.0031848642157846
1.0219140362739552
1.0119944570080297
1.025949255022772
1.0422218392412959
1.125155430864593
1.0637198969909092
1.0617661924514934
1.0099307185593072
1.0168843166046255
1.0124391455504544
1.0267346256722159
1.013794450191459
1.078642644860008
1.007647860765675
1.0371244898130678
1.021341349000559
1.0377327123434628
1.0226197924014433
1.059706956524551
1.0838365957793314
1.131840525545273
1.1182234573398089
1.078638364842506
1.259935627713816
1.0757424051601552
1.1581872548324714
1.1834114459232719
1.1607811876248169
1.1227467061470768
1.00933742776866
1.0294216187562082
1.2114364591832476
1.2087975748354025
1.1698055257730366
1.1504050730329798
1.117475715575514
1.0751221068157593
1.1576992014965133
1.242528732627527
1.2199322188558972
1.2000301282842598
1.132170804483985
1.2269032692543491
1.0913599237069578
1.1619831680879824
1.1083389482202572
1.1087219038251173
1.0894639856639547
1.1193623426457282
1.038167488101068
1.1599921590666131
1.1036929858869562
1.0207570988332206
1.067634037079022
1.0473364081094112
1.136988096372333
1.1194290979173844
1.2009608493734034
1.0855600983637326
1.0653436251222104
1.048620996361908
1.0988848668105686
1.0568735329985532
1.0512643873097407
1.039092475932482
1.0665844736184686
1.0730408861977592
1.031545115568057
1.0589368932964796
1.0163897679843141
1.0712205966296329
1.0803809677117258
1.2120565331031457
1.0940681726935755
1.0806989088151402
1.1117573505641813
1.0174260691489387
1.082972075403899
1.0299765779535384
1.045996053368782
1.1670293753045795
1.0686080137207081
1.051170104022661
1.0844966531581772
1.0976100063672132
1.040092780232957
1.0576205277032533
1.0579544366928542
1.0695382917186806
1.1285582521697282
1.0903159886522442
1.096863823205062
1.2389622530106
1.1478505151369247
1.167921458686951
1.1450900694648292
1.11334283789619
1.0953097991439606
1.0562488175664608
1.0410986796641917
1.0273890925888576
1.0482867321397558
1.038693290003934
1.0330929991641302
1.0520007751762268
1.0170748139352876
1.028282632287493
1.097395643127005
1.0889722749338506
1.0900861932353507
1.0206358238013495
1.0806818844983035
1.135860437602492
1.1849840256521273
1.1384503685232292
1.1002469278583125
1.1657758819691133
1.145676341114322
1.0700813346811069
1.220770253977413
1.0860441762755053
1.1085389974057676
1.0413985135544086
1.2213482094014547
1.0709414695417987
1.0313753139037187
1.0445828772829973
1.0440568823040497
1.0088612554406016
1.0928933287938345
1.0615887788579794
1.0327023121954022
1.1186361334765962
1.0572792812749687
1.0926577537218218
1.093116436640246
1.081070882131464
1.059674882989628
1.1077035825935986
1.0628937287813698
1.0459443401879278
1.0505978630666002
1.0605739725198673
1.085969402404128
1.0391867433092485
1.1125733063330738
1.1116295237849714
1.2667680213861487
1.2015542677844322
1.2469659479536146
1.219759304424939
1.0814949555056956
1.1748174509741782
1.0434886814458586
1.0701240183757559
1.0544527124367498
1.062225890759192
1.0469799173798378
1.0358615608216533
1.0553586435922215
1.0331894071461591
1.0472600222494075
1.0314581098581892
1.0900234098697708
1.0413404272169189
1.0778870098708446
1.0694898361886769
1.0202268572819944
1.0155626951101873
1.0785675538463302
1.037373722338366
1.0772444375036907
1.0801679874964394
1.0566511863847186
1.1398412732071534
1.0892018315730785
1.063144566358017
1.08425214119515
1.0675769420520735
1.0487188004521915
1.1088248134523804
1.1138597353203659
1.1191203095240292
1.1553128711671026
1.1894822416217454
1.170485302247921
1.0584979549658065
1.1660756184547352
1.0293429900546585
1.0308675536624474
1.0547473740685365
1.0605056127626846
1.091727707332322
1.0468394793599192
1.0296731779121717
1.025918117645861
1.0346195350950005
1.0386909102703041
1.075180308271907
1.0383614627255455
1.07733748567988
1.0356951285167098
1.0484986495321826
1.0342644723101322
1.0462308699090912
1.0327541523934398
1.0370560732963805
1.075923964486324
1.0426104998606958
1.0976915973415398
1.0333501474650086
1.0220502102601692
1.0296167885597203
1.0649819801508809
1.0627047683106525
1.0887102779051323
1.0611267449708344
1.0813265651372432
1.0708500366339595
1.068504410487092
1.0426128137113344
1.0254502489902642
1.1101954049177734
1.114611363445011
1.0699094622961884
1.4340581802776142
1.159697647848687
1.1974499389623083
1.2603608871874146
1.1800948078524096
1.1485238818256427
1.3230981308071519
1.0909217751038227
1.1010163780670001
1.079112803672895
1.054517516037087
1.2472870855159395
1.1191965301886866
1.0668637544290465
1.096601440481011
1.1145834132598096
1.0875099160974977
1.1001258166400008
1.1936382650470803
1.184195587559746
1.1545220785525117
1.0281989672050118
1.1199288836967738
1.0823711523191966
1.1184750462970516
1.1038768634114478
1.0949837771922295
1.1207939649438647
1.0912220077531811
1.0800100501061924
1.1151390244281956
1.0908209553445951
1.0597801207402138
1.0417872514647124
1.1469313312746514
1.1164793600639664
1.1526905562103802
1.0257613164843706
1.0945938013898908
1.3057137175145157
1.222587274696801
1.245806867248351
1.1098731703759033
1.245117477691435
1.0185194612195279
1.1902237241604434
1.0910664840140973
1.2085859234947545
1.1199419793406464
1.179793716868078
1.1722928847624512
1.2231971019595846
1.0873809672411043
1.0965265522800496
1.0977010071067501
1.1418421100150864
1.1773859713577963
1.1828600054489362
1.112395153768653
1.0686922927118272
1.1303539170976808
1.084127248933086
1.1753525426686184
1.0427941389450195
1.030195650546692
1.0905348936357795
1.0831688824190695
1.0388316236703599
1.1231282620106646
1.1046930009390918
1.0540245552658931
1.097191239777117
1.0668025421596463
1.186188570715151
1.164150453751852
1.1534264232089668
1.1414630211135426
1.126345218318657
1.1488723940202705
1.1243760556915903
1.1402423030375675
1.113933614091599
1.1248562560229733
1.0971555408061973
1.1008435657649485
1.0291348672937046
1.0318600849111332
1.0151566856504946
1.0244032390410356
1.0436664628871528
1.0274411281712108
1.0280859572301986
1.0232017880219249
1.1044070256392284
1.0727543677908178
1.0606629294024321
1.018430566790237
1.0441938833038422
1.0183296171214047
1.0834889361816642
1.0454639904289755
1.0413439141998955
1.0876222972510794
1.0448883680919807
1.0193310964879494
1.0383698922779832
1.0566608293473845
1.080425955312153
1.0637360706841517
1.0203491438942276
1.0731334688890468
1.0628120573982331
1.0507991235452663
1.0288383051201648
1.0574991927394408
1.0649329393591629
1.0925418998785859
1.0980261733783225
1.162660553787492
1.0917250673632153
1.0903418055177005
1.1039331464541413
1.090895165341005
1.1496995112696862
1.1210369673524094
1.0746689462400958
1.0567395772717085
1.05592365311347
1.0580699275368761
1.052756590540685
1.0368938709304696
1.070279740517231
1.0515383383917993
1.049549820815765
1.032564713611763
1.1198443760625902
1.1629592968841385
1.0767988181558639
1.0678291976968672
1.0494685481185317
1.0920842588298296
1.004914203407734
1.0572456977625544
1.0597279996205102
1.0712008163605131
1.0969420338736378
1.0631945249575345
1.088474265306465
1.1017349373534935
1.0479120271135025
1.0882393542232214
1.0784948350155343
1.0756778867672423
1.1816242220168538
1.029589683415072
1.0802103755215937
1.0365668241243522
1.051668166068257
1.0253417465462653
1.07360880905917
1.0502083502933757
1.0682345585921291
1.0733116670594032
1.0720312631223994
1.098236080439981
1.0941918050150874
1.0929531075081904
1.1447793526523986
1.087325158249667
1.1563669922401882
1.2148750293962434
1.1119553443015875
1.0572827358608137
1.069725104459926
1.0581353612546167
1.0511765585002704
1.0234145069867504
1.055336808526003
1.0393858341611486
1.0323142261106024
1.0389222711693387
1.0126076483465278
1.0512751169297363
1.0216260290449848
1.0146986982072632
1.034513579611011
1.0522484569134953
1.0440060172694001
1.0935061020841008
1.0860241403327
1.091652109919304
1.0846204135326971
1.1337015511526376
1.0303624231464736
1.0927289745114661
1.0285221547527406
1.0399433052834421
1.0175938000839502
1.02843370558655
1.0594772873282592
1.0464210256065658
1.0818041683031778
1.0914085230788242
1.1029239296228757
1.121719889092498
1.159585572164436
1.051101537864987
1.084565607950958
1.045887491020747
1.0466268220324744
1.0633727495127006
1.032983762064067
1.0348607521353723
1.0269017471710293
1.0292615785901573
1.0359068778953004
1.0648408455058544
1.0421659026701298
1.1094543923083433
1.0494100770191999
1.030563769730535
1.153531212387421
1.091212259042132
1.1070173116973343
1.0782501554589552
1.1451031029936487
1.1502337932348015
1.2032707828711773
1.175933234924626
1.1792532766168262
1.1982233588312774
1.157533812725048
1.115299898797489
1.0884490856138611
1.1235244418108974
1.139946835534467
1.0731164376096136
1.095922817634479
1.3535176666114141
1.0816301596818054
1.0163098306378653
1.0394328436627578
1.0173999739445299
1.0890687783812114
1.1094225500174264
1.0796160053755957
1.0236668499728518
1.0078597710954478
1.0504758748364478
1.0568350390681145
1.0615142504835204
1.0769276679540178
1.1419294612643722
1.093091663616721
1.0833397830814369
1.0841710893280587
1.2449763283859876
1.2349229858315558
1.170353959904144
1.1718114590475566
1.1926325715906054
1.1815926937764705
1.1078919594034178
1.0336080175813043
1.1163411208085945
1.1521690602754655
1.1283043126705132
1.1747649810889753
1.2488787397548156
1.1926100793004388
1.2268761519259395
1.2785309044998758
1.2835996777156151
1.3231383010747424
1.3420041084000593
1.3166800579602276
1.1786816064786805
1.2030313621251596
1.275487654728965
1.1586691517573249
1.1458623552747278
1.0816580783096128
1.1260357862139063
1.0606921275380499
1.1162575655619442
1.1522434869432387
1.1084895632215288
1.1234433531037051
1.1140256936017363
1.1590468065630521
1.1284390809445832
1.099781851310099
1.1048770064638418
1.07433709442415
1.0643448045792958
1.100494640344242
1.0999369397719936
1.0723219956010495
1.0586869685012463
1.076692001430397
1.0250189102224292
1.0253158029230465
1.0825048807566737
1.0153650484673975
1.056884459696211
1.0403938848669885
1.108233047249643
1.068479625353508
1.0898596086460781
1.0465227879130214
1.037324962953109
1.0599691822843653
1.040805932744033
1.0620738348297434
1.1177803334413525
1.072794433596887
1.086556642490035
1.0626694311395437
1.071472903174112
1.0560147526554282
1.070445708470752
1.0525682990825485
1.0809449432893445
1.0181824473267465
1.0773678456450881
1.0284990404598353
1.080710297589807
1.0409377775716329
1.0738349911087668
1.0450237471482173
1.056015743619229
1.0944044851898835
1.0318491363386513
1.0324093073879472
1.0155857153397292
1.0304660935035888
1.083361865356422
1.0532121301876476
1.053169407294524
1.0633783539996835
1.2544234804511392
1.1296238841333193
1.1852162838223832
1.1558431624407346
1.1168446231519191
1.0934693348251676
1.1216931159455878
1.0795745815556055
1.0714057539966084
1.0560091271424101
1.0564544371497842
1.0811623160849528
1.0485185144712394
1.0726145169163133
1.0792031102246946
1.069428813307622
1.0239556263485718
1.090664859190891
1.0593624658056169
1.0282631858692768
1.0539367395748955
1.0643891345335896
1.0340886337085091
1.0414167756524697
1.0634999935271259
1.0382724289729084
1.032368897177757
1.0294452464539203
1.1191302243417478
1.070965992625349
1.0977448960608316
1.0730308699996784
1.0956458054427525
1.047921174708523
1.1073763084875243
1.0440996202604358
1.1345228699878491
1.0505358401821638
1.0487883743877189
1.032810596795555
1.0499897665836735
1.0032760697852319
1.0412722163897818
1.0273486946607822
1.0676849403862083
1.017918964582667
1.058883190448906
1.1231028340111793
1.1232511768508515
1.1234000739604055
1.149291434378185
1.2982598888161834
1.1674876555802984
1.1765215494176677
1.1589903489825466
1.163469489376769
1.143671159925373
1.158861979040614
1.0850100646657639
1.1006284146873009
1.0837320470689762
1.103179948012218
1.096334149417804
1.0748502928427905
1.0626140247612268
1.0995459081627785
1.04785157262458
1.0275854578790553
1.0562630239297865
1.0218316808034278
1.0276131878715435
1.0499653887485492
1.081590454428481
1.030420009190358
1.054588478487895
1.0828819453442984
1.1127385441433872
1.064974013157645
1.0604141224195478
1.113248617100491
1.112940701818405
1.163795095476996
1.0901701872779785
1.1608814204525406
1.1156320271758902
1.1497137624712848
1.0799131241110071
1.072535646970869
1.10730918125612
1.05016366972145
1.061800834101296
1.0033454853752883
1.0260693941134602
1.0400480810616013
1.0538825483809002
1.0090470382179204
1.0680719200290534
1.1350206807673406
1.105174391748745
1.0971331957943309
1.0529355922970691
1.044502916537097
1.0672852342534929
1.0390705854544888
1.052478632243544
1.0386029602086768
1.0220573661221566
1.0396766007177782
1.1000410457072818
1.0634567694296555
1.0591392899563583
1.0866064886371964
1.0436214647608015
1.075998438214107
1.0475653217282364
1.0179858279286544
1.0202259109505423
1.0191877823457787
1.0361996923361039
1.0399416945762896
1.011974417818364
1.0454310499675985
1.0161434147085906
1.096545915729732
1.0529529308202057
1.0422511534452412
1.0337336798741337
1.049358787940811
1.0674976719245675
1.0333042857265107
1.0804248930668623
1.0459132222011778
1.0202053794221868
1.0026371077600134
1.044456770270738
1.0477221371517895
1.2027156354779047
1.0712452940682498
1.054979582537375
1.0461409675682771
1.075667822956292
1.060113110831176
1.0582901037318369
1.04010108881833
1.0143777187597154
1.0589996988648174
1.0399803162429941
1.0798580103789257
1.0442184111734556
1.042341625960629
1.0307954281544447
1.0538168896940932
1.0545168884443537
1.0279033144986909
1.0386239117635516
1.0324502618021023
1.0657807945172737
1.0232720477326183
1.045141987892553
1.045759557934877
1.0315455396153805
1.018495446984883
1.062329664193564
1.023080880575313
1.0060133279480068
1.025534098784428
1.0251718453305412
1.0318790855655324
1.0339933120592983
1.0292937335218129
1.124149565175614
1.0882196998561189
1.093268524249655
1.1272182499844694
1.0763140877750803
1.1293178616438857
1.0993152397528227
1.1009358729580516
1.089731448805487
1.0655855940564058
1.058623294881321
1.097862688854812
1.1166017753903814
1.0854179078634152
1.0603729320750548
1.0941784853705419
1.0881552927243483
1.1921554459420007
1.152692947054419
1.216642283659504
1.0992906883263844
1.1127325170727183
1.0533547932118494
1.127708417348445
1.097887106115626
1.1342857567075086
1.1582826986892742
1.127460343012175
1.0972612870863667
1.2036341386610077
1.0669341354205295
1.1820105320656584
1.2434399683881676
1.064341690859922
1.1209366677019155
1.0949583405545136
1.2470889784149086
1.222187447317305
1.1912748323079456
1.1131552085456553
1.158936520401607
1.1434818621462077
1.1135487018426933
1.1097092846476282
1.0871685661153911
1.0900998406585667
1.130216052675968
1.1282359889544402
1.1234062273693428
1.0664489538891264
1.02992780073072
1.0142364183682648
1.0418418267102667
1.1099483993393258
1.0614251381313244
1.031864675453409
1.0491828306615059
1.0300468700611995
1.0124346061048477
1.0131063765367858
1.0438152731491395
1.0244703340054178
1.040493113056797
1.0164134133225289
1.015843256666149
1.0538698018141472
1.0348943874306396
1.0473160751666486
1.0785514606859192
1.1092663097912645
1.2073801190940385
1.0607040669962364
1.2698868229237918
1.215153414432213
1.1990760113457415
1.2038071763349902
1.1963237547990024
1.1612571105098344
1.0489498191433184
1.0442476904875777
1.1537602949229142
1.2429225579638836
1.2190690196039464
1.2471369879981717
1.0952782367130487
1.0189810163672062
1.0356493292779687
1.0814725410252013
1.1826869471988535
1.1595497526720142
1.083705544938931
1.159265495740331
1.2287534443990507
1.1789179977311484
1.1714574324332074
1.0294398032170442
1.1155420176763238
1.2593881646072829
1.3094476781632058
1.1573436682100322
1.058969383807284
1.0514448742288134
1.2968380929997771
1.197625523674882
1.28126761247415
1.2116902686065167
1.2090574694568461
1.2066271781557187
1.2434167390114852
1.208963625668671
1.173062436792621
1.1011679597550643
1.0916316457888988
1.0565590203485216
1.032266596390491
1.0480469804775663
1.0182677969892575
1.0498159178778141
1.0200414414371122
1.0572893867832565
1.014083902956039
1.0220077303569168
1.030856874462134
1.0560545647380815
1.102898025660919
1.0640193297128708
1.0697553626118737
1.1548718620693723
1.1313601118101726
1.0550557315416804
1.1069214184689504
1.0847626902029637
1.209859613765286
1.111051794882765
1.1712234138415571
1.086448875973785
1.3188860090482164
1.153611448615466
1.224500680434149
1.1633205758237164
1.1271258506486204
1.0914276952307407
1.1015109282507711
1.1051142724835317
1.1308492508026688
1.269597812508841
1.2594001581722238
1.2364806433431215
1.1964150685869606
1.1948559326799653
1.2126002829285425
1.1890773168313626
1.1535190163921447
1.1907427400460164
1.0736455827697182
1.1093169282525253
1.0576266906184257
1.0056110727984406
1.0131792975472962
1.0371006661238407
1.065629562022733
1.10237005090357
1.0347273434829507
1.054738847435879
1.0638317196417182
1.0426417725212003
1.0196517495404465
1.0310025975518853
1.0186249957729638
1.0268346012187026
1.08712597721296
1.0196732715916812
1.0107134402415847
1.0083588593477688
1.0221567803914915
1.0259470176801613
1.032360322744152
1.078123211243802
1.0133464599837994
1.0670026624750621
1.0138582753706984
1.093710602360766
1.0534852994471964
1.039146303904442
1.1010166378448931
1.0808561619527097
1.0999617012038159
1.1694925992603926
1.075159036358695
1.090717923497826
1.0713388679546179
1.0732421660607032
1.028301613138594
1.0367117056978796
1.0867032335124411
1.0640621084975417
1.060031182586332
1.1429530251961426
1.125542630887707
1.062273306269399
1.0758008586450647
1.1531092768720042
1.1270669928166073
1.1222525668010743
1.1608494969619931
1.0622336741752156
1.1197831487864551
1.1315607853554601
1.0916276808219199
1.0716527540509284
1.0957525795653824
1.1626522960904004
1.1349400312147508
1.125655299825444
1.0613308490118378
1.0879008207722871
1.0638005093325993
1.0280289965968854
1.03833685720744
1.028976467811374
1.0367739674643672
1.0708083257687684
1.0627851883797683
1.0680524976632477
1.0816211181552624
1.0874275320484799
1.1194794498974905
1.0222222216518724
1.0658742388056923
1.0607421289422296
1.062765791525505
1.026613312235373
1.0508739852002633
1.0400834570030362
1.0200435575935478
1.0549075335136069
1.026535340996938
1.0382239370737527
1.052021079486102
1.037775023213939
1.0510452517738638
1.038962369759121
1.0491190483885404
1.0611414694491326
1.031108316333265
1.0293055738219392
1.0569836171917244
1.1142726216210537
1.0838897255446438
1.088307882311981
1.0575048343884392
1.114443853242608
1.0863263735564992
1.0433371319878233
1.0686913404085676
1.0710631316422585
1.1070693837253374
1.0666858878312235
1.0757093139007325
1.1050829849483104
1.1121522892193547
1.1267653735335215
1.0975513292318624
1.1505925427969228
1.1281068747486664
1.1173245009235047
1.0797621726496909
1.0767835884091448
1.0752288437790893
1.0764422700584184
1.136196212036561
1.1014151281183786
1.0463062684452582
1.047404227579764
1.0313524434916665
1.0489713272434682
1.119404520266712
1.1193168880362603
1.0540175213434126
1.0367615849583838
1.0349074994290133
1.0729817037634606
1.0407749936001889
1.0237674431659618
1.0260507924060083
1.0312347318730894
1.0656234098395783
1.057107728722981
1.0328497434567887
1.0604281165346867
1.037524196205582
1.0382586309224
1.053017687082365
1.0180995128736716
1.0270251499286827
1.0711075146523354
1.0338722373901987
1.0837949562139049
1.0398331989271423
1.037475893400617
1.0845948346732015
1.0581605491124801
1.1001603109230536
1.0576438411909443
1.0368665725747235
1.037670823122064
1.2147882788877171
1.201133050643884
1.1537570660896506
1.0890499070446047
1.0648128333296174
1.0251404456193933
1.084686417194031
1.1245768691772635
1.0685451511837674
1.1402009259649741
1.0963404679168427
1.148041481729576
1.1305852086801798
1.0482085805249013
1.117138963076687
1.2656451870009608
1.1160623620911212
1.068641729060259
1.0786100357093962
1.0863750656739872
1.087349262488856
1.1073581269956863
1.147783981562973
1.056136675124938
1.0651038334651892
1.035543662560094
1.0110455220155772
1.0531815794497523
1.031142186529558
1.0273094415419657
1.0308236153254362
1.0299212389005825
1.0365613807411227
1.0683496716187844
1.1607001422015562
1.1747626141845473
1.1155830340016712
1.136586968277939
1.124702992685104
1.109312327164539
1.1526046636422338
1.151149948128124
1.1027704981336992
1.1126083776758497
1.0368154655498898
1.065608498730499
1.0541186892149608
1.0308899730308354
1.0195686884172128
1.032943891240741
1.046502954640076
1.1281460389189188
1.056266232048781
1.0531376244121669
1.0713811137213796
1.0295683867446048
1.0367375258202496
1.0792587046728215
1.0787916289594848
1.0309150103522802
1.0388027284114343
1.0709650264906492
1.100255153585149
1.0857746916014228
1.053281056301056
1.0577146572783571
1.125896048248833
1.062404736179548
1.4699921374790978
1.1786642462737393
1.094565976520841
1.0905453571312378
1.0134314818434145
1.0641017236065362
1.0398941886895015
1.0565675903793947
1.0613669898644322
1.0626993134014164
1.0682446148146567
1.0326198789082681
1.0291684601256814
1.0476086170886911
1.0360259968234828
1.0168255861609807
1.0325284473602132
1.1899921074463156
1.172987638813427
1.1319141697487356
1.1052064866991105
1.066426086348295
1.027782559817302
1.1185731586865155
1.0656102839282717
1.0269590011181426
1.0102405730376154
1.0192962781989583
1.0117797832909021
1.033356881717857
1.0559933828292187
1.0623500035175448
1.0490873210891214
1.038061323731063
1.0368429496033296
1.0442154395518781
1.0513853083086169
1.0335047892960372
1.0367015661680883
1.0706645475026935
1.0768469602120656
1.0113367411894718
1.0917000628835094
1.0230987482446685
1.0246056866831976
1.0307892775058176
1.039594813190279
1.050444268120336
1.0277361772252227
1.0352721996998435
1.024611537386213
1.191740589819916
1.1596170393967091
1.1238587225578878
1.1394126266655307
1.1306307093313033
1.128693618243045
1.122925363052619
1.104901247580804
1.1676475931141568
1.1054716567324494
1.0908423218998105
1.068012773540861
1.0675873839877943
1.0427316330467427
1.0368092787161307
1.0333884063701297
1.0573073221043472
1.1344677322650325
1.0620802952279766
1.2075997038350905
1.0990252279793027
1.1567683769804398
1.0807375184987806
1.0670705559789924
1.068399233451909
1.1168502077467337
1.0863417242538587
1.0413615469458983
1.1431317296471724
1.1509780407575119
1.0726868270356262
1.1307758840322126
1.1757492499141398
1.2450253785321583
1.385058096910225
1.2817964969670095
1.2012576276204174
1.2119065781833303
1.1403536319799084
1.026927957578576
1.1049765057971817
1.040015881286524
1.099967231575389
1.1094233885421563
1.108692241655826
1.0839421425937366
1.1010190978430952
1.1662735399414703
1.1976335924830506
1.19428528603048
1.0605210973563468
1.0630888464979706
1.0771352117995663
1.0075822024520922
1.02910977972548
1.0865116189976252
1.0755398169660364
1.050274518057145
1.0735089269693703
1.0880239202012243
1.11530257983863
1.059765907644597
1.0767843979001008
1.1011929826442877
1.1238963963156194
1.1450329278684992
1.044666631573112
1.087555637831034
1.2542608576063923
1.1119987621353364
1.1306084002185848
1.0888541935185887
1.1118618235868027
1.1021730783269776
1.0933248786498455
1.0609048713410094
1.0385133173567105
1.0585812368087086
1.017461726784541
1.084580420372092
1.0205376298468283
1.0350306829371605
1.0401095154385334
1.0435242214943032
1.0463406080250093
1.044566836989541
1.0104823894022763
1.05561234355867
1.022746483229157
1.0291729255706792
1.0111174362198778
1.0301234780120088
1.0183522668850493
1.0538276371761381
1.0436236808683734
1.0714205532820378
1.0339824355122598
1.036777511038742
1.0620180370451284
1.0388590871004784
1.0553292745723704
1.0884842905055807
1.115453627058132
1.100015270049058
1.1195947502898709
1.0998724699295843
1.1089620657359387
1.0729535669650734
1.075701723747597
1.0493590536886561
1.1295880803728895
1.0400112966872797
1.0484162603395057
1.0772927197823305
1.053800532109205
1.1509948908135854
1.0387996289291603
1.0945851563582025
1.0057631499074744
1.127388813620433
1.0656125236888108
1.073296942477538
1.024869773793978
1.0366602290766012
1.0355324458483957
1.0159669751730689
1.0031044417159811
1.0418243022659721
1.0120342833144
1.0342968955695386
1.0382984754552285
1.0452472232713885
1.0535503924909582
1.071296754953129
1.0542894921305341
1.0269823971753465
1.0792964148103619
1.0351807843319116
1.0602737953363222
1.0282533462806662
1.0142757541428602
1.0230713869843406
1.018913499106622
1.038289416406809
1.0272538969963227
1.0262717697286894
1.0256413286577482
1.0162900831395132
1.0172511135237756
1.0102301050934235
1.028372989402729
1.01163292633213
1.0127688319748005
1.0305799496144175
1.0055146819314493
1.004126757972428
1.0248310154340332
1.018835759120661
1.0326214437378358
1.0430789777997733
1.0171896938745029
1.0096434128801026
1.012113802445191
1.025027061528694
1.0044650851282004
1.005419870401938
1.0522314428872086
1.0340883240284002
1.024683083414883
1.0245710102190655
1.0223905154536181
1.0355042025650893
1.0165357779915711
1.019413634183464
1.0060290315874556
1.0138408438450055
1.0320522365247513
1.0470890978398215
1.0348757679624658
1.0497910719243078
1.0333497437120873
1.04278905523077
1.0046194276466571
1.011110777727285
1.0237703460925076
1.0155639312088829
1.080927928128927
1.059504154303136
1.106426072110451
1.0730023852734802
1.0369406380547028
1.0826493582818792
1.0753882429582629
1.094297125491856
1.1250201744905524
1.122884151466245
1.1237286525039931
1.056930257262523
1.0731635244598576
1.0440727022520122
1.1306694889725863
1.1031530816482609
1.047917128979232
1.0569868497340142
1.0938611144756891
1.0608683546354825
1.0636075622205963
1.0466410357520302
1.051703720705345
1.0375364342222713
1.0320206248021633
1.0150203129995052
1.0278652287410799
1.0156631360067945
1.030359312131003
1.0193205565728813
1.0147759993480874
1.0269293306315466
1.0170970880999224
1.0132515987954376
1.0395264560199298
1.0586613105448366
1.0378209214468823
1.0412656300411305
1.0434209618095522
1.0074452692272708
1.0263796235081588
1.0325847265233299
1.031178278795803
1.040667430030014
1.0200803360793544
1.0331303689434468
1.0322686572660198
1.0407055958656026
1.0783250082432403
1.0457156775913732
1.0179988786532046
1.0596373266543007
