1.2183312999112685
1.2182835453021785
1.218116352821322
1.2180332700713132
1.217892470998061
1.21767464836176
1.218028854053699
1.2180558636498076
1.2182462658976634
1.2178052803246902
1.2176183698116925
1.2174918457721253
1.217547508133688
1.2174661712511092
1.217560858884617
1.2177542393769103
1.217832392618883
1.2178792229452164
1.217866591080877
1.2179731916921355
1.2177625579217197
1.2176674594958754
1.217586738801801
1.2175387787965428
1.2176577031778897
1.2176351095993956
1.2170190237930922
1.2171433911728946
1.2169268009136018
1.216991603404647
1.2163463513424693
1.216209352098327
1.215776479673995
1.2154496943705018
1.2151548481711527
1.2139921004633738
1.2140661457819844
1.212461488218476
1.211902297150744
1.211556204607447
1.2103914029379867
1.2100018691051297
1.2090612573531827
1.208447738998981
1.2070428292089783
1.2061599337802755
1.204959290479477
1.2039086890794963
1.2028379588550393
1.20092325577574
1.1991417521114727
1.1969068364060598
1.19500373821026
1.1940684667586843
1.1933759735778369
1.1918141411153833
1.191300753393145
1.190333953629761
1.1891759300338494
1.188320968484012
1.1875293716520423
1.1836397844161817
1.1818230553090798
1.1797338681849554
1.1793024335338003
1.1750915039929013
1.1747130615531238
1.1722607340037465
1.1710447886884225
1.1682861127542805
1.1663914358013734
1.1647845188800157
1.1627010828485986
1.16020603289625
1.1590619762397714
1.1570440615859872
1.1561390860692102
1.1521606649906337
1.1508127526372867
1.1462089002267573
1.1435088648986167
1.141288737717309
1.1392640449899767
1.1373059006211181
1.1354208772881136
1.1327624346840184
1.1318904252522264
1.1300413462486445
1.1283492926155971
1.1256383712905451
1.1216553287981859
1.119713821518946
1.1168715493443757
1.1144611226132963
1.1105501741759503
1.108079771763778
1.105909555851326
1.104034802326728
1.1019919320385159
1.0989349181701669
1.0948666362680337
1.0920270342436493
1.0884541678990438
1.0864234159847512
1.0839355548982879
1.0808125061618852
1.0791773472674093
1.074732471491012
1.0740384378389038
1.07123498554011
1.0697709216536855
1.0667771698051198
1.0670783832856812
1.065186171086792
1.0627113526570047
1.0564661794669556
1.048749445430346
1.0425200877452432
1.0396283150941537
1.0353197196753094
1.0304318043642575
1.0277318717342008
1.0232858662788789
1.021415323375727
1.0111226132965265
1.0093038302277433
1.000752674258109
-1.001684720030639
-1.0061003866509188
-1.0075346149635644
-1.0110838056071019
-1.0120715449669258
-1.0130816637699769
-1.0134787654878408
-1.0145304886453894
-1.0167001537066098
-1.0272156315422192
-1.033312190854925
-1.036177704953132
-1.038752781493429
-1.0400320171544273
-1.041099194644133
-1.03966656459286
-1.039198214982658
-1.0353256301594007
-1.037293225105119
-1.0361083540045386
-1.0357502804167775
-1.0390333223781092
-1.0393278814929177
-1.0434032333747416
-1.042698434947908
-1.0426522116558465
-1.0415939941215868
-1.0404147349775408
-1.0417121116599402
-1.0396319315521831
-1.0448332939533607
-1.0434433734196098
-1.0455386248142553
-1.0460859761902768
-1.047608042971244
-1.046402764822449
-1.0482182685723447
-1.0486734398590638
-1.051749399854723
-1.051827904860543
-1.0519334676885734
-1.0525609183056994
-1.051393604445506
-1.0535357567024513
-1.0558951183740746
-1.056808240023695
-1.0591689336203969
-1.065269482892562
-1.0687249282991476
-1.0703645818333236
-1.0716335090173323
-1.0704671904699607
-1.0711171880929775
-1.0713233031368288
-1.071543883395784
-1.0706416232206328
-1.06987052378858
-1.0700257130653121
-1.0699847951588013
-1.06898891618707
-1.0685362275709314
-1.0685752757644946
-1.0674388868523201
-1.0686045931007462
-1.0686194869237529
-1.069017786771941
-1.0684819400800445
-1.068014686123272
-1.067294507597555
-1.0671635002657693
-1.0659701258885794
-1.065054390370969
-1.0634804309718713
-1.0622669982650976
-1.0628934977938251
-1.0624792273116415
-1.0625774307710392
-1.0619757415811915
-1.0618187100009713
-1.0615443636362445
-1.061455029099514
-1.0617715864267248
-1.0608230582332294
-1.0601407049444447
-1.0601643670242942
-1.0600289880252938
-1.060003139530808
-1.0599374854068209
-1.0596908647305476
-1.0597172746470507
-1.0595882360686435
-1.0594994610167745
-1.0586569544542714
-1.0581454700081385
-1.057826818837836
-1.057647460839277
-1.0574002969800944
-1.0572053579455216
-1.0569867397949761
-1.0568790132461545
-1.0568097310959463
-1.056794361783803
-1.0568202834198275
-1.0568636419188022
-1.0567755521892328
-1.0567044487963988
-1.056639202650453
-1.056465634390076
-1.0562943002753207
-1.0561207307490192
-1.0558717609758115
-1.055667885613429
-1.0553803503302455
-1.0551816958277254
-1.0550490724026516
-1.0548585417631047
-1.054780612049804
-1.054587208724284
-1.0544712921217327
-1.054358711820118
-1.0542102019755397
-1.054206663819297
-1.054332454152691
-1.054241133320478
-1.0541144518648802
-1.0538934599224619
-1.0536963909366321
-1.0536629831904631
-1.0535816960565345
-1.0534661143548563
-1.0532819655448138
-1.0531501609206544
-1.053064169637844
-1.052922400109604
-1.0528817551662384
-1.0527799857975553
-1.052680284558207
-1.052566607217154
-1.0525203012648687
-1.0525311094150127
-1.0525367980042477
-1.0524466979772353
-1.051950173328574
-1.0516823788053808
-1.0514777334908327
-1.0513781652191605
-1.0511560494898151
-1.050785800501043
-1.050727745892843
-1.0506749127043413
-1.0507235507888346
-1.0506872702058607
-1.0506322872234077
-1.0506101822853895
-1.0505054515317391
-1.0504700926160668
-1.050394056345111
-1.0500938716161543
-1.050021060205012
-1.0499344470276024
-1.0498687890434673
-1.0498171740493345
-1.0498599598030671
-1.0497786924879426
-1.0497012851868093
-1.0496238893003638
-1.049522635602466
-1.0494822527059469
-1.0493800085116207
-1.0492980239668854
-1.049206216483906
-1.0491378235686875
-1.0493097837214564
-1.049257545288541
-1.0491473189114655
-1.048976768046525
-1.0488928127432773
-1.0485620941003846
-1.048373334636809
-1.0482988430287334
-1.048215447562315
-1.048179904136871
-1.0481283422459895
-1.0481468452731304
-1.0481951367383286
-1.0482778518511737
-1.048373334636809
-1.0485844516961287
-1.0486496103296934
-1.0486700517082748
-1.0486816844507716
-1.0485938241032018
-1.0481975062939024
-1.048160384487371
-1.0480771238585525
-1.047958573624856
-1.0478017134514201
-1.0474483581501282
-1.047250200312972
-1.0471517688688379
-1.0470416466931234
-1.0469885080805148
-1.0471360035375985
-1.0470813915964268
-1.0470275734422432
-1.0468646890233637
-1.0466845283363655
-1.0465904778160264
-1.0465063416761609
-1.0464368383320382
-1.046367681547148
-1.0462889776298092
-1.0462462576040588
-1.046055633906311
-1.0459079932484643
-1.0457309693068473
-1.0455315521976574
-1.0451427055870326
-1.0448498869551501
-1.0446569698137471
-1.044492357200322
-1.044311780038678
-1.044576393917451
-1.0445518537982694
-1.0444761116614438
-1.0444169597625186
-1.044376968809024
-1.0445600337098802
-1.0444706219039261
-1.0445260823116949
-1.0444397010823805
-1.0443289165042449
-1.0440251356539607
-1.0439088432306707
-1.0436645904015627
-1.0434923506933662
-1.0434996194020407
-1.043253546070796
-1.0432798137000334
-1.0431819036445609
-1.0431303852990228
-1.043126250641557
-1.042921681907859
-1.0427568339998563
-1.0426898375519456
-1.0425193704207738
-1.042417808784513
-1.0421241726363848
-1.0419785316005117
-1.0418877774573725
-1.0418231219878058
-1.041793918182638
-1.0415430781253576
-1.0416795709477642
-1.041787453439474
-1.0417648274702178
-1.0418138702234896
-1.0418604651162793
-1.0419959260917933
-1.04214335657263
-1.0421735838587936
-1.04210744303597
-1.042148598817612
-1.0421902040362865
-1.0421587488461075
-1.0419744060691956
-1.041893351580477
-1.0419319261468387
-1.0418952467959193
-1.0417332865028648
-1.0415361708682036
-1.0412105197198769
-1.0413580621222756
-1.0412086269946614
-1.0410099291338195
-1.0408305539812839
-1.040641787240455
-1.040423406064713
-1.0401418919121015
-1.0399128365148533
-1.0397903521720016
-1.0395894204292822
-1.0397021990718864
-1.0395600087629282
-1.0394125315793736
-1.0393734776637196
-1.039228049833698
-1.039082551811774
-1.039066252361095
-1.0390047182283586
-1.0390673611510532
-1.0390346528420091
-1.0393740323862921
-1.0393862364327011
-1.0392791834320376
-1.0392337064484531
-1.0391740378098206
-1.0392099712621936
-1.039239584956487
-1.0392510094170275
-1.0392320427318393
-1.0392754120186394
-1.0392910524704677
-1.0392524513570833
-1.0391301225203444
-1.0390084876773746
-1.0388148399132826
-1.0385419490835772
-1.0383626482572763
-1.0381157818166622
-1.037973139899448
-1.0378326388712729
-1.037691512360184
-1.037700580464721
-1.0375133894194575
-1.0373513517832458
-1.0372959876324894
-1.0369607243117327
-1.037066637470163
-1.0370333923244268
-1.0369481354479213
-1.0368814416550267
-1.036849864474405
-1.036752495209536
-1.0365698391867275
-1.0364467068616607
-1.0363787538779268
-1.0362905165488827
-1.0361741765408272
-1.0360784775223613
-1.035947305981437
-1.0358736881074757
-1.0357955632163907
-1.0358224483087655
-1.035860244056847
-1.0357653742433823
-1.035598044661633
-1.034703270681941
-1.034580251613477
-1.0345463962707677
-1.034630489111032
-1.0346199355338856
-1.0346721558570777
-1.0346349964335497
-1.0345545301443864
-1.0344626467947613
-1.0344009973816186
-1.0343410034040814
-1.034391217668768
-1.0342812361052665
-1.0341693008708888
-1.034003584555954
-1.0339873342583061
-1.0339221186076417
-1.0338816099973485
-1.0337907241794648
-1.033662654991862
-1.0336422458679382
-1.0336978790853486
-1.0337496771283965
-1.033692063103828
-1.0336116336931356
-1.0332448675352806
-1.033159355446785
-1.0329634984089613
-1.0328735408574758
-1.032750846927859
-1.032761581482991
-1.0326328910577642
-1.0325536118189367
-1.0324466479424237
-1.0323151904676489
-1.03233040323339
-1.0322942873266172
-1.032160023981634
-1.0318644832221138
-1.0315954499229745
-1.0315014689230586
-1.0313564876463206
-1.0312910572997729
-1.0311857744721669
-1.0311643710496514
-1.0312640792570957
-1.0311721242276228
-1.0310275630203696
-1.0308761666102912
-1.0307604934847583
-1.0307444540725883
-1.0306501916973283
-1.0304523404363395
-1.0302385414518636
-1.030087049743935
-1.0299883316477634
-1.0298254772575552
-1.0297256114487559
-1.0295989828865417
-1.029472276623521
-1.02917174614254
-1.0290236128606816
-1.0288563887957307
-1.0287666016834225
-1.0287619279650697
-1.0288481268571197
-1.0289046585628887
-1.0289986019040733
-1.028992838682086
-1.028892264541865
-1.028929664952855
-1.0289569559220284
-1.0288503010386258
-1.0285900081222155
-1.0283889283179557
-1.0281993270276757
-1.0281082433707296
-1.0281443926403997
-1.028103032874806
-1.0278780549648237
-1.027868615208281
-1.0277281243851966
-1.0275133941177736
-1.027355548699916
-1.0271660031648506
-1.0269264890691423
-1.0269311461253474
-1.0269518326296991
-1.0268447267076033
-1.026618783768482
-1.0265266812831206
-1.0262891959107285
-1.0259855478965638
-1.0258739959113718
-1.025689750465508
-1.0257315645933165
-1.0256262254469541
-1.0254387212935172
-1.0254121565502492
-1.0253002973674958
-1.0254341857521083
-1.0252763307176571
-1.0250042474819856
-1.0248424259302413
-1.0246417303309328
-1.024645611929028
-1.0245758554704592
-1.0244691367688519
-1.0244172945956151
-1.0243942313650456
-1.024491448840923
-1.0245770413587036
-1.0246859391602194
-1.0247316615719204
-1.0246937030557348
-1.0243837778128453
-1.0244503824455684
-1.024355866796118
-1.0242847490732314
-1.0240657469796344
-1.0242064232525723
-1.0238964696619062
-1.023541944040975
-1.0233419725140163
-1.02311455821677
-1.022711052681496
-1.0224422615516275
-1.0221928192625682
-1.0220487262964617
-1.021835933568827
-1.0216199066310112
-1.0214949421875874
-1.0214555086412633
-1.0213355122316543
-1.0213366906307297
-1.021036715160234
-1.0210762234499768
-1.0209512849230895
-1.0208531327401154
-1.0207542503909353
-1.0206697233118054
-1.0206543173526266
-1.0206051069875115
-1.0205902378325078
-1.0205831778098877
-1.020836651018202
-1.0208705782593215
-1.0208466042021984
-1.02084446371614
-1.020865654923572
-1.0210209769370397
-1.0210376787406814
-1.021059092108794
-1.0210406765581488
-1.0210332891111507
-1.020856236500542
-1.0206740028274486
-1.0204668084820077
-1.0202562774028168
-1.0199746715843039
-1.0199520216298608
-1.0199728552772727
-1.0199456114480336
-1.0197706446038646
-1.0197026181528237
-1.0193587803137196
-1.0194215312973405
-1.0195036101451562
-1.0195263469359808
-1.0195647776204377
-1.019150092827177
-1.0190001381371574
-1.018833384045091
-1.0186573066291058
-1.0185046204806532
-1.018431010787507
-1.0184290934557796
-1.0184428344926848
-1.0184698915716903
-1.018477348499706
-1.018551071435333
-1.0185788801122049
-1.018538712510783
-1.018396393409532
-1.0182699800848558
-1.0182964955272897
-1.018187673873524
-1.0181429593889018
-1.0180084137748042
-1.0179410478856563
-1.018012032416117
-1.0178966742800262
-1.0177215586777422
-1.0175096068661582
-1.0173010380622838
-1.0169015731914148
-1.0166036662662454
-1.0163079492576637
-1.016023959820992
-1.015834545059631
-1.015765029437249
-1.015646578088115
-1.0153923929827842
-1.0151888189607674
-1.0148988960673149
-1.0146421246414028
-1.0144573465613573
-1.0143422642610107
-1.0142229824422706
-1.0140468051883293
-1.014282144408083
-1.0141506240643303
-1.0139348778257664
-1.0137039209756347
-1.013526130569055
-1.013631003537665
-1.013487942785843
-1.0133448169532697
-1.0131629356803102
-1.01297974972619
-1.0130352887566931
-1.012880384835629
-1.012842140344242
-1.012658122533621
-1.0124699605463123
-1.012154653864912
-1.0119852944691716
-1.0117316769824931
-1.0115489030926204
-1.0114721976756855
-1.011374073734393
-1.0111063783744716
-1.0108690472742359
-1.0107716698512097
-1.010707671203216
-1.0104845786451322
-1.0104024776925589
-1.010398808101968
-1.0104601461882192
-1.0104226084922663
-1.010146194668673
-1.0101547877387314
-1.0100600624586504
-1.00998326838696
-1.0099697546768234
-1.0100510519083057
-1.0100407842678403
-1.0099962586507678
-1.0099470231275056
-1.0097529562190262
-1.0097456264971534
-1.009497525832835
-1.0092767455310963
-1.0090686099254178
-1.0089278794286591
-1.0091671237169941
-1.0093986336139673
-1.009592773692658
-1.0096958919095478
-1.009749081924207
-1.0096305638122192
-1.0097988217520404
-1.0098795677794106
-1.0098097128103698
-1.0098146348080363
-1.0098888894881235
-1.0098215466304388
-1.0096289935293115
-1.0095783283555717
-1.0094670712436016
-1.0090541795838883
-1.0089033131216552
-1.0087886513348736
-1.008659387581012
-1.0085008052135207
-1.0083897854512291
-1.008280356214989
-1.0081187618168685
-1.0079526283133278
-1.0078221183528167
-1.0078438155080938
-1.0076624435127113
-1.0075882030822183
-1.0075683935804725
-1.0075160585391694
-1.0073893093379418
-1.0072914549237881
-1.0072803055208381
-1.0071832015320081
-1.007126114793561
-1.0070121690151568
-1.0068696168742233
-1.0068478575344528
-1.006784250695201
-1.006686097482706
-1.0065309441220316
-1.0065132569706299
-1.0065656959828981
-1.006623031393702
-1.0065357301639755
-1.0064446991233422
-1.0064160927682864
-1.0063423478841067
-1.0062232763535446
-1.0062512478314083
-1.0061638031381448
-1.006253119584324
-1.0062235882945367
-1.0061114059912177
-1.0060974759220842
-1.0062231723732566
-1.0063050115070153
-1.0062710055744797
-1.006116915751885
-1.0059758640920953
-1.0057758402175234
-1.0057786451971755
-1.0058291375064314
-1.0058221763312483
-1.0058432679493752
-1.005968381247437
-1.006011928807357
-1.0059109125540722
-1.0058898180989877
-1.0059617299234171
-1.0060040296860286
-1.0058584378373703
-1.00577771020222
-1.0056403887111254
-1.0054821311849518
-1.0055341512929628
-1.0055514925251372
-1.0054372798442728
-1.005288426992369
-1.0051145097738046
-1.0050407480335077
-1.0048304153637113
-1.0044800564811653
-1.0042445826806667
-1.0040747537267354
-1.003907673254924
-1.0037089882199268
-1.003536030720491
-1.003389291175364
-1.0032633713687356
-1.0032392868623428
-1.0031397567252576
-1.0030690744164785
-1.002937346697756
-1.0028031749749047
-1.0027080680409046
-1.0026719300709728
-1.0026892759714487
-1.0026729625482502
-1.0026750275091845
-1.002748235869838
-1.0026478739523446
-1.0025390679897976
-1.0023941676893293
-1.0022698386491804
-1.001967141320844
-1.0018906450881038
-1.0018658017895812
-1.0019311598318752
-1.001928891744372
-1.0020218917530526
-1.001997866815396
-1.0019134277850787
-1.0019112628688698
-1.001843845875021
-1.0016723548540105
-1.001653086395624
-1.0015926067989283
-1.001510399229835
-1.0015204941693479
-1.0015653057962395
-1.0016759613323252
-1.0016443282505059
-1.0016833804550929
-1.0016594747863115
-1.0017189319434012
-1.0018257046247585
-1.0017280005530587
-1.0015985823112512
-1.0015626272874716
-1.0014320158595447
-1.0012385304828106
-1.001072083753305
-1.0009140260441918
-1.0008089905563635
-1.000883264103368
-1.0008055960454878
-1.000732259660817
-1.000695852601339
-1.0005530267579872
-1.0002593799227613
-1.000250029635805
-1.0002597909283966
-1.0002604074374832
-1.000156228189297
-1.0000022593629543
-1.00007815935038
-1.000131265379773
-1.0000693260125062
1.0000247502382593
-1.0001249991911512
-1.0000662446522848
-1.0000166373664159
1.0000787694304774
1.0001587712379636
-1.000056589846549
1.000034917348582
1.0001765380065069
1.0003331525847055
1.0005627855006736
1.0009779938545464
1.0010115761280358
1.001128549245785
1.001305908836965
1.001476901146932
1.0016525148706827
1.0016909239541225
1.0017366246015311
1.00187403463801
1.0019896726806665
1.002047183607743
1.0020843603141742
1.0021676484603503
1.0023619532354004
1.002450068191528
1.0023890655295935
1.0023604127641392
1.0023680124223604
1.0023581534062898
1.0023617478392326
1.0023618505373162
1.0022722978080123
1.0022260836701833
1.0021786371553454
1.002135503960038
1.0021034621578102
1.0022021550165958
1.002364520687502
1.0024828288803445
1.0025688898747906
1.0027941067731443
1.0028419640803181
1.0028940320089388
1.0029252522264946
1.0030082322784184
1.0030455116829342
1.0031213028689734
1.00326877731769
1.0033412821650403
1.0034646225640014
1.0037097628906635
1.003839059778501
1.0039325150349998
1.0041128528706167
1.0042282855171052
1.0043842839067991
1.004351625916067
1.0043842839067991
1.004455761773308
1.0045844424726413
1.0045073162115088
1.0046467802096684
1.004811405238424
1.0049762356633474
1.005008790955996
1.0050689720332575
1.005193647507312
1.0052937781392752
1.0053809688126456
1.0054764780308256
1.0054678513917643
1.0055566852344804
1.0056074180880081
1.0056704747116236
1.0057255208846827
1.0057405148049556
1.0058213381971144
1.005915512340202
1.0060118431430545
1.0060416255874327
1.0060830129153113
1.006108482040159
1.006099136514509
1.0061253245259458
1.0061942349403528
1.0064317756087942
1.006583871471294
1.0066646948634526
1.0067294973544973
1.0068001536363338
1.0068511945841137
1.0068214121397354
1.0068877551020405
1.0070353322488417
1.0071703802293863
1.0074123369154422
1.007586718262184
1.0077176583193663
1.0078440796608497
1.0079903217325579
1.008143855368234
1.0082812654047124
1.0084053246902625
1.008504839133721
1.0085396537842188
1.0087256400144597
1.0087063327746557
1.0087019167570408
1.0087678489270107
1.0088236139866573
1.0091422861415096
1.0091740198494856
1.0091587178349604
1.0092013375398465
1.0092581295803347
1.0092501191297776
1.0091440320089389
1.0090480093003384
1.0089644130599102
1.0088522667521114
1.0089900875809261
1.0090638248052846
1.0091273949193202
1.0091483453284695
1.0092219798547437
1.0092711722370107
1.0092888363074697
1.0093755134904203
1.0094696876335072
1.0096088435374146
1.00974995070492
1.0098163963653095
1.009841043905485
1.009887258043314
1.0099750649051893
1.010054450524171
1.009977837753459
1.009966540964212
1.0099451797627261
1.0099786593381312
1.010268062539025
1.010286958986493
1.010329886785632
1.0104059860659242
1.010464318577673
1.010568249038746
1.0106296624930164
1.0107347226330143
1.0108466635446447
1.0110494922606725
1.011585370863321
1.011830511189983
1.01195600824871
1.0120899265503305
1.0122054618949028
1.012032518321338
1.0121176550330275
1.0122090563278454
1.0122546542771698
1.012312370600414
1.0121809170528115
1.0122127534588716
1.0122741669131423
1.0123404071773636
1.0124484455617997
1.0125474465148376
1.0126331994150315
1.0126034169706528
1.0126511715797428
1.0126992342830852
1.0125999252357951
1.0125944822373396
1.0126214918334482
1.0126877320976697
1.0127402108186272
1.012851535541753
1.012945812382924
1.0130203711919548
1.0130560074271258
1.0131167019948075
1.0130749038745932
1.0131385766867136
1.0132578091623121
1.013386900653981
1.0134395847711064
1.0135473150612901
1.013653504880213
1.0137795154293598
1.0138710194222615
1.01399251125571
1.0141673033947876
1.0142607586512864
1.0143602730947452
1.0144909050576751
1.0146212289263532
1.014518736238457
1.0145233576522394
1.0145162714844391
1.0145755282789446
1.01462595303822
1.014786162049361
1.0148416190147558
1.014879411909691
1.014904162147951
1.014974510335535
1.0150935374149659
1.0152235531893916
1.0152601137073187
1.0152949283578165
1.01530057675244
1.0152739779486673
1.0152965715271614
1.015321424463505
1.015357779585264
1.0154707474777351
1.015524561273785
1.0156643333661965
1.0157706258832033
1.0158934527917445
1.0159750977685762
1.0160657801768047
1.01613715534523
1.0161970283282395
1.016266246836899
1.016345735153965
1.0164263531499558
1.0164125916066913
1.0164328231292517
1.0164849937559564
1.016539526438595
1.0165551365473726
1.0165723898254952
1.0166238415656115
1.0166452027670974
1.0166633803279765
1.0166183985671566
1.0166977841861384
1.0167485170396662
1.0167784021821291
1.0167984283085212
1.016936043741168
1.0170422335600906
1.0171101169936576
1.0171635199973712
1.0172512241611622
1.016987290085116
1.01693357898715
1.0169067747872094
1.0169094449373952
1.0168716520424594
1.0169088287488908
1.0169625398468567
1.0170243640934638
1.017097074336981
1.0171898107068917
1.0173137672943573
1.0173969527424498
1.0174593931775606
1.0175367248348617
1.0176188833021131
1.0176569842913012
1.017738218475796
1.0177660496565777
1.0178193499622068
1.0178493378027542
1.0177995292319826
1.0177850488021298
1.0178010697032434
1.0178432786157943
1.0179091080876792
1.0180430263892999
1.0181698585231194
1.0182595139505077
1.0183240083473
1.0184396463899572
1.0186390860692105
1.018732233231457
1.0187949817608202
1.0188912098655885
1.0189097982188042
1.0188039164941338
1.0188143916987082
1.0188338016365965
1.018875188964475
1.0189527260179434
1.0189158574057642
1.0189442020769661
1.018977373558119
1.0190388897104738
1.0190455650859376
1.01916664612705
1.019197044759933
1.019229291958329
1.0193122720102534
1.0194096297939466
1.0194167159617469
1.0195007229945117
1.0196317657497784
1.0197216265733344
1.0198198059417005
1.0199401680962237
1.019986793026389
1.020007332643202
1.0200326990699664
1.0200683353051365
1.020029207335108
1.0200238670347368
1.020051903611686
1.020058989779487
1.0200916477702189
1.0199403734923924
1.0199047372572214
1.0199176772158138
1.0199445841138388
1.0199735449735452
1.0200729567189197
1.020152958526406
1.02017883844359
1.0202555539123865
1.020295400769003
1.0204623878536923
1.0205283200236617
1.020618283545302
1.0207092740477834
1.0207834220644778
1.0208763638305565
1.0209227833645538
1.0209419879062733
1.020972489237241
1.020994774721483
1.0208495596306155
1.0208590078543496
1.020929869532354
1.0209916937789607
1.0210508478753824
1.0210588583259388
1.0211324928522136
1.0211742909724273
1.0212078732459167
1.021261173551546
1.021263946399816
1.0212599411745378
1.0212480281967857
1.021256346741595
1.021306976897039
1.0212076678497488
1.0212305695224948
1.0212386826711362
1.0212698001906075
1.0213044094449375
1.0213538072233723
1.0214165557527362
1.02146441305991
1.0214953251832133
1.0215465715271619
1.0214730396989713
1.021525210325676
1.0215668030497225
1.0215979205691939
1.0216537883269248
1.0216577935522033
1.0217321469650662
1.0218097867166187
1.0218899939202737
1.021960752900194
1.0219238842880147
1.0219759522166354
1.022012101942226
1.0220677643037894
1.0221426312070725
1.022335087416609
1.0224604817772518
1.0225480832429592
1.0226490354595943
1.022717021591245
1.0227045951230733
1.0227728893489763
1.0228385134246933
1.0228712741135104
1.0229005430674685
1.0230073490748954
1.0230734866410331
1.0231045014624205
1.0231399323014227
1.0231616015971603
1.0231553370140325
1.0231930272108847
1.023223836636104
1.023287817542476
1.0233428637155344
1.0234314921620822
1.0234594260409475
1.023484792467712
1.0235410710177788
1.023585744684347
1.0236435637056756
1.0236811512044428
1.0237246951920864
1.0237517047881952
1.0237773793092118
1.0238991792369119
1.0239474473364223
1.023981337704164
1.0240362811791386
1.0240684256794506
1.0242005981136413
1.0242518444575899
1.0242994963685956
1.0243445808274998
1.0243722066121135
1.0244141074304116
1.024436701008906
1.0244685374149662
1.0244913363896284
1.0245461771665187
1.0245811972131846
1.0246366541785794
1.024708542837425
1.0247871068717342
1.024851909362779
1.0249002801603735
1.024966931216931
1.0250366632160108
1.0250898608235564
1.0251202594564395
1.0250922228794899
1.0250959200105163
1.0251282699069966
1.0251345344901246
1.0251530201452559
1.0252265519734465
1.0252570533044134
1.0252795441848235
1.025321855795458
1.0253739237240789
1.025445606986756
1.025487302408886
1.0255119499490617
1.0255412189030204
1.0255442998455422
1.0255373163758255
1.0255608342370766
1.0255900004929508
1.0256306689342405
1.0256472033257749
1.025647716816195
1.0256928012750992
1.02574486920372
1.0257705437247362
1.0257966290380887
1.0257585280489006
1.0257772191002006
1.025798374905518
1.0258021747346284
1.0258035098097211
1.0258552696440897
1.0258841278057118
1.0258958353872953
1.025932293207138
1.0259534490124553
1.02596166485918
1.025984669230011
1.0260104464491113
1.0260663142068422
1.026104517894114
1.026187189851786
1.0262401820631637
1.0262813639948731
1.0263136111932698
1.0263565389924083
1.026415076900325
1.02644804298531
1.0264726905254855
1.0265025756679482
1.0265306122448978
1.0266589848499785
1.0266982155180915
1.0267210144927537
1.0267153660981303
1.0267137229287848
1.0266954426698214
1.0266848647671627
1.0266780866936147
1.0266968804429983
1.026708998816918
1.026684762069079
1.02669616155641
1.026704274705051
1.026728306056722
1.0267622991225474
1.0267977299615496
1.0268322365177958
1.0268902609352921
1.0269277457359753
1.0269683114791808
1.026953831049328
1.0269713924217032
1.026998402017812
1.0270213036905584
1.0270567345295607
1.0270457458345654
1.0270612532452594
1.027098943442111
1.0271368390351312
1.0271890096618357
1.0271416658450823
1.027142795524007
1.0271430009201747
1.0271566597653552
1.0271628216503994
1.0272294727069569
1.0272623360938575
1.0273054692891648
1.0273367922048047
1.027357948010122
1.0274305555555558
1.027460132603766
1.0274782074665616
1.0275066548358471
1.0275324320549475
1.0275625225935785
1.0275718681192283
1.0275796731736173
1.0275967210555719
1.0275941536034703
1.0275229838312134
1.0275104546649578
1.0275066548358471
1.0274953580466002
1.027489915048145
1.0274668079792304
1.0274605433961026
1.027466499884978
1.0274844720496894
1.0274993632718787
1.0275014172335604
1.02751733543659
1.0275383885438232
1.0275624198954942
1.0275939482073022
1.0276090448256596
1.027635232837096
1.027660701961944
1.0276875061618853
1.0277153373426666
1.0277613460843273
1.0277997551677678
1.0278314888757438
1.027863941470308
1.0278877674258111
1.0278949562916957
1.0279095394196323
1.0279239171514016
1.0279415812218604
1.0279476404088206
1.0279639694041869
1.0279789633244605
1.0279907736041276
1.0279986813566004
1.0280095673535112
1.0280114159190246
1.0280207614446744
1.028021172237011
1.0280212749350945
1.028018502086825
1.0280163454270599
1.0280075133918303
1.0280082322784185
1.0279997083374413
1.027999194847021
1.0279699258930626
1.0279583210095635
1.0279554454632096
1.027953288803444
1.0279530834072759
1.027951440237931
1.0279576021229746
1.0279668449505406
1.0279748554010977
1.027979784909133
1.0279943680370702
1.0280067945052418
1.0280223019159356
1.0280364742515362
1.0280444847020933
1.028042430740412
1.0280455116829343
1.0280503384928854
1.0280576300568536
1.028064305432318
1.0280764238062372
1.0280878232935684
1.0281008659502449
1.0281107249663148
1.0281231514344868
1.0281199677938808
1.0281260269808408
1.028130134904203
1.0281390696375168
1.0281468746919058
1.0281472854842417
1.0281529338788657
1.028161663216011
1.0281707006474086
1.028180559663479
1.0281777868152093
1.0281854891715143
1.0281938077163235
1.0282001749975351
1.0282071584672516
1.0282069530710838
1.028211574484866
1.0282173255775737
1.0282226658779456
1.0282292385553258
1.028239919156068
1.0282470053238684
1.0282535780012485
1.028261280357554
1.028270009694699
1.0282807929935258
1.0282898304249237
1.0282984570639848
1.028304618949029
1.0283103700417366
1.028320845246311
1.0283289583949524
1.028335120279996
1.028341179466956
1.0283466224654114
