-2478.5265840944594
-1062.1085816943132
-650.766342193402
-466.87828818774193
-331.6598222170156
-291.8989127431701
-222.82842521083748
-189.34645748958755
-157.95414069044912
-127.96094102246504
-96.51152282701766
-74.71715551590763
-56.987918669267735
-47.02794784469078
-40.69908544599236
-36.372539894008725
-33.3226143311349
-30.610572283084526
-28.311039016868907
-26.92268044127074
-25.545146052315143
-24.326485674120544
-23.15448684210614
-22.414502904778008
-21.37823835350238
-20.807139515840117
-20.376008189393275
-19.90254038204338
-19.205858512601193
-19.023589522825105
-17.551794050078854
-16.784541674057774
-16.212043499699806
-15.860486661761898
-15.53696532675592
-15.223350859505103
-14.985925680568245
-14.835601872821622
-14.726571001418366
-14.650030198689324
-14.391542545552932
-14.07132598227127
-13.730405046652146
-13.641535072504754
-13.360943150087223
-13.082947714603113
-12.908662960726971
-12.753984877712684
-12.737677522719194
-12.581556023266922
-12.838139550012732
-12.444092394644562
-12.352300898443303
-12.580552523129382
-12.504256414748413
-12.562445648402253
-12.514840292147339
-12.587352170175535
-12.341357420037967
-12.177389361639628
-12.137824079248986
-12.093544354909794
-11.999235371800461
-12.13848288526163
-11.882024213009158
-11.616342801873339
-11.295820344759925
-10.96456130498779
-10.766328403362037
-10.45699661434388
-10.360145769455018
-10.058092839113925
-10.037659467803694
-9.815049018182876
-9.703365634663838
-9.37316779906863
-9.384777544415549
-9.09069534327019
-8.615156630958767
-8.54413008163513
-8.341506841634372
-8.202867665424861
-8.150630959223037
-8.016565022638623
-7.950478400112144
-7.850227869254453
-7.93751625401667
-7.945494132469356
-7.965582573136525
-8.035777576596312
-8.101280220876601
-8.005335377289379
-8.05137064201007
-8.020090750199232
-8.073962882554957
-8.070197499089916
-8.147604673241823
-8.132272758277608
-8.20968871730963
-8.064200498836316
-7.794255084257375
-7.936419400721008
-7.849718846280777
-7.845913247594233
-7.796779071169774
-7.781347183563228
-7.6741633656101
-7.664058765598617
-7.4015040800257905
-7.269326750194419
-7.2043627998466375
-6.801458391119347
-6.777688396424554
-6.63430513511688
-6.528831842470228
-6.3468624238431985
-6.229407422750135
-6.163971555301241
-5.992284863835693
-6.013163266072784
-5.826053325507431
-5.817900689453155
-5.806073207441774
-5.787924003171568
-5.693336985015063
-5.698900359162601
-5.5717267649790045
-5.243835089882872
-5.329547499786815
-5.348586372829865
-5.285951581318089
-5.163792702257375
-5.156726253207051
-4.985006542364811
-4.941525056100354
-4.803573149363046
-4.7160208792210065
-4.656653487006959
-4.508750793914422
-4.468407279228541
-4.373447183834389
-4.28037236189843
-4.20913364403489
-4.181495871162148
-4.176949785176061
-4.055067834120563
-4.104552362511405
-3.99403919602894
-4.000940564559065
-3.950290863582037
-3.959427510687313
-3.9374547998895792
-3.9070415565299546
-3.7640413260029395
-3.7857922283354273
-3.8428801319685246
-3.8136703994262144
-3.8176327352369035
-3.8677318245049066
-3.8205651429609517
-3.8198482463694954
-3.744931595044047
-3.8305750216375967
-3.7768373851063544
-3.830461966015817
-3.8172813780501507
-3.7891738346350636
-3.8307183029142915
-3.801479452797033
-3.813424750992351
-3.812656378606269
-3.8039936331140036
-3.764026246130765
-3.7547857209506224
-3.7353960375715487
-3.697319155539898
-3.652006952783099
-3.575936959026644
-3.5508699120454534
-3.478697468899734
-3.5123132199893328
-3.4128223547799963
-3.4200459517030732
-3.391022966753528
-3.393772356456941
-3.38930822142818
-3.4008836044969653
-3.3879930221140167
-3.3834757263767554
-3.292384479824492
-3.2349313058281193
-3.2180040985419214
-3.11791115455105
-3.0929106575692384
-3.034293466520005
-2.974721416602838
-2.9126660200852688
-2.875653751961705
-2.8330825387937253
-2.7593488694831376
-2.7102733548533475
-2.6794211943348967
-2.658301719360926
-2.627352060022772
-2.5972533745977984
-2.5562260580701994
-2.5327148930245085
-2.5287631823402106
-2.5019385887592533
-2.455364586392957
-2.4284189779909586
-2.404521127649183
-2.39499033320196
-2.3861316966082544
-2.3763138022349684
-2.3762827057244666
-2.3711433894215728
-2.355521037038006
-2.3395225102348776
-2.339325974063934
-2.336839707940537
-2.3211379686074065
-2.315095903592979
-2.311463536498266
-2.294835529781182
-2.274933159949956
-2.275867342215508
-2.250297569892737
-2.2483883990535785
-2.2373417606842048
-2.2401602862710983
-2.2300296943404487
-2.2237527391546763
-2.201390670962319
-2.2018473645388785
-2.185461672420128
-2.1731889443466135
-2.1544761026433528
-2.1595140986697015
-2.1539860271325497
-2.1583549493849787
-2.1418131950147754
-2.1293647831192186
-2.1094823651953547
-2.1053591204952284
-2.1080591306699303
-2.1174097808299153
-2.105835729983714
-2.106054513249773
-2.0990997790756265
-2.1037450122871078
-2.0804872060747677
-2.0708838249477513
-2.060593039967777
-2.053365527149992
-2.048088135232739
-2.0436840232677302
-2.042860203152277
-2.0503030557772353
-2.0500828652153085
-2.0310689992665867
-2.0462334902712382
-2.0462245771643466
-2.0549321459827303
-2.054739094157164
-2.057536415154326
-2.057718236225133
-2.0548045479484887
-2.0443526093654625
-2.023109507454491
-2.0061335767651927
-1.9876468409348187
-1.9765578622529498
-1.9667116270942093
-1.9652269001243299
-1.963862023161422
-1.9559301430439253
-1.9559574074632253
-1.9625459164406605
-1.9612329965521382
-1.9582847631580353
-1.95147696929239
-1.9508226557358401
-1.9451979303193099
-1.9455313811328583
-1.9389589944282957
-1.9373854029633242
-1.9370146286823144
-1.929622973389771
-1.9202470740817923
-1.9152253813344922
-1.9088937641312216
-1.9053873855079069
-1.898638644754735
-1.8913362791875803
-1.8973581665212051
-1.901526175069271
-1.9011056066848424
-1.8963812580808985
-1.894756861559484
-1.8889142386012836
-1.8842676298416237
-1.8801625862617115
-1.8755219299996704
-1.8747547255750396
-1.8769356192861242
-1.875994606015215
-1.8784832125396302
-1.8786863756170205
-1.8734123683508292
-1.8712963654941162
-1.8693759440254543
-1.8650160535095697
-1.8600531027474292
-1.8524174768642043
-1.8498328662765855
-1.8499478380931393
-1.8462404802845838
-1.842628238170654
-1.8425851876251371
-1.8375847802028755
-1.8349618960398117
-1.835653363998451
-1.8301498081822098
-1.8311164432094527
-1.8307631998832876
-1.8340547064375292
-1.8381035652060227
-1.841356738568832
-1.8441036986313997
-1.8454680397868601
-1.8473541586983295
-1.8628797786178273
-1.8668710718312231
-1.8697647929383197
-1.8691983954518776
-1.8697073612257193
-1.8707896116331286
-1.8699330638997809
-1.867709157313626
-1.8675540370226233
-1.871987924539809
-1.8701716075177537
-1.8672588792571723
-1.866119468256205
-1.8632460075688269
-1.8624854403943492
-1.861740410852154
-1.8599704906027668
-1.8598100903038437
-1.856368641444002
-1.8544626475005364
-1.8514612226992673
-1.8498463264255631
-1.8467873659251641
-1.846502364319312
-1.8435113751641075
-1.8402911814380776
-1.8378337416959256
-1.8361345501764241
-1.8358080647481116
-1.8382733788958874
-1.8383137259872786
-1.8417618012187311
-1.8419271104364776
-1.844055543390308
-1.8462931666447366
-1.8490379565259134
-1.8503744355423268
-1.8537163884506997
-1.8567045555113533
-1.8577775508119705
-1.8591770834122003
-1.860518333304203
-1.8609294672316337
-1.8608275480439722
-1.861441796235635
-1.8615824314645482
-1.8622679514680753
-1.8640258479504117
-1.865357197980326
-1.8669123614640573
-1.8677772827953378
-1.8684937083430537
-1.869982903805435
-1.8701494336662494
-1.868394028333124
-1.868513580994174
-1.8691857839946937
-1.8697059052563267
-1.8692546640265946
-1.868673062208835
-1.8705269464156753
-1.8712923142630455
-1.872326433258437
-1.871187798565457
-1.8716993075298625
-1.8720210076801014
-1.8717020635635289
-1.8718025832786613
-1.8725626670946323
-1.8727835412328473
-1.872551470601616
-1.872682591554354
-1.874024390360239
-1.8743670502610037
-1.8753140800821875
-1.8762801506363982
-1.8765038581038243
-1.8768076512230965
-1.8771353495387368
-1.8775641386558564
-1.8781667968225453
-1.8793879852937379
-1.8799085671533369
-1.8805786846886943
-1.8813929243879308
-1.8818877395062443
-1.8823014866863377
-1.882748223079053
-1.882889471311873
-1.8829101435626747
-1.8819411688886254
-1.8815652609125186
-1.8810545682835629
-1.880941427935138
-1.880845162929471
-1.8808733210611754
-1.8807646222308405
-1.8807215718002548
-1.880929967298697
-1.880858587049891
-1.881473846542841
-1.8821042619932384
-1.8821198351750288
-1.8824200381220721
-1.8828459954402093
-1.8834205311251535
-1.8839591175670296
-1.8844945609072175
-1.8847914120510814
-1.8853409813278257
-1.8853758541028258
-1.88580528975379
-1.8863847619340268
-1.8873169442500186
-1.8875490621008668
-1.8877665595316542
-1.8882738085043391
-1.887764745471671
-1.8879039434762637
-1.8881606229976258
-1.8886571890872277
-1.8888732908982517
-1.8889728563465018
-1.888743359740974
-1.8885563364895026
-1.8887301530003224
-1.8892995311357528
-1.8895612166957925
-1.8894450682614774
-1.8899310702628878
-1.8902526200433314
-1.8911325226426552
-1.8919960165787935
-1.8926799198157942
-1.8935418410808118
-1.8936981556158792
-1.8940812519217685
-1.8945199779556978
-1.8948557190084514
-1.89500842834921
-1.8950183993471261
-1.8947359283643357
-1.8945507063558218
-1.8944334454931215
-1.8938596413580633
-1.893370455759974
-1.8925547685113095
-1.8921222537287086
-1.8917217324985025
-1.8910640067482476
-1.890404919065789
-1.8899485914940477
-1.8898090918273602
-1.8888176510986308
-1.888190980460758
-1.8876527752457124
-1.887107625550567
-1.886551426101988
-1.8862727906932897
-1.8858844523090623
-1.8860875733397855
-1.8864970758549162
-1.8880269957715574
-1.8890493125627998
-1.889592280148064
-1.8907378795825125
-1.8916963950477044
-1.8930191547822568
-1.893969361155212
-1.894661004607255
-1.8953470024282648
-1.896752454664598
-1.8973921524690451
-1.8979786017752482
-1.8984306433330935
-1.8990027152179543
-1.8996566238369519
-1.899851865345784
-1.9000947623761097
-1.9003096460400422
-1.900193175067191
-1.9000356194151224
-1.89990982756456
-1.8998111101684447
-1.8996604648141135
-1.8999058185364455
-1.9001736253850954
-1.9005608508383738
-1.9010798499907275
-1.9012638416901992
-1.9014697873620268
-1.9015757053098434
-1.9021429770454608
-1.902307078585186
-1.902509900318888
-1.9030143786873495
-1.903002647491092
-1.9033953860041137
-1.9022668878350437
-1.9019976536092462
-1.901714939265868
-1.9015472585724884
-1.9013526722476544
-1.90108453297411
-1.9004883071707328
-1.9003886940151957
-1.9002098845160307
-1.9001724557587492
-1.9000887476695276
-1.8998653951150117
-1.8995188599261346
-1.8992238618961437
-1.8991595988735355
-1.8986082840482077
-1.8979457617007685
-1.8974051474179234
-1.8963751004391065
-1.8957500582740818
-1.8955797695474768
-1.8955395300012186
-1.895426469346048
-1.895051802954699
-1.895327552335873
-1.8956447882923892
-1.8963671122066394
-1.8969234537166193
-1.8973461717714748
-1.8977135797919844
-1.8978077457927298
-1.8975584346064027
-1.8973946514838518
-1.8974896189245936
-1.8975319408111175
-1.8975036149301026
-1.898169163315383
-1.8978280802090948
-1.8977219126894933
-1.897793578629049
-1.8978049123430727
-1.8975339403170268
-1.897762578279286
-1.8980421180371712
-1.8980988028054704
-1.8988847357587553
-1.8994585840629241
-1.899960944156122
-1.9004179417614873
-1.9002967783874138
-1.900109966387533
-1.900140040972932
-1.9002825740381706
-1.9001716203122407
-1.9013233957231959
-1.9014820016261365
-1.901938057330657
-1.90198894830192
-1.9020723216334579
-1.9024043807251616
-1.9024784107068526
-1.9027087444405595
-1.903583012305431
-1.9037282426820445
-1.9045275738889196
-1.9046972916065823
-1.9050457189793162
-1.90499583987091
-1.9048705658179232
-1.9048010508650932
-1.9045131383671097
-1.904515320466832
-1.9046190598998276
-1.9046909119563544
-1.9044162917461673
-1.9038671210875864
-1.904399676071515
-1.9048865180324943
-1.9052640757847892
-1.9055532236104151
-1.9059266750386181
-1.9061146326016123
-1.9057708564012812
-1.9055962420580779
-1.905385873439169
-1.9051837818484272
-1.9050801488438227
-1.904912042131553
-1.9048564609244456
-1.9050079315361297
-1.9051029908064703
-1.9048939065171429
-1.9043592290249833
-1.9043320415194664
-1.9038778564939618
-1.903504536751852
-1.9033667171462405
-1.9030897969741145
-1.9033085438140673
-1.9034577563271171
-1.9030271155784788
-1.9027868192914286
-1.9026799287324654
-1.9026033703063183
-1.9025646746275913
-1.9024266561091363
-1.9023112652193255
-1.9019631676669027
-1.901917969539037
-1.9013754249121229
-1.900705453239831
-1.9003706444267114
-1.8998401731078485
-1.8995235352222035
-1.8988667147275413
-1.89873623931687
-1.8987395760604684
-1.8990087230508472
-1.8991480820640927
-1.899445560971768
-1.8996008479190662
-1.8996888551269981
-1.9000478152611049
-1.9003848500926177
-1.900308810472893
-1.9000660257883062
-1.899823136104491
-1.899995858703173
-1.9000428032506556
-1.8999307081928658
-1.8994250249216227
-1.8996504449062825
-1.899634246278861
-1.8995721262689014
-1.8995405668525116
-1.898860540934402
-1.898333580481003
-1.8979550968347574
-1.8972805365210108
-1.8968695032669434
-1.8966971821102183
-1.896139475868653
-1.895420484157863
-1.895058949153012
-1.8963892464325423
-1.8968197183832964
-1.8976917479475384
-1.8982041787831043
-1.8983058977066027
-1.8986401461335498
-1.8983899491077383
-1.8980851314633027
-1.8979929384077698
-1.896098214313918
-1.8953508259976515
-1.8947668299102227
-1.8948156763450272
-1.8947824472039299
-1.894793080402277
-1.8948612021604923
-1.8946801087718381
-1.894795738720511
-1.8957507235244109
-1.8967737654255152
-1.8973506697848512
-1.8975421050098895
-1.8980074419657023
-1.8981726648040222
-1.897787245141938
-1.8974168097030848
-1.897645752728426
-1.8973978169120562
-1.8973926522714797
-1.8975597676470974
-1.8977584116428192
-1.8981393178175028
-1.898456495079144
-1.898530218118404
-1.8984233049012225
-1.8984286419369567
-1.8983912833169725
-1.898704040343777
-1.8992437258920984
-1.8995335537912788
-1.899551086541457
-1.899877755813369
-1.9000230895994277
-1.8998887803557094
-1.9000728757099843
-1.9004908143479577
-1.900824829488413
-1.9007437389466972
-1.9011833827564224
-1.9017289976734781
-1.9021870137607362
-1.9027548178802436
-1.9032597614267364
-1.9040249773067346
-1.9049684662514708
-1.9052729790857634
-1.905453246830546
-1.905749847207536
-1.9056389263437679
-1.9056674956346897
-1.9053892335951785
-1.9053479044998538
-1.905033122998356
-1.9052479492628083
-1.9053180008252892
-1.9053803292076636
-1.9053675607972183
-1.9052516448999837
-1.9050559638333286
-1.904766295291264
-1.9047934951976726
-1.904553256230327
-1.9046941017761263
-1.9046731163158024
-1.9049211100682546
-1.904771332252362
-1.905046054874422
-1.9049696417895132
-1.9045285810265147
-1.9042087005501458
-1.9036230909922833
-1.9021334332353208
-1.9015658325222091
-1.9008151316985662
-1.9003492527658192
-1.8999320445687047
-1.8990212394914672
-1.8986993690808773
-1.8982985602391127
-1.898714884435549
-1.8980619573209523
-1.897835414039948
-1.89760992466421
-1.8975067807218864
-1.8972520515690625
-1.897411811563318
-1.8975491033739804
-1.8976290883442222
-1.897839914373307
-1.8967592807155766
-1.895966621916769
-1.8956542671008572
-1.8952943052390998
-1.8949987898176308
-1.8950622729845448
-1.8952138520915638
-1.8949550852926509
-1.8947684913122096
-1.8936483711161112
-1.89351462972274
-1.8936331043939674
-1.8935262442311271
-1.8932934834863697
-1.8926547224608694
-1.8925355414333163
-1.8927803843612
-1.8926308519013826
-1.8918638335246578
-1.8919017638648257
-1.891762306954307
-1.8920296450396565
-1.8923633439036156
-1.8930677453062987
-1.892901254358404
-1.8936238117270967
-1.8940621598318292
-1.8947111746272747
-1.8951722983888366
-1.8953988712930012
-1.8957340924062558
-1.8960235155031417
-1.896477289182797
-1.8970565113062907
-1.8973560007912849
-1.897212906977847
-1.8983315792895155
-1.8987595967683404
-1.8991679444749072
-1.8997548241306228
-1.9001216619465067
-1.9004610629380594
-1.9007596221161667
-1.9010122837983923
-1.901141232353577
-1.9012295496279255
-1.9013334332871572
-1.901559306498527
-1.901661887385558
-1.9018880060384087
-1.901982251965894
-1.902337055292021
-1.9024001936811523
-1.9025181078890256
-1.9029907488540643
-1.9028072605467645
-1.9023280119401662
-1.9019949750446583
-1.90146443321353
-1.9010632924844788
-1.9007258497999935
-1.9003820089424461
-1.900089917192825
-1.900004211655841
-1.8998602170324215
-1.8996410930876728
-1.899481291418234
-1.8997837183269024
-1.8995504186212349
-1.8994659305008204
-1.899480289611699
-1.8992884631357454
-1.8996905251718295
-1.8999684615339303
-1.899970633231927
-1.8995373942707776
-1.899445727933345
-1.8994577492440319
-1.8993385446399966
-1.8989207788473639
-1.8985480659593346
-1.8987993057547283
-1.8989983762511728
-1.8988134879380925
-1.8985765898410534
-1.8980959684866434
-1.8976895814560215
-1.8979415942598867
-1.898072960800002
-1.8981689965781505
-1.8990930036025342
-1.8989953723627087
-1.8991232129085842
-1.898866881587373
-1.898618459781224
-1.8981556576944953
-1.8978169128937064
-1.8974151436535702
-1.896347474754566
-1.896698513941122
-1.8965518573005105
-1.8967093351365527
-1.8970123787478264
-1.897353168690387
-1.8979062550968224
-1.8985472319406023
-1.8987374071757956
-1.8986675050078172
-1.8982515350896456
-1.8978982539595963
-1.8977460785061069
-1.897786745131598
-1.898331078992303
-1.8983380831772771
-1.8985352221521017
-1.8984429853691862
-1.8982398625411443
-1.8994605876312602
-1.900283910909047
-1.9009489030483007
-1.9015477605663589
-1.9020763398099554
-1.9022422718392142
-1.9022129679129203
-1.9020642853313932
-1.9022618641106839
-1.9030740424380659
-1.9038340769247035
-1.9043014984577267
-1.904836143528377
-1.9055002934201146
-1.906363842799167
-1.9071239830761275
-1.9074381090300765
-1.9080737476931768
-1.908214271900713
-1.9090080998752867
-1.9098056267747727
-1.9102597740126976
-1.9110771075186637
-1.911393551594234
-1.9116547983281855
-1.911998163133397
-1.9119076584686956
-1.9113529759846166
-1.9110275880945509
-1.9113053018445505
-1.9114706499988412
-1.9120817395356189
-1.9121790289631182
-1.912709472729378
-1.9128735399585877
-1.9132312329525398
-1.9148761053407
-1.915397860003661
-1.9163703311526092
-1.9166892107763978
-1.9167934305878498
-1.9163647228124823
-1.9163688016020461
-1.9161986968257738
-1.9160687170288295
-1.9155447290250007
-1.9149667215657813
-1.9146448522412085
-1.9142647548521399
-1.9144901491466755
-1.9144750533633885
-1.9144589401495196
-1.9143522605552092
-1.9144419791647842
-1.9168388284048505
-1.9180212888559254
-1.9188362484514825
-1.9194614347191055
-1.9195253739361793
-1.9196281971297153
-1.9198197197713893
-1.9197555903926962
-1.9195497572128823
-1.9202849565759001
-1.9203448549205648
-1.9206247713555271
-1.9207254929602253
-1.9211980011975742
-1.9214407493868657
-1.9212284054217286
-1.921466548190703
-1.9208170051358378
-1.920546762050274
-1.919951403096107
-1.9193813035817495
-1.919001709321557
-1.918994551824273
-1.919087433021273
-1.918938997827542
-1.9187813851320483
-1.9188459606081665
-1.920246903443308
-1.9208917920822992
-1.9210157668345482
-1.921247365846433
-1.9214431412998054
-1.9211629862890447
-1.921019182343475
-1.9208427871925002
-1.9205479568933754
-1.918296781836004
-1.9169160266338798
-1.916242367198634
-1.9155058447452078
-1.9148762750259907
-1.9142157483699276
-1.9137987013274562
-1.9137739554675746
-1.9134477428328476
-1.914213713552951
-1.9143252957357986
-1.9142257529496527
-1.9142776427866597
-1.9141160474252281
-1.9137670064028323
-1.9135365294375541
-1.9135926183522105
-1.9138907412034298
-1.9139253220081527
-1.913872942746934
-1.9140928192751365
-1.9138656539507688
-1.913975330774177
-1.913948376572218
-1.9141026530216896
-1.9141377501478842
-1.913697518530894
-1.9129553301110107
-1.9128217262139493
-1.9125594833597057
-1.9125147958164062
-1.912641077367646
-1.9124508150148947
-1.9117972036379938
-1.9112287238958803
-1.9107808742640302
-1.908926646902308
-1.9081699556776268
-1.9078367231839437
-1.907911513471186
-1.9076467417956173
-1.9072416419322755
-1.907116745594722
-1.9072269969059483
-1.9071941726639212
-1.9080574050941455
-1.9084134675676696
-1.9088568356004096
-1.9090898971223085
-1.9091529785492993
-1.9096520421996264
-1.9101253644500422
-1.9104156520027862
-1.910120130289428
-1.910695553142651
-1.9110941779490787
-1.9112747037382276
-1.911368191636342
-1.9112630395246786
-1.9107837465927695
-1.9103195551966772
-1.9099801693436935
-1.909633141189899
-1.908785511935162
-1.9083962764543478
-1.9085523561550433
-1.908455098311492
-1.9080695356563393
-1.9077228645462865
-1.9070908257631298
-1.9065873802456323
-1.9062099705076836
-1.9062024036587866
-1.9061825619847539
-1.9062758887102706
-1.9065528958807085
-1.9065971370240582
-1.9064704748918009
-1.9064839308930293
-1.9063841927980227
-1.9059724001211544
-1.9065179081414698
-1.906198368030605
-1.9061107654804113
-1.9059675249159544
-1.9054855070987717
-1.9055611213829804
-1.9053190087990328
-1.9051968837441693
-1.9052382062880693
-1.9054347648773875
-1.905812203847427
-1.9055975864158643
-1.9054599676296784
-1.9055049982068482
-1.9057700160246378
-1.905745645424372
-1.905868513214262
-1.9063038044252563
-1.9079859726897095
-1.9092624532726443
-1.910270243893297
-1.9108662030056907
-1.9116898057428742
-1.9124513227821816
-1.9130994535892605
-1.91384361839302
-1.9142154092334642
-1.915229794771415
-1.9159163318036712
-1.9166504500186352
-1.9171627965944629
-1.9181297398738673
-1.918646284805394
-1.9189572314534515
-1.9194119913119334
-1.9199986565685403
-1.9195526559652978
-1.9195229867955284
-1.9194133552338284
-1.9188105202309058
-1.9183654119907392
-1.9179972848722826
-1.9175477893355894
-1.9172896927181657
-1.9173427695375238
-1.9168519210586987
-1.9167517753068035
-1.9165119101265897
-1.9161173087190233
-1.9152138385956279
-1.9148114574333752
-1.9145674975688174
-1.914509146425739
-1.914354295666749
-1.913577028354142
-1.913272565952801
-1.9127765184749286
-1.912234869106167
-1.9114774133135144
-1.9109902389639168
-1.9106761246454915
-1.9107190368101072
-1.910501623771032
-1.9096282472394328
-1.9090291809695046
-1.9084987535524152
-1.9084328500766892
-1.9081782121563198
-1.9079753593690236
-1.907724717166827
-1.907203767325498
-1.907372278784193
-1.9072833899083592
-1.9072024207005056
-1.9073322104244113
-1.9073648710614213
-1.9072402952537981
-1.9073248030128653
-1.9072103321495677
-1.907117923785626
-1.9070692825431677
-1.9063567792647744
-1.9060557868024335
-1.90594130010211
-1.905872883632626
-1.9058150612575433
-1.9057636291863673
-1.905887171678694
-1.9060014837600077
-1.906412952628177
-1.9059730725652084
-1.9057125360212759
-1.9054792901912787
-1.9050704075851848
-1.9048168340082
-1.9048860142742645
-1.9049059968883808
-1.9050091071228799
-1.9048685508203518
-1.9043087145872157
-1.9041185962280538
-1.9040248095391537
-1.9038023757348679
-1.903900334143177
-1.903926502821335
-1.9037614508922889
-1.9037923120858522
-1.9038057303081832
-1.904337579652075
-1.9040147435384014
-1.9037627926625083
-1.9034651337324224
-1.9031608632297707
-1.9024871204952547
-1.9020868876040355
-1.9014977298137865
-1.9009746561942567
-1.9000715391360223
-1.899574798013673
-1.8992345450019898
-1.898835178745964
-1.8985729200538441
-1.8982802168185469
-1.8978499151905186
-1.8973400078618552
-1.8966961832382678
-1.8957184594212553
-1.8951398877656447
-1.8943562207002864
-1.8937117638346892
-1.8931519969049526
-1.8927006418275205
-1.8923132981412458
-1.8917485611273983
-1.8910365355859604
-1.8903678755683473
-1.8901332453509674
-1.8899900817425348
-1.89019607225687
-1.8900130591977609
-1.8905193661840907
-1.8905989250184911
-1.8908076954173227
-1.8910797285556364
-1.8909807682715425
-1.8907757647867314
-1.8907545885902477
-1.890280399142595
-1.8901669729601596
-1.8899599969983318
-1.889575591677067
-1.889589140710217
-1.8893816304807618
-1.8886357301856316
-1.8884601156560377
-1.8881467644802947
-1.8882743035144907
-1.888396083897115
-1.8885885223185392
-1.8889495739332947
-1.8892636871805346
-1.8897124127907485
-1.8889190269566905
-1.888855129178966
-1.8892516293815078
-1.8896423473297863
-1.8900171918928714
-1.8904432870758174
-1.8909331121642585
-1.8916861277772299
-1.8925683603021366
-1.8937565727666616
-1.8944317846786431
-1.8949044038622886
-1.8953687803558525
-1.8956223388609785
-1.8955934048225809
-1.8957249454156517
-1.8960809116157158
-1.8961810719954932
-1.8955776078755358
-1.895664244896391
-1.8953325395009946
-1.8949652219040531
-1.894605189429166
-1.8945792763571756
-1.8945676489270624
-1.8946887473031815
-1.8949211865930964
-1.89406265788146
-1.8936493667804537
-1.8933107353483496
-1.8931878226916279
-1.8929886418715716
-1.8928606310322047
-1.8927591632387306
-1.8928632839309032
-1.8926930160744397
-1.8919511252749068
-1.8919768008521507
-1.8920195398100164
-1.8920922667385358
-1.8920448859180377
-1.8921908463295003
-1.8921818991864952
-1.8922536443993725
-1.891944499432613
-1.8915359402863208
-1.8913586272154672
-1.8912659277332151
-1.8911381497724722
-1.8914432234227034
-1.8918573739239684
-1.8921254015894322
-1.892222161996355
-1.8923210865462352
-1.8912407680130905
-1.8909574363355561
-1.8911917746896496
-1.891429316677112
-1.891857042663583
-1.8921651649424442
-1.8924450468129799
-1.892502557959469
-1.8924336112955797
-1.8922534786997722
-1.892196479759246
-1.8919075612123828
-1.8914114368761197
-1.891160493118383
-1.891216271034068
-1.8911558588995392
-1.891085686361474
-1.890919378384771
-1.8908783437020837
-1.8907264646876143
-1.8905130811561592
-1.8904843028778082
-1.8904459332028836
-1.890246006092419
-1.890202189836634
-1.8898593357798426
-1.8897253027574317
-1.8896545753614407
-1.889781491845626
-1.889592114914233
-1.889288629143696
-1.8888734560063931
-1.888756071403286
-1.8881357108087429
-1.8878800276667296
-1.8880429970474217
-1.8872877687015646
-1.887113887955919
-1.8868276725777144
-1.8865697082525876
-1.8864988874793653
-1.8865810730112835
-1.8863839385675665
-1.8863712588148431
-1.8863753755989876
-1.8855321394578872
-1.8849724286553566
-1.8843272740590626
-1.8839789920435503
-1.8839627310770262
-1.883587328636523
-1.883035335223474
-1.8827516679057668
-1.882730178954599
-1.882682445711253
-1.882955263146888
-1.8833945947962343
-1.883827069710959
-1.8843284242601441
-1.8849829520340975
-1.885322394007835
-1.8857985423173815
-1.8860753914288415
-1.886283987219189
-1.8868390404446027
-1.8873367247959612
-1.887884645844813
-1.888568550469819
-1.8889581602883851
-1.8894938059083477
-1.889815041629648
-1.8905239972840444
-1.8914276611257819
-1.8920369341247696
-1.8924624489524609
-1.8929383972111273
-1.893074047331744
-1.8930785251121633
-1.8934681731139775
-1.8935727036895404
-1.8935887991050613
-1.8943097227866712
-1.89493348304001
-1.8948140148602917
-1.8949984574562218
-1.895181938685534
-1.8950812190469242
-1.895097007721627
-1.8947900898031793
-1.894785271635601
-1.8950516367646821
-1.8953578082076434
-1.8952557400680987
-1.8953749314642072
-1.8953800851262697
-1.8953134221772217
-1.895149195318327
-1.8949913117141242
-1.8946704735798077
-1.895068089717783
-1.894953423563423
-1.8948072028033407
-1.8946960568912294
-1.8943620330999897
-1.8942532641030712
-1.8937295211948102
-1.8936359254001704
-1.8937084447388968
-1.8942150733724648
-1.8939681991542974
-1.8936276283470959
-1.8935891309721777
-1.8934403002429063
-1.8933024411446944
-1.8930063856727697
-1.892626707768369
-1.8922715401270176
-1.8913136006177085
-1.8910499400895346
-1.89120418829839
-1.8910506020452527
-1.8911633067623332
-1.891313435082701
-1.8914423956345041
-1.8915510076352249
-1.891846939277574
-1.893900639552555
-1.894836943606986
-1.8954028613232623
-1.8961734181711483
-1.8967379702801352
-1.8973624979958792
-1.8982150171658814
-1.8990147309217533
-1.899748978590871
-1.9008243278761665
-1.9013936608966142
-1.9022613617397075
-1.9031000208019624
-1.9034968236919803
-1.903776210468726
-1.9038921146427297
-1.9039246575704551
-1.904037392189765
-1.9036467365321237
-1.903477876658101
-1.903350119781144
-1.9033740938458636
-1.9034064514083224
-1.9033160877054633
-1.9033841530738604
-1.9033814706026655
-1.9033648729802686
-1.9032810510270826
-1.9032337787015916
-1.9033958889742413
-1.9033040175079343
-1.9031992479196516
-1.9032423277780073
-1.9033055262742533
-1.903442498693037
-1.903762624941127
-1.9037752041266989
-1.9037413245659607
-1.9037414922835885
-1.9037361253341587
-1.903778390880101
-1.903870979110316
-1.903746188389163
-1.9034421633631669
-1.903151812043783
-1.903005328894628
-1.9032492006206196
-1.9033321815403135
-1.9034103075642612
-1.9037443434877812
-1.9039479750945427
-1.9040890666854648
-1.9041880613770805
-1.904192759686089
-1.9041694361659316
-1.9039058697651043
-1.9040196087588093
-1.9039516656902755
-1.9038020402781866
-1.9038020402781866
-1.9036413701169426
-1.9038545406873075
-1.903945794294698
-1.9042983099528155
-1.9042031631671146
-1.9043035122558034
-1.9042080293504873
-1.904170610718033
-1.9042169227843615
-1.9041967868265492
-1.9045220346511875
-1.9043815502116537
-1.9046927586928148
-1.904877450425124
-1.905225775740831
-1.9057069898885854
-1.9060952971525171
-1.9061987043323008
-1.9065465037940135
-1.9068483243322805
-1.9071197752314164
-1.906889886818287
-1.906851016584186
-1.9068383967190814
-1.9067438371784908
-1.9067766459209918
-1.9064437316532656
-1.9062385569234588
-1.9059754261231332
-1.9057491749209845
-1.9048942423587156
-1.9043555368490515
-1.9040763155752167
-1.903757425592979
-1.9036480781406464
-1.9031129264464222
-1.9028732787480436
-1.9027425872587165
-1.902365860615472
-1.9014825035855527
-1.9009686359158258
-1.9007724960377714
-1.9002138948274807
-1.8995151864953688
-1.8990486093498136
-1.8983467550969506
-1.8980722939188521
-1.897855082320708
-1.8971607722221953
-1.8968851552418824
-1.8964137111781127
-1.8960762532509239
-1.8958513480127233
-1.8954567283760293
-1.895146536008232
-1.895060278684226
-1.8949959647493697
-1.8950842105650876
-1.894929162648585
-1.894692568217171
-1.8947442351324515
-1.8945982127631293
-1.8945178187001994
-1.8944797833910965
-1.894545391101799
-1.8945404080782404
-1.8949825042456865
-1.8950208921130007
-1.8950087607141166
-1.8949743615646824
-1.894863362198797
-1.894828137573419
-1.894494731583688
-1.8943117155075804
-1.8941697446343786
-1.893683219991093
-1.893710270240143
-1.8936528516138982
-1.8934384752621154
-1.8933097400400738
-1.8930645943093103
-1.8932535068222964
-1.8933120624276782
-1.8935805024649526
-1.8937706797211546
-1.8943369570019841
-1.894650040652014
-1.8950323589204914
-1.8955071068163647
-1.8960794142816793
-1.896200539609774
-1.8961685929658163
-1.8963785953119727
-1.8962241675076876
-1.8962922258000596
-1.8963120285190185
-1.8965175685538525
-1.8964523234894026
-1.8964891065068705
-1.896498094429415
-1.8966159439618162
-1.8967785937113233
-1.8977717449439153
-1.898237694797942
-1.8987609314972105
-1.8996020168418266
-1.900275388389437
-1.900885693739183
-1.9013990146465558
-1.9018408028856342
-1.9023733970359278
-1.9030256072535245
-1.9031146025169863
-1.9033112260797125
-1.9034924641640496
-1.9039244898205523
-1.904057357003342
-1.9040836977761233
-1.9041915851066633
-1.9042660898707189
-1.9044931639943343
-1.9044329077107622
-1.9045482204225184
-1.9045156561749257
-1.9044809110150165
-1.9043298598397074
-1.9042055123559827
-1.9038632630804926
-1.9039305288356696
-1.9044589231871834
-1.904746315607987
-1.9046205707517598
-1.9045488918620208
-1.9040959456448057
-1.903575633986357
-1.9033571610521969
-1.9030557742069065
-1.9027797822395751
-1.9027251630831736
-1.902647763391559
-1.9023233228286094
-1.9019474317786287
-1.9016225606150208
-1.9012359061119246
-1.9009893725909528
-1.9007755055510869
-1.9008179741439595
-1.899426026669864
-1.8990679689942864
-1.898745081713045
-1.8983330801827358
-1.8981721645905687
-1.8980951348650699
-1.898332413118789
-1.8981926735583539
-1.8982173516029868
-1.8978852522554879
-1.8980247798430574
-1.8981764997825927
-1.8984688374513734
-1.8985901014525985
-1.89883668043562
-1.8992073367035298
-1.899321182752763
-1.8995390640493166
-1.8997693546281387
-1.9000107270099076
-1.8999444061343345
-1.899901976567045
-1.8998263096407821
-1.8999985316400358
-1.900090251342603
-1.8998607181359546
-1.8997018815545552
-1.899579473585108
-1.8994160092349983
-1.8994510707193093
-1.899278781016253
-1.8988797298824405
-1.8984127976998142
-1.8984823475292727
-1.8985125374106
-1.8986823525318297
-1.8988577043402033
-1.8989024233997827
-1.8988400175322482
-1.898978016748767
-1.8989161065179483
-1.8987228924597532
-1.8985765898410534
-1.898168829840948
-1.8977929119442045
-1.8977967453884574
-1.8976674168654568
-1.8976952476750537
-1.8976815821455804
-1.8976107578596404
-1.8978289135961097
-1.8978855856302908
-1.8978465815730703
-1.897652418564059
-1.897233395221992
-1.8969782398753579
-1.896810560913343
-1.896795243161254
-1.8967198234899598
-1.8966041250570058
-1.8964782878242048
-1.896298216494934
-1.8959252015412276
-1.8958959255803116
-1.895788144607199
-1.8955751136448067
-1.8953378591727186
-1.8951553450015075
-1.8950665939829683
-1.895237787851429
-1.8952898169703973
-1.8954657065158325
-1.8947435705883218
-1.8944826069205154
-1.8941807030315567
-1.8942369913426098
-1.894517320411168
-1.8944945654913636
-1.8945938939003797
-1.8947332702139212
-1.894882636604773
-1.8947086826761559
-1.8945882461864938
-1.8944955620457484
-1.8943585456558873
-1.8946327643739924
-1.8947183182568097
-1.8950212244822795
-1.8954234767472304
-1.8956725598062387
-1.8965719983559453
-1.8971899206940783
-1.8974043144030404
-1.8974244735685366
-1.8975780971465805
-1.897713246477606
-1.897999940097718
-1.8979722670531274
-1.8979254247625257
-1.8976594177418746
-1.8971284601058833
-1.8970212050952486
-1.896823547896951
-1.896700012253125
-1.896453488540473
-1.8961208413957558
-1.8960122030561164
-1.896088231949493
-1.8948851290134867
-1.894463008478087
-1.8941974729454534
-1.8937446235107955
-1.8932249767915048
-1.892812548532109
-1.892599688466017
-1.8924362629974514
-1.892423004562404
-1.891961561070629
-1.891744917688697
-1.8918747652570855
-1.8918741027242516
-1.8917546887605001
-1.8921472712267715
-1.8924130608580343
-1.8926712995925554
-1.8927838659970444
-1.893150504193266
-1.893389533907676
-1.893477464253362
-1.8936535153931515
-1.8937454533153584
-1.893905785200311
-1.8941508167924448
-1.8944346080649896
-1.894716158549176
-1.8956105323363357
-1.8962086928319535
-1.896477788503369
-1.896701843526565
-1.896617775072923
-1.8966382504652042
-1.8965476959787437
-1.8963098651766561
-1.8962697610313877
-1.8962497927949598
-1.89611069241726
-1.8959350158441126
-1.8958268977744759
-1.895850183701363
-1.8959754385355352
-1.896086069117721
-1.8960521299422959
-1.8961895578294958
-1.8971174675749671
-1.89741431062991
-1.8976712498027386
-1.8979474286822458
-1.8980841311289252
-1.8983159034355024
-1.8984638337676139
-1.8987000364027413
-1.898792131319132
-1.899424524047898
-1.8996412600836263
-1.89981545285001
-1.8999044821975002
-1.9001707848664664
-1.9004496974768024
-1.9003691403098137
-1.9001495647901148
-1.8999734731521836
-1.900558343476358
-1.9005302614737614
-1.90058592482241
-1.900713143694712
-1.9006690080173476
-1.9005438009071265
-1.900571214671561
-1.90050702758705
-1.9003821760686919
-1.9003325408658374
-1.900450533167853
-1.9004836271242789
-1.9005347745967818
-1.9005081976253153
-1.9005275870406038
-1.900558343476358
-1.900506860438844
-1.9006223668587012
-1.9001707848664664
-1.9000702025639413
-1.8998824328763113
-1.8999228570227802
-1.899713906107788
-1.899352400989285
-1.8990893318186874
-1.8989750129247127
-1.898949981427149
-1.8987609314972105
-1.8986725097652475
-1.898753423671726
-1.8988670484472332
-1.8989087643324642
-1.898880731055592
-1.898966335264159
-1.898988863970304
-1.8989583251863464
-1.8992791148807988
-1.89944539401022
-1.8996449340020305
-1.8998410082629282
-1.899879760266096
-1.8997705237582903
-1.8998966312441625
-1.8999778165760557
-1.8998994709431989
-1.9005513228979083
-1.9007959036147548
-1.9009967308747464
-1.901019140544484
-1.9010243249463186
-1.9010116148502016
-1.9010320179817983
-1.9011613037408817
-1.9009489030483007
-1.9008768313942903
-1.9010350283169786
-1.9009363611844237
-1.9010577733798215
-1.9012528011839098
-1.9014471997527755
-1.9018237299818577
-1.901729667126644
-1.901911106307489
-1.9013163694914808
-1.9010134544588573
-1.9008400451857013
-1.900709465643309
-1.9006173518166538
-1.9004776099555636
-1.9002616856750352
-1.9000934257713562
-1.9000750476466826
-1.8996125372114072
-1.8994552447917574
-1.8992472313462823
-1.8991908117984864
-1.8990891649197594
-1.8990012132656708
-1.898705875489062
-1.8985343881446537
-1.8985947721778633
-1.898770608337636
-1.89890559386083
-1.8990674683088538
-1.8995550940726564
-1.8997005455024814
-1.8999997010522784
-1.9002521607338914
-1.9004896443310961
-1.9005314315406345
-1.9002344479393403
-1.9000448080516623
-1.8999472459761868
-1.8998431796695723
-1.8999579372216553
-1.8999759789712247
-1.9002167354749988
-1.9002190748381558
-1.9003479158030039
-1.9003813404377576
-1.9004582215600008
-1.900569208759542
-1.9004876385912566
-1.900413429193325
-1.90054597392057
-1.9007258497999935
-1.9009196389566883
-1.9009477324673367
-1.901423274203805
-1.9017238094274227
-1.9018101723060423
-1.901954127869473
-1.9020222632744694
-1.9021248941179536
-1.902195888326638
-1.902151516325187
-1.902217823929724
-1.9016389605173512
-1.9014970605239052
-1.901253303022323
-1.900926829478559
-1.9008306816508498
-1.9006594789924216
-1.900464740028159
-1.900083902516917
-1.8998386698305547
-1.8992679304824003
-1.8990559526167694
-1.8989957061276244
-1.899170448169621
-1.8990831565778736
-1.8991247150538568
-1.8992004930211006
-1.8992437258920984
-1.8992268665075154
-1.8998184593334926
-1.9001156470696234
-1.9002280981500037
-1.9004445162086945
-1.900566701375473
-1.900744073326477
-1.900729695102182
-1.9008417172552037
-1.9010315162601952
-1.9012434335821562
-1.901493546759758
-1.9017229726161935
-1.9020944218142877
-1.902037330730755
-1.9022335642925492
-1.9023067436552512
-1.9024511093869114
-1.9024050506539132
-1.9028826624175161
-1.9030341544598806
-1.9029885702464995
-1.9029426530629678
-1.9028020664156735
-1.902599182386343
-1.9023534675205565
-1.902161060316789
-1.9019246654224296
-1.9017330143995437
-1.9015631551737415
-1.9016049896049896
-1.9017721783679231
-1.9019067540399772
-1.901891856044287
-1.9020930823947693
-1.9023221505543326
-1.902345931258005
-1.9023049015427163
-1.9022437789226914
-1.902268562415727
-1.9021980651196004
-1.902034819471463
-1.901811176571696
-1.901438666795605
-1.901226873226326
-1.900970642671066
-1.9000798927541334
-1.899587822877061
-1.8990991789073879
-1.8987103799516192
-1.8986823525318297
-1.8984961913888074
-1.898537056971067
-1.8985760894146895
-1.8988747240325188
-1.8991844689820134
-1.8994879701554728
-1.8997177473165952
-1.8998476895300003
-1.8999564337579906
-1.90014572183485
-1.9003169990626423
-1.900534440290638
-1.9005675371694277
-1.9008999071063635
-1.9010193077828117
-1.9010139561709265
-1.9009457257604663
-1.9008619495293264
-1.9010954042744792
-1.9010917247435117
-1.9012190113402048
-1.9011219976717573
-1.9018078290236413
-1.9022014140415784
-1.902455464146156
-1.9027673837510477
-1.9030363331718194
-1.9032009241422652
-1.90314745409605
-1.9031694116511442
-1.9032389751898668
-1.9037824162680688
-1.9038810435910356
-1.9038329027877345
-1.9037436726154382
-1.9036913460294096
-1.9037389765222754
-1.903978003538846
-1.90416255667558
-1.9042226280498316
-1.9045918649749283
-1.9046840286974598
-1.9048811446251133
-1.9050944250062882
-1.905320520761648
-1.9056905197454193
-1.905884314052342
-1.906054105547274
-1.906176004234158
-1.9058239697087849
-1.9056948893474932
-1.9055394446746001
-1.9054735773931328
-1.9054881955037655
-1.9054876914272512
-1.9055421332317943
-1.905548350549364
-1.9053584886095776
-1.9052600441287006
-1.9049795499535198
-1.904726336343851
-1.9044747006610496
-1.9042573637861164
-1.9040264872162933
-1.9038644372549094
-1.9037124775736507
-1.9036759169442201
-1.903578484693764
-1.903366884797869
-1.9032317671653611
-1.9030975067357492
-1.90302175265617
-1.9030532602575947
-1.9031330394880406
-1.9031736020818268
-1.903341569736332
-1.9035437737198324
-1.9038122717601504
-1.9038614179521922
-1.9038132781413661
-1.9037069430762437
-1.903725894670629
-1.9037827517178345
-1.903661997440656
-1.9036542831046626
-1.9032979824665783
-1.9031206363954618
-1.9029558917316083
-1.9028148004649361
-1.902751634552655
-1.9028360801118465
-1.9029044462927305
-1.902993430224069
-1.9031580137730446
-1.9029637679889524
-1.9028848407825938
-1.9026457530938614
-1.9024537892363949
-1.902361338791861
-1.902361673741021
-1.9023631810137005
-1.9023229878929546
-1.9021845021061756
-1.9019681898137166
-1.9019176347461049
-1.9017209642722495
-1.9016379564335695
-1.9014733010383644
-1.9012969639784238
-1.9011126313589115
-1.9010117820872054
-1.90089254957211
-1.9006068203145003
-1.9005804084891569
-1.9004207830191022
-1.900250322598346
-1.9001714532230272
-1.9001377018043684
-1.9001174849446307
-1.9000406313876723
-1.8998324897155647
-1.8997033846153848
-1.899528043565209
-1.899358911873829
-1.8992697667178755
-1.8991597657848442
-1.8990649648856508
-1.899024911012013
-1.8989092649342163
-1.8988234990186086
-1.8992437258920984
-1.8994193483682131
-1.8996616338102459
-1.8998775887758323
-1.9000118964371622
-1.9002143961176021
-1.9003878583785296
-1.900588933744954
-1.9008494088128034
-1.9013228938477795
-1.9015015782397473
-1.901655360702555
-1.9018249016419284
-1.9019308591565436
-1.9018570391667258
-1.9017875766092318
-1.9017233073405968
-1.9018285840115488
-1.90226554817262
-1.9025631670356022
-1.9028199946655484
-1.9030162221741975
-1.9030473944016968
-1.903157008084473
-1.9032605995909717
-1.9032488653588528
-1.9034133254363292
-1.9032768601232222
-1.90330887909686
-1.9032879241493672
-1.9032391428189934
-1.9032870859610649
-1.9031137644813352
-1.903008345482638
-1.9029015976037795
-1.902877132743949
-1.9026161016962584
-1.902389642411993
-1.9022397600387257
-1.9020540726288366
-1.9019308591565436
-1.901765483558172
-1.901480495749478
-1.9013305892999417
-1.9011982696548386
-1.9013145292965177
-1.9012509611119943
-1.9012765551593105
-1.9012516302286426
-1.9012021168687439
-1.9011706705333287
-1.9011873971779816
-1.9010664701653333
-1.9009756595777023
-1.900744073326477
-1.900680376101896
-1.900579405522915
-1.9005230739517194
-1.900330034106192
-1.9001517369021403
-1.9000433044505105
-1.8999033129024652
-1.899753153972737
-1.8992445605228732
-1.8989731772591354
-1.8988018084775746
-1.8986176257006433
-1.898439482883176
-1.8983951191789676
-1.89838444551447
-1.898409462104642
-1.8984696714012308
-1.8987364061537715
-1.8988577043402033
-1.8989718422318538
-1.8989798524237005
-1.8990788172434894
-1.899041599920696
-1.8990652986750298
-1.8991557599215347
-1.8992741069249315
-1.8994108336017168
-1.8996060245879267
-1.8996868510770764
-1.899802090816323
-1.8999636169947498
-1.9000979368199358
-1.9002979481668156
-1.9005102034085504
-1.900651956145498
-1.9009091041042738
-1.9009999083330855
-1.9012872613704392
-1.9012939528136241
-1.901414072229908
-1.9015241671409668
-1.9016774511950516
-1.9017380353309872
-1.9017949410736554
-1.9020942543867447
-1.9021791439319486
-1.9023785888269782
-1.9025596493302517
-1.9027325348108037
-1.9028002233437153
-1.9028516631472907
-1.902874786831539
-1.9029424854860644
-1.9028375881363802
-1.9027291840184362
-1.9026368743298459
-1.9025418934922598
-1.902416941967774
-1.9023725596529284
-1.9024085677876013
-1.9023499505906016
-1.9024078978563723
-1.9021173596662984
-1.901935211534379
-1.901756613007855
-1.9015547885083721
-1.9014875231942903
-1.9013963377678167
-1.9013063321076846
-1.901125844576984
-1.9010649649467624
-1.9009463946622855
-1.900899739889043
-1.900880008451825
-1.9009718132802462
-1.9010711530827982
-1.901092560999299
-1.901163812694094
-1.901244437249357
-1.9013841246042105
-1.9013929916799912
-1.901473635674883
-1.9015291869696773
-1.9014751415406759
-1.901418422242832
-1.9014092203158965
-1.901345143912396
-1.901390482121851
-1.901376261417518
-1.9018039793579475
-1.9020092050054525
-1.902200074471372
-1.9023767465752972
-1.9024355329112652
-1.9025522789421736
-1.9025552940940305
-1.9025300006163002
-1.9025619944657066
-1.902877467874765
-1.9029832075414375
-1.9031766192033446
-1.9033051909926424
-1.9034106428829072
-1.903592570667456
-1.903577478560763
-1.903628457304406
-1.9036085014841435
-1.903844308751016
-1.903967267003045
-1.9040640679590684
-1.904156012816255
-1.9042825354013921
-1.9043377474747778
-1.9044181379501375
-1.9044214946937992
-1.9044186414609323
-1.904504745722469
-1.9046674083505903
-1.9047886260215403
-1.9048562930103048
-1.904917079863507
-1.9048651925005393
-1.9048490727302727
-1.9048326174128665
-1.9047305336334721
-1.9043765153118153
-1.9041592008446668
-1.9039050310324404
-1.903686650194398
-1.903471672844024
-1.9033122319312785
-1.9031105799525923
-1.9028025690722814
-1.902646758242179
-1.9025449086111996
-1.9025020278181521
-1.9025975072235155
-1.9026010250688612
-1.902586786251269
-1.9025837709995945
-1.9026323512177736
-1.9027933537433273
-1.9029287442804155
-1.9031097419204837
-1.9032145016542608
-1.9032188599090596
-1.90331022022921
-1.903282056846755
-1.903386164932219
-1.9033747644577554
-1.9034287502652447
-1.9033714114030211
-1.9034855895644254
-1.9035060458360948
-1.9034351214631868
-1.903354478657081
-1.9032797099358392
-1.9031603603838463
-1.9030747128385415
-1.9029503616324328
-1.9028282049114502
-1.9025130828376782
-1.9023569844635146
-1.9023047340781176
-1.9022077770258232
-1.9021297496850929
-1.902089733854227
-1.9019183043320869
-1.9018054857470152
-1.9017505877755878
-1.9020311363031628
-1.902073493599849
-1.9021037978037338
-1.9020301318051926
-1.9020515613253355
-1.9020634482204997
-1.9019429119439628
-1.9018866669095829
-1.9018121808384103
-1.9017936020758819
-1.9016118506274078
-1.9014671102840095
-1.901351668466175
-1.9012037895752982
-1.901147420986138
-1.9010020823896483
-1.9008559299647445
-1.9007887140833384
-1.9005534959285522
-1.9004806185351584
-1.9003917023132775
-1.9003972175511639
-1.9003577759479902
-1.9003930393377042
-1.9003749896666775
-1.9003418994936145
-1.900335381868097
-1.8999723037722263
-1.8998009216473177
-1.8996016828637483
-1.8994926452994838
-1.8993796134443544
-1.8993283611868812
-1.8993111664237425
-1.8993205149942083
-1.8992524060880138
-1.8990559526167694
-1.8989922016018619
-1.8988942469964665
-1.898876225784724
-1.8988510300343424
-1.8988371809993667
-1.8988485271817408
-1.8987919644724378
-1.898801975325999
-1.8986993690808773
-1.8986728434166806
-1.8985757557972602
-1.898604113697335
-1.8986042805110184
-1.898618459781224
-1.8985700843188986
-1.8985840962681693
-1.898559408686845
-1.8980382836015772
-1.8978689170336016
-1.8976980807972585
-1.8976054254215295
-1.8976199230576645
-1.897551936059836
-1.8974942842368223
-1.8975096132813831
-1.8974919515778403
-1.8974068134498834
-1.8973696616320093
-1.897368995244971
-1.8973161855606377
-1.8972881992856563
-1.8971760958786066
-1.8971069748233802
-1.8970693351139525
-1.8969504300923108
-1.8968854882654325
-1.8967706020791761
-1.8967864189163863
-1.8967589477363405
-1.896722154250914
-1.8967154949490996
-1.8966229354959747
-1.8966307594167444
-1.8966432445303851
-1.8965425359651142
-1.8965062502106342
-1.8964954313323723
-1.8965262238486453
-1.8965706667027098
-1.8966768719206828
-1.8967331422011406
-1.89675961369493
-1.8967296460213496
-1.8963296682640303
-1.8961191776213437
-1.895965291113512
-1.8958781275687182
-1.8957447362882591
-1.8955789381346084
-1.895530551162053
-1.8954869883721515
-1.8954711931986934
-1.895195069592255
-1.8951116332550202
-1.89502704096353
-1.8949811748236003
-1.8949260054519252
-1.8948942679015344
-1.894809528866061
-1.8948484081884265
-1.8948960956897218
-1.8947545356260702
-1.8947460626312116
-1.894680607146505
-1.894650040652014
-1.8946218007455868
-1.8946218007455868
-1.8945998738694299
-1.8946241263531307
-1.8946357544764882
-1.8945438961919796
-1.8945306082083746
-1.8945855884504337
-1.894579442464354
-1.8945673167168702
-1.8945892428394389
-1.8945845918013335
-1.8946615029718716
-1.8946782814003018
-1.8948743286230807
-1.8950208921130007
-1.8951368960716983
-1.8952356269593922
-1.8953669516556626
-1.8954854919760091
-1.8955624763099934
-1.8956718946107667
-1.8957349239552332
-1.8955534972534416
-1.8955219049528809
-1.8954349484273478
-1.895402695071666
-1.895384075077437
-1.8953376929325252
-1.8953270536208044
-1.8953054428865939
-1.8953006220977306
-1.8953282172897061
-1.8953381916531928
-1.895299292229257
-1.8952673759457426
-1.8952509195320741
-1.8952195035358983
-1.8952570698754554
-1.8952700355949792
-1.895262389123543
-1.8952530804589838
-1.8952743575409097
-1.8952944714716826
-1.8952918117538629
-1.8952859936471584
-1.895337526692361
-1.8953441763216767
-1.8953114273482663
-1.895318409267982
-1.895202549304009
-1.895115289673642
-1.8950878668778912
-1.895040335911897
-1.8949886528471007
-1.8949883204892475
-1.8949461119894433
-1.8949351447342655
-1.8949419577111823
-1.8949663851286915
-1.8949969618313232
-1.8949820057121853
-1.8949642248554996
-1.8949329845323017
-1.894867183817092
-1.8948065382150412
-1.8947375897121324
-1.8946942294889302
-1.894660838485774
-1.8945739609428431
-1.8944940672145638
-1.8944412513601778
-1.8943550582246258
-1.894340444366599
-1.8943336357142881
-1.8943113833871374
-1.8942625629488645
-1.8941979710662487
-1.894170906882614
-1.8941624391067011
-1.894123421901721
-1.8941267424523318
-1.8940971899611767
-1.8941051590814661
-1.8941139583963527
-1.8940905490788265
-1.8940528629534656
-1.894025802916234
-1.8939610611799582
-1.8939555832361414
-1.8939416395221398
-1.8939195623948597
-1.89389549393276
-1.8938983157207978
-1.8939271980347936
-1.8938823810280876
-1.8938682724093951
-1.8938427114474143
-1.8938005539656395
-1.8937666965597693
-1.8937574025816966
-1.8937047937469635
-1.8936475413966252
-1.8935733674126067
-1.8935400159042766
-1.8935189436663655
-1.8935381907312596
-1.8935569404034711
-1.8935444958893264
-1.8935831573818775
-1.8935914540452508
-1.893633602217981
-1.8936244754859912
-1.8936354275749354
-1.8936724332974888
-1.8937366574239933
-1.893787276407285
-1.8938556578224441
-1.8939097689468094
-1.8939527612774505
-1.8940028937958686
-1.8940407439454858
-1.8940638199982838
-1.8941101398157
-1.8941518129852206
-1.8941511488565868
-1.8941850200107133
-1.8942197225964745
-1.8942814930241862
-1.8943007555944618
-1.8943161991449546
-1.894299593186873
-1.8942934490561727
-1.894295939915166
-1.8943007555944618
-1.8943125458091965
-1.8943173615729239
-1.8943150367184123
-1.8943088924875298
-1.894299593186873
-1.894345592404498
-1.8944121872877082
-1.894439424449356
-1.8944839356431544
-1.8944879218222537
-1.8944804477502026
-1.8944889183696496
-1.8944870913668914
-1.8944905792843059
-1.8943876080824278
-1.8943552242924897
-1.8943170294505014
-1.8942756811187074
-1.8942374894841902
-1.894198469187306
-1.894170906882614
-1.8941426812573268
-1.8941378663817077
-1.8941139583963527
-1.894086730592561
-1.8940771014346922
-1.8940766033774654
-1.8940676383921742
-1.8940644840656804
-1.8940317792996482
-1.8940165063947774
-1.8940209886348007
-1.894104494985548
-1.8941554657010322
-1.8942034504122887
-1.8942753490109003
-1.8943304805017644
-1.8943945831974869
-1.89446599804479
-1.8945236320916001
-1.8945854223421776
-1.894547550420149
-1.8945420690831807
-1.894552035173987
-1.8946025316455695
-1.8946545258910936
-1.8946950601259018
-1.8947166569428084
-1.894728120068718
-1.8947542033503344
-1.8948080335393709
-1.894816673237267
-1.8948342851731332
-1.8948635283557935
-1.89487466094095
-1.894884962852702
-1.894899917440054
-1.8949311566729483
-1.8949748600941618
-1.8950466510777206
-1.8951019936735587
-1.8951570070848938
-1.8951980614698718
-1.8952412785335906
-1.895280175576174
-1.89530594159029
-1.8953282172897061
-1.8953463374612507
-1.895321734009736
-1.8953164144285284
-1.895322565196997
-1.8953021182019951
-1.8952868248030723
-1.895278347046956
-1.8952622228965883
-1.89526571366876
-1.8952643838492735
-1.8953160819556947
-1.8953463374612507
-1.8953779239097344
-1.895412171459201
-1.8954309582619924
-1.8954449239142372
-1.8954487478787174
-1.895453901942213
-1.8954570608982093
-1.8954542344634007
-1.895430792005467
-1.8954140002466506
-1.8954061863613123
-1.895399203794881
-1.89538307758807
-1.8953621305538946
-1.8953591381582362
-1.8953646242241609
-1.8953745989708428
-1.8953754302044723
-1.8953782564042647
-1.8953759289449994
-1.895386901303011
-1.8953893950384575
-1.8953937175287765
-1.895387400049575
-1.8953938837787982
-1.895337526692361
-1.8953046117143508
-1.8952748562282469
-1.8952474288143988
-1.8952188386583446
-1.8951973966073632
-1.895177617161093
-1.895158170544999
-1.895147367041835
-1.8951415498219186
-1.895128419656811
-1.8951244307819246
-1.8951126304586998
-1.895102326071287
-1.895094847150604
-1.8950877006815487
-1.8950800556813
-1.8950670925609778
-1.8950343531620464
-1.8950182331629677
-1.895004107616032
-1.8949933058692885
-1.8949818395344102
-1.8949746939176393
-1.8949710380415257
-1.8949690439332272
-1.8949677145300268
