0.08032211723712022
0.04175831510504246
0.030913833456963986
0.022383362056336738
0.024290638151183944
0.028126270310535766
0.028802779896795166
0.014933353351569928
0.025651368480680965
0.013841932381450681
0.013729663850182683
0.009059472283145515
0.009828564677374547
0.008272607660823566
0.008273840673426385
0.00594914709101241
0.006398131236065794
0.017230513884381782
0.008909505866225523
0.00776366008621943
0.007863427192603032
0.007464808919826684
0.007283413214005438
0.006687080733331623
0.005652647495926288
0.00575461230132612
0.00905279583363111
0.0055168950606533
0.004888090031670385
0.00524222455053825
0.005529089004826329
0.004886935897619702
0.004299705823286793
0.005111709296777726
0.005346025078985594
0.01369000637548299
0.006718772630170501
0.007200572706068155
0.006962596517645092
0.008020390080775848
0.006648569007398106
0.0077571928108733455
0.006013662116147019
0.006846114999435261
0.015281005679395734
0.0078240256195209
0.0077360806247913
0.0076839068220048105
0.007745109447181168
0.006908208777909726
0.008855767404440636
0.007190094831422777
0.009455958183916879
0.018244477084763802
0.010824934738437928
0.00995330478551314
0.00888827017287236
0.00781984812203232
0.008794442908743096
0.00542526333750015
0.006279881569723549
0.005753487237131863
0.011613607687029572
0.006973499186366927
0.00643866024040727
0.005969268646710665
0.005932563681129049
0.00653502750434174
0.006286466182757361
0.0054333189022142386
0.005594985255745563
0.01218119671170456
0.007296975257889969
0.0065749305809589525
0.005937559359984422
0.006908048448242422
0.00670934116184931
0.008320993513596532
0.007040559074218405
0.006038284030284006
0.01171054505698846
0.007263976542574007
0.007176128716163934
0.0065841522685807655
0.006020798138253882
0.0056396826197760205
0.005428374388941763
0.005600063405378092
0.005009008517484033
0.014194182671471075
0.007935039301499473
0.006345670539266358
0.008049833361888314
0.005705459240383427
0.0062352135433712125
0.006336074736871149
0.005338832281527502
0.006753429844789603
0.01414217391531697
0.009543586130182732
0.007087402742311801
0.007270735193512498
0.00682653344504311
0.006939363881770574
0.006229032514645566
0.006559115803429595
0.00600815770234557
0.011019726996782855
0.007050353370595844
0.006441229902102145
0.006429365185760302
0.006395882538292854
0.00579007265883356
0.006460347288236076
0.006132993458021367
0.005919987483758329
0.013600763053082898
0.006934721664740665
0.006601599696947825
0.006532016455006015
0.00712357599696552
0.005427578834860993
0.005087214389612668
0.004752608454157392
0.004856429124624937
0.010179803416299335
0.006160711385879493
0.005943264921012834
0.005598984254674412
0.005210358442377151
0.004580199891252762
0.005376773085672702
0.005481319964289909
0.004620919686969208
0.009309503206919853
0.006513978890986409
0.005276772805812047
0.004981816805859896
0.0053514504522978405
0.004812761248653792
0.005913060292606967
0.005199288281706077
0.004775472335654331
0.010443883764856384
0.0064688571038372285
0.006309855387406258
0.005553144236592193
0.005522763854643394
0.005489351282913733
0.005046279862741335
0.0053325325023517705
0.004762717250394698
0.012365829132494736
0.0068619598935664595
0.006890546663928002
0.00611534512812792
0.005437914433847943
0.0052055108536112156
0.005075966282004557
0.004937539057451938
0.004597031806689635
0.01030419134366926
0.005359054531293379
0.0059709056488606
0.00517204421775827
0.005022506971879538
0.004812915537708648
0.0040123881788854815
0.005429265890567852
0.0046999473054839
0.01641250708665214
0.009585927644575326
0.007690015367068809
0.0074322869556627084
0.006665372566090013
0.006426427045091436
0.005978008745118707
0.005659554879405215
0.0060042687167709925
0.010651317125540287
0.005431037175773696
0.005042505958370213
0.004567891680158368
0.004972737198569665
0.004784760398890694
0.004305141894112475
0.004687815591487316
0.0041011370043215365
0.009592840487802035
0.006511908172742091
0.006215846295113215
0.005596777762759499
0.004837499815344199
0.004953340954025051
0.003737854220837072
0.003926312518507003
0.004255736541160533
0.00770334565737836
0.005820334716560914
0.004844606235346945
0.004905279086512938
0.005296926448143936
0.004670258170153695
0.004725695336088555
0.004465683779393005
0.004845424443464622
0.008603454362789198
0.004540874738738165
0.004214894161683042
0.004784842990992493
0.0043290851453756645
0.003870166426414171
0.00396901237749182
0.0037574276368761614
0.003883667369864835
0.00796785239047197
0.005720625293817473
0.004205954014200674
0.004306203287145198
0.003880256367397956
0.003820321167833459
0.003692783954368469
0.003950893605677951
0.003051037442090388
0.007387805106285195
0.004916030950062758
0.003717075668834822
0.004230464990786223
0.004120819679532573
0.0035412726171146604
0.003721249008937887
0.0035528647464316554
0.0033687686230111425
0.006862907665752703
0.003909686989184818
0.004162511941452497
0.003753638409713193
0.0037320412946749994
0.003533609587607052
0.0035268659796700613
0.0032800566573733133
0.003280899457801609
0.006603154788171458
0.00400926259866073
0.0035271754251279294
0.003300128798031015
0.0031069290591177142
0.00279186075885822
0.0029320080676418724
0.0032034822795530857
0.003332881255802707
0.006147731025844395
0.0037958555999490842
0.0035230252913037276
0.002958497133905939
0.0026657642970140086
0.00249745504268211
0.00269781765393372
0.0023070060090655754
0.0024259678574760483
0.004458296904662448
0.0031530544952656715
0.0028084947468072735
0.003024251836070882
0.0024604597993477854
0.002160509686093176
0.002010731338838154
0.002188953617386581
0.0025450683585003246
0.0046898437171304375
0.002795691213037316
0.0026129324562201017
0.002412525872259763
0.002061752846650188
0.0018753074610379302
0.0019647505375636064
0.0018414868652290941
0.0018845511030822384
0.005063241992637885
0.002651376700461158
0.00236585892155907
0.00256173591133443
0.002222577709792321
0.0021770988040527525
0.00214570971360494
0.0016282825205483637
0.001636160097369127
0.004095669456183302
0.0022557520681236484
0.0021531330792176253
0.001951252050504976
0.0019873988510049063
0.0021438163279076427
0.0019022650631092093
0.0017386304771043995
0.0018034266489112007
0.003394542836265302
0.001998939760440557
0.0021595178717387148
0.0020948623402800917
0.0017532469249648159
0.00157924629879877
0.0015879739339170547
0.0015325827841404576
0.0013717268312234867
0.003589237184554928
0.0016795152325634918
0.0018302468592267967
0.0016513492212434464
0.0016657194890411164
0.001523437785570455
0.0014927990482692139
0.0012530121148628221
0.0012532016881870347
0.0029617494262579283
0.0015342068590127643
0.001792508712017007
0.001593194207435369
0.0013474625103877826
0.001081584828182346
0.0011109255659182199
0.0011898274813346777
0.0010396951875637456
0.002626172241139863
0.0016733734205352571
0.0014986169705267626
0.0014500563311464877
0.001488842628769386
0.0014127466993528529
0.0011372517789568018
0.001165250407657165
0.0011606372115047386
0.0024581238699318804
0.0014965300263149615
0.001298271921902623
0.0011883959757602485
0.0010119839024540077
0.0009634667699635238
0.0010025311739378325
0.0009342722834420303
0.0008183202002430782
0.002174379700778576
0.0011999058127363236
0.0013118184385601868
0.0010435304474640606
0.0009644757628702856
0.0008863155966957169
0.0009816979018968251
0.0008969640089924531
0.000864717175971353
0.0017110344957746108
0.0009478339895786052
0.0008324266744184629
0.0007745576966770324
0.000807078655062709
0.0007963012648126006
0.0006641538139818625
0.0007315151585969043
0.0007109802254504555
0.0017071314030070476
0.0009975549248146891
0.0008345496310446757
0.0007400341170517556
0.0007184744946123364
0.0007342282955524103
0.0005858881281637366
0.0006373807093269843
0.0006291729661205112
0.0012201780936574695
0.0007284347943132426
0.0006263861046020962
0.0006712094527292786
0.0006245306643404981
0.0005718157722547944
0.0005992092983659947
0.0005392724274898733
0.0004919434967846526
0.001201293722856726
0.0006602119637011283
0.0005710837822265203
0.0005106305706469521
0.0004559354486088677
0.0004768841343011397
0.00036127221137210904
0.00041408212924646983
0.0004074282511516977
0.0010013830734886431
0.0006078475433389507
0.0005473518364771902
0.00047707573885766004
0.00045028397329213666
0.00044898546002185134
0.00037841515648631756
0.00033194135084328805
0.00031525663742517333
0.0008023919587651151
0.000471420267370313
0.0003879937517364586
0.0003387271530801964
0.00034202289444849583
0.00028865020290428994
0.0002957724906660862
0.0002659679254259393
0.00022003940788144224
0.0004293922304700636
0.0002548777685456931
0.00021646364295728113
0.00020409482448937674
0.00020675978104609677
0.00018656918113039783
0.00017699381537289539
0.00017289753019650796
0.0001528627439051248
0.0002722396943540523
0.00015984959340150924
0.00016174335456084607
0.00013418120714388495
0.00013321013203005744
0.0001282535618722255
0.00011849292142972952
0.00011174702861850027
0.00012893491250241706
0.00023131796251110034
0.0001476610896937862
0.00015178182216616507
0.000140164915939112
0.00016328442236681126
0.00014216403319510976
0.0001174112951169519
0.00014168722687711474
0.00012343746617316144
0.0002988335142800631
0.00015417663012368463
0.0001627609791821471
0.0001553112540423101
0.00012955432197762792
0.00014532728423239307
0.00012876086370269745
0.00011628515532617716
0.0001230268174874755
0.0002090177406685415
0.00014123761384199997
0.00014236287956837572
0.00013154541454198955
0.0001256486617925794
0.00011280857840782639
0.00012140752899318445
0.00012355848629843746
0.00013202687651281162
0.0002167656808081316
0.00014907489491120093
0.00012731384110048426
0.0001388262769200342
0.00011674783002169234
0.0001286206389221594
0.0001222171310509747
0.00010647649977583026
0.00010365705070834972
0.00026020871340503844
0.00013813002818408203
0.00013387145578834872
0.00013966878768724542
0.00012741667600845935
0.00012199203079510715
0.00011460291288016283
0.00012373506178471927
0.000109512400691359
0.00031300715118187894
0.00017210868351239862
0.00016461198812525087
0.00017046724575985238
0.0001462471971924198
0.00014308019969592553
0.00011372826004090907
0.00012632544652866606
0.00011579355897289311
0.0002497403374462377
0.00014515225674174457
0.00013503396935739622
0.00012835645427790535
0.00012098842539017831
0.00011560767506282887
0.00011224137535232627
0.00011676303551528899
0.00011557043716108761
0.00022735697216947747
0.00015090183564497485
0.0001444051134362906
0.0001411804067468284
0.00013943153263533208
0.00012663350292221136
0.00012094059661807128
0.00011341175955125883
0.00012277261165232134
0.0002716263560545156
0.00015463921829409827
0.0001487892680508758
0.00014490713791902492
0.00012765915073671612
0.0001397876461072948
0.00013788915012221973
0.00013301396079573382
0.00012167622866648637
0.0002888645781440217
0.00015995067931575497
0.00013837302921086575
0.00014478968638972377
0.00013108665396692002
0.00011700905269636008
0.00011018131364429183
0.0001131035023501461
0.00011428913531803784
0.00024909653754407737
0.00016025347413608273
0.00013882339310526364
0.00012146422494018116
0.00012636515590086673
0.00010913333115944305
0.00011397067566690438
0.0001309764931222694
0.00010239524639563934
0.00020669621897962718
0.00013460412734157278
0.00013295027304652775
0.00012841155399042486
0.00010917665531773328
0.00012266855464805536
0.00011809262028024727
8.998124009131545e-05
9.413948587075236e-05
0.00025618866946472326
0.00015286548540950783
0.0001441941928049764
0.0001481420698483666
0.00013724624618309544
0.00013856483089529398
0.000127209063050706
0.00012568413677846563
0.00010233499291189024
0.00022043958370977852
0.00012291286773215493
0.0001254921783574942
0.00011541624630002329
0.00012945378518194317
0.00010241193191458893
0.00010444413732696411
0.00010624762498177406
0.0001062836757402298
0.000210308720995628
0.00013544722074435145
0.00012394276371069228
0.00011845243815156895
0.00011054707094362269
0.00010448717319096548
0.00012406769589129996
0.00012529342331855082
0.00011256171272110122
0.0001984755686716717
0.00013461454590184797
0.00013353141987727771
0.00012361220171557574
0.00011634876261349646
0.00011551124457572827
0.00011949876737957591
0.00012128487118331167
0.0001357746846995612
0.00026436363816267954
0.0001545362237942005
0.00016115691142161564
0.00013502186150379043
0.00014902124439245107
0.0001445912803490228
0.00014888826183553452
0.00011330463377099007
0.00012720785596250804
0.00023269569951452003
0.00015960452592744437
0.00013672571586647914
0.00012190204767443101
0.00012769292283802927
0.0001107868599863111
0.00011060822430565373
9.275465484462532e-05
0.00010122650035551887
0.0002800338287252221
0.00014582801423314567
0.00013512601382509426
0.00015075046399589493
0.00014107097911638896
0.00013043029104353165
0.0001380882091149476
0.00014539837584895006
0.0001470435376665973
0.00024901520361818985
0.00015345505419513353
0.00013420018333352876
0.00015085160730717907
0.00014673752295013272
0.0001404236867669369
0.00011783615809358374
0.00011282199588278318
0.00010331862694766376
0.00022331230039443885
0.00012991243479457153
0.00011765222200190605
0.00011490229157619115
0.00010137822302896767
0.00011555581103248312
0.00010813534291871794
0.00012396686064904526
0.0001241943850681654
0.00026877830314420864
0.00013963996164969694
0.00014105830399790292
0.00011412526967802645
0.00011964814856720566
0.00010863218547023665
0.00010915380166350452
0.00011572662818407131
9.405607179792471e-05
0.0002364516628367898
0.00013638745226086742
0.00012724518016631593
0.0001354570219461937
0.00011663012327580032
0.0001064753536696367
0.00011556447496288686
0.00010468730142374532
0.00011119817752731506
0.0002458685830888566
0.00013067875966075442
0.00012280821902767994
0.00012014566734921373
0.0001116803678109338
8.518696245975067e-05
0.00010284466727440876
9.274557917974394e-05
0.00010433571162287579
0.00020541140623133765
0.00012630834831650498
0.00010808108873378677
0.00011035537731013922
0.00011858673378741754
8.842385591834594e-05
0.00010848161390088502
0.00010674789686054498
9.832436628873359e-05
0.0002087722749847164
0.0001424952682291242
0.00011401862081837428
0.0001265453042715905
0.00010938281155472178
0.00011185207499289415
0.00010025357666604742
0.00011473547186528891
0.00011428023082141202
0.00026000974464143115
0.00014873967991460132
0.00014189542327257013
0.00012489985626747512
0.00014343110432129934
0.00011224030487517629
0.00010783335562904757
0.0001140595925294472
0.00010601173674536114
0.00024470377489966893
0.00013335908173008992
0.00011228110965865139
0.00011841330216625989
0.00011314881650552386
0.00011562475022722213
0.00011683724588906248
0.00010567583824400963
9.799544245982237e-05
0.00022246790474665768
0.00011929107153848252
0.00010974407536609777
0.00012598680374111554
0.0001022536169253053
0.00012403977702727978
0.00011372913421744702
9.457294239036887e-05
8.090800961056213e-05
0.0002291511510517518
0.0001241213003081688
0.00012510969483190624
0.00013213782438813856
0.00013142533534926795
0.00011550463190516442
0.00011528287868826033
0.00011414367671388807
9.25683301100815e-05
0.0001916226493534666
0.00010375036300343692
0.00010681911105595521
9.829041679049972e-05
9.24820632710194e-05
0.00010298647651061884
8.078024659011811e-05
0.00010197678602645653
9.26377527699213e-05
0.00018095049646186468
0.00011943711544127331
0.0001219114603794436
0.00010211074604894587
0.00010493940520062626
9.021384827419507e-05
9.251213433343828e-05
8.48411068488051e-05
7.965234971705665e-05
0.00023522056859333614
0.00011944918887869879
0.00011509037969251657
0.00010221024964657198
0.00011571522692232034
0.00011104272071157679
9.879287266482094e-05
0.00010200020852270481
0.00010867025422744963
0.00022310319847487862
0.00012284766670498477
0.00010485548460967324
0.00010967918812918475
9.902260827266608e-05
9.927788917355813e-05
9.014333794333878e-05
9.543539564516407e-05
0.00010728007749388383
0.00023778000402536488
0.0001393756866650572
0.000125287262870969
0.00012369376819104815
0.00011827799362364406
0.00011217055562639124
0.00010896075706535115
9.225675197237317e-05
9.564446837355437e-05
0.00020882674356971463
0.0001188507743559743
0.00012533360153223
0.00011428004760323736
0.00011355607753410766
0.00010333275048661837
9.665931331378661e-05
0.00011151669045769927
0.00010503060651154806
0.0002539964762732517
0.00014346836255502434
0.00011862439319550747
0.00011579145615193909
0.00011048308739960008
0.0001067187799274071
0.00010786432854841667
9.673878141714514e-05
0.00011650776204861113
0.00021017793089159268
0.00013752121387816636
0.00011562077530683634
0.00012029456607889833
0.0001051243512062607
0.00010540380568092675
8.96248250069046e-05
9.793217704247272e-05
9.830993226415082e-05
0.00021211374144077991
0.00014239851230088787
0.00014595303796618856
0.00011433695158374694
0.00011445393739488845
9.195069513691685e-05
9.364788685586622e-05
0.00011039343223197273
9.060728795851807e-05
0.0002006229430205965
0.00013445382491355937
0.00012893413626510823
0.00010846640947842171
0.00010420660670007382
0.00010521685408301907
0.00011044971099542116
9.12203529033946e-05
8.532433842812585e-05
0.00020108970382988071
0.00012699637370436865
0.00010667019722001553
0.00011213505181656562
0.00012452101548790758
0.00011699658728831558
0.00010629963682573671
0.00010539536542958723
9.641738296764403e-05
0.00023298737701324352
0.00014497145362299407
0.00014049449512937485
0.00011355576546442328
0.0001323035396792972
0.00012505263888692994
0.00011255536232335023
0.00010335694759331773
9.139764959806408e-05
0.00017393505305618093
0.00011053094669694742
0.00011027925603461104
9.695810323766081e-05
9.06307503600151e-05
0.00010382823209483372
9.140144272746102e-05
8.290278767805464e-05
7.980050732676472e-05
0.00022241163244348812
0.00011866370756783005
0.00011464964501585306
9.56574567476221e-05
9.496030933457507e-05
9.956363564570135e-05
9.802873503270232e-05
9.871183994249306e-05
0.00010080088304902953
0.0002109723099957946
0.00011139480497721955
0.00011323614778624453
0.00010374548021288995
0.00010645881378088627
0.00010870314605634782
9.714829205314672e-05
9.06744987528211e-05
8.769299117304573e-05
0.00015795726755306688
0.0001002852156561489
9.303688549887213e-05
8.809570235658818e-05
8.651205184572884e-05
8.671533823395006e-05
7.572415221383006e-05
8.083649631849257e-05
7.980501630171402e-05
0.00024163826956865258
0.00012612435673213109
0.00012132371214615294
0.00012332013362413235
0.00012609214826900386
0.00011224057868381218
0.0001041045328981377
9.722998936529265e-05
9.359859416715651e-05
0.00022747747299363465
0.00012647027570104048
0.00012820267804062249
0.00013671411841025772
0.00012667494877479908
0.00011879242163313433
0.00010295414267610104
0.00010421596248050617
9.497571752161403e-05
0.00021318958789060135
0.00012455419817831057
0.00011383400124951165
0.00011450066304616506
9.800364989739771e-05
0.00010385658721495845
9.987528525934021e-05
9.894854170663134e-05
8.614378622685096e-05
0.00019351452436336313
0.00010708390565210552
0.00010562316199185851
8.774119863795308e-05
9.972592119674917e-05
0.00011142298758497149
9.544057516518103e-05
7.638005011463449e-05
8.9478573585714e-05
0.0002443269362629291
0.0001326749042360443
0.00012154557681549991
0.00011601963741486992
0.00010467497232040333
0.00011084305075569383
9.706802845828509e-05
9.36403374481786e-05
8.730786408307333e-05
0.00021987261987093163
0.00013401766396249393
0.00011006816753439104
9.502538152404932e-05
8.642078253313698e-05
9.696134223354785e-05
9.598187899460567e-05
7.878066832414487e-05
8.81022468590391e-05
0.00019469218629477182
0.00013041244236082126
0.00011189342115932043
0.00010988515564406648
0.0001084636188158241
8.739075837692558e-05
0.00010141547805813282
0.00010200887653519632
0.00010953792096304119
0.0001596657605399319
9.876773247739346e-05
0.00010077075821658285
9.359989029621355e-05
9.619152570027797e-05
9.788485546428035e-05
9.635332632818866e-05
8.151841008186028e-05
8.51208968244328e-05
0.00021028164360218477
0.00012068422832498656
0.00010284239983506058
9.650765708217528e-05
9.869681406855762e-05
8.564384490058643e-05
8.54270523619215e-05
8.44166707956194e-05
9.477328649489757e-05
0.00019203401700266522
0.00011598923074006283
0.00011412805543628831
0.00011364621243975107
9.981490636266461e-05
0.00011372300317009137
8.493003413274692e-05
0.00010192657882386797
9.840268063625557e-05
0.00018776716420775897
0.00010431818065619779
9.82222851418297e-05
0.00010501278779207381
8.44781054827223e-05
8.234749968283297e-05
7.678260739036635e-05
9.567155404633726e-05
7.864304835616106e-05
0.00018656707215461754
0.00011104423775771443
0.00011065859638398494
9.826251720561058e-05
9.512620334905542e-05
9.520476863741869e-05
8.04307281950714e-05
7.862954335239388e-05
8.152602244930482e-05
0.00023783234895463173
0.00011565892085319153
0.00013647153954555246
0.00012161322839103623
0.00010100741503058323
0.00010457468594170196
9.438517013913035e-05
9.578309084740774e-05
9.64120216894132e-05
0.0001873970598265234
0.00011067474545138804
9.825123983445296e-05
9.743316005646064e-05
8.852436386570588e-05
9.36069561740734e-05
8.46930022262101e-05
8.172976501795669e-05
8.214237447986797e-05
0.00015470445973672948
9.3738337217101e-05
0.0001014343294960738
9.399693776060455e-05
8.783323717210093e-05
8.968069347363759e-05
8.829783651983138e-05
8.103305020893737e-05
8.106326913185898e-05
0.0001697061957482965
9.010636833289243e-05
9.242546637111697e-05
7.723860015679103e-05
8.043708742665374e-05
8.59359445092421e-05
7.922333446181715e-05
8.314711925447151e-05
8.103842632670183e-05
0.00017936253465650111
0.00010248265483677261
8.98310228858885e-05
0.00010495245469561972
0.00010523172618633709
0.00010523182013164574
0.00010213648996506198
9.08338466090514e-05
9.410231989690842e-05
0.00020170091840443963
0.00011512314520621174
0.00011566907576608176
0.0001063629514673021
9.820303650369626e-05
9.354557044228057e-05
9.048697429489636e-05
8.803834180915299e-05
8.525601996310631e-05
0.00021465477847044706
0.00012290283185630008
0.0001079300211028268
0.00010438442160308814
9.806603972493086e-05
0.00010439783882102716
0.00010556201531579318
0.00010105454964268031
9.22379774120134e-05
0.0001924858916408345
0.0001023953738714282
0.00010968049866755489
9.648823606279595e-05
0.0001027444013263832
9.821562931939741e-05
8.387943659379738e-05
6.805110093234819e-05
7.238778171277708e-05
0.00019449055867987595
9.833989484128672e-05
0.0001017015399829632
8.77708568360732e-05
8.431389778428625e-05
7.429664805502094e-05
7.277323474074384e-05
6.652803795417012e-05
5.956508573688468e-05
0.00020776706329276004
9.960372627842159e-05
0.00010431084798043217
9.635683014333677e-05
9.192539377191004e-05
9.025236238592761e-05
8.652782086005536e-05
9.078539703039464e-05
8.084744662286534e-05
0.00021220927082838653
0.00011391339427733664
0.00010102354007075522
0.00010031960385967671
0.00010483491235371895
9.70734037906424e-05
7.099929584780463e-05
8.205234196692246e-05
7.027816055190239e-05
0.00022307862014963375
0.00011438150275211765
0.00010331990272176909
0.00010598210659472628
0.00010810986384473551
8.6036750537112e-05
8.484452085151473e-05
9.930907015789605e-05
9.120491650277446e-05
0.00018167116048473022
0.00010801852544225754
0.00010185770539369532
0.0001126713975775101
0.00010812940298534458
0.00010582722014402921
9.269403815210432e-05
8.671082061422423e-05
9.152696443245334e-05
0.00017939523262099124
9.937029231992909e-05
9.27322805668975e-05
9.759836471319253e-05
8.049078296252916e-05
6.9974347228358e-05
7.648269601444447e-05
7.125973047148449e-05
7.054433540470955e-05
0.00019363197314876713
0.00011376556512872538
9.317471262805346e-05
9.40953963688003e-05
9.540431449204689e-05
9.588579655093019e-05
9.09955458346791e-05
8.618559539172567e-05
7.999255250208479e-05
0.0001770364253969717
0.00010660537672371033
9.420875918815671e-05
8.809101203365492e-05
8.894645390691326e-05
8.176680471493441e-05
8.119833686747271e-05
7.32967425387694e-05
7.220131324775371e-05
0.00022171792930779748
0.00011603535175258966
0.00011608968252710575
9.172061007493328e-05
8.717068242356473e-05
0.0001004653139732951
8.591187615833233e-05
8.376929148059936e-05
9.466820194717067e-05
0.0001617749819370094
9.889990817710874e-05
9.262260931828496e-05
8.642283666590968e-05
8.795688479378842e-05
8.271194130771095e-05
7.378193544499183e-05
8.026742348258068e-05
6.913668269291329e-05
0.00020405151751419525
9.401792692950664e-05
9.654305291979883e-05
9.82804764221156e-05
9.420479464599291e-05
8.80490580818049e-05
8.00453920926723e-05
6.979995733278092e-05
7.808616444804181e-05
0.0001780347468128708
9.733663912129513e-05
8.263608493700491e-05
8.91351617529924e-05
8.485448349973128e-05
8.392067804030127e-05
7.633603467801505e-05
6.985666561414723e-05
6.996044009919969e-05
0.00016812616058501303
9.392756322184794e-05
9.920487657724783e-05
9.198926999495126e-05
8.46802399150394e-05
7.264385536776632e-05
8.565981474103895e-05
8.19096449721128e-05
7.12602202361604e-05
0.00015790411137417429
8.876225943147186e-05
8.446343178423327e-05
8.933891755022878e-05
8.15170732158634e-05
6.8833871610308e-05
6.857870178192038e-05
7.856295419762239e-05
7.6933772995182e-05
0.000143237217589363
9.048123359587262e-05
7.34696583676995e-05
6.962155928849066e-05
7.223466664624831e-05
5.849907764295136e-05
7.000653870591139e-05
6.939140160905767e-05
6.471581355442018e-05
0.0002079623164974424
0.00011682416302498491
0.00010501968587534754
0.00010826734981407988
9.568792948055667e-05
8.89122760249283e-05
8.729798519046743e-05
8.720312109966092e-05
8.80766301184277e-05
0.00020220646912738442
0.00010809444093024533
0.00011101609954881832
9.815886903109802e-05
9.909624004316913e-05
8.884216712437161e-05
8.281721847784835e-05
9.241817402504104e-05
7.698654052171423e-05
0.00017673240231391092
0.00010325024078777034
9.662016270958927e-05
9.08841925595846e-05
9.305690650596317e-05
8.672232159588497e-05
0.00010017210110854198
8.74741794053281e-05
7.86984561991976e-05
0.00013302982663228064
8.835687065811695e-05
7.937782966273738e-05
8.464594030527463e-05
8.642537756084176e-05
8.403928791434598e-05
7.825515792312625e-05
9.139450233636936e-05
7.659532589820002e-05
0.00016134751860934104
9.696059633777418e-05
9.053218008815911e-05
8.681790320550378e-05
6.586221749485797e-05
7.077323154864271e-05
6.963036460302789e-05
7.382459147578154e-05
6.0997831445431e-05
0.00017273237992403753
8.935443208450156e-05
8.424299704458353e-05
7.662109507999562e-05
8.635190096007052e-05
7.849311374170873e-05
8.605324870098679e-05
7.988997602677516e-05
8.682166499828979e-05
0.00013989462273365614
8.797374419732717e-05
8.829187151893268e-05
7.650669905802269e-05
6.694870549067849e-05
6.786323104098619e-05
7.39425024200078e-05
6.020061698879689e-05
6.816021961620554e-05
0.00013302882239911703
8.114559322285563e-05
8.507316366745534e-05
6.682202773329341e-05
6.906071430530298e-05
6.0517997486420024e-05
6.0753618505571736e-05
6.332757915050807e-05
6.478332248901239e-05
0.00014529040170097493
7.440245203278083e-05
6.117429444702195e-05
7.11448134650669e-05
5.9647954415315395e-05
6.0898657140251684e-05
6.132684552802855e-05
5.72475052939953e-05
6.125833815831973e-05
0.0002045595543776613
0.0001025696447783657
8.917182709730494e-05
8.708315971167513e-05
8.743620552982849e-05
8.82822405519778e-05
8.34228952153717e-05
8.607097078308647e-05
8.235394275677598e-05
0.00019968028443556512
0.00010250677685399045
9.708951990749561e-05
9.165921636192229e-05
9.069389575374186e-05
8.848956827497657e-05
8.980998482768436e-05
8.851482853768826e-05
9.038345611346757e-05
0.00015048533546703163
8.696621703789436e-05
7.679154815085013e-05
7.543944218674402e-05
6.98225927629401e-05
7.246836612197285e-05
6.488665567699798e-05
6.949167036976152e-05
6.497821992785054e-05
0.00013060951675724573
6.382824036288235e-05
6.64127533725563e-05
6.173735591120343e-05
6.886390144802606e-05
5.69043508164455e-05
6.11820076837077e-05
6.676852517625392e-05
6.745060901042209e-05
0.00014326457236753273
6.975510215344396e-05
6.782715129628862e-05
6.326286139776316e-05
7.302534810348512e-05
6.757857466603813e-05
6.086594054691535e-05
6.678439005445449e-05
6.613189640500107e-05
0.0001549416312335261
8.997126886883961e-05
9.041956776963159e-05
8.997979593287764e-05
8.475009051132666e-05
8.728122183847022e-05
7.862006658198408e-05
7.658606610050199e-05
5.7008850332660364e-05
0.00017032014972662667
9.608536267404867e-05
8.92846770488038e-05
8.054894837406851e-05
8.36739069185633e-05
7.27215455922676e-05
6.540384627747085e-05
5.68798579452644e-05
5.859318139935902e-05
0.00014594728739130124
8.38853180857653e-05
6.900222461321445e-05
8.021329934617198e-05
6.64807633973164e-05
6.740557321419616e-05
6.428965856950189e-05
5.613827827262926e-05
5.402753327400879e-05
0.0001271175864521229
7.04233343048777e-05
6.842426557634478e-05
7.552161847595088e-05
7.743871913798794e-05
6.888061777193368e-05
6.683305075329945e-05
7.00616763288404e-05
6.94802233613987e-05
0.0001586731797076647
8.118983120747749e-05
8.349220971674479e-05
7.071957534044723e-05
7.723685415857983e-05
6.931407141377282e-05
7.73314813733066e-05
6.589122045224772e-05
5.851777838885967e-05
0.00016518651382406915
0.00010576297516376595
8.681347578955426e-05
7.838899808411623e-05
7.055555121634095e-05
6.790982234204096e-05
6.731044605602608e-05
7.371425584552117e-05
6.794774971487409e-05
0.00012238770176579145
7.711718792778821e-05
7.117161186547418e-05
6.660947923509263e-05
7.322312627212555e-05
6.18231095554692e-05
5.486442384195098e-05
6.269581238629984e-05
5.463261794658308e-05
0.00010281726120776691
6.755604094572323e-05
7.04765156203737e-05
7.39772377232629e-05
6.255231692418577e-05
6.913508450889934e-05
5.8300253424471235e-05
5.8817050507833114e-05
5.41115762505033e-05
0.00014650367136293018
7.613654656157228e-05
7.47779072968801e-05
7.114839381546771e-05
7.223541669470931e-05
7.699006641354946e-05
6.310651189968241e-05
7.358276215171822e-05
6.279998732985234e-05
0.00015759309586248178
8.246343772708628e-05
8.865834354473884e-05
8.201890094415698e-05
7.300111603361672e-05
6.762182196676427e-05
7.062050380388336e-05
7.219006684337854e-05
7.307396633188584e-05
0.00015279935832088133
9.106972170766582e-05
8.222875852475149e-05
7.160200741046255e-05
7.597512001839778e-05
7.993036078800428e-05
7.719417793894107e-05
6.22783722842974e-05
6.0734433281845215e-05
0.00014036219380621014
8.868991479700395e-05
8.491288763838353e-05
8.003879801292642e-05
7.272003005280048e-05
8.276347662288094e-05
7.499137985992822e-05
6.651124644887055e-05
6.371776401447656e-05
0.00013457317713086732
7.868494637740249e-05
7.629070582824842e-05
7.623697870739916e-05
6.629786291133187e-05
6.426483275444851e-05
6.538147297473037e-05
5.9832612117004076e-05
6.527230637686167e-05
0.00010519560019766546
8.146200704756395e-05
7.703468499152986e-05
6.431935451661212e-05
6.993357367703481e-05
6.776635807900898e-05
6.866015534254285e-05
6.70205851236936e-05
7.24169534066349e-05
0.0001544498017264266
8.897866212557191e-05
9.003296681102694e-05
7.806154210813797e-05
8.151527441990381e-05
7.646397806129161e-05
7.846416686601234e-05
6.046876016824125e-05
6.884314187910657e-05
0.00017775584196611858
9.901795624510108e-05
9.907876325706412e-05
9.267888138760984e-05
8.561776460451923e-05
7.123786212664995e-05
6.722955013141577e-05
6.951224836978929e-05
6.514278795977322e-05
0.00017082124232334985
9.739998450647823e-05
8.528328309541765e-05
8.15606542818299e-05
7.534199612934395e-05
6.901352755232095e-05
5.8857849487585576e-05
6.915081726045098e-05
6.681642835690979e-05
0.0001374760980018773
8.67993289393647e-05
7.899054527801847e-05
6.935932524638503e-05
6.436666858029918e-05
5.931986120990252e-05
6.12027001492005e-05
5.623217276355583e-05
6.219275175397251e-05
0.00013500660821769335
8.739589177994716e-05
8.078223680407708e-05
7.286723824235421e-05
7.604891113755363e-05
5.996860132258131e-05
6.645047519853448e-05
6.606334007189102e-05
5.197165436890643e-05
0.00014596779227640802
8.322956540961463e-05
8.24047604257782e-05
7.082760931914392e-05
6.62925181679043e-05
6.191878797549918e-05
6.297495909306688e-05
6.314393984502498e-05
5.57143032715838e-05
0.0001296720760555832
7.98979403133457e-05
7.158209199592705e-05
7.026412879069445e-05
6.397779689374563e-05
6.079144476545857e-05
5.9920079377258024e-05
4.7584351602126676e-05
4.9634583852218945e-05
0.00011490161757396609
7.056156907245393e-05
6.075940264849262e-05
6.136526665728223e-05
5.909376631632232e-05
5.166473933206405e-05
6.011551812081545e-05
5.677654735752086e-05
5.686703822535662e-05
0.0001544736763062824
7.698502954928096e-05
7.63852173224575e-05
6.773212242388268e-05
7.112640367020163e-05
6.82021160316291e-05
5.8456783361801225e-05
6.77971448272077e-05
5.736974451207311e-05
0.00013248585823336627
7.864658841282762e-05
7.359689235631595e-05
6.896646602190335e-05
5.832374461384577e-05
6.13389551026973e-05
5.708203904830179e-05
5.214596312979209e-05
5.958228256553017e-05
0.00012504396418450933
7.200078390686558e-05
7.176425480735879e-05
6.253021524949881e-05
6.326530154488724e-05
6.325775347482352e-05
5.8805961353375314e-05
5.89124952063709e-05
5.748875754560011e-05
0.00012492784763298238
7.172680455367105e-05
7.799234079854624e-05
7.523534257131557e-05
6.333990439062135e-05
5.5736283204168175e-05
6.543370715346328e-05
6.157932753390793e-05
5.2543993821971246e-05
0.00012844761984374462
6.808370753654731e-05
6.576641638978033e-05
7.376792558203495e-05
6.684225801686565e-05
5.344474992033643e-05
6.0057343633102724e-05
6.257474331047928e-05
4.9338749568103375e-05
0.00012028840151980269
6.698919728499963e-05
5.852582934621749e-05
6.312334473056755e-05
5.9140768062752064e-05
6.395963312623926e-05
5.8404905691308556e-05
5.1192356636273235e-05
4.998907403026539e-05
0.0001261726936789996
7.023452654194544e-05
7.068201503355577e-05
5.952464150638875e-05
6.331541811192555e-05
6.038653546917946e-05
5.384987074638124e-05
4.7616307448509894e-05
4.58502501973443e-05
0.00013877900966510702
7.758006575575899e-05
7.589474305241928e-05
7.406041387059373e-05
7.246911905430713e-05
6.728727621057715e-05
6.550429688295449e-05
6.994556098493526e-05
6.837068051439411e-05
0.00014379225617081122
8.379807174391878e-05
7.43270291214267e-05
7.186716622966603e-05
6.006443303959123e-05
5.400145737665036e-05
5.6577366213636446e-05
5.285980382991505e-05
5.086179391521581e-05
0.00014806331054750057
8.909164272789142e-05
7.899811934479599e-05
6.717870386215163e-05
6.843342283222731e-05
6.097652587389745e-05
5.767357123872337e-05
5.515833954149702e-05
5.1650738318022505e-05
0.00014431959524457448
6.438477961897215e-05
6.496006740342369e-05
6.537612677659988e-05
6.582454335644846e-05
6.615308914764165e-05
6.383094848300526e-05
5.256191713535534e-05
5.8852266118523504e-05
0.0001135569864179951
6.862466829236287e-05
6.624346453788294e-05
6.110015049591402e-05
6.137490343770437e-05
5.12680577289488e-05
4.8142809932707505e-05
5.108397645377403e-05
4.954562461450063e-05
0.00012825148814926777
6.51777148617632e-05
5.87236439358448e-05
5.922097511905953e-05
5.708383759614413e-05
5.7836564654408584e-05
4.824092887791734e-05
5.081373935475748e-05
5.5297423996536234e-05
0.00012161030244049924
6.594510815057894e-05
6.87149516919945e-05
6.858541009218868e-05
6.897575470346405e-05
6.82846854404559e-05
5.914101266330466e-05
6.21003684550747e-05
5.9391119970707306e-05
0.00012216101095200522
7.278481416907218e-05
6.779290284765001e-05
5.948823171186119e-05
5.09463242100607e-05
4.944214576486417e-05
4.716311044196719e-05
4.760511737958033e-05
4.633962934383041e-05
0.00014017146873971834
7.248113707493869e-05
6.614200125549738e-05
6.378878795806313e-05
5.487662301574747e-05
6.176846055137409e-05
5.009577164255279e-05
4.565013533854886e-05
4.781608851236132e-05
0.0001175010136759014
6.788270770612081e-05
5.9885170082324506e-05
5.7379073380824624e-05
6.172478968072212e-05
5.902725847066115e-05
6.24109061151202e-05
5.7946878212760906e-05
5.649815025764267e-05
0.00014291560879814145
8.319360394919515e-05
7.983837109215701e-05
7.274236864334086e-05
6.796074041398809e-05
5.912886983629241e-05
5.336648167159235e-05
6.269599701025193e-05
5.948958002917667e-05
0.00010425396950345537
6.971676153787976e-05
6.167235254775499e-05
6.452792898755854e-05
5.805689017345478e-05
5.86036130488492e-05
5.328886359915745e-05
4.9102737958872766e-05
4.426671418792355e-05
0.00010602492166627742
5.409499594612614e-05
5.9080751404856444e-05
5.6385948179809445e-05
5.353017807215616e-05
5.126772352871537e-05
4.634370382244221e-05
4.53609570180161e-05
4.836908700593127e-05
0.00012587846446640672
7.408273049692333e-05
6.0289711402378e-05
5.82854072062679e-05
6.364455064985665e-05
5.462906011702496e-05
5.2894894289489486e-05
4.899725801663105e-05
5.650773127342761e-05
0.0001133602459227876
6.714495415174388e-05
6.156818629867441e-05
5.044045177296713e-05
5.2167268651391894e-05
4.2785779587860234e-05
4.836718190298385e-05
4.63210467061065e-05
3.968564952815245e-05
0.0001407509640977776
6.671955112431029e-05
6.578793709856858e-05
5.937876961370993e-05
5.541345717042368e-05
5.404138881011402e-05
5.015326066582808e-05
5.395233626331705e-05
4.668288988920781e-05
0.00010861578117966627
6.425971726702596e-05
5.685426583559125e-05
5.863787478959409e-05
4.873872369207178e-05
5.030233587995945e-05
5.257377630959088e-05
4.655033398504195e-05
4.537794999892088e-05
9.639999835937244e-05
5.69764123301319e-05
5.753135598240533e-05
5.5591077823728016e-05
4.7777501997469194e-05
5.00420539195563e-05
5.058887687687195e-05
4.761539699877549e-05
5.150709476839331e-05
0.0001123824249630858
6.613556992573298e-05
6.057076794079868e-05
6.210035280491245e-05
6.244785395076158e-05
5.373022991035502e-05
5.9449771305158e-05
4.913824872019399e-05
5.2586759819992624e-05
0.0001232893931694181
6.795749760280191e-05
6.531492209140187e-05
5.451709897125877e-05
6.21828897329659e-05
6.210257317161168e-05
5.795710040043276e-05
5.1511232558437875e-05
5.376035627057969e-05
8.344166057542196e-05
5.589619486453937e-05
5.2360456056993656e-05
4.586436264745229e-05
5.0819397404764243e-05
4.969083023577986e-05
4.5696452933046745e-05
4.8124409505613354e-05
4.9378457108940896e-05
0.00010048854912403454
6.514368428071248e-05
6.390879284551136e-05
5.4850513090978435e-05
5.1266744490350865e-05
4.799106659033791e-05
4.7946939388527264e-05
4.6347095540853205e-05
4.442912745532855e-05
0.00011693469264615178
6.23597350067121e-05
6.569185781423706e-05
5.51814016058529e-05
5.453496380147133e-05
5.495784225172084e-05
5.38247510591365e-05
4.9244941615514135e-05
4.500925824414347e-05
9.642404441157226e-05
5.002722545449166e-05
5.252865424099424e-05
5.03632423128517e-05
4.325404184047058e-05
5.3658045130749724e-05
4.316113200350279e-05
4.134476001079284e-05
4.301283438003455e-05
9.22595102148605e-05
5.522682196817547e-05
5.589041928707474e-05
4.612002757308109e-05
5.3099135566236514e-05
5.089441507652509e-05
4.669901289036038e-05
4.276781017547382e-05
4.2474504420121415e-05
0.00012209343835344088
6.639196636790425e-05
6.421275215755224e-05
6.191003646764667e-05
5.9160486775183444e-05
6.033376057267572e-05
5.491863878597918e-05
5.42909917754347e-05
4.9407725352997274e-05
9.909575170703227e-05
5.634073159646995e-05
5.3392213183208946e-05
4.869079680558831e-05
4.734072140529842e-05
4.514571127857357e-05
4.2555599618918735e-05
4.641614541683168e-05
4.842678609148579e-05
9.68942627008737e-05
5.7053837297639606e-05
5.130480046863666e-05
4.9787566586755495e-05
4.878256526288194e-05
4.452686205025823e-05
4.1845232091317936e-05
4.1016544191032496e-05
3.807123567435028e-05
0.00010596276867082365
5.4719147527328565e-05
5.512416870843478e-05
5.0311767768477985e-05
4.892037200359288e-05
4.474628447806758e-05
4.605197800364731e-05
3.5213240853999786e-05
3.984970265469704e-05
7.635973815943968e-05
4.382132422086319e-05
4.071097330505246e-05
4.4386864069964754e-05
4.049083088122402e-05
3.926229534993679e-05
3.433447817562144e-05
3.952367776847293e-05
4.267971113397035e-05
8.295001455263968e-05
5.070653125798062e-05
4.7235310363456504e-05
5.2653618631679946e-05
4.559875855440693e-05
4.890424666598026e-05
4.1918302412908504e-05
4.6614149302204786e-05
3.5868141628315706e-05
0.0001208995377748924
6.434346418488567e-05
6.411712186946334e-05
6.371132906758159e-05
5.785247713982637e-05
5.3164893066489915e-05
4.6431376833615815e-05
4.535861720635419e-05
4.276462426604902e-05
9.083718769203661e-05
4.830162877531418e-05
4.609927932224828e-05
4.3818703594149915e-05
4.4860816286916066e-05
3.703334631485657e-05
4.377241167285735e-05
3.727287338487014e-05
3.8544399069838416e-05
8.357608755428083e-05
4.7741888528962865e-05
5.0302826039029245e-05
4.758400001391827e-05
4.545303829754244e-05
4.204363436886768e-05
4.8039168126926456e-05
4.436258806575267e-05
4.1219572442218085e-05
0.0001094959821014999
5.775333354787685e-05
5.420610961310147e-05
6.0215097950961766e-05
5.016386365534254e-05
4.581917709409292e-05
4.51902804604992e-05
4.1397957837122975e-05
3.959505625197552e-05
8.344102860317518e-05
5.835454066944574e-05
5.545777745055686e-05
4.805597771550594e-05
4.3940388766929113e-05
4.27277001225139e-05
4.113015478390006e-05
4.179487980429059e-05
4.1492686825514345e-05
9.387721693867642e-05
5.525347402512073e-05
4.133363327825963e-05
4.802178043548413e-05
4.539758996740541e-05
4.1152852141059025e-05
4.013557581706533e-05
3.9587657348253364e-05
3.520994107863305e-05
9.928951002985699e-05
5.2409468725439016e-05
4.756117178880686e-05
5.194520896363452e-05
4.786901575832822e-05
4.4578267026481234e-05
4.317368806261996e-05
4.345701181093882e-05
4.186361331233419e-05
7.39688917618003e-05
5.0825904490571656e-05
4.829816094465565e-05
4.135483666429464e-05
3.431854280987939e-05
3.4690736773649775e-05
3.4249737940482656e-05
3.105885056692982e-05
3.429441459680778e-05
9.128540800632777e-05
5.0408366841534555e-05
5.062099862518753e-05
4.650054844608469e-05
4.815520271698696e-05
4.1115062488635836e-05
3.985763629062223e-05
4.1814784035122487e-05
4.374909528200684e-05
0.00010547392199700549
5.9978883750088376e-05
5.630252597785337e-05
5.0614081381433575e-05
4.84998420256518e-05
4.566104138717771e-05
4.373943338293679e-05
3.836484677527185e-05
4.163854822423677e-05
8.61010294543247e-05
5.6286372405308715e-05
5.476942782065851e-05
4.8069365194716654e-05
4.5603170325642306e-05
4.7282039788688e-05
3.553830718934979e-05
3.778539206975389e-05
3.0834242080521756e-05
9.596711106880824e-05
4.943179655965751e-05
4.6027277201026834e-05
4.312498210541879e-05
3.614314381115069e-05
3.566726093591504e-05
3.9420731405847e-05
3.307718577633608e-05
3.413679701326309e-05
8.173853298500437e-05
4.7153733516825866e-05
3.952367332542976e-05
4.152538615636136e-05
3.9020529234795076e-05
3.666200788778459e-05
3.322268650093674e-05
3.2338934937444034e-05
2.9092231240417004e-05
8.312926581619293e-05
3.986605620854766e-05
4.0745985561261125e-05
3.2271076260871814e-05
3.7312364257657184e-05
3.664839550245706e-05
3.349610336806455e-05
3.427525088264008e-05
3.42599553488536e-05
0.00010211073933353837
5.60683513103996e-05
5.7286010116513835e-05
4.426241629342496e-05
3.906660617155631e-05
3.617294895965025e-05
4.0685817088466285e-05
3.8427749896837474e-05
3.4391204946770157e-05
7.862119683293566e-05
4.781592468436531e-05
4.467368436597664e-05
4.643427268448271e-05
4.1833209307028094e-05
3.882718509857991e-05
3.901331119038995e-05
3.782069250447994e-05
3.566213528173569e-05
8.622168344666352e-05
4.413994153518703e-05
3.937764436299698e-05
3.983409638320193e-05
3.9076109876197974e-05
3.46126775316049e-05
2.935924947145763e-05
3.2965591417951864e-05
2.9656229158132986e-05
6.842916162208973e-05
4.011096359785971e-05
3.589797263798222e-05
4.0356192549827046e-05
2.7925795872414692e-05
3.165238059282504e-05
2.70983351049389e-05
3.149960135443738e-05
3.08390751734757e-05
7.715105599458499e-05
4.265993491898685e-05
4.662273816847163e-05
4.480458315199791e-05
4.114534399405919e-05
3.988237094023934e-05
3.602420139394129e-05
3.147397720960883e-05
3.222060404124986e-05
7.534464026306598e-05
4.616371871712921e-05
3.935083649793354e-05
3.574943645356195e-05
3.802551381042067e-05
3.511348204902887e-05
3.564392564937652e-05
3.157091459211647e-05
3.432769077259018e-05
8.823028328889881e-05
4.430342857777893e-05
3.969504242066012e-05
3.8658061972013535e-05
3.2361110444948784e-05
3.507832338156432e-05
2.9863621473909852e-05
3.360094796384143e-05
3.225298411022331e-05
7.792411612597314e-05
4.6956774693907754e-05
3.931319961926378e-05
3.9306727111807124e-05
3.7729216294403236e-05
3.298894001140621e-05
2.9552362933210114e-05
3.276588417109724e-05
2.94278778498224e-05
8.695440402668439e-05
5.005635343851272e-05
4.4398094985714394e-05
4.721843488177873e-05
4.574296486206887e-05
3.900078090910293e-05
3.501989423092576e-05
3.627864797106403e-05
3.832733374448286e-05
6.898736946933875e-05
4.090980347592321e-05
3.805544734303911e-05
3.7860885925340216e-05
3.2768574281671414e-05
3.4112584914905215e-05
3.0700719373788654e-05
3.393998140457539e-05
3.446489605154098e-05
8.219958242102873e-05
4.381076151161214e-05
3.9046677235395325e-05
3.9784307184492785e-05
3.5598667070675994e-05
3.414585868702922e-05
3.4656415493861533e-05
3.18915892580963e-05
3.320403346590529e-05
7.204414337229634e-05
4.006652335101086e-05
3.42842388964728e-05
3.4717190883924945e-05
3.22180552263702e-05
3.044407302896589e-05
2.930274440921551e-05
2.4400528413070455e-05
2.8298038666964385e-05
6.140147810244727e-05
3.073169219336625e-05
2.8511589629691184e-05
2.9937830935888718e-05
2.610967187625396e-05
3.0463920543761054e-05
3.37930728232388e-05
3.461256997640908e-05
2.9625448918870768e-05
9.404732890354637e-05
4.404241188469771e-05
4.759108325425202e-05
4.241494857885068e-05
3.963082063683037e-05
3.708974047422136e-05
3.341593278073493e-05
3.0455817318590634e-05
3.323678082342409e-05
7.074636932028664e-05
4.41479037420748e-05
4.3813387282783577e-05
4.145168123156596e-05
3.938512848404161e-05
3.444055434814252e-05
3.0288108698658885e-05
3.0877194562095184e-05
3.3597962475585664e-05
8.360886693642707e-05
4.517486340021824e-05
4.027963323522916e-05
3.549797040927697e-05
4.012478717754609e-05
3.8355680771258784e-05
3.0257554470893463e-05
3.238265759622433e-05
3.362618660273362e-05
6.154897747736985e-05
3.668939708857581e-05
3.334216480123825e-05
3.053366922173102e-05
2.869119441347803e-05
3.119337253037705e-05
2.451942992207448e-05
3.0428190135224118e-05
2.543677359197854e-05
6.323621406598644e-05
4.251969250826467e-05
4.3067585952542515e-05
3.506623510063421e-05
3.665216149932617e-05
3.3815725520247566e-05
3.0727420932301506e-05
3.0219559803454527e-05
2.8150720378473467e-05
8.615649005977877e-05
4.3793428482970465e-05
4.488304015598335e-05
3.853499591250443e-05
3.623471522763403e-05
3.478067361716744e-05
3.145457126766063e-05
3.0520770208374414e-05
2.699096087503729e-05
7.03854631815359e-05
3.839632432034533e-05
3.7388066994806934e-05
3.3099728092476266e-05
3.2014436403503174e-05
2.99669199367496e-05
2.7471841259181832e-05
2.909226090756639e-05
2.6260046124542736e-05
6.73405873115442e-05
3.853000842634709e-05
3.468872567426243e-05
3.696034832125124e-05
3.221341966658861e-05
2.6539877698446113e-05
3.0447346512671524e-05
2.6519699567539258e-05
2.6269205381053492e-05
5.894892677565959e-05
3.2730204844479886e-05
3.350162017419489e-05
2.920075511801409e-05
3.164212869198868e-05
2.6421416584600786e-05
2.711756844022827e-05
2.3784017550624797e-05
2.610672302831442e-05
7.314589263410946e-05
4.330510961939838e-05
4.117268743632764e-05
3.764386546005671e-05
3.8366995513845246e-05
3.4789837608578954e-05
3.581888735629804e-05
3.1094093313524575e-05
2.8228723682902383e-05
5.074035738991353e-05
3.398621909690187e-05
3.206078064011527e-05
3.108535547470605e-05
3.12300090151743e-05
2.811307715332433e-05
3.169474273901958e-05
2.8065858492378413e-05
2.8299637438245286e-05
6.159428181699008e-05
3.4905094698830136e-05
2.996187738202395e-05
3.0060007318644558e-05
2.7683616794088297e-05
2.8327637608837465e-05
2.3863088469273657e-05
2.0790676026664402e-05
2.5213891468702085e-05
6.278480650719738e-05
3.520655230494192e-05
2.887725026792188e-05
2.8222913639267467e-05
2.8344667695109538e-05
2.5722945597171256e-05
2.5536859688769392e-05
2.1620801986425393e-05
2.0969140976407098e-05
6.816625529554559e-05
3.53509016511456e-05
3.208087012738335e-05
2.7915550667265126e-05
2.5576449011134162e-05
2.3170959987662487e-05
2.469087339294863e-05
2.320974832115321e-05
2.3734620871543495e-05
5.239553778707484e-05
2.9120610552877406e-05
2.6289882903611412e-05
2.6176103042214157e-05
2.423351507045436e-05
2.333238518039947e-05
2.223500924366851e-05
2.2074261326454514e-05
2.3421317117022354e-05
6.132470199089126e-05
3.430548705467011e-05
3.185316520121581e-05
2.8808675920807812e-05
2.8389147302874568e-05
2.758738069255618e-05
2.557369792083115e-05
2.5016973167557802e-05
2.866204888109164e-05
6.118714083456033e-05
3.2736587603040335e-05
3.210843026735013e-05
2.8502142263470622e-05
2.713905407928332e-05
2.7030710039793587e-05
2.685548540421306e-05
2.2149049128242487e-05
2.3307067935111057e-05
5.228103379106266e-05
3.1758873523271684e-05
3.07675902592056e-05
2.7732645402736105e-05
2.882856216889264e-05
2.4782441033923216e-05
2.332108873620268e-05
2.201108880571781e-05
2.2499286822618478e-05
5.040211759233463e-05
2.975396699272494e-05
2.6470840608837864e-05
2.217545240953503e-05
2.460533266170165e-05
2.519532127817227e-05
2.1882632343545478e-05
2.2037594971960533e-05
2.2226769315735814e-05
3.99971287661846e-05
2.508845259947648e-05
2.438607605753643e-05
2.2618722676692895e-05
2.0427465975574074e-05
2.1783160903991856e-05
2.2903061269777267e-05
2.168181184894868e-05
1.8051318444130495e-05
5.5314422897154286e-05
2.732514922338121e-05
2.6951311278340682e-05
2.5579719789616643e-05
2.4682729047691305e-05
2.1234299405915937e-05
2.1851397317788666e-05
2.1207379558678238e-05
2.165824754700369e-05
5.743917919244669e-05
2.9410897647946024e-05
2.708346011707879e-05
2.2409863961479142e-05
2.2582580638663633e-05
2.1524291254369752e-05
2.480726042720602e-05
2.4892999651984276e-05
2.1238310010069562e-05
4.669617816981837e-05
2.8669471246407212e-05
2.4506130491575647e-05
2.4864529577278485e-05
2.5603931765848623e-05
2.3319840876128742e-05
2.154491896930033e-05
1.869260077354586e-05
1.852072354608324e-05
4.5034378085929544e-05
2.635805872152275e-05
2.352831457691019e-05
1.893900553543957e-05
2.3105844446459166e-05
2.0762530671659646e-05
1.917275724514933e-05
1.8388716371540183e-05
1.865571551672366e-05
4.492709228848045e-05
2.4302753033527328e-05
2.489972375765745e-05
2.1876353882096724e-05
2.1547336628827802e-05
2.138664476413452e-05
2.0925381348905196e-05
2.1108413360348526e-05
2.0424789223737876e-05
4.093902541911306e-05
2.135550225011135e-05
2.243948608696451e-05
1.9794003939074063e-05
1.9653801264819963e-05
1.8562953000180076e-05
1.560865534104551e-05
1.544331257691679e-05
1.553886309674736e-05
4.416634924093164e-05
2.5669367238893013e-05
2.2460346468856682e-05
2.358828924335402e-05
2.403801381455258e-05
2.063416420908565e-05
1.8902471897324e-05
1.821431978536594e-05
1.7137126070013328e-05
4.192618581248834e-05
2.3911303154551347e-05
2.603373401007698e-05
2.1149566798397818e-05
2.0774642095910365e-05
2.1988244977089138e-05
2.011334980198744e-05
1.7561404660215438e-05
1.71770555688313e-05
4.1322957192263936e-05
2.700001433058697e-05
2.2187100494681417e-05
1.8350918493675962e-05
1.737912805962367e-05
1.877152132425261e-05
1.9846235565680555e-05
1.8002139038443283e-05
1.7832117952672946e-05
4.2839643421819765e-05
2.2474413697266394e-05
2.2398656981951468e-05
1.7297273995124187e-05
1.8841583107816733e-05
1.7685990616245457e-05
1.5379879171628358e-05
1.6893215335270915e-05
1.6405934966960095e-05
4.859402304603589e-05
2.3605497817880965e-05
2.1052947677252587e-05
2.090120880154879e-05
2.1511226833704792e-05
1.8114941969529423e-05
1.9551520428647103e-05
1.783783505013751e-05
1.8245708928599116e-05
3.9737939843176784e-05
2.2859826459830062e-05
2.1478470208381017e-05
2.0750322050748638e-05
1.5861937721605497e-05
1.65185906652469e-05
1.5824920539164697e-05
1.611684047130549e-05
1.6701298882462303e-05
4.3468252561994665e-05
2.2640598909566292e-05
2.2418205145268734e-05
2.055299840482083e-05
2.1047126853446886e-05
2.034464867826188e-05
1.5949646113800018e-05
1.6266655219607913e-05
1.7719693031127526e-05
4.479177219851027e-05
2.5202772215328476e-05
2.3696360772786413e-05
2.0949759607599347e-05
1.935353050793834e-05
1.7999634561961057e-05
1.6889928531505808e-05
1.637696745325674e-05
1.6100630005978716e-05
3.277694348554975e-05
1.91649482190984e-05
2.0934114375962524e-05
1.617539724766343e-05
1.7651507425659526e-05
1.6899999707972836e-05
1.563095536251413e-05
1.4989708996954501e-05
1.3676519954474788e-05
3.7391512102601815e-05
2.3378365649365494e-05
2.024122535631508e-05
1.97982631857929e-05
1.8861700217170648e-05
1.9794421069008037e-05
1.6546505339779523e-05
1.5175617290068426e-05
1.6079434377009398e-05
3.6467868501304574e-05
1.9227106618214356e-05
1.7614517491858658e-05
1.8579826666606773e-05
1.558160453388894e-05
1.4772683544863168e-05
1.6864203066700807e-05
1.4049509905504163e-05
1.5158330946494157e-05
3.8102615797125344e-05
2.011819593149809e-05
1.811805364814402e-05
1.8948049378705466e-05
1.6882687281128895e-05
1.6050682188812835e-05
1.706899904618276e-05
1.4415291577366101e-05
1.4133325829477624e-05
3.4791217096900176e-05
1.9085169240472945e-05
1.682461742847708e-05
1.6949482727775416e-05
1.4067554197762252e-05
1.3741357432561396e-05
1.4384687233609907e-05
1.1265191195428364e-05
1.2836526890470366e-05
3.8756089884948585e-05
2.068119677261777e-05
1.7354934203858074e-05
1.4923018274424287e-05
1.4148948856649769e-05
1.4374901486420542e-05
1.4305768176419845e-05
1.4810817445368418e-05
1.2264013404642339e-05
3.3389203524523937e-05
1.787025288278458e-05
1.722576380597487e-05
1.6514970346757557e-05
1.4649268829898285e-05
1.540727532778622e-05
1.3528740289911801e-05
1.2431713532761559e-05
1.3020919089635696e-05
3.2497422253814444e-05
1.7294343253685425e-05
1.498766597777791e-05
1.4902564591882566e-05
1.4430454508898499e-05
1.2451163652603037e-05
1.3111065240638386e-05
1.208426998072842e-05
1.311002052722078e-05
3.856661840693062e-05
2.082814928431717e-05
1.9788558730428536e-05
1.7524369339685524e-05
1.7642129397132696e-05
1.6191978155638164e-05
1.4528635343826897e-05
1.3922248380992348e-05
1.63762925323483e-05
3.3323273161396835e-05
2.012534235847447e-05
1.7558966183765366e-05
1.5803075268691996e-05
1.6334890601844815e-05
1.56802242208875e-05
1.3747587571775195e-05
1.2035486872962559e-05
1.200031044297345e-05
2.8917067742190273e-05
1.544509404110014e-05
1.6472336418773526e-05
1.5905463348901234e-05
1.328257641349679e-05
1.3734656620616203e-05
1.3003470820658548e-05
1.1567281428178228e-05
1.1733202603294721e-05
2.0737275284191375e-05
1.3061796207932741e-05
1.1561648971153524e-05
1.1009702030473914e-05
1.1295222231130841e-05
1.0815874118192953e-05
1.0581470467831989e-05
1.0079569229666718e-05
9.631537647557874e-06
3.599573283331297e-05
1.8880284007606274e-05
1.7417669649637743e-05
1.69477831879253e-05
1.4466884316920962e-05
1.3317237112434457e-05
1.3781346137075385e-05
1.1748255933622673e-05
1.03244522390801e-05
2.7840139958005967e-05
1.2981973882720322e-05
1.3251436693047031e-05
1.2301559661924947e-05
1.1870515361769563e-05
1.0402756773011839e-05
1.1927940618108548e-05
1.0096709788771782e-05
9.248328175318879e-06
2.8659743550480753e-05
1.5110464645584865e-05
1.2333056597178838e-05
1.1304052005855653e-05
1.047991257703949e-05
1.2425664892920104e-05
1.0975867098946253e-05
1.0660247076907022e-05
9.403905010561915e-06
2.0457945285872057e-05
1.066416584542914e-05
1.1011919630426872e-05
1.0135778284491853e-05
9.693411882170757e-06
1.0879846737346119e-05
8.038526985328366e-06
7.163049514814299e-06
8.56248799105138e-06
2.4970668497744614e-05
1.3195399130826244e-05
1.3269519857634338e-05
1.2878384547314428e-05
1.1534599322099342e-05
1.0690950312144624e-05
1.1706904800901846e-05
1.0505711438828498e-05
9.284698402562548e-06
2.0902410160266893e-05
1.2614585797475465e-05
1.1656332353472117e-05
1.1721343544606942e-05
1.076385197319891e-05
9.996012780961072e-06
9.44304060387529e-06
9.752757665481023e-06
9.927883026608473e-06
1.9352869231040218e-05
1.0338665909162317e-05
9.949003540179894e-06
8.508369244343469e-06
8.710225535293503e-06
8.721847009753673e-06
8.37765035835701e-06
8.242605440896107e-06
7.1809306473609835e-06
1.983094118712331e-05
1.0320433780505535e-05
9.15654738236317e-06
9.138844608042245e-06
8.276552145300603e-06
8.252280317272087e-06
7.398396846501052e-06
7.799534976333757e-06
7.235128827429166e-06
1.903529536789758e-05
1.0064572105994535e-05
1.0357538229608309e-05
8.5979749526532e-06
8.497766327623103e-06
8.064704993391496e-06
6.984182800126616e-06
7.158843236397425e-06
6.919288733471201e-06
1.1637611258391624e-05
8.600731805628097e-06
7.250015912981845e-06
8.278234099466277e-06
9.231201873764862e-06
7.389296260483943e-06
7.505984049819477e-06
7.313297020560866e-06
7.0813429536466035e-06
1.937576881767567e-05
1.1603223030649205e-05
1.0008347593502529e-05
9.485103978940023e-06
9.959368147485183e-06
8.735779163739266e-06
8.27141586606247e-06
8.100896539407152e-06
7.092240166014141e-06
1.483299419695055e-05
8.868753648017778e-06
8.787028507650634e-06
7.966187950389191e-06
7.368195287938706e-06
7.56955166509908e-06
7.123025354694492e-06
6.229996086158474e-06
5.509316266296985e-06
1.4032994995120105e-05
7.695391451779467e-06
6.49514899994594e-06
7.887797125093247e-06
6.943415646700328e-06
6.6691390092622e-06
5.867908386919146e-06
5.998538022510006e-06
6.399111524605471e-06
1.2016852690477933e-05
7.473304058945492e-06
5.900532897654132e-06
6.5872871115243294e-06
5.868419541997217e-06
6.526855095316571e-06
4.777534984051603e-06
5.949106596434072e-06
5.694718643682603e-06
1.584411355446619e-05
7.981548747541278e-06
7.078120593404395e-06
6.8763460978462515e-06
6.0307789678327625e-06
5.359591035052364e-06
5.751749525095045e-06
4.742916626566538e-06
5.115862892200388e-06
1.3743652251221518e-05
6.8520314559637796e-06
5.492293079796605e-06
5.426078287711614e-06
5.086493898292974e-06
4.2610790800997255e-06
4.944477375684554e-06
4.288683269394526e-06
4.0570843411294e-06
1.0380543287254984e-05
5.260321458678749e-06
4.942938426152818e-06
4.603081930287982e-06
4.449843266851035e-06
4.381793258085493e-06
3.8138805760914244e-06
3.7765128445828774e-06
4.1307241640163444e-06
7.870492593409484e-06
5.208319854999346e-06
4.078738180136988e-06
3.7337662040721307e-06
3.0217327384685894e-06
3.1834199242639733e-06
3.2407898552990536e-06
3.603354387876838e-06
3.006825609850323e-06
8.035338351108055e-06
4.269602367487444e-06
4.158302581975601e-06
3.447742832783964e-06
3.345720502624125e-06
2.9287216947458584e-06
2.6278713538528695e-06
2.5032136824512114e-06
2.430380698554692e-06
9.088559297180311e-06
4.755127806499535e-06
3.899437925807607e-06
3.6968029959410823e-06
3.206924096081251e-06
3.0065087787463595e-06
3.0044915218603752e-06
2.6374892590461915e-06
2.910817558426693e-06
8.716619500860198e-06
4.786909050107922e-06
3.9469848662260464e-06
4.052592938925686e-06
3.507602387648036e-06
2.9612237039941742e-06
2.829136494685146e-06
3.0486471752924924e-06
2.373789690421749e-06
8.193518288652846e-06
4.420938325079499e-06
3.915884786344188e-06
3.950783779909087e-06
3.344921383296507e-06
3.0557280897048593e-06
3.0039688286776284e-06
2.8036850939374994e-06
2.313967450342222e-06
5.4448038584091145e-06
2.91666447023745e-06
2.627865361041751e-06
2.327300619651874e-06
2.2560221274690542e-06
2.2515508306194537e-06
2.1243338650504146e-06
1.9874057968724394e-06
1.5953417432022034e-06
3.843982685786819e-06
2.1223830438794563e-06
1.9593410145466115e-06
1.8027938690565687e-06
1.7688272798570695e-06
1.5586940318807737e-06
1.660200087577016e-06
1.52346922837918e-06
1.4287590769156284e-06
3.329453400847852e-06
2.0407739149365423e-06
1.806580248048991e-06
1.4474519826511807e-06
1.3208612997760664e-06
1.4380093983508976e-06
1.1625903308230301e-06
1.1514897506003013e-06
1.284312875923764e-06
