-1.3730453252792358
-1.3730451615994976
-1.3730449979197983
-1.3730446705605173
-1.3730441795218875
-1.3730415606551298
-1.3730333767608995
-1.3730191370174973
-1.3729998238145085
-1.3729684001030866
-1.3729307590089677
-1.3728813377499074
-1.3728270111998386
-1.3727661443898285
-1.372701193021664
-1.372634939142779
-1.3725662381714143
-1.3724991795705073
-1.3724267309344216
-1.3723555980680635
-1.3722903585428392
-1.3722249617358317
-1.3721589172872568
-1.3720989269743595
-1.3720093599217245
-1.371937126401842
-1.371879116299351
-1.3718160460926916
-1.3717598433341445
-1.3716683603212516
-1.371615109757775
-1.3715571268834006
-1.3715033950187652
-1.371450810461708
-1.3713970869266519
-1.3713510415322256
-1.3712682655674244
-1.3712147195762954
-1.3711582396177782
-1.3710927874518752
-1.371035664733224
-1.3709881748965476
-1.3709232284877404
-1.3708853731183408
-1.370847682995686
-1.3707897649853125
-1.370763825829478
-1.370719291078032
-1.3706980850706054
-1.3706263157600367
-1.370597283946827
-1.3705322114852587
-1.3704896486313893
-1.370447414542906
-1.3704115420721428
-1.3703720845233036
-1.3703437156237381
-1.3703114352012242
-1.3702654626794006
-1.3701842846953005
-1.3700356463324292
-1.3699574285674865
-1.3698836187431238
-1.3698293662620584
-1.3697547557547127
-1.3697181050982967
-1.369695626999391
-1.3696747784077326
-1.3696570250292532
-1.3696303143911595
-1.3695539342303853
-1.3695008477086306
-1.3695218538463456
-1.3695166429613865
-1.3694944971426894
-1.3694109682576274
-1.3694010366508726
-1.3692955425734523
-1.3692301053425935
-1.3690471747295232
-1.3689868053362482
-1.368847048656008
-1.3687265131382633
-1.3685946153275805
-1.368478676843538
-1.3683590190104071
-1.3682540104915868
-1.36815226838543
-1.3680611034104313
-1.3678617528365944
-1.367678050824031
-1.3674603036091388
-1.367369230824023
-1.3672634003325224
-1.3671129609475783
-1.3670470831407118
-1.3669534696923515
-1.366865059751117
-1.3667644972082515
-1.3667163297479876
-1.3665147768391719
-1.3664509020011766
-1.3662766545759595
-1.366131131254608
-1.366000057164049
-1.3657159606418448
-1.3655710424372598
-1.3653606014920656
-1.3653063829893164
-1.3651673767123353
-1.3650824333772127
-1.3649340910389078
-1.3648616301686494
-1.3647408252448299
-1.3647130124143574
-1.3642424683183272
-1.3640884926008052
-1.3635649444750995
-1.3633307537466932
-1.362989376484084
-1.3627992409080465
-1.362566280245334
-1.3622879604354845
-1.362073858899375
-1.3613751545709143
-1.3610987686942317
-1.3605056742175246
-1.3602281954903201
-1.3598715116507647
-1.3596178837325785
-1.3593632273658571
-1.3591413834310606
-1.3589430203665558
-1.3587280454490924
-1.3585557619441015
-1.3583751916306286
-1.3578248045419823
-1.3576495494024743
-1.3571491610033062
-1.3568676148219077
-1.3566139875675647
-1.3564427189624941
-1.3562660636482853
-1.3560937652322933
-1.3558854368445166
-1.3556360059206696
-1.3555091712720448
-1.3552641843715023
-1.355182063403278
-1.354951061868231
-1.3548794976638268
-1.3547631621972263
-1.3546753660542057
-1.3546044682190796
-1.3545899709240279
-1.3543752561220896
-1.3544381662423495
-1.3542107618351802
-1.3540884918797753
-1.3540666830233958
-1.3540346873595173
-1.3538845985348864
-1.3537339065479086
-1.3536834712116261
-1.3536325623807794
-1.3534822445879227
-1.3535321877487652
-1.353325917691546
-1.353364558721857
-1.3531586576942771
-1.3531740782260473
-1.3529548853288897
-1.3529874657111363
-1.3528657343534576
-1.3528407868975536
-1.3528573124979515
-1.3527595948605668
-1.352754510751977
-1.3527429127722839
-1.3528002691050869
-1.3526196369515844
-1.3526768239712796
-1.3526655450373772
-1.3526706284772614
-1.3526131242921584
-1.352732109353667
-1.3527602303768271
-1.3527945491416558
-1.3528132980912524
-1.352827121802185
-1.3528531810600022
-1.352831253080973
-1.3528732028790815
-1.3528202893580235
-1.3528873456322457
-1.3528223549733982
-1.3528496852476
-1.352863191895463
-1.352859219323978
-1.35293311297251
-1.3529183335970352
-1.3529602887959429
-1.3529672815820801
-1.3529877835762532
-1.3530818782163472
-1.3530683672015336
-1.3531222539155934
-1.3531775757151385
-1.3532332200189343
-1.3533300520173572
-1.353380461021308
-1.3534351677854877
-1.3534649084925727
-1.3534943324034232
-1.3535848388293579
-1.353631289709069
-1.3536656526852564
-1.3536965172158835
-1.353733429224272
-1.353768274734375
-1.3537967571000953
-1.3538183981344998
-1.353830969347168
-1.3538460869374085
-1.3538817339604776
-1.3538973301233648
-1.3539092662050327
-1.353932184071805
-1.3539516012049508
-1.3539625832727251
-1.353974520504982
-1.3539896413013464
-1.3540068316695388
-1.3540262509438443
-1.354035483253215
-1.3540434422416536
-1.3540494911354433
-1.3540588829460563
-1.3540722545622297
-1.354059201314801
-1.3540692300068875
-1.3540872183506012
-1.3541095054570267
-1.3541290868773996
-1.3541663408992497
-1.3541900635454525
-1.3542086919777352
-1.3542223849983623
-1.3542421289109416
-1.3542642618844434
-1.3542781152647516
-1.3542941982801617
-1.3543118741139397
-1.3543279579311858
-1.3543564638527308
-1.3543744598289091
-1.3543849709742874
-1.354396597128142
-1.3544114088187487
-1.3544321138754414
-1.3544464485162984
-1.3544606241817545
-1.3544771893802687
-1.3544972592982238
-1.3544862685551957
-1.3544982150234384
-1.3545111174458382
-1.354527683879459
-1.354542498437352
-1.3545713320006294
-1.3545851916640002
-1.3545953874594943
-1.3546027157823113
-1.3546106814405243
-1.3546151422500439
-1.3546304366771602
-1.354646846706984
-1.3546718608183141
-1.3546976725258022
-1.3547408535688874
-1.3547692175231238
-1.3547982200976525
-1.3548213274331602
-1.354835192212821
-1.3548664288481975
-1.3548845977578294
-1.3549081861920502
-1.3549298627746873
-1.354945323702246
-1.3549499461099275
-1.354961103775654
-1.3549722616251427
-1.354981985043828
-1.3549972877558678
-1.3550251842140495
-1.355050531134857
-1.355073806501071
-1.3550940535315574
-1.3551096776379603
-1.355108880480952
-1.355114460599703
-1.355123548320034
-1.3551396514220693
-1.3551540010433725
-1.3551721776666257
-1.3551921087350343
-1.3552035892965415
-1.355212359300962
-1.3552233618306693
-1.355247280989856
-1.3552584435530923
-1.3552721578110882
-1.3552836397289185
-1.3553024577371786
-1.3552954407916433
-1.3553038930304437
-1.3553193624952506
-1.3553302072790725
-1.3553429660704719
-1.3553480696542926
-1.355351578390465
-1.3553544491881182
-1.355354130210001
-1.3553600313294816
-1.3553512594136985
-1.3553555656127132
-1.3553654540251203
-1.3553769375238292
-1.3553881022230225
-1.355391770664333
-1.3554027761074108
-1.3554179288214707
-1.355438186136846
-1.355446640156196
-1.3554731194652643
-1.3554836476707697
-1.3554854023875877
-1.3554928998651674
-1.3555003974256892
-1.3555055021952056
-1.3555128403687464
-1.355528314603806
-1.3555463417355365
-1.355560540433473
-1.3555718676979327
-1.3555851096696292
-1.3555948418860544
-1.3556093606981603
-1.3556261135601224
-1.3556436646215386
-1.355662333067449
-1.3556770128902988
-1.3556910547574732
-1.355701426777964
-1.3557102032269557
-1.3557280756198475
-1.3557360545188164
-1.355748980534459
-1.3557545659261214
-1.3557492996984564
-1.3557655772616266
-1.3557788230181342
-1.35578361070465
-1.3557898347476718
-1.3558236690068226
-1.3558351602714416
-1.355847449756098
-1.3558567069176248
-1.3558650065492228
-1.3558889483635248
-1.3559010792055022
-1.3559127314028367
-1.3559286936420758
-1.3559371537812517
-1.3559366749026303
-1.3559481680828969
-1.3559540743763228
-1.3559663660167927
-1.355980413878777
-1.3559903114108638
-1.3560008476521797
-1.3560198452283168
-1.3560254328520147
-1.3560370871867706
-1.35605608577836
-1.3560576823229091
-1.3560594385262554
-1.356065186132647
-1.3560806729812622
-1.3560915299520266
-1.356106538403756
-1.3561309677643438
-1.3561530028445452
-1.3561657771319664
-1.3561871746025462
-1.3561965960910063
-1.3562096905804977
-1.3562210286963905
-1.3562349221391272
-1.3562492949656484
-1.356276284763007
-1.3562986439885611
-1.356326594057237
-1.356341447991072
-1.3563329828061101
-1.3563337814039507
-1.3563446424279524
-1.3563551841764159
-1.356368122000765
-1.3563599759344334
-1.3563745111408656
-1.3563861714767127
-1.356394637325616
-1.356403422752251
-1.356423230313476
-1.3564377668756562
-1.3564444761632883
-1.3564486295650837
-1.3564626874214325
-1.3564713139775468
-1.3564864905925786
-1.3565040639395194
-1.3565109336443817
-1.3565296259842636
-1.3565120519750147
-1.3565117324517886
-1.3565240342046556
-1.3565355373442622
-1.3565491176907403
-1.3565713261373507
-1.3565927364073822
-1.3566069570348593
-1.3566205388113544
-1.3566330023278896
-1.3566395537553309
-1.3566488217363661
-1.3566526568000425
-1.356666559087629
-1.356680301858843
-1.356698359644288
-1.3567097059323794
-1.3567248878823144
-1.3567359149852856
-1.3567531751584931
-1.3567654812908965
-1.3567768287017186
-1.3567897745712123
-1.3568036796691822
-1.3568185440546048
-1.356825736616088
-1.3568453966732255
-1.3568692132779276
-1.3568922314622072
-1.3569173285669367
-1.3569173285669367
-1.3569393892091057
-1.3569558552283725
-1.3569713624274338
-1.3569793559674481
-1.3569939044519488
-1.3569987007240039
-1.357004776050612
-1.3570196448425855
-1.3570330749992723
-1.357034354075678
-1.3570428280177695
-1.3570481042993252
-1.3570583372047442
-1.3570706488736064
-1.3570837602471089
-1.357095112982478
-1.3571066258095053
-1.3571214968335232
-1.3571379672727473
-1.3571531588089698
-1.3571734680254812
-1.3571897798048662
-1.3571990553052709
-1.3572057721260882
-1.3572024137073695
-1.3572001747707902
-1.3572016140863143
-1.3572100901174358
-1.3572169669751941
-1.3572308808307738
-1.3572484734703532
-1.3572644671748364
-1.3572763027588282
-1.3572914973922254
-1.3572854194980424
-1.357285259554193
-1.3572916573375446
-1.35729261701025
-1.3573025337076638
-1.3572930968471104
-1.3573089316538656
-1.3573250867364555
-1.3573364435098514
-1.3573486002666157
-1.3573685954059698
-1.3573735542916943
-1.3573796329752368
-1.3573885911344308
-1.3573949898919617
-1.3574021885662952
-1.3574153063469694
-1.3574210654527208
-1.357430664070902
-1.357446822051427
-1.3574580208774802
-1.3574749794515526
-1.3574896985574332
-1.3575077778960305
-1.3575240977125518
-1.3575463380942387
-1.3575543384097506
-1.3575604187126047
-1.3575740195872166
-1.357597701760443
-1.3575735395517083
-1.3575956215364509
-1.357624425204847
-1.3576431482447375
-1.3576668328298729
-1.3576949993581626
-1.3577060422364566
-1.3577135642998892
-1.3577217266332233
-1.3577234871493589
-1.3577153247948563
-1.3577047618935352
-1.3577026813414381
-1.3577087629731837
-1.3577122839427809
-1.3577234871493589
-1.3577148446594125
-1.3577116437651318
-1.3577151647496706
-1.3577130841656901
-1.357720606307151
-1.3577177254771693
-1.3577161250213512
-1.357710363411645
-1.3577065223656748
-1.3577049219362685
-1.3577076426685049
-1.3577191658906322
-1.3577225268672641
-1.3577316496020024
-1.3577670213642554
-1.3577732636312645
-1.3577830272921965
-1.35778926970638
-1.3578031952987077
-1.3578417722817264
-1.3578603412376042
-1.3578798712046838
-1.357888195623705
-1.3578979609376505
-1.357901002621501
-1.3579104479371573
-1.3579210140391955
-1.3579319004981267
-1.3579447083203497
-1.3579221346960255
-1.3579365433057669
-1.3579568759752478
-1.3579695241634495
-1.3579924195843873
-1.358009551628099
-1.3580170770549669
-1.358033569239563
-1.358048300461583
-1.3580772834726027
-1.3580998622555425
-1.358119559253792
-1.3581466235409396
-1.3581692046295915
-1.3581943489948272
-1.3582412769563914
-1.3582670646912611
-1.3582906108696136
-1.358307750437991
-1.3583247302499972
-1.3583135171189922
-1.3583244098722569
-1.3583325795518564
-1.3583445939650876
-1.358356288198076
-1.358377114043073
-1.3583897700608267
-1.3584075529652608
-1.3584214912428647
-1.3584325459422837
-1.3584490482196536
-1.3584455234277073
-1.3584410373553213
-1.3584458438625828
-1.3584508106224857
-1.3584448825584092
-1.358443600821628
-1.358451451497377
-1.3584573796187855
-1.35845994314677
-1.3584734018274265
-1.3584657111201113
-1.3584657111201113
-1.358471799589555
-1.358472921155668
-1.3584674735661795
-1.3584743631719631
-1.3584831755602893
-1.358481893751245
-1.3584862198664622
-1.3584934301197207
-1.3584927892052205
-1.3584959937837688
-1.3585073701597172
-1.3585120169032907
-1.358530924670488
-1.3585403787514567
-1.3585512751435935
-1.358565056125146
-1.3585722672152885
-1.3585706647441966
-1.3585825231197928
-1.3585951829654521
-1.3586054392159443
-1.3586187405214376
-1.3586344460126318
-1.358637010208941
-1.358652555856274
-1.3586685826692515
-1.3586876550693958
-1.3586998360421167
-1.3587173065026728
-1.358736380270779
-1.358751447323329
-1.3587689191111778
-1.3587854295621506
-1.358815405872454
-1.3588381695156644
-1.3588521166316099
-1.3588628577091517
-1.3588771259702757
-1.3588811339626992
-1.35888738647809
-1.3589035791572017
-1.3589167259726016
-1.3589168863011885
-1.3589332400158052
-1.358950716479235
-1.3589653072654766
-1.3589758897899882
-1.3589911225009914
-1.359010203957622
-1.3590251167295249
-1.3590315309256236
-1.3590408316175127
-1.3590170990695436
-1.3590312102143807
-1.3590361812556555
-1.3590459630882201
-1.359050773877202
-1.3590640839041852
-1.3590693759150583
-1.3590703381032812
-1.3590788374917537
-1.3590894217845086
-1.3590939121403316
-1.3591105908645995
-1.35911476060963
-1.3591218171595052
-1.3591224586676731
-1.359122298290574
-1.3591250247063995
-1.359133364399179
-1.3591433080127933
-1.3591571010080445
-1.359157902934985
-1.3591628749031337
-1.3591763475157848
-1.3591878956820713
-1.3592002460215034
-1.3591875748970248
-1.3591912639342034
-1.3591949529914071
-1.359196396540982
-1.359206341076925
-1.3592206165522513
-1.3592337695028007
-1.359246441488603
-1.359259274120076
-1.3592711445199177
-1.3592729090565137
-1.3592998589119996
-1.3593184677692418
-1.3593308204817
-1.3593324247465433
-1.3593465424404447
-1.3593534409657104
-1.3593542431243548
-1.359366917356592
-1.3593800731387644
-1.359411840589411
-1.3594182584364811
-1.359430773412566
-1.359442004997552
-1.359446176776386
-1.3594521135827193
-1.3594554831445154
-1.3594667151378095
-1.3594819588541485
-1.3594996099001555
-1.3595180637565178
-1.3595268896910062
-1.35952913631081
-1.3595313829380389
-1.359536518113872
-1.3595166195236026
-1.3595060285759815
-1.3594996099001555
-1.359502979697407
-1.3595098798105696
-1.3595058681083467
-1.3595132496587328
-1.3595304200968885
-1.3595442209503596
-1.359555775368751
-1.3595519238741323
-1.3595512819604834
-1.359554170576674
-1.3595662066095946
-1.35957262591429
-1.3595756751052563
-1.3595899583397613
-1.3596021554966737
-1.3596011925552764
-1.3596095380927002
-1.359626068978901
-1.3596401927729274
-1.359652069826849
-1.3596591319572824
-1.359664749613424
-1.3596897888739294
-1.3596936411497091
-1.3596952462710592
-1.3596920360321476
-1.359689628362912
-1.3596787137026547
-1.3596851340698193
-1.3596889863192223
-1.3596938016616733
-1.3597027903921697
-1.359687381212652
-1.3597015062805369
-1.3597090504711138
-1.3597190025101453
-1.359728794174597
-1.359736980756397
-1.3597470937288387
-1.35976218320549
-1.3597758282333599
-1.359789794604305
-1.3598098617314684
-1.3598251131442345
-1.3598337825208373
-1.3598435758384808
-1.359848873921578
-1.3598504794094544
-1.3598479106306716
-1.3598448602184712
-1.3598519243517853
-1.3598593096605425
-1.3598862827740172
-1.3598925445426795
-1.359905871062814
-1.359912293575425
-1.359923533118469
-1.3599232119860896
-1.359928992392126
-1.3599315614772494
-1.359944888762106
-1.3599564499918768
-1.3599532385194448
-1.3599582163081791
-1.3599641575875963
-1.3599729893150994
-1.3599808576780406
-1.360002536291821
-1.3600193979136967
-1.360036902325383
-1.3600524800247875
-1.3600706276916237
-1.360079782008215
-1.3600948788696723
-1.360111582170754
-1.360127643424082
-1.3601422594942696
-1.360161052046098
-1.3601750263315362
-1.3601851458209335
-1.3602041001903447
-1.3602028151316574
-1.3601816120138752
-1.3601788813573614
-1.3601830576599985
-1.3601917316012668
-1.3601943016791844
-1.3602018513392355
-1.3602087585484401
-1.3602005662847976
-1.360202011971211
-1.3602018513392355
-1.3601999237584896
-1.3601933378988262
-1.3601917316012668
-1.3601946229396071
-1.360197193028451
-1.360230123151197
-1.3602434562885135
-1.3602542193731555
-1.3602656252159007
-1.3602723724241876
-1.3602636974543996
-1.3602643400409595
-1.3602670710406135
-1.3602726937214895
-1.3602794409998997
-1.360290204654017
-1.3602988799619047
-1.3603045029057501
-1.3603072340666762
-1.3603170342049857
-1.3603184801389856
-1.3603229786199746
-1.360331172358226
-1.3603395268596434
-1.3603488454630563
-1.3603723032023485
-1.360379212142801
-1.3603909414349662
-1.3603976898865036
-1.3604100622215503
-1.3604306297180668
-1.3604452523008577
-1.3604585896559716
-1.360471123794315
-1.3604772302530728
-1.3604786765276502
-1.3604876756385542
-1.3604973176752075
-1.360503585072321
-1.36050920970864
-1.3605090490040992
-1.3605130666289937
-1.3605247982294892
-1.36053428008184
-1.3605452084823908
-1.3605612799786047
-1.3605657800655855
-1.3605799233898959
-1.3605926204883325
-1.3606064429155358
-1.3606164080954153
-1.3606178546659178
-1.3606284629435874
-1.3606395535925662
-1.360649358519774
-1.3606670398932257
-1.360669129540451
-1.3606723443948694
-1.3606771667049815
-1.3606837572507475
-1.3607086733055613
-1.360721694316588
-1.3607332687578213
-1.3607424319967791
-1.36075272069286
-1.3607631703090723
-1.3607620449580773
-1.360767510966063
-1.3607797292603454
-1.3607908223754512
-1.3608062565756016
-1.3608175109005984
-1.36082571059746
-1.3608368044622645
-1.3608461298798515
-1.3608462906640348
-1.3608559377845226
-1.360866228197137
-1.3608787698479274
-1.3608901861669354
-1.3609061050160014
-1.3609110897826795
-1.3609176825946945
-1.3609254010899277
-1.3609355317477883
-1.3609400343108058
-1.360944376096217
-1.3609532205596009
-1.3609641556914374
-1.3609667286891722
-1.3609776640380835
-1.3609968013215374
-1.3610119185477674
-1.3610244628840589
-1.3610411890254925
-1.3610381332574233
-1.361044083976321
-1.3610474614345198
-1.361051643072656
-1.3610601672607403
-1.3610739991893543
-1.3610847754215953
-1.3610979644753678
-1.3611119580191993
-1.3611248258996549
-1.361130616525239
-1.3611410719462234
-1.3611518492405847
-1.3611648787347883
-1.3611772650284555
-1.3611893298169286
-1.361200429611218
-1.3612126556811013
-1.3612237558558162
-1.3612335692045219
-1.361226651583341
-1.3612396825096675
-1.3612503004859542
-1.3612589880443056
-1.3612660668775434
-1.361264136279359
-1.361272663129325
-1.361283281620132
-1.3612959918496728
-1.3613040364213995
-1.3613239873695697
-1.3613354111596292
-1.3613460306293843
-1.361358581125428
-1.3613733845720526
-1.3613872228676447
-1.3613888319900411
-1.3613936593800557
-1.3614049234232268
-1.3614150612214504
-1.3614173140860044
-1.3614326015781497
-1.3614459582996756
-1.361452556294967
-1.3614651087552547
-1.3614818457290345
-1.3614918237361129
-1.3614993878066792
-1.361510975482034
-1.361520792972444
-1.3615597424442074
-1.3615748721787926
-1.36158823169205
-1.3616014305047626
-1.3616093177223052
-1.3616244485586841
-1.361633945744783
-1.3616450527915112
-1.3616529405144375
-1.3616566429465087
-1.3616786969807888
-1.3616804677736474
-1.361684653302351
-1.3616965661018041
-1.3617071912069052
-1.361703005539647
-1.3617055813318373
-1.3617100889916183
-1.3617121818438045
-1.3617174944974761
-1.3617205533168792
-1.3617239341332608
-1.3617247390920164
-1.3617258660358729
-1.3617276369514164
-1.361707030219227
-1.3617033275131385
-1.3617012346881692
-1.361700268771122
-1.3617012346881692
-1.3617009127156676
-1.3616939903437204
-1.361689965741222
-1.36169173656339
-1.361691253611433
-1.361691253611433
-1.3616981759555549
-1.3617075131823755
-1.3617221632273482
-1.3617352036424426
-1.3617438973912621
-1.3617508202706397
-1.3617614462224343
-1.3617709453197244
-1.3617801225395783
-1.3617947741469492
-1.3618073329184914
-1.361819408878807
-1.3618313240362256
-1.3618409851277382
-1.3618662656324878
-1.3618709353825589
-1.3618820462959584
-1.3618902588267348
-1.3618944456452489
-1.3618941235813724
-1.3619036245297664
-1.3619116762847214
-1.361922304747042
-1.3619326112931744
-1.3619329333752555
-1.3619442063440352
-1.3619498428984078
-1.3619527417159656
-1.3619566068252384
-1.3619446894754395
-1.361944367387799
-1.361946138871707
-1.361946138871707
-1.3619475882710594
-1.3619661086454562
-1.361971906431396
-1.3619793147852641
-1.3619846295235563
-1.3619926822363662
-1.3620010571587022
-1.3620132976150805
-1.3620244108515536
-1.362038423451687
-1.362049698166864
-1.362049698166864
-1.3620509867176265
-1.362053885965757
-1.36205904021513
-1.3620649998645968
-1.3620677380994053
-1.3620786911487353
-1.362090610843756
-1.3620967318492967
-1.3621057523787898
-1.3621189612268265
-1.3621278209635632
-1.3621355531916277
-1.362141352420286
-1.362151984467742
-1.3621680939468115
-1.3621766321252105
-1.362186137015742
-1.3621906478576606
-1.362197253072943
-1.3622083693115703
-1.3622231912452987
-1.3622335023459564
-1.362244458061442
-1.3622529971971833
-1.3622550917185257
-1.3622602474908108
-1.3622708813944013
-1.3622802264770346
-1.3622860269376396
-1.362281837711137
-1.3622795819844613
-1.3622763595307392
-1.362273459335425
-1.3622750705535196
-1.3622934387091854
-1.3622955333548907
-1.3622990781546063
-1.3623048787757506
-1.3623098737946513
-1.3623261481425757
-1.3623403280894346
-1.3623525746447314
-1.3623617597056958
-1.3623699780231215
-1.3623786798790578
-1.362381741669621
-1.3623870595490966
-1.3623930220693936
-1.3623983400369328
-1.362420256947339
-1.3624284759705405
-1.3624383066971568
-1.362444430828077
-1.362450555014053
-1.3624618365533954
-1.3624692502381202
-1.3624763416642216
-1.3624811767697977
-1.3624887518375302
-1.3624971328616817
-1.3625064810487217
-1.3625153458273422
-1.3625255001700507
-1.3625325921817095
-1.3625577371815913
-1.3625704712214317
-1.3625793368327448
-1.3625869129920118
-1.3625944892355297
-1.3625954564216174
-1.3626007759696426
-1.3626073851629277
-1.3626148004317142
-1.362621409761049
-1.362620281334429
-1.3626262458963063
-1.3626314044784176
-1.3626357570624548
-1.3626399484659577
-1.3626502658767399
-1.3626589713136175
-1.362668644151715
-1.3626773498234177
-1.3626867004835914
-1.3627120123972194
-1.362725071777705
-1.3627329720182753
-1.3627426459069942
-1.3627484503061529
-1.3627590918330326
-1.3627632839953152
-1.3627644126587974
-1.3627677986604623
-1.3627698947651634
-1.3627800529023657
-1.362789243728421
-1.362795371014663
-1.3628027883296225
-1.3628079482485198
-1.362808754489377
-1.362809721979665
-1.362811334466531
-1.36280988322818
-1.3628110119688521
-1.3628190744566029
-1.3628242344988275
-1.3628281045561386
-1.3628331034126975
-1.3628363285009064
-1.3628382635611584
-1.3628406823942016
-1.3628426174668176
-1.3628443912882096
-1.3628490677485587
-1.3628616459735736
-1.362864709935346
-1.362869547797773
-1.3628750307500452
-1.3628800299508617
-1.3628835777930448
-1.3628855129874753
-1.362887931988242
-1.3628895446601914
-1.3628914798715674
-1.3628951890420657
-1.3629000271208838
-1.3629047039630586
-1.3629087357493164
-1.3629121224682075
-1.3629088970212628
-1.3629080906619124
-1.362905832860806
-1.3629077681184392
-1.3629121224682075
-1.3629129288323283
-1.362918412133659
-1.3629258307880399
-1.3629282499319297
-1.362933894634404
-1.3629369589210418
-1.3629409908981371
-1.3629448616185924
-1.3629476033922165
-1.362950183895116
-1.3629579254624444
-1.3629595383000408
-1.3629614737101938
-1.3629653445469911
-1.3629671186878716
-1.3629622801327133
-1.3629595383000408
-1.362958409313322
-1.36295969958401
-1.36295969958401
-1.362963086556188
-1.3629679251170714
-1.3629735701481884
-1.3629814732703098
-1.3629926023119638
-1.363004538007887
-1.363014377049547
-1.363023732335655
-1.3630303456326232
-1.3630374429007597
-1.363040830259335
-1.3630427659003665
-1.3630434111152654
-1.3630453467636257
-1.3630474437222213
-1.3630435724190855
-1.3630440563307749
-1.3630469598081267
-1.3630522828820653
-1.3630574446904384
-1.3630732529717824
-1.363081641188337
-1.36308906161981
-1.3630935784437404
-1.363099063198758
-1.363098095297606
-1.363101644275215
-1.3631068064574539
-1.3631103554804243
-1.3631130979199215
-1.3631180988674154
-1.3631235838197624
-1.36312793954866
-1.3631313273570473
-1.363137135067747
-1.363135521809811
-1.3631390709823104
-1.363142781500594
-1.3631471373521808
-1.3631514932316053
-1.363161334395022
-1.3631648837019392
-1.3631690783612154
-1.3631702076969694
-1.3631700463631764
-1.3631697236957032
-1.363166658362328
-1.3631637543750055
-1.3631611730633286
-1.3631597210798068
-1.3631602050739702
-1.3631608504000565
-1.3631611730633286
-1.363162141054062
-1.3631642383720342
-1.3631639157073108
-1.3631653676997686
-1.3631656903651794
-1.3631653676997686
-1.3631661743635826
-1.3631545584967775
-1.3631545584967775
-1.363157139783404
-1.363162302385984
-1.3631674650276693
-1.363179726458396
-1.3631852119067125
-1.3631884386616397
-1.3631921494486898
-1.363193601501296
-1.363192633465882
-1.3631939241800735
-1.363199087061281
-1.3632052180335086
-1.363210703686985
-1.36322102974271
-1.3632263541763197
-1.363233453485833
-1.3632410369208527
-1.3632468455664417
-1.3632523315549496
-1.3632576562330778
-1.3632629809528025
-1.363270080643806
-1.3632758895369028
-1.3632749213846156
-1.3632797621598025
-1.3632849256912272
-1.3632897665374626
-1.3632939619653415
-1.36329880287575
-1.3633033210898147
-1.3633083234331786
-1.3633109053021804
-1.3633141326521854
-1.3633159077012014
-1.3633199419207005
-1.3633246216452302
-1.363328333173737
-1.3633304310031364
-1.3633242989045764
-1.3633251057564986
-1.3633281718025125
-1.3633317219782837
-1.3633357562913757
-1.3633394678805082
-1.363344309114096
-1.3633499572634042
-1.3633546371939982
-1.3633586716427113
-1.363362221977331
-1.3633665792314538
-1.3633714206575893
-1.3633746482941156
-1.3633772304143397
-1.3633835243733616
-1.3633878817636498
-1.363391270864241
-1.3633933688873354
-1.3633938530474288
-1.363404504656469
-1.3634104760858572
-1.3634154792156166
-1.3634185456681343
-1.3634220963145973
-1.3634187070607542
-1.3634190298461084
-1.3634201595960527
-1.3634216121344453
-1.3634241944325642
-1.3634311344072272
-1.3634359762918555
-1.3634396884266933
-1.3634435619802494
-1.36344711275701
-1.3634527617581556
-1.3634574423945651
-1.363462930078178
-1.3634672879760446
-1.3634714844966147
-1.363474874012857
-1.3634787477663417
-1.3634827829496279
-1.3634868181567972
-1.3634897235207484
-1.3634982782753966
-1.3635044119391433
-1.3635092543442406
-1.363512482633414
-1.363515549522287
-1.3635223290098073
-1.3635266872873844
-1.3635300770780956
-1.3635321755284104
-1.36353346688566
-1.3635344354052032
-1.3635352425058735
-1.3635368567100803
-1.3635383094971336
-1.3635400851299588
-1.3635452506335641
-1.3635483176698473
-1.363551223295895
-1.3635520304164397
-1.3635544517838059
-1.3635607473792037
-1.3635649444750995
-1.3635689801685962
-1.3635723701695952
-1.36357543732788
-1.3635759216172916
-1.3635785044999629
-1.3635806030993385
-1.3635831859997456
-1.3635849617494513
-1.3635933562652165
-1.363597553561858
-1.363602880937114
-1.3636069168551728
-1.3636109527971223
-1.3636091769797216
-1.3636112756735097
-1.3636127286191486
-1.3636133743737593
-1.3636145044457997
-1.3636149887629616
-1.3636153116412615
-1.3636157959589974
-1.3636164417165129
-1.3636175717936379
-1.3636162802770768
-1.3636156345197141
-1.3636153116412615
-1.3636159573983184
-1.3636172489142682
-1.3636178946731603
-1.363619347632904
-1.3636201548340992
-1.3636208005957438
-1.3636214463579999
-1.3636188633126454
-1.3636188633126454
-1.363618378992731
-1.3636190247526938
-1.363619347632904
-1.3636174103539338
-1.3636169260350515
-1.3636177332333796
-1.3636177332333796
-1.3636172489142682
-1.3636187018726356
-1.3636187018726356
-1.3636190247526938
-1.3636196705132677
-1.3636204777148448
-1.3636211234767952
-1.3636230607663153
-1.36362402941314
-1.3636256438275718
-1.363626451036222
-1.363628549783183
-1.3636308099794439
-1.363632101523528
-1.3636333930700584
-1.3636350075066623
-1.3636383978359736
-1.3636409809553351
-1.3636434026386246
-1.3636453399914499
-1.3636471159030419
-1.363649537608122
-1.3636508291876808
-1.3636522822176096
-1.3636538966989404
-1.3636543810440855
-1.363651959321803
-1.3636527665616074
-1.3636534123541397
-1.3636532509059498
-1.3636534123541397
-1.3636553497354067
-1.3636566413259763
-1.3636584172670043
-1.363659870313105
-1.3636606775622762
-1.3636629378650404
-1.363663906568519
-1.3636653596263173
-1.3636660054307777
-1.3636660054307777
-1.3636664897845236
-1.3636666512358488
-1.3636669741386138
-1.3636668126872122
-1.3636668126872122
-1.3636661668819876
-1.3636658439796052
-1.3636656825284705
-1.3636651981752979
-1.3636643909207746
-1.3636635836672062
-1.363662614964187
-1.363662130613193
-1.3636619691629386
-1.3636619691629386
-1.3636627764145945
-1.363662614964187
-1.3636629378650404
-1.3636635836672062
-1.363663906568519
-1.3636632607660475
-1.3636634222166075
-1.3636637451178437
-1.3636640680192327
-1.3636643909207746
-1.3636651981752979
-1.3636660054307777
-1.3636666512358488
-1.3636676199446034
-1.3636682657512031
-1.36367004172251
-1.363671494793383
-1.3636727864145362
-1.3636740780381367
-1.3636750467574428
-1.3636769842001828
-1.3636777914696163
-1.3636789216484286
-1.3636797289201559
-1.3636806976474904
-1.3636815049213202
-1.363681989286077
-1.363682473651178
-1.363682958016623
-1.3636834423824118
-1.363685056937527
-1.363686025672431
-1.3636868329525689
-1.3636874787773683
-1.3636881246027783
-1.3636889318854022
-1.3636895777121885
-1.3636900620826802
-1.3636905464535156
-1.3636910308246952
