-0.7058823529391205
-0.2875000000037601
-0.0
0.36619718309884114
0.5113636363637489
0.5471999999998576
0.5826403326401786
0.6138915318743781
0.7961660806965212
0.8107590899425944
0.9114556135770423
0.9524006172705138
0.9718690038700369
0.9660711316869756
0.9776140943543369
0.9814124683689854
0.9736162587056497
0.9677589655505718
0.9705834219785562
0.97331759755753
0.9782411270924357
0.9797718056629473
0.9802475532527375
0.9725877813359278
0.9814715539770792
0.9803321124666042
0.9737484269847375
0.986126721763082
0.9850759395561756
0.9922290841618459
0.9869846105946669
0.985399127871133
0.986246411797264
0.9863986288237544
0.9831742648415982
0.9443030904803246
0.9713299459432483
0.9563693003084585
0.9477258036259071
0.9604840862575292
0.9409442465737596
0.9432495861771812
0.9649861283841972
0.9584882664605273
0.9350181316028727
0.9623788777257841
0.9626610350822551
0.9669442808670603
0.9786080161731805
0.981917964476103
0.9710732842280483
0.9510924158714172
0.9548783831420552
0.9765792880052612
0.9486814811483533
0.9665182425609127
0.9782954880566207
0.9823787118166909
0.9330259923844065
0.944765877287404
0.9372336651042944
0.9511487866569329
0.9556906073633809
0.9646158553256917
0.9560363889064438
0.9616677895604762
0.9551876686120548
0.9672942953039985
0.9626063604568195
0.9615287703866607
0.9564851055350738
0.9581584532946991
0.9775780792231432
1.0019769761536554
0.998726075732807
1.0070750400898272
0.9927839132698121
0.999229820830333
0.9879129185143855
0.9861434423346775
0.8207754386830888
0.9438159551830458
0.95842277666773
0.9490552007861812
0.9541385021710969
0.9491860447637811
0.9495410931120343
0.9104754615899734
0.9548827908888278
0.756125078678901
0.8845180441846058
0.8985320322443724
0.8908666329903682
0.8846258128259962
0.9153086231393444
0.8703654086916617
0.828474100296145
0.8412833717510981
0.9017735696675975
0.933925911455158
0.8928701737727545
0.9213288428211714
0.9091895565673063
0.9117629697403471
0.9118602311099676
0.9273237940864054
0.9195682823331518
0.8936106512627248
0.9407302170643369
0.9420092127008729
0.9558638127636837
0.951927418444522
0.9632605230096787
0.9577924725654593
0.9676038681948403
0.9558053794882106
0.9233013323024203
0.9578413795239356
0.9619019019019045
0.9710128573823533
0.9609476780506511
0.9419637829166673
0.9560139775306195
0.9635423885423926
0.9558814059039498
0.9221582302490691
0.9323238060152009
0.9446311386030685
0.9345154397325233
0.9256354634664019
0.9353555083638991
0.952842644421198
0.9544542905896916
0.951452816728953
0.912743445196004
0.923833875565137
0.941849367391245
0.9389650066037871
0.9574198511278522
0.9511063090148882
0.9289016946274342
0.9342779959709655
0.9446317934408509
0.9014611385950334
0.9210096957880543
0.9276514023797786
0.9373790677220731
0.9430049150892664
0.9507792996423982
0.9567604300727779
0.9479341447418856
0.9476542711176488
0.931966173865696
0.9449808027788816
0.9525239576851289
0.951354306650395
0.9537356073885911
0.9572920296420203
0.9676067498366296
0.9653474896979028
0.9733679661384611
0.9401879446492678
0.9581080214124711
0.9595599869946868
0.9707039728276283
0.9699900057907309
0.9738482528647167
0.9747334631561175
0.975492092311887
0.9737247516042807
0.9370187744360622
0.9648852254591868
0.9520643599263398
0.953394873663888
0.9649995222864737
0.9625280448945509
0.9720843199090683
0.9621193607841977
0.9654806947036022
0.9396880066223497
0.9527324589832358
0.9638806305237683
0.965961113678964
0.9643793118765254
0.9697396744406349
0.9691157769069075
0.9758294477021622
0.9532495243043786
0.9426506434760059
0.9458016423152641
0.9555592197595145
0.9535561139979277
0.9534039512841009
0.9407465729648954
0.9475454639585373
0.9343642861944563
0.9453875404507592
0.9373663578047035
0.9566732495923954
0.9554933890365572
0.9558656260909718
0.9583653766685303
0.9607498453450971
0.9623209253582906
0.9537781776972292
0.9482008727073035
0.9359167019816408
0.9488742848239254
0.9543729183457654
0.9623604912772475
0.9741917492094954
0.9704651680391733
0.9773172389884132
0.984514259064873
0.984804322353459
0.9486577962707091
0.9828031330678698
0.9851226919320106
0.975936915187819
0.9758947735607716
0.9700409072358007
0.964888076267586
0.9698184239506228
0.9685936922856072
0.9202088553222085
0.9525160627764933
0.9633007057296605
0.9594329591632987
0.9514863505497961
0.9498968402012339
0.9544232838119369
0.9533345419983615
0.9553832803223832
0.880228488934575
0.9227350912082645
0.9306718765175692
0.9325624382384737
0.935021098605498
0.9419857177980318
0.940716154174179
0.9472069264453388
0.9445687321053553
0.9240025550849467
0.9477509964613656
0.9460675187953975
0.9475341468142763
0.9386692003321103
0.9438534803121112
0.9466696559310034
0.9472051491730187
0.9550219403003598
0.9061244594113119
0.9457085737493692
0.9399752702520721
0.9446862789477646
0.945935653130598
0.9441685469775464
0.9441339985490715
0.9420537801050113
0.9453105057470403
0.9341366227930732
0.9495006991449374
0.95977056567183
0.9572841838826391
0.9519393775913607
0.9561519194764957
0.9510258534433577
0.9583135835901573
0.9511146419886936
0.9518863109256499
0.9419805491376083
0.948078740893294
0.9495249943042718
0.9530687501482491
0.9548163298338028
0.9555295342180595
0.9529203281486247
0.9553770007313119
0.9217632051403175
0.9434030602473137
0.9399570338207357
0.9451151763712635
0.9446732040559165
0.957453015689635
0.9473026154374613
0.9554967023948504
0.9564114492887305
0.9103307904680396
0.93201583478899
0.9357968982277084
0.9361554535673096
0.9361749507148757
0.9457830924210815
0.9452688058300772
0.9499596889903111
0.9388805896057085
0.8817317574511822
0.9233112904608998
0.926305189624644
0.9363604223684171
0.9427275376005941
0.9434248395233586
0.945270263312362
0.9471220996893815
0.9475124115348041
0.8972273241852082
0.9276071431340789
0.9303458654353254
0.9415017061364801
0.9400210212040008
0.9451412832651906
0.9465460277045208
0.9572146413658758
0.953568065024672
0.9247472769803087
0.931431241496995
0.9307711367026842
0.9315913800999228
0.9318550918647412
0.9415510753319125
0.9448029086644836
0.9439656082421934
0.9463717864451274
0.9491185940871021
0.9379601476816127
0.9421133008508492
0.9449667538329378
0.9495805341988625
0.9505753046404543
0.9572837099909112
0.9508187278861177
0.956119862293409
0.9354558723797392
0.9472029390551752
0.9505020071751864
0.9565213652921867
0.9547794085736832
0.9592936846138619
0.9607099997372138
0.9608914072083639
0.9617035751149464
0.9291338121576046
0.9519879836904592
0.9582157209836358
0.961043290620562
0.9530934347287455
0.9574449125329921
0.9599317406143272
0.9612323588000334
0.9618293246629894
0.9462835179373688
0.9575758335894026
0.9560603730474391
0.9557445260738604
0.9592128487364104
0.9622426670096237
0.9642564416599901
0.9671877218164869
0.9662210691177102
0.9591867273288787
0.9670395646578338
0.9689555295962581
0.9717913691600708
0.9743039360024988
0.9724867168183475
0.9727011684815063
0.9736374516203187
0.9759427303891883
0.9504282525681723
0.9648640535353509
0.9660084311791483
0.9657177652610734
0.967989982659683
0.9670381650814184
0.9713823706377878
0.9691736432242882
0.9715473709314479
0.9675173055067695
0.9713222048757072
0.9749897780725122
0.9743229951232216
0.9748433738259529
0.9746256024044393
0.9751775506668967
0.9752607923359613
0.9763733327745392
0.9732867902441746
0.9772803172248389
0.9791681398407514
0.9802172970745122
0.9802559480250603
0.9819001762946513
0.982878223443881
0.9831258805669081
0.983128288810251
0.9787701344693249
0.982110117228735
0.9820525031251881
0.9824695207438456
0.9827384776051001
0.9832617490735595
0.9834126465266891
0.9828849734118837
0.9825480802503792
0.9798334165863211
0.9824654374288873
0.9824821410368013
0.9828012736290096
0.9830671991996124
0.9837394152420517
0.9841471402566254
0.9845124870600439
0.9846116277650082
0.9843215133895643
0.9851515139026829
0.9850203570569706
0.9852099017747231
0.9854067276747689
0.9855030247765673
0.9857255708072815
0.9860096231913714
0.9860279097770318
0.9857092158678815
0.9862349165429214
0.9864089584292087
0.98667360703683
0.9866980420015148
0.986717360807053
0.9863803697527248
0.9865053702656855
0.9864068129708452
0.9865180369895598
0.9865419613444298
0.986657948189992
0.9867544412540649
0.9869470596806552
0.9869954711302353
0.9871757616177909
0.9871595703874182
0.9876438931389853
0.9868384015840603
0.9876783176483815
0.9876033666956573
0.9878686612024571
0.9879127329161645
0.987969714105559
0.9882129622170263
0.9881552227922176
0.9881518760378534
0.9877906381235361
0.9875394541045047
0.9877749471852859
0.9877585237331601
0.9878991931050118
0.9877390722968329
0.9874891463182317
0.9877263699341322
0.987666552418492
0.9875665978914843
0.9885822355408423
0.9889032342414442
0.9888788451529763
0.9890720014100662
0.9888063008175005
0.9885446019847851
0.9885043311738142
0.9883147585275363
0.986488550050052
0.9882450528660072
0.9882459777598736
0.9884028682806937
0.988658139588581
0.9886339901134787
0.9889479240177043
0.9892519749642444
0.9890993724773882
0.9891467265413426
0.9890789128933226
0.9891014208251963
0.9891071600423585
0.9897253853736407
0.9897552819577516
0.9898186173853467
0.989808455480342
0.9900664295944948
0.9893150990928484
0.9901806143506332
0.9903298989746994
0.9906529694457955
0.990358928910558
0.9905430431545278
0.9908197602262201
0.9908210851316982
0.9908761130042936
0.9895947070139776
0.9911267172777325
0.9907972635179548
0.9910233155476681
0.9907193966608486
0.9908881230472202
0.9905162761207127
0.990630109846874
0.9908668318555169
0.9888747899447716
0.9899101360717899
0.98994274782705
0.9901124628956077
0.9904167454763338
0.9904346295970488
0.9906621392190186
0.9909129046708182
0.9911539203567041
0.9892928698125087
0.9907290410622513
0.9912458987834133
0.9907686469682421
0.9912982868043587
0.9911404544113306
0.9916687068319535
0.9914733944543511
0.9914848603067027
0.9904849508414314
0.9906827589343922
0.9908593297350056
0.9910288457114941
0.9914209073951352
0.9916590440458292
0.9918679536559063
0.991633931581709
0.9916278409762689
0.9907072179486164
0.9908454239070653
0.9907741837314961
0.9908201473608074
0.9910594980685602
0.9912735983573983
0.9911510950519846
0.991252491639612
0.9917584010469829
0.9898729331879742
0.9910129283293604
0.9911203794019876
0.99145544746917
0.9917798913043463
0.9920702664868427
0.9919776231456211
0.992004002311678
0.992064318051733
0.9900104693770724
0.9908846055990772
0.9912669918756591
0.9912602149011073
0.99129162354116
0.9911547294387894
0.9913311743958358
0.9911672153150138
0.9913209164091085
0.9887820659695332
0.9896206518635774
0.9895653945151114
0.9901449868785975
0.9909922550230258
0.9911263183621488
0.9913583045276906
0.9916925384754096
0.9917669954780544
0.9910022494376428
0.9914507621862976
0.9922168023786975
0.9922525303841433
0.9931014828863597
0.9932689551560153
0.9935845791185545
0.9930004199747919
0.9933812139135109
0.9923483569688597
0.9927692979516451
0.993446639105796
0.9932446306106295
0.9934112009583952
0.992570039072231
0.9932744103341933
0.9928610537842855
0.9929095302696359
0.992678808088572
0.9923371235732769
0.9928090227840265
0.9925406404610493
0.9926486675710163
0.9930445500968511
0.9930103238956279
0.9934878845660587
0.9931206302535242
0.9905794806839868
0.9915722669578165
0.9912254610350894
0.9911376087657137
0.9912852265493962
0.9915825503824619
0.9919506744820025
0.9917045601419522
0.9915993156745979
0.9901053303542986
0.991353031183653
0.9909710574212198
0.9919201804532806
0.9915107103942851
0.9910877294128988
0.9914152740601159
0.991534968210723
0.9920164538937793
0.991429898772527
0.9921461142316459
0.9928172977242405
0.9926080269881234
0.9922623571775672
0.9921461049941681
0.9925346828813864
0.9926668017630248
0.9934651346462819
0.9890150690719453
0.9930502727026563
0.992369186046501
0.9928155289076669
0.9928503837661756
0.9937129394324542
0.9934087882822749
0.9929251919443615
0.9933525699800312
0.9883549308743224
0.9895727123183274
0.9888462641128172
0.9900186464846119
0.98969895612416
0.990286963499998
0.9909025150233809
0.9911645463441949
0.9920846923855623
0.9932807892946183
0.9912203186910172
0.993169065625753
0.9925355895007658
0.9926052910667872
0.991801362055366
0.9912987242048544
0.991144293317595
0.990975722165252
0.9895182272197176
0.9900403201540597
0.9907434016486355
0.9901141954686231
0.990497109473906
0.9910452796050045
0.9908631475147153
0.9906531932344023
0.9910185688757693
0.9884656150632913
0.9895655710776752
0.9900392772977232
0.990169470129745
0.9901609734457193
0.9908794269797369
0.9905171586656863
0.9907288386142897
0.9919670276386182
0.9866679641883668
0.9903017065736908
0.9905218700890749
0.9904443932765568
0.9910950303991528
0.9902593631249792
0.9911501474975535
0.9905816895979457
0.9918235918876511
0.9860910127854133
0.9902070077349118
0.9916323778569419
0.9918950010457903
0.9926135664163387
0.992209820240252
0.9924490489738085
0.9927999133824187
0.9919083553050461
0.9859609042503892
0.9869702602230536
0.988069109122627
0.9882495411455274
0.9880289744567413
0.9889945260731643
0.9894840808738516
0.9892620070285082
0.9891238076507274
0.98322896707029
0.985091834300699
0.9846760157641116
0.9850283112015945
0.985320059206378
0.9850323212137502
0.9866931846141221
0.9866482599468139
0.986798201073576
0.9831838097225012
0.9859491653384627
0.9856537951084325
0.9860326328487126
0.9868628034522122
0.9875048058439231
0.9871638010603437
0.9876644382143787
0.9879387626945757
0.9847084851639749
0.9875032656970713
0.987627874442627
0.9886944877396054
0.9880511463844425
0.988839928256666
0.9902165695735345
0.9905344465777047
0.9904695698973015
0.98482118728046
0.9872520605017724
0.9868073878627959
0.9849405850091784
0.9856830977823695
0.9857819905213402
0.9863768452865136
0.9870460869362472
0.9867431365174608
0.9768996386140132
0.982309500629292
0.9826200977470555
0.9840394938650222
0.9850189070064604
0.9858523704547004
0.9862409896746559
0.9864884711411369
0.9880861538461839
0.9822943381337536
0.9831584691321215
0.9857199820565711
0.986052335044402
0.986152722878224
0.986876043089041
0.9883472420109509
0.9877581271723679
0.9873121869782356
0.9772255654700273
0.9812571786571985
0.9848532660145246
0.9854312354312414
0.986674129154332
0.98691338160367
0.9876293115090189
0.9884040613005649
0.9877504042092067
0.9776772164123655
0.9845798424583131
0.9840336134454036
0.9851070431275112
0.9859838274932686
0.9877093694620268
0.9885126964933533
0.9870332850940494
0.9863664171060706
0.975247670282466
0.9804149179986448
0.9853940013223847
0.9858979802268169
0.9868662747979396
0.9833830815152524
0.981905203026073
0.9836304448922542
0.9845847217464058
0.9768383039661325
0.9821988216121702
0.9825096731573683
0.9838806536237361
0.985788605506896
0.9859495969669412
0.9849787465243354
0.9846657256511987
0.9843578662194343
0.9701521717879217
0.9798851517636796
0.9808969825164489
0.9812882212177705
0.9817520683212955
0.9835488842725739
0.984572371745245
0.9850594572618735
0.9856154344343062
0.9727879455070726
0.97588647560894
0.9788274753686017
0.9797283029492617
0.9803643581200758
0.9810054270208245
0.9812331475822487
0.9837775202780765
0.9843454201251806
0.9854358300481859
0.9829156758734788
0.9835288062060876
0.979896717078545
0.9801939878572595
0.9823054905021876
0.9823604155766407
0.9825174825174487
0.9813927156067815
0.9766801252782535
0.9761949816448506
0.9768499223278249
0.9803221394925015
0.9815569866249507
0.9821810134310718
0.9830223309880618
0.9849198147509959
0.9869386500710372
0.9821244019139332
0.982124441388798
0.9848629275174553
0.984518828451857
0.9867970474088646
0.985991297045597
0.9845630659891085
0.9872193436960717
0.9849021722384628
0.9627256388216455
0.9753350781188524
0.9743352879749754
0.973191437507624
0.9749557922441556
0.9763596327226863
0.9766914451304438
0.978479135776272
0.9766281400605787
0.9843218331394894
0.9806928127159988
0.9852401746724598
0.9826995696846962
0.9814035864511582
0.9851620111731813
0.9842448795857842
0.9860758345428611
0.9819651173407843
0.962674171818789
0.9683485384472593
0.9745070422535017
0.9746907167815138
0.9760601589643864
0.976140182429251
0.977765910966604
0.9792649371068812
0.9775537567661021
0.9736749736750381
0.9742913645352848
0.9795165915607698
0.9802169421487095
0.9814526184538059
0.981491136600575
0.9793172059901822
0.9811062575653224
0.9824273540464682
0.9543076758834235
0.9628188499782514
0.964244960060879
0.9657052505315538
0.9656304728546772
0.9658466944872187
0.9677223570956119
0.9670025467832161
0.9673519416123108
0.9691003402309005
0.9711458275422138
0.9722006436578031
0.9744143545438375
0.9735692562898426
0.9735928110700902
0.9759792848877681
0.9753610406791332
0.9752371497904598
0.9760861332034794
0.9750364726860485
0.9788766460627819
0.9805201755326004
0.9808543544345001
0.9801116724276093
0.9829578739948382
0.9832560123714427
0.9825770936880899
0.9592145832205973
0.966825162594891
0.9665184697293866
0.9686184462304172
0.9703094356069961
0.9714829931972822
0.9714534283072477
0.9738005567381134
0.972211585799408
0.9657463377443342
0.9702991801052903
0.9697757556060823
0.9741589468552252
0.9730357721820538
0.9743798071713947
0.9770697167756324
0.9793322734498984
0.9779472724258066
0.955567836419023
0.9685709517717165
0.9666573269823396
0.9695789592504798
0.9680711557100874
0.9675716007576225
0.9682429299953874
0.9687737115508277
0.9709480122324322
0.9724743252925391
0.9733991333655854
0.9780507083359365
0.982211626627538
0.9802518953289001
0.9811540822589531
0.9788849786998609
0.9780342516753823
0.9755216443475996
0.9672967863893627
0.9695168226664195
0.9703552261690416
0.9702805058090546
0.9690296825703568
0.9650953116950626
0.9641246940614602
0.9635295636457596
0.9627928044518637
0.9336774699424447
0.95143647865064
0.9547691898362632
0.9577493125880516
0.9600780934428477
0.9578178868384363
0.96140564696312
0.9604627424294789
0.9599016326252209
0.9526830914613774
0.961654085109261
0.9642173367664223
0.9668215430925783
0.9662337662337938
0.965330234359874
0.968551440857497
0.9699622930913246
0.9733571291987767
0.9584537340268494
0.9651110104213829
0.9652032520325379
0.9583034257749365
0.962013669821253
0.9612839179350223
0.9619807244932334
0.9612791241070822
0.9634948329082131
0.9501580682046876
0.9593140551445092
0.961564171123114
0.9690410775313753
0.9646011777302489
0.972565895642857
0.972143340094671
0.9759569540933948
0.9747183292114414
0.9510377489901174
0.9531294051309852
0.9481994855673502
0.9532092287788195
0.9510454217735882
0.9588462378906016
0.9568914956011151
0.961430263547456
0.9611439694541614
0.9509342245178181
0.954118635010455
0.958247619047649
0.9618692442347884
0.9611022303417757
0.9693293659877251
0.966618176249944
0.9724884080371143
0.9725813989718546
0.9615935114503789
0.9617854849068218
0.9661292949030945
0.9626152832673582
0.9651919866444951
0.962891119170116
0.9605990979490504
0.963630095664855
0.9598540145986003
0.9504217593387561
0.9642056235985206
0.9706694271910927
0.9717884565610478
0.9617603996210307
0.964965397923834
0.9674663444942666
0.9627682495907024
0.9643629443817625
0.938941890719972
0.9592263460533282
0.9583479173958127
0.9645759717314432
0.9625011133874308
0.964932735425849
0.9620904413755313
0.9622077215879123
0.9630405097861471
0.9464532155671921
0.9466715704302894
0.9485661424606572
0.9527889002700715
0.9558577016203709
0.9601980753058832
0.9628759398496761
0.9563742579856723
0.9639263337764082
0.9361902963940585
0.9451783355351198
0.9519302848575454
0.9541977611942002
0.9601226993864901
0.9565739628568786
0.9592286501377153
0.9613941999816377
0.9638982587293041
0.9086478823321253
0.9458080408198467
0.9424674302702114
0.9494024251940973
0.944951734933373
0.9487558726292403
0.9535127577771664
0.9541412380121984
0.9571926765474434
0.932713627835557
0.9414821124360315
0.9429587000676112
0.9496871300524192
0.9526391595357686
0.9615319437384708
0.9633019747435796
0.9666751462732704
0.9670161084122768
0.9218131773609914
0.9498703543647354
0.9511793270898585
0.9568351572000466
0.957707338254424
0.9562505414535176
0.9573841489820599
0.9545850008700442
0.9561891515993811
0.960717410323765
0.9576544393132709
0.9593970549795544
0.9528982358562916
0.9503391894242107
0.9493384401113913
0.9514801191101565
0.946540050997978
0.9455577230004817
0.9350907285364719
0.9394402951498545
0.9389201963280933
0.944627796112976
0.95007829050391
0.9537717421636426
0.9518996818267855
0.9478753541076579
0.9513215440196366
0.9500242600678981
0.9556943205469467
0.9598340752732014
0.9564680456931698
0.9594523983697217
0.9523254582055086
0.9543746645196212
0.9534353630739087
0.9405334499344871
0.9186501285058837
0.9346175637395617
0.9367231638417328
0.9447476125509695
0.9465657608072903
0.9462986488046083
0.93899327302249
0.942155493482468
0.9424654323883208
0.9303944315545906
0.9399131557330217
0.9500948316738517
0.9371367572055059
0.9386350148367169
0.9366515837106233
0.9426827809022893
0.9443643354961958
0.9450881004103215
0.9109589041094922
0.9245327937150404
0.9401226403751182
0.9345895343254106
0.9383042693926313
0.9386451301832313
0.9465305626443196
0.9408549914986234
0.9476196304003494
0.9159931422973743
0.9350490196077692
0.9452290310695877
0.941147317556779
0.9473816086193244
0.9469687381345171
0.9462296760977457
0.9374758282840958
0.9417906551813512
0.9515635395874209
0.9344526527872258
0.9399374915069958
0.9429355281206895
0.942435118718725
0.9458107544809906
0.9422729169566332
0.9449720670390119
0.9483726150391617
0.9246799237263101
0.9436676525945487
0.9522097976572433
0.950782997762684
0.9584153220516863
0.9561575709986925
0.9564079067942394
0.9588915156291584
0.9642291446676047
0.9156753899021569
0.9346793349167243
0.9467790804901729
0.9512483574244743
0.9426734881282613
0.95183425706
0.9420634920632032
0.9486250838365677
0.9377447670495743
0.9308017994176726
0.945371978095604
0.9492234976368643
0.9448658900026093
0.9406224406223548
0.9528549702751739
0.944739787353176
0.9486272289839983
0.9437428243397714
0.8720316622690869
0.9095281033961303
0.9196373693913269
0.924859110833049
0.9343898573692446
0.9372276908183137
0.9410315374509283
0.9334885267710905
0.9271534320326457
0.908612196364681
0.9350410179139176
0.933630510153732
0.938390142423021
0.9388235294116966
0.9486068111455
0.94679066930929
0.9459377831470956
0.9493651979089552
0.9509137592511491
0.9360668185266514
0.9399293286220286
0.9420426065165227
0.9372617534943651
0.9356299530974393
0.9247560773937419
0.9210748690212696
0.9241739130435843
0.9320526503024817
0.937466403870196
0.947763929618871
0.9552075746540842
0.9549033643521309
0.9599077523504658
0.9578007354227679
0.9646587743733285
0.9566348655680439
0.8878861506419898
0.9221189265045159
0.937656753851831
0.9339158929548235
0.93179297597049
0.9337946512063785
0.9270833333331171
0.921324655436258
0.9166505511505817
0.8636895475819796
0.8883329998002718
0.8945156124902099
0.8857491360031008
0.8889804325437781
0.8800165494414579
0.8879510445243213
0.8875159778439866
0.8877837837836126
0.8555149430228071
0.8773187183810559
0.8956270627060667
0.9107686067734647
0.9288442211056117
0.9296340973061707
0.9375503626112066
0.926038500506747
0.932993890020134
0.8668045501554641
0.8980745081628961
0.9037422037420654
0.911041009463297
0.9200170176560243
0.9245323129249827
0.9370839596306053
0.9411892361109246
0.9359086918351923
0.906110615521432
0.9159028414300111
0.9490579204469753
0.9483657034581401
0.9463473053891394
0.9429061504533718
0.9235542318191777
0.9485407066053547
0.9192627206640883
0.8529700540014672
0.9068941009240836
0.9045007996343694
0.9109982332154909
0.9200347674927698
0.9205100956431871
0.9315183246071546
0.9349062565832946
0.9212681083350374
0.9156577057252138
0.9232311084389095
0.9426245781219134
0.9310549190047761
0.9370436155515808
0.930630093420706
0.9340000000000289
0.9380315917374955
0.9353776497219772
0.8591930116472544
0.8741317617340417
0.8690501830712527
0.8696510862406884
0.8793686583991817
0.8816513761463602
0.8837962962961453
0.8807638565442635
0.8997386552623485
0.841147655703787
0.8475521085795991
0.8511208577000116
0.8666336142783191
0.8839959738297567
0.889169401665973
0.8908906368944959
0.8842078708380949
0.8870271642550828
0.7887797311271485
0.8504966021950632
0.856133926235293
0.8679642293529096
0.8523821921373996
0.8756884343036327
0.8867526994999066
0.8920768623323057
0.8880084521920453
0.8088008234685466
0.856345177665285
0.8650165858639215
0.8819923371642742
0.8854112778061433
0.8848153926159648
0.8824758422569686
0.8787323205865301
0.8808139534884933
0.8493492107450863
0.846393210749466
0.8598689831957722
0.8510392609701551
0.8485822858814374
0.85804511278187
0.8615096693697618
0.857504749841465
0.8688151041666131
0.7686287853014494
0.835091420534002
0.7951929586996926
0.8033875788778676
0.8134063809212649
0.8139097744364366
0.8298600311047635
0.8405752753975414
0.8485401459853822
0.791377750979689
0.8562783661122148
0.8473098887891815
0.8714676390156109
0.8557663354412287
0.8663622526632402
0.8799516177805904
0.8792168674698844
0.8675059952038114
0.8302207130732081
0.8723640399558124
0.860054347826005
0.8712203023758928
0.8752043596733176
0.8896139206085313
0.899438352500936
0.8935099337750877
0.9092582851130826
0.8470861268695838
0.8615812073756923
0.8764353469799199
0.8732673267329183
0.8758298500124156
0.8625244618393038
0.8722986247539134
0.881318136769114
0.8761238761239015
0.8119503362649929
0.8593872741555557
0.8716004184098886
0.8753592892606832
0.8770319874144584
0.9014752370919598
0.9120821268754311
0.9069952305244711
0.9163090128753225
0.8147651006710697
0.8544198895030793
0.8555956678701514
0.8710489510488021
0.8736248236951651
0.8733711048160848
0.8820985874889613
0.8701673398735471
0.8741279069765623
0.7868566443733361
0.821439060205539
0.827859237536778
0.8522693562741429
0.8564981949460735
0.8366606170595373
0.8530587150320595
0.8733979368550591
0.8639240506332087
0.8233094421937595
0.8507598784192419
0.8757431629011814
0.8773693279724669
0.8907773753140139
0.892362054906034
0.898399999999846
0.900757377904938
0.9026411185909671
0.788471570161779
0.8496143958870926
0.8610967408174194
0.8581449727203337
0.8597592883303716
0.8648719978889213
0.8783390637399435
0.8876763375031707
0.8839999999998859
0.897141330483257
0.9142933191378241
0.9308426073132136
0.9264115600753048
0.9270072992702049
0.9067656765677987
0.9062412538478265
0.9062589311232864
0.8950276243089498
0.8781991982733591
0.8746071653049068
0.8915743538098636
0.8853146853147533
0.8976058931859192
0.8984889577688339
0.9063881076737947
0.8884803921565201
0.8721555647500366
0.761490683229958
0.8023407022100785
0.7735765124545165
0.7765134274018932
0.7978966620941108
0.8121621621625056
0.8236808236815131
0.8369789517119093
0.849575414475844
0.7631578947367246
0.7893056664004536
0.8440640119094872
0.8534270650258698
0.8681650452871105
0.8528743098409404
0.8727272727274709
0.8891245077255396
0.8835151872604852
0.7622169249106002
0.8527589259372198
0.8468494749128826
0.8572666859289895
0.8677850440713802
0.859374999999727
0.8734321550740598
0.875250932033818
0.8807525325615317
0.7808810826374897
0.8611530335038987
0.8566552901026383
0.8679367129477059
0.8721905400870043
0.8938645980259234
0.9026676279743018
0.8961228968551261
0.9007518796997228
0.7699332630845943
0.8720166032519304
0.8434610303837805
0.8706147409078988
0.8647189583990761
0.8838669177649247
0.8615431534000949
0.872507552869849
0.8741839762616437
0.8063454055673271
0.9007817197835991
0.9184407796095312
0.9275103980987576
0.9350961538462716
0.9231238560096411
0.922723091076228
0.9104339796860375
0.9007421150277357
0.8540868454661659
0.8564814814809125
0.8336727766457277
0.8481102084063862
0.8451776649747866
0.8712206047031916
0.8781132075469669
0.8759630200311673
0.8779542812864151
0.9251224632612207
0.9067460317466879
0.9271481942718784
0.9338125187177982
0.9401146131804808
0.9511161345014366
0.9536853996046681
0.9525537259278503
0.9565943238733876
0.8727426636562896
0.9090128755368556
0.90428211586947
0.9019396551729626
0.9023365712782498
0.8938030341987336
0.908199195171215
0.9115898959884464
0.9241752831116713
0.8790545637415295
0.8957605985036642
0.9183006535952655
0.9149590163933907
0.9166015115972186
0.9093305218763501
0.9050802139041658
0.9151020408161453
0.9139219485194335
0.8298630136986609
0.8686475978889988
0.8956643356643271
0.9087030716722829
0.9079099307158556
0.9313113291704517
0.9323170731706875
0.9209374999994391
0.928225024248238
0.8735152487958421
0.8722240102994319
0.8954065797635965
0.8932601402868722
0.8888888888888888
0.8881298035860969
0.8900277008310943
0.8938244853736933
0.9022316684376215
0.8847247350736065
0.8998470948014129
0.900556680161456
0.9023727137914972
0.9050430504305003
0.9084043848966673
0.9060305158633738
0.9154144449835607
0.9189978107518957
0.8508984944152734
0.8760489091343215
0.8844940548415329
0.8946341463417281
0.8923645320194921
0.8999499749878233
0.8916581892164221
0.8999999999998629
0.9003123373240621
0.8959506570125332
0.8751031636860706
0.8921185019564625
0.8967082860384246
0.9010218978103574
0.9081325301207912
0.9105716041794283
0.908111533586416
0.9162836506896109
0.9247830279648874
0.938625750499773
0.9225871313674171
0.9290081521738902
0.9186963979416098
0.9153952843274312
0.9168413696718868
0.9217857142862129
0.9241480395749638
0.7896048415798197
0.8795053003526101
0.8644957983188999
0.8747412008275556
0.883384932920718
0.8781077348063541
0.8786307053939655
0.887500000000174
0.8893183415319644
0.8322795341103817
0.8710592685999755
0.9001526717562707
0.8914590747336111
0.9005540974045839
0.9137085137082593
0.9227467811160539
0.9231205673756574
0.9237503530077774
0.7932992617834895
0.8724069337881841
0.8707169594013059
0.8750363266487963
0.8762071992970125
0.8772034657899246
0.8985596077226108
0.9073394495416715
0.9104523227382587
0.8299129353238818
0.8663476874006009
0.8564547206168103
0.8623258827341753
0.8747130206626489
0.8753738783648858
0.8693009118536066
0.876019021739343
0.8869088416723896
0.8853503184715183
0.8775156141566144
0.884521739130372
0.8800553059107876
0.8850931677013418
0.8790157211211448
0.8829284750337142
0.8847290640392004
0.9019859064701466
0.8488846999686219
0.8931297709926407
0.8928571428575728
0.9015574493089935
0.9176712731548227
0.915978773585036
0.919976289271083
0.9212103055722036
0.9317768344449945
0.8933125972007254
0.9025157232706426
0.9046233430324969
0.891705069124501
0.8941494758197931
0.8867079889807602
0.8901488306163379
0.893454545454447
0.8893427404383825
0.9001062699254319
0.9111584932479867
0.8780821917808922
0.8815877251497899
0.8855577047063672
0.8963453056077114
0.8977943460702854
0.9085309516478449
0.9071472205253488
0.9011473962929024
0.9222543352599469
0.9289586305278005
0.9301334848055228
0.9348995188222785
0.9315878378376188
0.9237264283701646
0.9305869074492706
0.9371299689878176
0.9007936507935862
0.9243131156038732
0.9263342520673892
0.940545808966973
0.9394085116613805
0.938828530940079
0.9346298031867345
0.9355586462679321
0.9348474420739965
0.8663126298776332
0.9114838108547154
0.908689591077915
0.9025581395350697
0.908711770157404
0.9208333333334017
0.9272979856449008
0.919767441860455
0.9237406716415676
0.8883357041254412
0.907358262967175
0.9224938875305561
0.9330845771142707
0.9376571141276966
0.9290832715592293
0.941709527308596
0.9395777723853415
0.9347930702596635
0.884533648170186
0.9220868765802132
0.9292035398229435
0.9297027554785628
0.9302522789909254
0.9375130616510813
0.9368551382583122
0.9287314192627781
0.9309576837414539
0.8743235117256978
0.9182941410918929
0.9228939544105137
0.9318226992646085
0.9414477641868491
0.9396863691194819
0.9460272873192923
0.9551938919027176
0.9559234144395693
0.8709166501682188
0.9315935152233987
0.9277843368753577
0.930904771332333
0.9314796425024799
0.9324675324676622
0.9390709833098746
0.9373863865884389
0.9335359675785766
0.9197331176709166
0.9413430420711977
0.9260886935677642
0.9414957780458061
0.934856684706466
0.9376884422111911
0.939915882235196
0.9472628834970822
0.9519887505021205
0.9376253509828644
0.9486464968153684
0.9579865239792897
0.960386283011542
0.9682974559687595
0.9698208722740843
0.9682941062050636
0.9634525660962682
0.9647104698773964
0.9522102747908147
0.9614285714286447
0.9665767074943841
0.9678306878306873
0.9714594594592972
0.9722838137472096
0.9769511638523268
0.9753578972073493
0.9695210449927065
0.9945068664171146
0.9586755646818438
0.9616778871052203
0.9437252311758987
0.9411606663084771
0.9366812227075041
0.9400895856661
0.9315459212776618
0.9365768896608329
0.9099763872494516
0.9202527836291625
0.9109568367037443
0.9113581730767774
0.9192527869838786
0.9297445255475588
0.9342909535449981
0.9466791393824462
0.9481931563800415
0.9044444444444945
0.9324590163934748
0.9308028216325399
0.9336717428087108
0.9342372881355601
0.9294718909710289
0.934976043805711
0.9276111685624717
0.9348967448374869
0.9114619080303451
0.9128644939968112
0.9102739726027297
0.9262043047490519
0.9179593243708013
0.9224913494808766
0.9260808926079144
0.9299033149172562
0.9355394691487829
0.8900918635173719
0.9159690920798855
0.9303959131546191
0.9317824583465335
0.9319962394235002
0.9315494710641158
0.9351216469119913
0.9385245901638757
0.9323809523807753
0.9322799097064441
0.9298245614036612
0.9294387922548548
0.9368104312935633
0.9419795221841633
0.9309392265195665
0.9447960618849647
0.9375224416518878
0.9396966333699538
0.9096362954628464
0.9038823972863661
0.9090216977539466
0.9101681957186656
0.9115384615386514
0.91756965944251
0.914186316196342
0.9157894736838649
0.9279243796769003
0.8886770873045359
0.8683385579935432
0.8814960629917025
0.8844462215114407
0.8787878787880424
0.8732164696287164
0.8814049586777563
0.8762500000002604
0.8844369464356736
0.8840642640038445
0.8937858087265909
0.871761658030774
0.8686655405402819
0.8775341332233182
0.8800322061188428
0.8852010933227966
0.8956022944551509
0.9029962546817387
0.8570895522389433
0.8775205377148317
0.8885991058123585
0.8909291222917884
0.8921496698457543
0.9012435991218946
0.9030014641287427
0.9108584005871122
0.9035250463822343
0.8853073463267686
0.9005607476634059
0.9186902133921913
0.9403419425246167
0.9517340007151484
0.9551395266689288
0.9547353760443751
0.9555018972057742
0.9541284403670558
0.8576923076920937
0.8995417694749414
0.9189380530975261
0.9101163200566257
0.9268465909091274
0.923186852447497
0.9212513484358591
0.9265454545456405
0.918464351005863
0.9014388489209069
0.9167857142857656
0.913183279742945
0.9247660187184438
0.9352020385876012
0.9263196480935532
0.951219512194914
0.9351392598243625
0.9392774788626824
0.950354609929007
0.9444444444443274
0.9418052256533921
0.9301397205590719
0.9366111336853399
0.936416184970993
0.9195111672988657
0.9202427394883281
0.9199999999999763
0.9160808435853274
0.890734265734185
0.9110919292188541
0.9088586030661582
0.9132091447926386
0.9180602006687982
0.9145088368269371
0.9141455437447824
0.9119934506756305
0.8589430894313024
0.891693811074767
0.901592486729049
0.9196869851729075
0.9198691741617969
0.9291854277524707
0.923742786479612
0.9292591042275771
0.9354016149601678
0.8725321888408907
0.8911685994643875
0.9060099412561333
0.8939393939392224
0.9232475598932197
0.914348785871937
0.9289835774525377
0.9283185840703918
0.9318485523385059
0.8598553345386231
0.8788974243111938
0.8878005342830652
0.8870329670325912
0.8920552677028584
0.9059128182991141
0.9119170984457124
0.9128738621583288
0.9248580166014433
0.8235819562301139
0.8193950177934408
0.8353909465020526
0.8373522458629568
0.8485898070267159
0.8489503328210966
0.8729042725797506
0.8646993318488582
0.8586833144153698
0.8038641686187986
0.8352306770521775
0.856877323419457
0.8583905177796423
0.8784388995523688
0.88124594419269
0.8733509234829101
0.875507442489561
0.8934828311142525
0.7579843860897234
0.8321775312070084
0.834965034964882
0.8562412342217797
0.8733096085401681
0.8812454742939955
0.8852941176468218
0.8807896735000498
0.8826771653545479
0.7636363636358257
0.7750809061488481
0.7831612390778562
0.8273764258551074
0.8389891696749927
0.8333333333337957
0.849184782608571
0.8564690026950954
0.8739330269205573
0.7721979621545079
0.8210689388064629
0.7958506224069042
0.80214861235449
0.8176100628933537
0.8330550918202305
0.8448687350834079
0.8469945355188861
0.8550724637673326
0.8176638176642002
0.8463667820067987
0.8653465346536313
0.8853582554522023
0.9033232628393935
0.899706744867693
0.9032069970845463
0.914634146341719
0.9186658864832568
0.9286966686149689
0.9152046783621708
0.9199308755759685
0.9049826187718216
0.8793503480277792
0.876967930028955
0.8740435550319843
0.8635547576305537
0.8721071863579214
0.8112864077666196
0.8418114143916382
0.8428390367554575
0.8452072538865846
0.8554838709683196
0.8555840821563373
0.8577777777783248
0.8569620253169217
0.8663739021326909
0.8344451182537294
0.838365896980684
0.8459319099831422
0.862634256642486
0.8577030812328685
0.8865287870320473
0.8763172490292453
0.8921298844247798
0.8973655323823296
0.8749999999998144
0.9008810572686609
0.9229922992298016
0.9101731601731335
0.9304068522487772
0.9157949790790642
0.9176107106072531
0.9258878023678515
0.9398340248960138
0.8987875593042588
0.9119699409548138
0.9331140350871117
0.9470234844347016
0.9507575757578662
0.9499461786869347
0.9501084598693874
0.9549891540129923
0.9596510359873757
0.8366684694430242
0.8967057509767881
0.8883219954647138
0.8861929520505754
0.89719626168244
0.9042806183109952
0.9024242424245572
0.9102803738314362
0.9086873811030135
0.8745739604632621
0.8587257617730071
0.8937093275491655
0.9019896831239433
0.8966542750928097
0.8984962406007555
0.902861445782805
0.9075882794891421
0.8993288590606369
0.8154059680775403
0.8304735758407964
0.8416557161625764
0.8637532133681283
0.8730867346934784
0.8856041131106028
0.8850871530020488
0.9059829059826054
0.9111556446220469
0.854783207157377
0.8349249658931339
0.8535911602206502
0.8637919233406922
0.8653061224487272
0.8796736913657316
0.8794854434665811
0.8804644808746176
0.8837370242212612
0.9239209948787777
0.8960943257183166
0.9219968798749298
0.8942383583259857
0.8479938271601961
0.8685199098426035
0.874907475943489
0.8760088041083142
0.8829553767368067
0.7926490984738178
0.8414217361587525
0.8533604887978771
0.8668032786893293
0.8663911845729761
0.8717948717944441
0.8760504201681695
0.8600419874041946
0.8607417774664385
0.9229106628244136
0.8998559077808694
0.9051663128098445
0.8850974930361514
0.8755980861242314
0.8909090909093855
0.8877755511028899
0.9060846560843637
0.8959575878061926
0.8547341115432162
0.872821174951371
0.8633419689116524
0.8785478547860436
0.888518024032007
0.9026730637429154
0.9172510518937776
0.9046941678513768
0.9141193595346075
0.878357030015596
0.8862745098034364
0.893436293436276
0.8958966565340505
0.8958801498126343
0.906319702602144
0.9132047477749707
0.9226100151750856
0.9214780600457972
0.8925619834706908
0.9079263410725514
0.9139442231077497
0.9275477707000056
0.9164677804299294
0.9233201581027092
0.9141055949567617
0.9108129439629539
0.9161341853039076
0.8670427074941361
0.8580968280463589
0.8728373702425827
0.8578811369509758
0.8654012079375242
0.8747841105348076
0.8691834942935602
0.8721541155861241
0.8862222222219656
0.86197440585004
0.8571428571425074
0.8724534986720315
0.8719723183393845
0.8838599487618883
0.8787625418065257
0.8833196384549235
0.8923076923070594
0.9017857142859953
0.8971471471471705
0.8813303099013421
0.9107534747624141
0.9004360465116703
0.8772791023845139
0.8990578734859564
0.9077125906392863
0.9000644745323935
0.9144862795144311
0.9211020663743247
0.9177997527815275
0.9312693498451668
0.9378109452742337
0.9367959949943013
0.9451104100952172
0.938177182919016
0.9372599231753395
0.9330328396655367
0.9077608142489256
0.9340037712134184
0.9311841289522202
0.943231441048381
0.940625000000094
0.9438131313135858
0.9412890874285187
0.9449125081009546
0.9404367968236923
0.918533604887407
0.9316298342539785
0.9118476727785694
0.894922425952212
0.878787878787797
0.9014360313316445
0.9001264222507509
0.9097093382803005
0.9136253041360265
0.9280618311535666
0.9396401625068319
0.9453080023029047
0.933144475921015
0.9363997728562247
0.932270916334913
0.935539075869795
0.9353176874641096
0.9327199539961828
0.8926774734489702
0.9208913649022954
0.9288515406168087
0.9431626336527253
0.94868871151614
0.951490356516645
0.9412822049130376
0.9390769230767676
0.9370629370627884
0.8722002635045603
0.8997271487033828
0.8910256410255312
0.8963730569946649
0.8829787234040175
0.8862928348903673
0.8886237072403788
0.8987951807227751
0.8918918918910015
0.9161290322585515
0.892220421394166
0.9007383100905285
0.9212469237080338
0.9195494770713423
0.9206094627102644
0.9186602870819773
0.911834789515464
0.9152000000003936
0.9337589784516861
0.9294871794868087
0.9253012048185009
0.930251419302289
0.930156121610357
0.9152263374480534
0.9093157460841108
0.9024186822357652
0.9043993231807984
0.9112571898112201
0.8865306122447901
0.8971291866024856
0.9086651053859012
0.9122401847572491
0.9194528875383475
0.9144587433761022
0.8971471471471705
0.9055059523816881
0.8543046357613158
0.90518518518499
0.9072011878256948
0.9113924050626989
0.9128474830959656
0.9289493575209671
0.9147344801792356
0.9158050221572295
0.9189985272460108
0.8524833209790411
0.8946986201892725
0.9081481481481467
0.9080717488790067
0.9202127659568579
0.9034482758619913
0.9153069153070437
0.9187697160878292
0.9126290706910769
0.919906687402333
0.9194167306219959
0.9251336898395339
0.9315589353607064
0.9291698400612053
0.9280795715380444
0.9272030651332361
0.9264367816092072
0.9397217928896368
0.9568508705525113
0.9438622754487123
0.9553571428577645
0.953159851300575
0.9562314540066396
0.9565868263470941
0.9525925925929433
0.9540145985405827
0.950679056468877
0.9309141660849636
0.9536516853934707
0.9513742071881985
0.952380952380997
0.95515066573262
0.9526501766786062
0.9620615604869183
0.9514492753624593
0.9479853479861811
0.9209164818923385
0.939189189189291
0.9506079027348591
0.9584295612010189
0.9523809523815487
0.9482352941168477
0.9544364508402409
0.945924132364954
0.9556650246306501
0.885179153094224
0.911834789515464
0.9109375000007491
0.9141531322505081
0.9151376146788358
0.9143730886849653
0.918398768283634
0.9198443579761808
0.9184313725484908
0.8586872586869662
0.8947368421052632
0.9055177626605487
0.9104589917235065
0.9147982062777625
0.9183370452858174
0.9200592153961671
0.9250741839759955
0.9276659209544952
0.8812175204152207
0.908545727136561
0.9151651651650204
0.9097116843696723
0.9069230769233348
0.9141295862607485
0.9131474103586684
0.9212022745734177
0.9228215767626927
0.9203389830499737
0.9000884173295688
0.9202834366701677
0.915770609319209
0.9231464737792059
0.922723091076228
0.9158091674467531
0.9189704480455562
0.9229268292685789
0.9079578139982066
0.9272550921430531
0.9315738025426789
0.9407699901278261
0.9371884346964651
0.9456193353475459
0.9519918283971304
0.9513960703200229
0.9497382198946327
0.8852459016397993
0.9122609673796561
0.9318181818176293
0.9343317972348119
0.9398843930639126
0.939181286550066
0.949940405244253
0.9400479616312452
0.9412484700114768
0.8970223325062487
0.9108910891086324
0.9077306733161221
0.9278481012656321
0.9276485788112803
0.9161290322585876
0.9253926701568871
0.92543275632472
0.9142091152803674
0.8908839779011544
0.8962655601652462
0.9022346368713519
0.8952513966490774
0.9056338028170764
0.8923512747866074
0.9096126255387686
0.906069364160504
0.9147058823525884
0.8487140695909986
0.87730061349536
0.8738019169335931
0.8686868686876644
0.8649122807025198
0.8634751773035482
0.8611111111094992
0.8780068728519494
0.8734835355278694
0.813051146382912
0.850987432674782
0.8607594936719265
0.8701298701297091
0.86363636363809
0.8529980657628878
0.847999999998738
0.8586278586280031
0.8636363636374159
0.7394366197180667
0.7989949748722619
0.865013774105992
0.8956521739145599
0.8888888888897576
0.876132930513705
0.8892405063310285
0.8712871287136139
0.8339100345998192
0.8991935483880967
0.7875000000009749
0.7440944881910486
0.706563706560737
0.7647058823517076
0.7692307692299365
0.7666666666668523
0.7626459143994375
0.7955390334568057
0.718978102191633
0.8222222222194714
0.7818181818174746
0.8029739776954629
0.8052434456943842
0.7977528089895517
0.7977528089895517
0.7843866170998913
0.7819548872173271
0.7835820895506008
0.7785977859757481
0.7745454545429796
0.807407407408141
0.7785714285730997
0.770318021198609
0.7551724137924517
0.7542662116033636
0.7643097643099916
0.9207547169832262
0.8700787401602779
0.8262411347495203
0.7620578778114729
0.7441176470572622
0.774104683196059
0.786842105263269
0.8121827411186288
0.8109452736335615
0.7924050632917733
0.7815789473687821
0.8413978494619212
0.7924528301865035
0.8219178082198806
0.8309859154952386
0.8318840579702282
0.8357771260992929
0.8284023668667139
0.7432432432434873
0.8170103092779243
0.8349753694582903
0.8448687350841414
0.861575178997126
0.8726415094341259
0.8711217183771035
0.8674698795181499
0.8697788697796042
0.8118556701021692
0.8534031413614032
0.8527131782941452
0.8564102564101861
0.8520408163260434
0.8724489795928634
0.86718749999796
0.8783068783058677
0.8885941644558102
0.8794871794858962
0.8740740740719223
0.8897058823522906
0.894230769230213
0.8931116389542131
0.8878281622900044
0.8990384615383689
0.9014778325127857
0.8989898989901377
0.9413333333348164
0.9033149171251742
0.9277456647406326
0.9209726443773196
0.9064516129029754
0.9220338983021966
0.9122807017555381
0.9139784946249956
0.9054545454550758
0.7932330827071259
0.8260869565242664
0.85
0.8692579505312372
0.870175438597775
0.8675958188123121
0.8767605633780937
0.8974358974356463
0.8777777777761823
0.8923611111099022
0.8852459016370448
0.917721518987797
0.8999999999987847
0.8947368421067033
0.9114285714274146
0.9103641456607704
0.9116022099436496
0.921195652173449
0.8677248677228466
0.8802083333321002
0.890306122448736
0.9007633587790415
0.8962025316458867
0.9056122448957667
0.909793814431178
0.9160104986867247
0.9018567639266231
0.9313186813194684
0.9146005509667441
0.9183098591547705
0.9237288135593861
0.9171428571425843
0.922636103152115
0.9252873563220598
0.9358600583066856
0.932352941177685
0.9310344827558388
0.9353932584281689
0.9483695652161475
0.9289473684210897
0.9331619537245114
0.9419191919202576
0.9292929292927588
0.9345088161180991
0.9291139240504444
0.9572864321600022
0.9273182957423379
0.9321608040202102
0.9384615384622768
0.9378238341977885
0.92533333333301
0.9293478260875488
0.9353932584281689
0.9304347826058315
0.836363636363931
0.8693009118535475
0.8808777429477989
0.8653846153847802
0.8626198083102983
0.8535825545156029
0.8650306748461981
0.8575757575781147
0.869696969696454
0.8388059701497779
0.8803680981600376
0.8984615384601589
0.88787878788004
0.895209580836262
0.9000000000024307
0.8942598187329848
0.9000000000024307
0.9015384615410816
0.8915662650614053
0.8932926829249777
0.894894894892797
0.90058479531974
0.8926553672324279
0.8888888888893015
0.907103825135095
0.9056603773565188
0.9139784946224966
0.9046321525901043
0.9293478260872922
0.9418282548457476
0.9410112359568072
0.9454022988491727
0.9333333333307499
0.9262536873165417
0.9194029850748889
0.9176829268293677
0.9074074074068725
0.9339622641529661
0.9394904458584624
0.9385113268590491
0.9339933993423513
0.9326599326580685
0.9381443298955336
0.9335664335692612
0.9363957597160292
0.9330985915477045
0.9178082191793365
0.9333333333357101
0.9283387622124729
0.9419354838695209
0.9516129032255282
0.9358974358954033
0.9424920127824458
0.945686900957402
0.8722741433024401
0.9281250000014492
0.9211356466884821
0.9235668789819222
0.9385113268633758
0.9311475409813502
0.9366666666649138
0.9353741496582398
0.9377162629789799
0.8421052631564134
0.8700361010849665
0.870370370368078
0.8702290076312117
0.8809523809516231
0.8866396761131412
0.8791666666663649
0.8888888888895237
0.8898678414104441
0.8933333333291344
0.8999999999963538
0.9220183486223341
0.9259259259252383
0.9295774647883788
0.9205607476623545
0.9194312796195317
0.9323671497583605
0.9317073170730117
0.9384615384620658
0.8894736842066748
0.9081081081067018
0.8950276243140852
0.8826815642418878
0.8914285714330679
0.9058823529401587
0.9036144578300639
0.8963414634126459
0.8493975903629983
0.8639053254466892
0.8771929824524369
0.8728323699381316
0.8735632183935423
0.8901734104090466
0.8947368421032057
0.8895348837183995
0.9047619047607679
0.8963414634134909
0.8895705521445724
0.894409937885981
0.8930817610048086
0.8903225806433805
0.8947368421038744
0.9054054054050392
0.9047619047614717
0.8896551724118219
0.8979591836723557
0.8843537414951756
0.9103448275871607
0.9041095890405941
0.9047619047614717
0.9121621621624674
0.9121621621632608
0.9183673469313512
0.9183673469397036
0.9189189189115946
0.9060402684569178
0.9060402684560748
0.9200000000010695
0.9133333333337492
0.9072847682117446
0.9072847682117446
0.9194630872493459
0.9127516778527103
0.8911564625842298
0.9109589041097772
0.9115646258505876
0.9034482758623869
0.9160839160846352
0.909090909091759
0.9208633093545247
0.9197080291990035
0.9117647058835094
0.9117647058835094
0.9029850746281314
0.9166666666691987
0.9097744360912081
0.9140625000023663
0.9133858267730627
0.9186991869839167
0.9333333333377898
0.9406779661069757
0.9067796610198297
0.8983050847467229
0.9051724137958854
0.9026548672474235
0.9107142857176962
0.8928571428588481
0.9181818181748573
0.917431192664714
0.9252336448648343
0.9245283018917898
0.9320388349573792
0.940000000006952
0.9484536082424495
0.9368421052569362
0.9462365591343748
0.9450549450639859
0.9213483146134929
0.92222222221529
0.883720930237258
0.9166666666587088
0.9135802469215272
0.9240506329036806
0.9113924050712171
0.9220779220871671
0.9090909090830169
0.9210526315882058
0.9066666666745099
0.8800000000071303
0.9199999999928697
0.9178082191705559
0.9027777777687515
0.9166666666589298
0.9154929577385226
0.9166666666589298
0.9130434782718211
0.9130434782718211
0.9552238805925476
0.9253731343209126
0.9420289855210059
0.9411764705824528
0.9411764706021134
0.9285714285646075
0.9565217391455983
0.9411764705824528
0.9411764705824528
0.9130434782718211
0.9264705882477265
0.9402985074567302
0.9264705882280659
0.9393939393878011
0.9384615384552099
0.9384615384552099
0.9374999999934721
0.9375000000143615
0.9218749999934721
0.9218749999934721
0.9218750000127295
0.936507936502547
0.9206349206264997
0.9374999999947776
0.9344262295010108
0.9354838709621772
0.9516129032421528
0.934426229502448
0.9661016949121818
0.9499999999955436
0.9491525423682726
0.947368421069914
0.9649122806984625
0.9310344827737227
0.9322033898243635
0.931034482752262
0.9473684210476937
0.9482758620641965
0.9482758620860546
0.9499999999955436
0.9672131147505054
0.950819672126836
0.9523809523758998
0.9838709677405443
0.9682539682505998
0.9516129032205896
0.9682539682512735
0.969230769248173
0.9538461538619755
0.9692307692276049
0.9545454545408508
0.9545454545408508
0.9692307692276049
0.9538461538619755
0.9692307692282378
0.9545454545408508
0.968749999996736
0.9841269841465209
0.9687499999973889
0.984374999998368
0.9692307692282378
1.0
0.9838709677401966
