-1.5969958843031773
-1.5969956027043024
-1.5969950930502612
-1.5969941927283708
-1.5969898378837366
-1.5969786990356265
-1.5969605484568135
-1.5969349464538982
-1.5969010986798582
-1.5968587128029128
-1.5968096737016593
-1.596754004398832
-1.596693030509665
-1.5966284876494596
-1.5965622238702217
-1.5964944754528894
-1.5964260155248977
-1.5963576269354178
-1.596290201190526
-1.5962253110018931
-1.5961606066210823
-1.5960976486825735
-1.5960357508777754
-1.5959765815678129
-1.5959213776679662
-1.5958655572947267
-1.5958106358004016
-1.5957581591241805
-1.5957073981980276
-1.595659583472216
-1.595617693931317
-1.595571862844742
-1.5955267345793576
-1.5954846474395235
-1.5954443747148854
-1.5954071307523858
-1.5953698147051956
-1.595330986835225
-1.5952950400013242
-1.595257101981779
-1.5952246754781783
-1.595186662859468
-1.5951501356205415
-1.5951147023546401
-1.5950749451943302
-1.5950415486654472
-1.5950089103274845
-1.5949800693191236
-1.5949492940854384
-1.5949084953676422
-1.5948781644369714
-1.594852578212695
-1.59482392157247
-1.594798858336271
-1.5947690848755445
-1.5947227212358506
-1.5946929832238181
-1.594664175917323
-1.5946319457896336
-1.594594914936609
-1.594547509160794
-1.5945125143312004
-1.5944735725422812
-1.5944347599918884
-1.5943846655340106
-1.5943423403432615
-1.5943078865370521
-1.5942747170599432
-1.5942366038579505
-1.5941818471126663
-1.5941170964632352
-1.5940728864736442
-1.5940253772083992
-1.5939799684862201
-1.5939185098959772
-1.5938572363593788
-1.5938031011808775
-1.5937591522317367
-1.5937132080645753
-1.5936827584096929
-1.5936296177518894
-1.5935944913008486
-1.5935528103027352
-1.5935088537732927
-1.5934520476849592
-1.5933855417937293
-1.5933420495340602
-1.5932994061540422
-1.5932549457583918
-1.5931973664749044
-1.5931205693002302
-1.5930674752269305
-1.5930094177838265
-1.5929552303244208
-1.5928659556180074
-1.5927862008461657
-1.5927134508512968
-1.5926403266688622
-1.5925643727311023
-1.5924983568927153
-1.5924008316151081
-1.592325808866967
-1.592258055538333
-1.5921876024436505
-1.5920772199098223
-1.5920082273414629
-1.591941530972185
-1.591879567832337
-1.5918089393611057
-1.5917392884389032
-1.5916766789475805
-1.591612324530627
-1.5915529206451933
-1.591487998424192
-1.591392349055253
-1.5912902996303586
-1.5912215937528729
-1.5911604860814854
-1.5910987599997835
-1.5910449561413682
-1.5909543165865656
-1.5909012069996116
-1.5908504651008428
-1.590800524016449
-1.590739144620274
-1.590685267802426
-1.5906499347737884
-1.5906203542956117
-1.590607896850525
-1.590572552375552
-1.5905248168246662
-1.5905061870825417
-1.5904982481258993
-1.5904853966711023
-1.590466920178951
-1.5904412414141331
-1.5904334849112878
-1.590423529926144
-1.5904149507265355
-1.5904105896111969
-1.59038709703571
-1.5903693935947787
-1.590354326224201
-1.5903347328019866
-1.5902884841565286
-1.5902425092103492
-1.5902284809542968
-1.5902157729887765
-1.5902115915520978
-1.5902069762572524
-1.590200936363421
-1.5902111634241693
-1.5902198500374407
-1.5902347491628361
-1.5902513375366343
-1.590261437359348
-1.5902741174901898
-1.5902950997754954
-1.59032218662862
-1.5903205237280773
-1.5903310725070412
-1.5903602251435434
-1.5903897029448195
-1.5904127684883136
-1.590403968042071
-1.5904002320740893
-1.5904092504363747
-1.5904240950508841
-1.5904478671441715
-1.5904222710979106
-1.5904283650532856
-1.5904385949744697
-1.59045842667484
-1.5904778075280719
-1.590455859441862
-1.590447699803926
-1.5904558018829082
-1.590462810981995
-1.5904761128985605
-1.5904771141078247
-1.5904692796201472
-1.5904762467876823
-1.5904877869612186
-1.5905100492491282
-1.5905007189566547
-1.5904975643305075
-1.5905093113128936
-1.5905227383778235
-1.59054549366117
-1.5905561141071531
-1.590568915990212
-1.5905873936149717
-1.5906132322977429
-1.5906447892789293
-1.5906576095886866
-1.5906690177225566
-1.5906937033393322
-1.5907165061265243
-1.590739329213345
-1.5907537413482442
-1.5907669523714292
-1.5907857155212266
-1.590805607669182
-1.5908329372633354
-1.5908460045164141
-1.5908663294619902
-1.5908862295183563
-1.590902064993504
-1.590925393378931
-1.5909488324001064
-1.5909706713197878
-1.5909961823718806
-1.5910274502032031
-1.5910610184324907
-1.5910932541237603
-1.5911211874844213
-1.591147166844987
-1.5911712769865953
-1.5911949323778243
-1.5912341084346096
-1.5912618683530015
-1.5912877462344965
-1.5913125321003896
-1.5913397939774996
-1.5913614716290418
-1.591385926078236
-1.591409415539793
-1.5914344037279202
-1.5914602737524806
-1.591484492579383
-1.5915094134643972
-1.591534492874078
-1.591559319641342
-1.591583157369212
-1.5916043578318944
-1.5916269259661366
-1.5916492009573622
-1.5916721776462461
-1.5916948789431993
-1.5917153763828067
-1.5917375933106526
-1.5917594503844787
-1.591781343234401
-1.5918023903820835
-1.5918211540471
-1.5918406162783258
-1.5918603359324184
-1.5918801799375661
-1.5918998852576565
-1.5919193308243702
-1.5919389982480794
-1.5919588892096002
-1.5919793291001012
-1.5919988031148808
-1.59201955368455
-1.5920394814425831
-1.5920578682665036
-1.592075795839164
-1.5920936514944142
-1.592108474123985
-1.5921239395614208
-1.592140183586548
-1.5921568911138089
-1.592172947900614
-1.5921867784593957
-1.5922031972395718
-1.5922186088685626
-1.5922345103271358
-1.5922519152123875
-1.592269223021957
-1.5922849315839054
-1.5923015721851235
-1.5923186410013885
-1.5923341529893162
-1.5923492389677065
-1.5923651172236142
-1.5923821415673796
-1.5923999263401758
-1.5924165812144304
-1.592435235712517
-1.5924516290191937
-1.5924668768843244
-1.592483181283152
-1.5924972946042104
-1.5925097886186788
-1.592522872434376
-1.5925360416318928
-1.592549203937593
-1.592563931197141
-1.592579356984049
-1.5925934325265307
-1.5926070849901197
-1.592621282012517
-1.5926346659589576
-1.5926467563865792
-1.5926613044044275
-1.5926757147794
-1.592687484013136
-1.5927006789638642
-1.5927200046228596
-1.5927345756912892
-1.5927472830884497
-1.592759969570922
-1.5927724108885943
-1.5927856977616708
-1.5927981782931464
-1.592810733814782
-1.5928232873845325
-1.5928355259716793
-1.5928478062804803
-1.5928594345490001
-1.5928708165866812
-1.5928828054955158
-1.5928943381226872
-1.5929035810841554
-1.5929142901221625
-1.5929224708635157
-1.5929314034687299
-1.5929407073547888
-1.5929513922124399
-1.5929630480319847
-1.5929738149483341
-1.5929841380678005
-1.5929928849047716
-1.5929996761353662
-1.5930084521430408
-1.593016972135768
-1.5930252489125374
-1.5930352586504253
-1.5930469927461426
-1.5930563775751965
-1.5930656134140577
-1.5930755970308645
-1.5930851806205484
-1.5930938000337767
-1.5931027304550576
-1.5931124449689111
-1.5931218412792567
-1.593129997695345
-1.5931371369813547
-1.5931434523334367
-1.5931493581983371
-1.5931546847407076
-1.593160396150185
-1.5931644463197214
-1.593169396246089
-1.593175219968623
-1.5931800742868134
-1.5931847139074753
-1.5931892009342026
-1.5931933301636487
-1.5931970494149812
-1.5932027924048864
-1.593209718699329
-1.5932111861000173
-1.593214960319817
-1.5932207625060404
-1.5932272673991548
-1.5932347451706903
-1.5932379625953208
-1.5932425410986906
-1.593248159201962
-1.5932525972702152
-1.5932584463997674
-1.593262813594028
-1.5932671178973086
-1.5932720384708203
-1.5932784427952609
-1.5932853497857753
-1.593289636212388
-1.5932965109248702
-1.593302844549745
-1.5933104861062553
-1.5933174956363034
-1.5933197187235928
-1.5933244009451772
-1.5933279374831246
-1.593334199265615
-1.5933401368999156
-1.5933475670333637
-1.5933521527179184
-1.5933567452737083
-1.5933620451723935
-1.593367314458104
-1.5933662108563265
-1.5933703002951451
-1.5933752687400513
-1.5933805187931138
-1.5933872802695934
-1.5933846865724677
-1.5933901423138852
-1.5933972319701937
-1.593404949449296
-1.5934106360043223
-1.5934122512475015
-1.5934153798462674
-1.593419196522488
-1.5934226163118816
-1.5934280422113616
-1.5934323266312387
-1.5934376918025086
-1.593443807033229
-1.593450347565673
-1.5934558953679516
-1.5934577925651527
-1.5934643107424096
-1.593471901386658
-1.5934809381763138
-1.5934904440251898
-1.5934986485916471
-1.5935061130921826
-1.5935135780120238
-1.5935201232540688
-1.5935274575384337
-1.593528485631153
-1.593534868620549
-1.5935397851342101
-1.593547542081699
-1.5935537365438968
-1.5935591512839462
-1.5935639526884975
-1.593569164273828
-1.5935747354882792
-1.5935800903955304
-1.5935848079196686
-1.5935894686532677
-1.5935949069336584
-1.5936000148173022
-1.5936047028185303
-1.5936039252348042
-1.59360474622181
-1.5936052734377173
-1.5936078852591615
-1.593611031106235
-1.5936141455108734
-1.5936181203184303
-1.593621176204233
-1.5936247327318778
-1.5936296543014856
-1.5936314659805195
-1.5936364314279778
-1.5936409739079724
-1.593646530357633
-1.5936536128221308
-1.593659614549438
-1.5936659001947138
-1.5936702276843648
-1.5936744626255432
-1.5936799627865605
-1.5936816400900937
-1.593683556818907
-1.5936862940914107
-1.593688150719893
-1.5936908560033238
-1.5936893074248133
-1.593692863157859
-1.5936964501069806
-1.5937014259994446
-1.5937074556029664
-1.5937131567182317
-1.5937203794321064
-1.5937262043585994
-1.593730328838859
-1.5937348633754926
-1.5937362338349417
-1.5937395232262208
-1.5937418199348439
-1.593745546194496
-1.593749470339412
-1.5937414955722684
-1.5937420199684624
-1.5937434952485499
-1.5937476541082234
-1.5937518436566627
-1.5937542562271723
-1.5937594005811035
-1.593765790855276
-1.593770415379712
-1.5937737336176252
-1.5937770805478209
-1.5937776328520414
-1.5937781718708284
-1.593780754309816
-1.593784369720887
-1.5937827268594358
-1.5937853078678048
-1.5937893242010535
-1.5937915056779737
-1.593794412193388
-1.5937970461264115
-1.5938010259842137
-1.5938053440589843
-1.593808488571458
-1.5938132323128524
-1.5938123592081819
-1.593815364887238
-1.593817546924683
-1.5938212132164786
-1.5938243844452533
-1.5938255772360812
-1.5938286711943623
-1.593833182939201
-1.5938370293839663
-1.5938433194910262
-1.5938488991555007
-1.5938559615759729
-1.5938637621115126
-1.5938697812825324
-1.5938754132652397
-1.5938735000859456
-1.5938773821498213
-1.5938808577171857
-1.5938842241203315
-1.5938873794514514
-1.5938890906784493
-1.5938922303901653
-1.5938959977983806
-1.593898864858805
-1.593903363160168
-1.5939058528266596
-1.5939084566290609
-1.593912134377879
-1.5939148910739214
-1.5939200223771544
-1.5939237315730577
-1.5939256142966087
-1.593928125185928
-1.5939300506444543
-1.5939325979193188
-1.5939317671477486
-1.5939321689227806
-1.593935445574821
-1.5939375536688904
-1.5939398355261332
-1.5939431034306721
-1.593945219352296
-1.5939487619369006
-1.5939529430777872
-1.5939555831562124
-1.5939595773339625
-1.593963282543691
-1.5939668807295468
-1.5939696343822627
-1.5939719771411947
-1.5939661724907859
-1.5939640415100171
-1.5939648658162493
-1.5939656169960317
-1.5939659302138007
-1.5939682384055793
-1.5939693822342782
-1.5939717222613894
-1.5939752219979297
-1.5939784414641576
-1.5939819947520724
-1.593984837479313
-1.5939891473409882
-1.5939942137881509
-1.5939985023734113
-1.5939988977062491
-1.5939997976860232
-1.5940018825595086
-1.5940029798933129
-1.5940056136365903
-1.5940037784566916
-1.5940030844145134
-1.5940053714201692
-1.5940063150044914
-1.5940079455271488
-1.5940081870089458
-1.5940085112183453
-1.5940099999079962
-1.5940116389816705
-1.5940125108276728
-1.5940100547163827
-1.594008424925643
-1.594008059328259
-1.5940066607985486
-1.5940082211016702
-1.5940041297065735
-1.5940033584437299
-1.5940054481142572
-1.5940067507694977
-1.5940109331912993
-1.594013031215552
-1.5940136721487514
-1.5940156578103721
-1.5940153356584597
-1.5940161190159692
-1.5940168126038736
-1.59401756575312
-1.5940197410396013
-1.5940209423338663
-1.5940237641810555
-1.5940207100895254
-1.594019775294907
-1.5940203537466253
-1.5940223401006202
-1.5940250399186908
-1.5940249742163772
-1.5940278628741327
-1.594029705945979
-1.594033256997885
-1.5940370763031437
-1.5940426713631943
-1.5940473601842846
-1.594052323923676
-1.5940575372130998
-1.5940626786860526
-1.5940584668588311
-1.594058778745432
-1.5940600135545278
-1.594062568111232
-1.5940668592876406
-1.5940673210329923
-1.594070580384625
-1.5940725332999035
-1.5940738939808263
-1.5940767680706163
-1.594074405654216
-1.5940765380173136
-1.5940788766748302
-1.5940809123475663
-1.5940842178365113
-1.594083893997975
-1.5940840605844802
-1.5940853607168026
-1.5940869436441727
-1.5940895359584266
-1.5940866539010177
-1.5940865960287607
-1.5940874920471446
-1.5940887873023808
-1.5940916683679986
-1.5940955577281493
-1.5940977132769378
-1.5940983231280725
-1.5940996560372345
-1.594104236979594
-1.5941139716318122
-1.5941187696321748
-1.5941209712187803
-1.5941217125806189
-1.5941225761011826
-1.594124360755811
-1.5941248361676432
-1.59412738993188
-1.5941305274482989
-1.5941324876432095
-1.5941304598532238
-1.5941329746018418
-1.5941359291217563
-1.5941377692340832
-1.5941409008179317
-1.594139776283398
-1.5941408943960724
-1.5941425148968544
-1.5941430230616518
-1.5941450217014212
-1.5941493124883628
-1.5941494580763085
-1.5941497780447407
-1.594151099042582
-1.5941538673585376
-1.5941509527348343
-1.594153632450917
-1.5941565154911685
-1.594159689723492
-1.5941625070906855
-1.5941584611900137
-1.5941582342191787
-1.5941606302840814
-1.5941614963718276
-1.594163124540083
-1.5941623486844136
-1.5941634775593225
-1.5941666815779285
-1.5941687034207088
-1.594172803255195
-1.5941681748046541
-1.5941685345161647
-1.5941716681927727
-1.5941744795036772
-1.5941779963840113
-1.5941743189725617
-1.5941756795559943
-1.5941767927712636
-1.5941775924630825
-1.5941812282944465
-1.594186177742502
-1.5941921185844172
-1.5941953420229016
-1.5941991380521794
-1.594202973131572
-1.5942069500618725
-1.5942097545545428
-1.5942116486798372
-1.5942145682772189
-1.5942178581129014
-1.5942227374233042
-1.5942263786022763
-1.5942288041185213
-1.5942303012091639
-1.5942335293275278
-1.5942369390092832
-1.5942384691688989
-1.5942386944322398
-1.5942397953866758
-1.5942415659678713
-1.5942454136850712
-1.5942490225303738
-1.5942510201249374
-1.5942535148115897
-1.5942567416186797
-1.5942541938884682
-1.5942568259783965
-1.5942593902202502
-1.5942608503692697
-1.5942635893665489
-1.5942617352510347
-1.5942630555919546
-1.5942649722523754
-1.5942675856502537
-1.5942692300595525
-1.594268289407952
-1.5942694525539232
-1.5942719987099538
-1.5942738590938876
-1.5942766870909801
-1.5942778292030437
-1.594281623163642
-1.5942854901882935
-1.5942894971781836
-1.5942930082766964
-1.594299873722326
-1.5943047065053513
-1.5943095233831037
-1.5943131075044799
-1.5943165780641326
-1.5943164041478928
-1.5943171399958371
-1.5943214702811492
-1.5943242201841885
-1.5943275319594534
-1.594328509424605
-1.5943306287192722
-1.5943341995070377
-1.5943368121342456
-1.5943406225386365
-1.5943421421087507
-1.5943433952715507
-1.5943436004375275
-1.594344549299036
-1.594346563567053
-1.5943476384287305
-1.5943509131242528
-1.5943529502415474
-1.5943532908982931
-1.5943566784235947
-1.5943600629160795
-1.5943624731084747
-1.5943659006838187
-1.5943679563114104
-1.5943718281190051
-1.594373423156412
-1.5943739947100084
-1.594375304267391
-1.5943766277737248
-1.5943794585288258
-1.5943801775035127
-1.5943804188753044
-1.5943803461267774
-1.5943804178959828
-1.5943817513902472
-1.5943818894653432
-1.5943835042797545
-1.5943837529487161
-1.5943839233608266
-1.5943843475642805
-1.5943847568103624
-1.594386098462829
-1.5943871035179278
-1.5943889403402192
-1.5943919668674222
-1.5943927734828431
-1.5943954826856868
-1.5943979536655644
-1.594403453399229
-1.5944083095160604
-1.5944116305610239
-1.5944155689736812
-1.594420026223875
-1.5944255218842749
-1.594431166229216
-1.5944344423438441
-1.59443972656407
-1.5944441183822817
-1.5944490020040594
-1.5944532514819223
-1.5944525615170744
-1.5944553328913784
-1.5944574954569661
-1.5944601249462227
-1.5944633774731372
-1.5944638462824268
-1.594465910760763
-1.5944678044310336
-1.5944703830857048
-1.594474137972128
-1.5944740064440257
-1.5944776351974834
-1.5944825782917846
-1.594488434062055
-1.5944942605556534
-1.5944931656689743
-1.5944954164299905
-1.594498284585068
-1.5945025996109548
-1.5945071445889514
-1.5945151275915874
-1.5945205067525021
-1.5945252422508187
-1.5945305716749931
-1.5945346681450507
-1.5945457071899913
-1.5945510364323836
-1.5945552511891983
-1.5945592446949242
-1.5945634860941282
-1.5945674124815739
-1.5945713516760565
-1.5945749862647212
-1.594577913166809
-1.5945815985437566
-1.594582484983358
-1.5945850150017593
-1.594587216982995
-1.594590142837476
-1.5945929153282608
-1.5945892523009977
-1.5945899989040244
-1.5945932499032232
-1.5945956329275088
-1.5945985590723772
-1.5946009921683537
-1.5946036640621746
-1.5946076215899148
-1.5946105160218558
-1.5946137354249716
-1.5946133471333888
-1.5946133773710034
-1.5946138262513994
-1.5946148684504573
-1.5946159716260453
-1.5946178720568023
-1.5946203187350203
-1.5946226402687422
-1.5946243317143687
-1.5946261989651547
-1.5946286579118707
-1.594632328134707
-1.594636545963877
-1.5946399822602608
-1.594644373394057
-1.594649025663361
-1.5946531791394758
-1.5946570071550774
-1.5946612568265432
-1.5946643160724143
-1.5946639983667634
-1.5946657745774055
-1.5946672988236765
-1.5946694486875064
-1.594670703326668
-1.5946670793444992
-1.594667303394502
-1.594669728605308
-1.5946721633143301
-1.5946757573822266
-1.59467589968028
-1.5946788417565816
-1.594681766569888
-1.5946862103468675
-1.5946899827752237
-1.594690248055321
-1.594692236446466
-1.59469604708232
-1.5947005358934607
-1.5947053768345423
-1.5947085048223417
-1.5947122005626504
-1.594715941310038
-1.5947200095688225
-1.594722393860443
-1.5947187607142859
-1.5947192387201807
-1.5947204414671454
-1.5947225204579045
-1.5947241989540373
-1.5947281231404045
-1.5947328287212492
-1.5947367652815825
-1.5947401389449836
-1.5947449382514491
-1.5947522857799947
-1.5947576718944054
-1.5947635997620413
-1.5947693177301285
-1.594775271285993
-1.594776127797757
-1.5947810098627377
-1.5947856869339987
-1.5947918307465159
-1.5947969806826983
-1.5948039577346853
-1.594809604338933
-1.5948151668500354
-1.594820920404855
-1.5948259348925067
-1.5948299325708974
-1.5948348596137087
-1.594839579166201
-1.5948449437269432
-1.5948512544067845
-1.5948584069501592
-1.5948643205248203
-1.594869617179657
-1.5948735885716534
-1.5948782896534404
-1.5948808618227417
-1.5948839809071338
-1.5948873616976111
-1.5948900693558639
-1.594893175500119
-1.5948948659234456
-1.5948988418778527
-1.5949008730837833
-1.5949054099822888
-1.5949098680689422
-1.594910789197378
-1.594914448634239
-1.5949171873918662
-1.5949211259495646
-1.5949243405410165
-1.5949268334155873
-1.594929798567577
-1.594933883745256
-1.594938024259234
-1.594941918310776
-1.5949464546568846
-1.5949514434494834
-1.5949560625921677
-1.5949597944345426
-1.594965344407278
-1.5949687960535641
-1.5949748140897102
-1.5949796027871308
-1.5949843925476805
-1.5949887179243911
-1.5949974542077323
-1.5950037430292296
-1.5950097374542664
-1.5950158937168606
-1.5950233687053916
-1.595025878958709
-1.5950317329196835
-1.5950368973715434
-1.5950423766280615
-1.5950481633796159
-1.5950472603018486
-1.5950511133787308
-1.595054167970962
-1.595057879125647
-1.595062536005214
-1.5950659579144444
-1.5950702852482899
-1.5950749123805679
-1.5950794971672455
-1.5950845729281193
-1.5950863815803942
-1.595089012967513
-1.595092528342249
-1.5950982015959443
-1.595103761286576
-1.5951069249982588
-1.5951115247897327
-1.5951151031276634
-1.5951191756615393
-1.5951237049723812
-1.595123465943354
-1.5951268047427787
-1.5951308648109581
-1.5951360654809188
-1.5951425494217144
-1.595150805779845
-1.5951582083431102
-1.595165194588926
-1.595171009462991
-1.5951789525423008
-1.595189430965681
-1.5951974295232645
-1.595206140952999
-1.5952138642249534
-1.595220449892123
-1.5952256152419124
-1.5952313639129077
-1.5952354098308064
-1.5952411979755932
-1.5952463282414164
-1.595252104481845
-1.5952572404571619
-1.5952613147692258
-1.5952658713441596
-1.5952697790345394
-1.5952766083604104
-1.5952829303921128
-1.595289031794205
-1.5952954134781117
-1.5953008683516199
-1.5953029326904753
-1.5953066576811856
-1.5953108270344358
-1.5953157757981495
-1.5953209801780897
-1.5953228082727768
-1.5953280261756682
-1.5953310887472212
-1.595335198187436
-1.5953395331137574
-1.5953384775770179
-1.595340965171033
-1.5953436130482912
-1.5953482498724394
-1.5953524854287646
-1.5953562535723542
-1.5953614340389608
-1.5953663011643247
-1.5953706893585402
-1.595374883296203
-1.5953776651943414
-1.5953802823560774
-1.5953850016790945
-1.5953885691102856
-1.5953922406275487
-1.5954009268215106
-1.5954074734103152
-1.5954124809853356
-1.5954183530884787
-1.5954231385564202
-1.5954259278822276
-1.5954293185718882
-1.5954334974903663
-1.5954372102726022
-1.5954415068445529
-1.5954457507270117
-1.5954505634820606
-1.5954545497782167
-1.595457718349169
-1.5954618081853222
-1.5954623914276338
-1.595466344451859
-1.5954704319852262
-1.5954742395565622
-1.5954775517347357
-1.595482246432394
-1.5954877774334684
-1.5954924831327197
-1.5954959544697578
-1.5955017070440265
-1.5955037346289334
-1.5955078684136001
-1.595512365167717
-1.5955167384313607
-1.5955205483151105
-1.5955222293958615
-1.5955263849926051
-1.5955309349744866
-1.595534753519565
-1.5955394757216863
-1.5955441545990403
-1.5955488334124517
-1.5955538984548123
-1.59555906600022
-1.5955639029794841
-1.5955669163444954
-1.5955710763888555
-1.5955750802283175
-1.5955800034169805
-1.595584297614203
-1.5955887095138206
-1.5955932451738182
-1.5955980197163555
-1.5956019467328015
-1.595607721634976
-1.5956083433421682
-1.5956126366195218
-1.5956169823226725
-1.5956221393668077
-1.5956286152022898
-1.5956326760037542
-1.595637421501879
-1.595641793566757
-1.5956461521722105
-1.5956509870712692
-1.5956510303150848
-1.595653708074843
-1.595655736439762
-1.595658053555186
-1.5956616424819867
-1.5956633770450963
-1.5956663560556341
-1.5956690533032987
-1.5956726652056414
-1.5956771704868096
-1.5956821638489185
-1.5956859196951372
-1.5956896831123366
-1.5956945732961636
-1.5956989234339705
-1.5957066484277551
-1.5957122492624194
-1.5957173725238132
-1.5957219398440803
-1.5957280598608374
-1.5957311849130449
-1.5957351471653534
-1.5957399417284366
-1.5957450184070818
-1.5957498415961722
-1.5957529677640616
-1.5957571305139382
-1.5957613416531167
-1.5957663852908759
-1.5957716958883896
-1.5957758229680319
-1.595780110812779
-1.5957829669510317
-1.5957869969783998
-1.595790482729191
-1.5957921512919642
-1.5957942489803933
-1.5957967799111146
-1.5957993232436891
-1.5958025578003632
-1.5958057946372568
-1.5958083791732338
-1.5958122542950643
-1.595816160842735
-1.5958209025405827
-1.5958259760873765
-1.595831651838757
-1.595837327727325
-1.5958436477359819
-1.5958481998863476
-1.5958518858879653
-1.5958563084414237
-1.5958604916083126
-1.5958667024447617
-1.5958722864086166
-1.5958802909983003
-1.5958873374573592
-1.5958938680118704
-1.5959010028086296
-1.5959069527960725
-1.595910997668267
-1.595915847303707
-1.5959206732720748
-1.595925851672898
-1.5959304216677108
-1.5959353280767445
-1.5959400036260687
-1.5959458493242213
-1.5959503950013707
-1.5959554211715823
-1.5959623647364225
-1.5959677167011834
-1.5959735059232756
-1.5959790555588214
-1.5959840174271864
-1.5959868289486607
-1.595990491748312
-1.5959942696213385
-1.595998386584211
-1.5960031003048794
-1.5960049522955149
-1.5960088867311282
-1.5960126401110857
-1.5960159019714713
-1.5960188609714876
-1.5960185262069742
-1.5960214437037796
-1.5960245104723416
-1.5960286712031557
-1.5960321646876228
-1.596034411865307
-1.596037767473381
-1.596040774644269
-1.596044347765683
-1.596046969727187
-1.5960505400070846
-1.5960540073707932
-1.5960574863707677
-1.5960614951699494
-1.5960660727014364
-1.5960683081610803
-1.5960721200555892
-1.5960749423511682
-1.5960776688165865
-1.596080563812708
-1.5960826752955903
-1.5960848576764448
-1.5960880630634267
-1.5960917300955106
-1.5960943401518872
-1.5960973516807104
-1.5961008135522254
-1.5961053193182704
-1.5961098986814903
-1.596113499146646
-1.5961158364708805
-1.5961195332130818
-1.5961238254561516
-1.596126305176177
-1.5961297674342745
-1.5961340423698562
-1.5961387058878367
-1.5961421504671567
-1.5961466571799452
-1.596150948669407
-1.596152263986325
-1.596155489704224
-1.5961585048874525
-1.5961616017154696
-1.5961650544400283
-1.5961675885150124
-1.5961713143311809
-1.5961748450354154
-1.5961778246152714
-1.5961808051659918
-1.5961856443746019
-1.5961900414875911
-1.5961934858188087
-1.5961974205844742
-1.5962019412909167
-1.596209095291032
-1.5962148584765121
-1.5962200703294858
-1.5962253296140656
-1.5962311673715737
-1.5962380647911942
-1.5962443661669499
-1.5962504484114997
-1.5962558789739403
-1.596261139460432
-1.5962655174879405
-1.5962705845538814
-1.596275638407145
-1.5962801977010026
-1.5962844293133507
-1.5962909644133283
-1.5962962225500998
-1.596301501559285
-1.5963063250827856
-1.5963108059051299
-1.5963138729182933
-1.596317265842152
-1.5963200452006256
-1.5963238395389496
-1.5963281422519031
-1.596330817256663
-1.5963344312851164
-1.596338261529669
-1.5963417399544564
-1.5963454368772336
-1.596349746213166
-1.596353674883793
-1.596356797026074
-1.5963598608118532
-1.5963631946851473
-1.5963663521971576
-1.5963692627065782
-1.5963728952064267
-1.5963765820905458
-1.5963800206021797
-1.5963853327132804
-1.5963890278396604
-1.596393160777896
-1.596397756170396
-1.5964023247690626
-1.5964063991380704
-1.5964102101178546
-1.5964136844969017
-1.5964172922820816
-1.5964206194375468
-1.5964237238787782
-1.5964268927125094
-1.5964301030938366
-1.5964327860102345
-1.5964362370288796
-1.596441610923076
-1.5964462471206193
-1.596451112612699
-1.5964552731873607
-1.5964595359332836
-1.5964622180410482
-1.5964658144908797
-1.5964690981987806
-1.5964730909797495
-1.5964762223873838
-1.5964787710744865
-1.5964818337958
-1.5964850141035019
-1.5964881317245343
-1.596491541918983
-1.5964967188881236
-1.59650086161564
-1.596504956156494
-1.5965083555216264
-1.5965124010540936
-1.5965151170866398
-1.5965188933457881
-1.596522303498156
-1.5965255139184305
-1.5965288110692928
-1.5965311539432223
-1.5965337094235739
-1.596536614975727
-1.596539460603964
-1.596541964312692
-1.5965441555493651
-1.5965460358308918
-1.5965485185398922
-1.5965511547312126
-1.5965538119410432
-1.596556532442596
-1.5965590617154273
-1.5965615931316715
-1.596564593822161
-1.596567335713593
-1.5965706818085204
-1.5965745662971484
-1.596577388327419
-1.596580974632957
-1.596584364171586
-1.5965874231394033
-1.5965903535947426
-1.5965933611038186
-1.5965963131763241
-1.5965988123020847
-1.5965993619344054
-1.5966011729747887
-1.5966031572673582
-1.5966049273815752
-1.5966070009984838
-1.5966084563835736
-1.5966099692652067
-1.5966117062363334
-1.596613389447329
-1.5966156045907696
-1.5966165566557053
-1.5966186880157316
-1.5966207237108743
-1.5966226267273125
-1.5966244984330122
-1.5966266975444945
-1.596628407178704
-1.5966303546492249
-1.59663237828106
-1.5966342711704318
-1.5966366722896623
-1.5966391502884303
-1.596641239931813
-1.5966431977300015
-1.5966452181144408
-1.5966465297018615
-1.5966483291416258
-1.5966502891398895
-1.5966519696554993
-1.596654066581606
-1.5966556925415223
-1.5966578535601468
-1.5966600996591993
-1.5966625877168983
-1.5966647248995824
-1.5966658395295754
-1.5966674962328142
-1.5966692616442384
-1.5966717853763486
-1.59667400072067
-1.5966763508695305
-1.5966788997262384
-1.596681435594169
-1.5966839092587426
-1.596686368898632
-1.596687852569091
-1.5966898380635335
-1.5966922091326652
-1.596693852714808
-1.5966956328830075
-1.5966977649128118
-1.5966995882696227
-1.5967014425235504
-1.5967033512153612
-1.596705439647107
-1.5967061959729332
-1.5967077763498356
-1.596709508830321
-1.5967111380280754
-1.5967126977954458
-1.5967148451384758
-1.596716812041553
-1.5967188644002814
-1.596720524246279
-1.5967225313705435
-1.5967237693082839
-1.5967254049623376
-1.5967270854751394
-1.5967289214675204
-1.596730716091103
-1.5967318859624335
-1.5967331537487628
-1.5967346490642271
-1.5967359757613206
-1.5967376038775445
-1.5967392495515824
-1.5967406950181584
-1.5967424160719446
-1.5967441012081567
-1.5967461051819474
-1.596748448181528
-1.5967504866085431
-1.5967525934037434
-1.59675467342257
-1.596756555060665
-1.5967576482319223
-1.5967593438868795
-1.596760577803707
-1.5967622250263613
-1.5967639525771693
-1.5967658182657145
-1.5967675889897706
-1.5967692211071862
-1.596770780932814
-1.5967722337844512
-1.5967743239749792
-1.5967761090283574
-1.596777889166768
-1.5967794037007856
-1.5967812423807157
-1.5967824557798391
-1.5967839838338687
-1.5967853860261847
-1.5967867844809724
-1.5967880995349848
-1.5967899481318568
-1.596791524058948
-1.5967932160966718
-1.5967948643885335
-1.5967964009231757
-1.5967979455790235
-1.596799595153432
-1.5968010346361943
-1.5968025860696387
-1.5968040949614084
-1.5968056230153629
-1.5968071786008629
-1.5968086013140887
-1.5968100200804336
-1.5968113594223088
-1.5968130285036495
-1.596814520478322
-1.5968159568051188
-1.5968173952804865
-1.596818705875642
-1.5968203109002503
-1.5968216997739553
-1.5968230837470845
-1.5968244270270178
-1.5968257793045695
-1.5968269967452062
-1.5968280526663203
-1.5968291462185373
-1.5968303438129137
-1.5968314759885962
-1.5968325668919323
-1.5968336843452953
-1.596834779930715
-1.5968358597303467
-1.596836822519518
-1.5968379163551354
-1.5968389742901878
-1.5968400223471828
-1.5968409980148923
-1.596841950859947
-1.5968427729302872
-1.5968436404996513
-1.5968444971431761
-1.5968454142501178
-1.5968463045914614
