1.100990062599722e-11
4.364115531782953e-11
2.3936747958856043e-10
6.84262278790402e-10
1.496444387011578e-09
3.71140211362235e-09
2.194443525673787e-08
6.110953299279887e-08
3.992445339155782e-07
5.155834729672166e-07
4.862693869734797e-07
6.262862475468694e-07
8.704292790565883e-07
1.1442294676275341e-06
1.4066055932089692e-06
1.6161705347259213e-06
1.8280272025344472e-06
1.90819874039694e-06
2.0821641890806695e-06
2.2021836047828805e-06
2.358402122723135e-06
2.509158596571855e-06
2.5409472589445372e-06
2.671582232445433e-06
2.7572182849636498e-06
2.6986568729860695e-06
3.3006677914999686e-06
2.567543074363348e-06
2.563437198085338e-06
2.4059059447397563e-06
2.3188085534221186e-06
2.2207010937732943e-06
2.1021834284948997e-06
2.0485207679216993e-06
1.8836540020479538e-06
1.7653208454672397e-06
1.536628491781502e-06
1.2495529411253024e-06
1.1791203242982053e-06
1.032626244858982e-06
8.840783623910053e-07
8.378356821398997e-07
7.552152548774619e-07
6.226603994347261e-07
9.434010899074773e-07
7.327949168312265e-07
6.94773063759266e-07
7.549989426259155e-07
6.920974091245786e-07
7.710674975474537e-07
7.135105895927259e-07
7.751244427180846e-07
7.2923513131387e-07
1.538610682147244e-06
7.584646380224787e-07
7.65624703500299e-07
8.300492548927997e-07
9.289256606421028e-07
1.0266654250965106e-06
1.0604635703156805e-06
1.0892160991679676e-06
1.0881847616003254e-06
1.4996745170975323e-06
1.854518311884631e-06
1.5462515794808512e-06
1.711615435868067e-06
1.7813098677161478e-06
1.913917302222601e-06
2.168942281574108e-06
2.1427813389211673e-06
2.3862034347502083e-06
4.503592927301819e-06
3.5603587916308256e-06
3.713938341616287e-06
3.6804026321922377e-06
3.7327484306294768e-06
3.6608938476736375e-06
3.580058322040925e-06
3.6508167287036938e-06
3.5047918265862193e-06
4.272557654921613e-06
3.839086312678283e-06
3.693228853664776e-06
3.6743228212110258e-06
4.244553423744245e-06
4.835783261261335e-06
4.791168781503412e-06
5.389451237303363e-06
6.085258939910277e-06
1.4890314869487212e-05
9.343982146549422e-06
8.391515290327484e-06
8.644321126797915e-06
8.847203059605697e-06
9.122340204512782e-06
1.1017147023749774e-05
1.0735736024761153e-05
1.1065913795578082e-05
1.5285809015788088e-05
1.0426150758816548e-05
9.908643052433824e-06
8.766862719429978e-06
8.698155219245682e-06
7.485615469808312e-06
7.183528157760374e-06
7.478451128096117e-06
6.92114771753351e-06
2.674422867972559e-05
1.459760699678153e-05
1.355684561138353e-05
1.1436113506946352e-05
9.944922307252667e-06
9.357402926033366e-06
9.262587989296315e-06
9.120510749378362e-06
7.56131730241589e-06
2.9709733433147145e-05
1.3995195261415893e-05
1.2997342298826378e-05
1.1125602528487377e-05
1.0469126960450866e-05
8.657326808637405e-06
1.0092758474770943e-05
1.0030295621873627e-05
8.170226514160664e-06
3.3213860515094404e-05
2.1429459149436873e-05
1.6088734476727182e-05
1.383143391965379e-05
1.2399653510239063e-05
1.1650014703238778e-05
1.1470770458909464e-05
1.2596784789703156e-05
1.5676663474177864e-05
2.9826620375402446e-05
2.0293760551641787e-05
1.914732533998858e-05
1.898396796241599e-05
1.7308660074643115e-05
1.6808198429611734e-05
1.868848955008742e-05
1.7070345276798737e-05
2.1222182020823606e-05
6.027334691233728e-05
3.0560106578968536e-05
3.227313761958562e-05
2.8882027720687252e-05
2.958274611515359e-05
2.8877932245081012e-05
2.8578417459034348e-05
3.0500069360476878e-05
3.1430686799455424e-05
0.00012025426663598909
5.59178709078082e-05
5.09570646651623e-05
5.2395809433881035e-05
4.823580416786267e-05
4.7509117825715915e-05
4.846323058691161e-05
5.345602583849899e-05
5.143252930375978e-05
9.109713658907807e-05
5.10613629907883e-05
4.270627027490858e-05
4.3181256452885524e-05
3.995102820845278e-05
3.527058533762547e-05
3.307051013991723e-05
3.378739248278952e-05
2.9862165160474747e-05
8.14762177869811e-05
4.780875114889761e-05
3.90099693091467e-05
3.608946295058964e-05
3.54612525533715e-05
2.9429324438473004e-05
3.1433717251255834e-05
2.8416444211986117e-05
2.990364880798139e-05
0.00012720847248781866
5.0350262091181905e-05
5.386063876069115e-05
4.2555461035571436e-05
3.9658024068986996e-05
3.913677880234672e-05
3.414674389533274e-05
3.41217348313312e-05
3.1255680464581544e-05
9.279926925132754e-05
3.8389859111818376e-05
3.527229586783563e-05
3.0044354965539058e-05
2.760160568139256e-05
2.57094357667596e-05
2.19695675263347e-05
2.476558762205705e-05
1.988351649182552e-05
0.00013161718472983874
6.601579413004815e-05
4.850093526425964e-05
4.487820703605942e-05
4.30140885372463e-05
3.766340774310148e-05
3.204820270640085e-05
3.323668353307836e-05
3.289335877867999e-05
0.00016010699394616536
5.323989777995534e-05
4.421167458443024e-05
3.918542938308179e-05
3.986525574846707e-05
3.6858887860967525e-05
3.4421415070246295e-05
3.2998891500611416e-05
3.5477646442765846e-05
0.00015737171418675876
5.7768027193928194e-05
5.2698788375285826e-05
4.3640058292965475e-05
4.2274630993204676e-05
4.4917474365908605e-05
3.6866499200612585e-05
4.1127520326862584e-05
3.753489899688013e-05
9.894846034899284e-05
4.786726409128639e-05
4.7047100879997395e-05
4.4868975292296615e-05
4.014876592074027e-05
3.6960875021920805e-05
3.640408512804888e-05
3.712049836468796e-05
3.2728216527429344e-05
0.00010829911563692736
4.529099150059273e-05
4.011085623390134e-05
3.003500263554493e-05
2.6107015496444564e-05
1.7413522727313956e-05
1.5505075004872665e-05
1.1791213614727077e-05
1.2627944100310361e-05
8.80022116921835e-05
3.103806355293579e-05
2.9374144394031048e-05
2.654159351734074e-05
2.5912246581183134e-05
2.236696233148788e-05
2.4480523391104697e-05
2.1793818724555775e-05
2.1667784108494145e-05
8.728423193140393e-05
2.6163239076679142e-05
2.69987819151866e-05
2.3720159079287398e-05
2.0683531755890323e-05
1.9939380701285065e-05
2.1100144646618232e-05
2.1373227875755727e-05
2.0413345766733424e-05
7.581615125135434e-05
2.5565646099872795e-05
2.6321095279389864e-05
2.3929819379678447e-05
2.2281411263487155e-05
2.0128964827786002e-05
1.9266785912207215e-05
2.0471650232354645e-05
1.7135162320216897e-05
4.879606982708281e-05
1.287971653920273e-05
1.1589240648729402e-05
9.743890688086602e-06
7.846102727703642e-06
6.996718249531328e-06
5.437618057382064e-06
4.948823317165257e-06
3.989519739623321e-06
5.624043992818645e-05
7.848528680124957e-06
8.514058208162738e-06
5.989727616784664e-06
5.6900454801719125e-06
4.831349780876924e-06
4.207027466704045e-06
3.344779678998477e-06
2.8423827357853938e-06
5.555688567500636e-05
8.294772953499922e-06
8.158972739583222e-06
5.85893740859217e-06
4.996083972932303e-06
3.7896287070743235e-06
3.810354622538772e-06
3.42697859822785e-06
3.2666516636824368e-06
7.168288031267804e-05
1.3375303115161365e-05
1.4380129823288048e-05
1.3471513247906442e-05
1.13582187393845e-05
9.292127693430554e-06
9.363275033969074e-06
8.273831794434526e-06
6.6453485377399e-06
3.853589622965806e-05
6.98204896703375e-06
6.467254726689672e-06
4.432002939222167e-06
4.068327305784511e-06
2.8389314336500017e-06
2.4628605369161777e-06
2.2815422428574076e-06
1.95017089252017e-06
4.692216226589776e-05
9.353466039786401e-06
8.311809697652499e-06
5.548585799433977e-06
5.066030464240866e-06
3.8554939838495695e-06
3.000700620361953e-06
3.0012340131297745e-06
2.64935901971233e-06
3.5200288296218246e-05
8.221769098595355e-06
8.408338144616941e-06
6.906447944416548e-06
7.453242231066773e-06
6.347103326002352e-06
5.465446796940449e-06
5.079390183368861e-06
4.901809433724937e-06
3.0251708703533117e-05
6.2461937491912165e-06
6.576964497267946e-06
4.915959033810805e-06
4.524609993671165e-06
4.164225125042162e-06
3.8050176521343056e-06
3.5937404760496157e-06
3.1541855050837403e-06
1.7869206350074063e-05
6.519617127727334e-06
6.36551816498744e-06
5.26814957631291e-06
5.0646502211116285e-06
4.930511623739518e-06
4.347980624100125e-06
4.035060529723461e-06
3.5991452740099036e-06
1.625023678714757e-05
4.748227202854742e-06
4.448973568191228e-06
3.5973181182746925e-06
3.097438580910857e-06
2.537821374691577e-06
2.6346014730270173e-06
2.0818729638827856e-06
1.8851725881404265e-06
8.313776004018317e-06
2.059757250895509e-06
2.123592703345116e-06
1.38288591539461e-06
1.2431317753172039e-06
1.1153662454812939e-06
1.003513677985409e-06
9.023362791912747e-07
8.591370916779345e-07
4.8192578113357775e-06
1.5111478454628208e-06
1.4689989315682292e-06
1.1623219737371684e-06
1.0168062840140803e-06
8.2275346992738e-07
6.650942810145019e-07
6.155871563115382e-07
5.50325472474243e-07
4.598749296672833e-06
1.4148754194430525e-06
1.3809091524729192e-06
1.182720623304e-06
1.044383392864194e-06
8.906322372007456e-07
7.494941316148212e-07
6.911021074461837e-07
5.375222257602189e-07
1.4688224880719248e-06
5.581401384126144e-07
5.200638378210521e-07
4.261946955806657e-07
3.253294048374664e-07
2.8568060790335045e-07
2.2736126435614167e-07
1.7357138931475304e-07
1.4070396222809566e-07
1.3815869893585467e-06
3.224174332510297e-07
3.4680558612188433e-07
2.5956449522441733e-07
2.2970130433215957e-07
1.9401015043579193e-07
1.6442850777494688e-07
1.3044607595579654e-07
1.0969117658517455e-07
2.1993146980930064e-07
8.547902305776664e-08
7.448232090090993e-08
6.228048003281236e-08
5.073739870631564e-08
4.028247935527701e-08
3.2090027980562586e-08
2.4570445261304788e-08
1.9474659153571164e-08
2.789119109295064e-08
1.26833773577828e-08
1.078674101932422e-08
8.48643252470132e-09
6.952158282290681e-09
5.695450877829301e-09
4.699530442025374e-09
3.5974906981777384e-09
2.7412935439270852e-09
2.333903071756916e-08
3.6895827158937353e-09
4.542290831660807e-09
2.959917736143184e-09
2.6087294457479353e-09
2.019437056708381e-09
1.5241934323200905e-09
1.4436243921928202e-09
1.1383458919084002e-09
1.9860303035115297e-08
3.590920693149463e-09
3.995436357604787e-09
2.9417530239579318e-09
2.398838306320354e-09
1.9616829162876845e-09
1.4848029862418008e-09
1.2208330406738702e-09
1.0960588360164818e-09
1.9708185803341905e-08
2.978951250682801e-09
4.019102908722075e-09
2.9581347974048907e-09
2.837115737680433e-09
2.1535265877065156e-09
1.7442532000188302e-09
1.6154493533909287e-09
9.751472678116986e-10
2.149881200816802e-08
3.1692486131084147e-09
3.861447838735494e-09
2.646667852198887e-09
2.5147313594810574e-09
1.8018746388128692e-09
1.6416555119813295e-09
1.358606903770123e-09
1.0924767713088893e-09
1.9452691907503062e-08
3.5099786956475265e-09
4.35491292043184e-09
3.288776222695676e-09
3.152489351234357e-09
2.792167869403672e-09
2.2394689128651425e-09
1.88294378515211e-09
1.6686698930437092e-09
2.559377671703483e-08
6.71831387375767e-09
7.458269558607374e-09
5.887171565321888e-09
5.387967373510368e-09
4.221143666281994e-09
3.1843323210085833e-09
2.548575873491042e-09
2.2208766988046786e-09
4.30785111732245e-08
6.782793791477301e-09
8.027143874526315e-09
5.591625559673729e-09
5.385872040118933e-09
4.267199778479363e-09
3.491642735566342e-09
2.9177840962582393e-09
2.1109060791679076e-09
3.273143050636899e-08
5.890568966463818e-09
6.0672328982502455e-09
4.562389718000502e-09
3.886968354259225e-09
2.943093096979306e-09
2.0952503332301087e-09
1.589806115733266e-09
1.3007873174090969e-09
2.4488483546795706e-08
4.122264696908511e-09
4.6273214203477064e-09
3.194953248692479e-09
3.122828621744066e-09
2.311051404307517e-09
2.1943554475759754e-09
1.700236081333421e-09
1.6627391886412116e-09
3.195906345547967e-08
7.341146395068929e-09
7.657797858754596e-09
6.040607084584541e-09
6.178819316669181e-09
5.272965987388455e-09
4.083530505054075e-09
3.7172285666419276e-09
2.624272755552643e-09
2.3350532469345934e-08
5.926087112674435e-09
6.355123740877658e-09
5.911255755926711e-09
5.0140341871498505e-09
4.193006352117403e-09
3.4435184272198203e-09
3.0127961905701855e-09
2.865013707137935e-09
2.3489208039045945e-08
5.104757132952388e-09
5.681214752499477e-09
4.2478403797218036e-09
3.7356594180156365e-09
2.9049840066570777e-09
2.529789372645851e-09
2.186927448778836e-09
1.9670652114618774e-09
3.754174172220818e-08
5.992796708687557e-09
7.798233440286101e-09
5.525144957003029e-09
4.78495219044453e-09
3.806464614976326e-09
3.3555558499874193e-09
2.882026544647245e-09
2.303065802612515e-09
5.0523537320217237e-08
1.0924395181209928e-08
1.2538482041153757e-08
9.169338580994197e-09
8.511837138739535e-09
7.196044189708893e-09
5.762032842787328e-09
4.754476132854314e-09
4.210644417959134e-09
5.93553013390687e-08
1.2785548403593337e-08
1.5086390939777187e-08
1.1471651228909823e-08
1.0201650293222132e-08
8.829121365786365e-09
7.638743295448486e-09
6.686701705387826e-09
6.34101010020454e-09
4.692592106632229e-08
1.1802223796098142e-08
1.2183268405322431e-08
8.622897863589241e-09
7.609054670441328e-09
5.440120193331829e-09
4.635887518321933e-09
3.4319799691376953e-09
2.898755104405462e-09
4.49222359890048e-08
9.102213825703752e-09
9.817928050302215e-09
7.312678704959829e-09
5.9574591762809566e-09
4.881848517909792e-09
3.76017139611315e-09
3.3400176916750656e-09
3.1598437561503402e-09
5.2303428331536226e-08
1.0850571541260214e-08
1.1972113989471413e-08
8.359364026241452e-09
7.764842325568885e-09
6.430585514666771e-09
4.73211267035806e-09
4.216858596001887e-09
3.481102394962292e-09
4.2381785331163045e-08
8.705639019606079e-09
9.92283750784803e-09
6.949441254179063e-09
6.093666293214057e-09
5.063497395710901e-09
4.271190566236354e-09
3.786844948524494e-09
3.0267906825574317e-09
5.718452956602337e-08
9.760759753738864e-09
1.2451266361842445e-08
9.278303798243617e-09
7.828247179214354e-09
6.271915146266463e-09
5.280947751044881e-09
4.11660979503731e-09
3.757434468770159e-09
4.666316519094263e-08
9.274394842176417e-09
1.0234855652980484e-08
7.713951099458964e-09
6.972632240015159e-09
5.650596065287789e-09
4.839383016802939e-09
3.885634044937868e-09
3.6089906296889446e-09
5.911908724388818e-08
1.1986272121497992e-08
1.3372725770802376e-08
9.330494270456446e-09
7.948744295312784e-09
5.3772885432144704e-09
4.372710978422046e-09
3.3948123125079276e-09
2.918065719061587e-09
3.9758262449936214e-08
6.943949850160831e-09
7.317102335130228e-09
5.14370881156333e-09
4.786452548521683e-09
3.236877131446762e-09
2.3310896009890304e-09
1.9299654885542662e-09
1.6975938741702677e-09
5.781779263446733e-08
9.656189038592854e-09
1.1309096250547224e-08
9.304420262405189e-09
8.207810459629616e-09
6.744526861027972e-09
5.937386799515478e-09
4.739487642600241e-09
4.317319681016281e-09
4.1739718717714394e-08
8.3104952598005e-09
8.222116082955389e-09
6.444704567768367e-09
5.20996001399364e-09
4.759728792649849e-09
4.086866833987596e-09
3.6601718510208244e-09
3.1009435078576042e-09
5.815015493086843e-08
1.3017216151337515e-08
1.5068517840729843e-08
1.1426044751358518e-08
1.1113386572596447e-08
9.117802360715122e-09
8.122694704355698e-09
6.850748447095402e-09
5.789116501838765e-09
5.6719873137426043e-08
1.294079914284049e-08
1.4344968991370756e-08
1.037838832588021e-08
9.960045437249115e-09
7.887018763670028e-09
6.7987104089884114e-09
5.425147032850458e-09
4.877054385955917e-09
4.490299333377978e-08
1.0321635020256038e-08
1.1323208812145081e-08
7.276394728728478e-09
6.462950240269801e-09
5.4785715912300414e-09
4.90852309514406e-09
4.5325304867505394e-09
4.038266476783139e-09
6.370884289740466e-08
1.2139679292886689e-08
1.3354544180926466e-08
8.834935052013742e-09
8.389777000928387e-09
6.212710906769882e-09
5.531756372106418e-09
4.6838040037460896e-09
4.0300362876321265e-09
3.681026118251071e-08
7.608225701373765e-09
7.726674203075e-09
5.479472276595226e-09
4.3629475229092e-09
3.33941398432285e-09
2.5312335056132655e-09
2.3286950342055306e-09
1.6413216709074222e-09
6.450843119447641e-08
1.1833603184321757e-08
1.2780761583698608e-08
9.004629087493836e-09
8.103298404391524e-09
6.276720976322172e-09
5.590730669867506e-09
4.649243501669247e-09
3.74390750340369e-09
8.405623835879086e-08
1.790919841706395e-08
2.0347451649259196e-08
1.613655005057172e-08
1.4054846326020976e-08
1.23189476740887e-08
1.0386246266657536e-08
8.883082194704357e-09
7.943548524680553e-09
6.61134538640885e-08
1.4087530049755944e-08
1.3631067081836212e-08
1.027881886169336e-08
8.549906563850366e-09
6.267636768993283e-09
5.633024040262557e-09
4.356655936698691e-09
2.7212971563834533e-09
5.8700858665467814e-08
1.4454097630716157e-08
1.6529983452786327e-08
1.224378729862485e-08
1.095409185600145e-08
8.949172778049361e-09
6.9281200038452924e-09
5.8762423444470574e-09
5.084590786071904e-09
5.8533863702386626e-08
1.1065376872218366e-08
1.192760383030929e-08
8.439710583789828e-09
7.886769601923578e-09
6.000915722415743e-09
4.480392971383153e-09
3.855122558854538e-09
2.649175778412684e-09
5.900432457727688e-08
1.1058409262823059e-08
1.3349560574313621e-08
1.0064081534086544e-08
1.0007180516438368e-08
8.280751817083164e-09
7.032140310917705e-09
5.527732728742653e-09
4.834549183991767e-09
1.490749694772355e-07
2.649356669347766e-08
2.964684594219481e-08
2.090535832478925e-08
1.7746850730986242e-08
1.3747957912601144e-08
1.1386998209177836e-08
8.697834151827421e-09
7.337994296089918e-09
4.3440771571405456e-08
1.0072477430329906e-08
9.878033289679784e-09
7.58930469131763e-09
6.5139635721576974e-09
5.439500132295433e-09
4.4143978164062135e-09
4.932971858279796e-09
3.96700832814865e-09
6.816992753848826e-08
9.641370561099708e-09
1.1796826268343747e-08
7.921173915310585e-09
7.475708685318396e-09
6.461605668933418e-09
5.403899781515616e-09
3.846048904704289e-09
3.743853891039417e-09
5.947891943180286e-08
1.2686273821333305e-08
1.4936549433892533e-08
1.0091207863526617e-08
9.044029796903674e-09
7.353944967598189e-09
6.472788177161457e-09
5.310779694570692e-09
4.209527622822361e-09
4.8784906943391726e-08
9.602148246163112e-09
1.1103017945539966e-08
8.365944434748262e-09
7.54292911298324e-09
5.865630681941055e-09
5.4954274091529755e-09
4.561338254470329e-09
4.177104878883888e-09
5.777347271743963e-08
1.175199109722897e-08
1.2099353052048095e-08
9.214637263879266e-09
8.0523244834216e-09
7.1160414784947845e-09
6.38143566078703e-09
4.400518269518993e-09
3.6119977289028723e-09
5.8688719219987734e-08
9.748943264926287e-09
9.867542588442804e-09
7.728481225372775e-09
5.73385186810904e-09
5.189058698797202e-09
4.063347111614692e-09
3.309993310197394e-09
2.7288736635790005e-09
1.2910320257781025e-07
2.3596987871646056e-08
2.5432875680755612e-08
1.990077734041183e-08
1.661009515128462e-08
1.3211579952714653e-08
1.1384650417420942e-08
9.973264597170944e-09
8.195304293929134e-09
1.0344400093601929e-07
2.396159147109569e-08
2.6314020661248393e-08
2.0226486316247938e-08
1.7756434024612213e-08
1.4084432497529012e-08
1.1527162228652363e-08
9.718373119020465e-09
7.682502218454686e-09
6.064311614225495e-08
1.707283490989883e-08
1.7675319767274353e-08
1.4474483864943867e-08
1.355144564452532e-08
1.2944881906746745e-08
1.051890180394483e-08
9.428180640911119e-09
8.63998832729436e-09
9.333455058457577e-08
1.8518977382517473e-08
2.0611977526507824e-08
1.5959162780530064e-08
1.2411553272006824e-08
1.0441428897174447e-08
7.998846260612357e-09
6.888466230766634e-09
5.886226410635468e-09
7.551393606042352e-08
1.9263277566213445e-08
2.076269381392612e-08
1.6985500374522533e-08
1.5130431791457612e-08
1.3206288113334444e-08
1.0952227634204626e-08
9.566100320715663e-09
7.866064044366633e-09
1.0904262822696176e-07
2.411116088398713e-08
2.5687259664905405e-08
2.0431827191997757e-08
1.831017677079708e-08
1.4204433360801185e-08
1.2143188892416951e-08
1.0035516379977304e-08
8.350973541621553e-09
9.628754715292974e-08
2.205249358557347e-08
2.5217594328511846e-08
1.889844956770311e-08
1.7037529856027807e-08
1.426100749528189e-08
1.2847741720640845e-08
1.0180309510982757e-08
9.551482973616238e-09
5.485110120788266e-08
9.744577034041569e-09
1.1810733922912063e-08
8.885967280058072e-09
7.457778867297498e-09
6.062915943781259e-09
5.112662324795301e-09
3.4566581175528567e-09
2.982612814089319e-09
5.539249183437547e-08
8.87051034096897e-09
1.0126299743270903e-08
6.203983212809528e-09
5.66362961406997e-09
4.072857294041667e-09
3.5635975983356506e-09
2.9569850149436127e-09
2.420088131251097e-09
1.0120541010658111e-07
1.5360989808111778e-08
1.8483008197385947e-08
1.141168089178749e-08
9.930344087864758e-09
7.83580841773429e-09
6.443253575661141e-09
5.426529984698949e-09
4.828597220036909e-09
1.9486743376497044e-07
3.5982237164805894e-08
4.056459646524358e-08
2.953786614110336e-08
2.661385537869392e-08
2.079894502295543e-08
1.809923750902599e-08
1.2973172773172362e-08
1.0744510539906972e-08
7.86858642843232e-08
1.6756589971026504e-08
1.840388914755762e-08
1.3432457275543513e-08
1.1195746159737978e-08
9.503753188824215e-09
7.17690592840491e-09
6.377187330471749e-09
4.452751488663814e-09
6.900936353016446e-08
1.4197648553069075e-08
1.562466829671852e-08
1.2488953992055788e-08
9.807582548802707e-09
7.924275386193133e-09
6.334797878984951e-09
4.849935426079903e-09
3.912509359592331e-09
7.962082798051614e-08
1.2828204660388617e-08
1.5657778817962683e-08
1.129034291664066e-08
1.0209684129418257e-08
7.791757439963552e-09
6.581349398840041e-09
5.632080492983638e-09
4.447114968186359e-09
7.487264503847304e-08
1.5378261941857635e-08
1.6770367630210974e-08
1.3134936534833902e-08
1.252867690146491e-08
9.951323994424687e-09
8.073586804006203e-09
7.644918924025222e-09
6.1123643503871775e-09
1.6145262373080498e-07
2.937844464188385e-08
3.1278971843028605e-08
2.0563972935944784e-08
1.8446294958308873e-08
1.4866450984600874e-08
1.217786901274359e-08
9.037987283113469e-09
8.059445066562773e-09
7.407686967872752e-08
1.2807884004691326e-08
1.4728762841604794e-08
1.0265540964672767e-08
8.19910219436921e-09
5.937965819892795e-09
4.629845997717035e-09
4.202896791087854e-09
3.1326616123747505e-09
1.290154456900205e-07
2.4597691467049977e-08
2.8402193054765845e-08
1.9944687327500065e-08
1.9376569770034122e-08
1.6234287863134703e-08
1.3383311435210901e-08
1.1636125087248008e-08
1.0989817365029887e-08
9.428997666848565e-08
2.2029114240195192e-08
2.2639551317054913e-08
1.6245783701834085e-08
1.49118665640984e-08
1.3882988565866183e-08
1.2350295036323388e-08
1.0132466552480506e-08
7.833620613139042e-09
1.3288618451038703e-07
2.3579343723310477e-08
2.6959142684667967e-08
1.9755953051767712e-08
1.763548993946228e-08
1.4271798174283715e-08
1.1573948791876006e-08
1.0072972413419379e-08
7.840013681407703e-09
1.4945815250634233e-07
2.64480695425643e-08
3.052093193591515e-08
2.108931308675291e-08
1.7672162441063777e-08
1.4234400710891415e-08
1.2693162348524352e-08
9.960471521418382e-09
9.646026213472442e-09
1.192399353085064e-07
1.921398316591678e-08
2.2481604180700353e-08
1.5029028919889425e-08
1.2284833227751804e-08
1.0164748408731152e-08
8.472946561470543e-09
7.3964304472767705e-09
6.704854460633614e-09
1.3006280596011687e-07
2.8060237293208982e-08
2.7507547301222967e-08
1.9921348567579125e-08
1.7900146720315017e-08
1.4039451281402843e-08
1.312560086426417e-08
1.1093124091889599e-08
9.321023073027454e-09
1.1761547812986888e-07
2.626174627781895e-08
2.5875425073387234e-08
1.8989109812450942e-08
1.658898312827532e-08
1.2752186370346929e-08
1.0604781363341047e-08
8.494215775620872e-09
7.284618884074657e-09
1.214722418047347e-07
2.2542913457026133e-08
2.4222929428883845e-08
1.7457854572142277e-08
1.4339624304491492e-08
1.3443329062891777e-08
1.1033153055987033e-08
9.323386450988627e-09
8.95610118126415e-09
1.599500051520237e-07
2.8383918815436294e-08
3.374755917148809e-08
2.447966841692508e-08
1.8927204389342893e-08
1.4862074419149238e-08
1.0497580263643024e-08
9.692453019677066e-09
6.478697361955849e-09
8.846448622773692e-08
1.8412713793956693e-08
2.1105364523255437e-08
1.6580133826547865e-08
1.4291100293526712e-08
1.2631843981517528e-08
1.1457092073832859e-08
8.70504809305474e-09
8.351262747029877e-09
8.130606782233048e-08
1.8891558546817312e-08
2.062774964798153e-08
1.5940124316049872e-08
1.511191072155267e-08
1.1890179411610643e-08
1.0714991139515792e-08
9.769235130358538e-09
8.512514481908851e-09
1.4419420544057027e-07
2.68047643291482e-08
2.9293096850362234e-08
2.197353390687301e-08
1.8369347487237107e-08
1.4153389154253813e-08
1.1803656092077534e-08
9.919333727156506e-09
7.1150722655403474e-09
1.532129901829548e-07
3.020058938477127e-08
3.4409040425398065e-08
2.4468935311869453e-08
2.1256037081710265e-08
1.7578337331100876e-08
1.2885788541458756e-08
1.0305411971965318e-08
8.094044853748087e-09
9.063375001401003e-08
1.85120115410821e-08
1.8895550372863782e-08
1.3607612725824115e-08
1.1342235959043911e-08
7.913807937481548e-09
6.968671707304723e-09
4.802937150703749e-09
3.7928815659001144e-09
8.709888740354838e-08
1.7852906955070604e-08
2.03882006504819e-08
1.8137082068037718e-08
1.563886841353308e-08
1.38643498591424e-08
1.373861580036584e-08
1.2434544782418927e-08
1.2568024802570308e-08
1.5680557011222076e-07
3.3404069837093345e-08
3.743883053596988e-08
2.869621609152936e-08
2.4501198543467743e-08
2.1537594058516583e-08
1.7540442633275073e-08
1.5947652017734398e-08
1.2604896482704854e-08
1.0914500453551595e-07
2.8291566264133123e-08
3.0254081589533347e-08
2.244744380505683e-08
2.1734205475082205e-08
1.8343421415674768e-08
1.5749510827004017e-08
1.5036360690910318e-08
1.298926159543211e-08
8.410386339679899e-08
1.944771155794385e-08
1.9950989777602422e-08
1.505984009217378e-08
1.1761276762228897e-08
1.0472439359837736e-08
8.828388973205806e-09
7.158115354306743e-09
6.0718542259056875e-09
1.2654377599155601e-07
2.1370205511578947e-08
2.5263230917843813e-08
1.898743269585994e-08
1.7040794310266214e-08
1.4443609660123136e-08
1.2286365890124832e-08
9.714654118605524e-09
8.500927153186e-09
1.8938077338854128e-07
2.536457521617388e-08
3.2938378745985326e-08
2.1221117663620995e-08
1.7736670675961755e-08
1.510769241972615e-08
1.2183864176614843e-08
1.0299735094143797e-08
8.653645050877228e-09
1.1697163173771697e-07
1.9929661842057434e-08
2.226307292807272e-08
1.8072199390995493e-08
1.4348811405672275e-08
1.2077757360401305e-08
1.0154427939348507e-08
8.641601207609882e-09
7.010780769302117e-09
1.236855670063698e-07
2.421046572710916e-08
2.812665565977234e-08
1.9987010019006346e-08
1.7084313636938094e-08
1.421859816770117e-08
1.1238941280576994e-08
9.488475220030344e-09
7.859042411653798e-09
1.291639761761281e-07
2.8763417312988827e-08
2.9570947150559246e-08
2.4533520671473443e-08
2.13184992513309e-08
1.921197216150551e-08
1.5962752049239636e-08
1.471257889313594e-08
1.1854377345135723e-08
1.1226160846119555e-07
2.26758658730046e-08
2.3508246007478626e-08
1.7175263864762827e-08
1.4986880274508683e-08
1.1341409654966099e-08
1.0165564763082223e-08
7.837201493536345e-09
6.186249262119447e-09
1.2408909266936772e-07
2.1129877026693745e-08
2.4918993886668624e-08
1.8683671617752178e-08
1.5023356170962022e-08
1.3564254940956262e-08
1.0423200067490332e-08
8.296637972030145e-09
6.757181871169915e-09
9.890509560707526e-08
2.064036362961937e-08
2.2033247328317695e-08
1.5713478708645756e-08
1.5262715159375123e-08
1.217899063190801e-08
1.0799719590339937e-08
8.727329342737577e-09
6.9557602855672866e-09
8.92189530124957e-08
2.0762769716258688e-08
2.2170909949556824e-08
1.6349646233408138e-08
1.444228228970525e-08
1.1898435159457347e-08
9.259894752040405e-09
7.820354066633265e-09
6.657804813057813e-09
9.843449274223723e-08
1.5870712403020283e-08
1.9298120954113195e-08
1.4326483286012087e-08
1.2801426721453777e-08
1.0533086007226887e-08
1.0090017839950384e-08
7.519150553831878e-09
8.019532930093994e-09
1.0843948775355516e-07
2.6261392672633408e-08
2.964598766206982e-08
2.45985870199854e-08
2.3227727371535055e-08
1.859097322441604e-08
1.558670552564051e-08
1.3470707682094309e-08
1.159719294472928e-08
1.396695928460482e-07
3.1721788110213806e-08
3.411939111344118e-08
2.3865503462252105e-08
2.0313964710907233e-08
1.6229900724309065e-08
1.3013435845709817e-08
1.0362715895961829e-08
9.042326709322943e-09
1.1094062004879946e-07
2.0371888902799022e-08
2.0552451287761278e-08
1.6834121890058998e-08
1.4414992947143533e-08
1.2433129853483349e-08
1.0875103944539862e-08
9.387275447639171e-09
8.275886012699773e-09
1.9009220759650134e-07
3.5957226241740194e-08
4.0036719892099894e-08
2.796003800384192e-08
2.5757817847246455e-08
2.027786512305884e-08
1.7738423861037144e-08
1.3658478475273988e-08
1.0079296040648978e-08
1.4149756733302917e-07
2.298242970751903e-08
2.7266951161340066e-08
1.9328634978973754e-08
1.6126960755609224e-08
1.1372955186480798e-08
8.272696467732452e-09
7.567943787827085e-09
5.763481665749905e-09
7.413117074869798e-08
1.7585925126552793e-08
1.8018513901835606e-08
1.3004072912469713e-08
1.1913532409415865e-08
9.643765354007762e-09
8.13927006554128e-09
6.466688583919415e-09
5.789148414028388e-09
1.5742608893481756e-07
2.5385928654875318e-08
2.9953488150477025e-08
1.982080955432104e-08
1.760374389706088e-08
1.3590142499007633e-08
1.0444987392213892e-08
8.282131686027326e-09
6.6510042088680015e-09
8.900196229346834e-08
1.838110205612118e-08
1.9446326602337916e-08
1.3070123903937276e-08
1.297310564691512e-08
1.0100170026723101e-08
8.178014426774445e-09
7.714612382193121e-09
6.142324916902094e-09
1.691641305427108e-07
3.0655870991570105e-08
3.5335372735832044e-08
2.4559256657619453e-08
2.1976277243536246e-08
1.8390092879955712e-08
1.538522383023259e-08
1.2444662781235388e-08
1.0447901772428727e-08
1.2777399878526048e-07
2.8314818426420815e-08
3.003783831574427e-08
2.2682347878447234e-08
1.9675032199443747e-08
1.6170064924869788e-08
1.2950525318914685e-08
1.096001941576503e-08
9.068847541813294e-09
1.8524870244035726e-07
3.088670091374301e-08
3.79660640339271e-08
2.5150509372108992e-08
2.225810851011431e-08
1.777732219917808e-08
1.4564439461174867e-08
1.2725474676131524e-08
1.0019745240537188e-08
8.887718655257799e-08
1.6268468614183435e-08
1.6800555837306428e-08
1.2212717409681303e-08
9.915230806488945e-09
8.185510255323212e-09
7.0885436107776405e-09
5.619721871402995e-09
5.775827485794478e-09
1.3011003624228704e-07
2.6198677789899686e-08
2.802099471878038e-08
2.0579116626676607e-08
1.8490904818029387e-08
1.559828653244154e-08
1.3273817503429218e-08
1.0076071622707e-08
8.127616445332583e-09
1.437190128977112e-07
2.8552396905048875e-08
2.99970969761133e-08
2.3322739869213894e-08
2.0881866367090386e-08
1.6429654247646356e-08
1.5211339269209724e-08
1.2599389774418698e-08
1.025281805031575e-08
1.4630129386159287e-07
2.6080259370193026e-08
2.8938549533840795e-08
2.2451775171255155e-08
2.0495119527493077e-08
1.8645654923392867e-08
1.5311481560519922e-08
1.3106361171333097e-08
1.1469299876543134e-08
1.6064217763414027e-07
3.492897337429128e-08
3.7238777830379266e-08
2.8803799796893897e-08
2.5683937542730197e-08
2.1376494312989716e-08
1.736436498895691e-08
1.5025112593275968e-08
1.2881387741693416e-08
1.9870485068636516e-07
4.3143186477654516e-08
4.583491192555179e-08
3.675347965241827e-08
3.226267670578506e-08
2.736780151393071e-08
2.171429047355381e-08
2.045021544782283e-08
1.627161184483271e-08
1.6006240141161563e-07
3.6011785131880766e-08
3.625751277960744e-08
2.719592429938389e-08
2.280396177707978e-08
1.872857470451022e-08
1.612150690963701e-08
1.2989660099084526e-08
1.1138459399006119e-08
1.4614877476165925e-07
3.032737051616991e-08
3.0509871785533765e-08
2.1199421277109703e-08
1.772328314378716e-08
1.2615328054968666e-08
1.0424350189086004e-08
7.210987183251621e-09
5.9620578770121836e-09
9.42007362663624e-08
2.0242827654613458e-08
2.1868167565261837e-08
1.6677122688032734e-08
1.4573525096030972e-08
1.1306307210166433e-08
9.879446735896218e-09
7.089735320616182e-09
5.8138887328568655e-09
1.3021132705216952e-07
2.287743271907646e-08
2.4376624658375724e-08
1.7443926753743816e-08
1.509909942267535e-08
1.1542982707435454e-08
9.651086614206462e-09
8.024170661722681e-09
6.92353240925441e-09
1.6459371674119504e-07
2.6878856345859364e-08
2.9161336268547763e-08
1.9871220960351613e-08
1.5888497416342008e-08
1.1099783792197802e-08
8.605813916308878e-09
7.082900110019691e-09
5.127989784853523e-09
1.672607382453912e-07
3.166679774119016e-08
3.575075544847196e-08
2.5613801566155842e-08
2.4075082708929068e-08
1.8936649077464733e-08
1.6496439129613824e-08
1.2568780228870871e-08
1.092005151708661e-08
1.4105824235121533e-07
2.484673510994216e-08
2.7530808725894228e-08
1.965476771895682e-08
1.7213870236049536e-08
1.3370899512900992e-08
1.0016770091774843e-08
7.320644179154321e-09
6.7428490201201e-09
1.4886982185194174e-07
3.017751182290439e-08
3.4043506960263834e-08
2.6422468998236528e-08
2.1968241034319332e-08
1.6478787190443225e-08
1.498001190625358e-08
1.1761024010623955e-08
9.824521794860791e-09
9.386852963770708e-08
1.9971139842065435e-08
2.0201764678195692e-08
1.454641257739259e-08
1.2336949116320138e-08
9.4120977719718e-09
8.135708687792171e-09
6.684147533000918e-09
6.035370775216905e-09
1.0910801264450494e-07
1.9692439009242486e-08
2.3451523022078232e-08
1.5541189609786358e-08
1.2758527884311092e-08
1.010228944584174e-08
8.386171855931668e-09
5.724492685314536e-09
4.631424631859174e-09
8.188681058591616e-08
1.3502021880182138e-08
1.5721699169653788e-08
1.09101085626302e-08
9.320786639579156e-09
6.889874691266174e-09
6.027584521953951e-09
4.493375887041853e-09
3.876483020998738e-09
1.1527618729482477e-07
1.9780283633222178e-08
2.1827840663911247e-08
1.6770842061587336e-08
1.3253830081292473e-08
1.0741487808794531e-08
9.06179672187044e-09
7.585408217963558e-09
5.650406671560996e-09
1.755683507818774e-07
3.142570790923174e-08
3.5916687818544456e-08
2.4950619503998223e-08
2.1526851692431558e-08
1.67807211805046e-08
1.2561373989369898e-08
1.08414613393168e-08
7.068194686673786e-09
9.750184880274202e-08
2.2435243322047204e-08
2.3073209814724184e-08
1.5104424841698036e-08
1.217661059919785e-08
9.364405943225487e-09
7.312300125781624e-09
6.3985156171539725e-09
4.9929394494542644e-09
1.4990137788301248e-07
2.6042285544641752e-08
2.9573486059642345e-08
2.163733310134474e-08
1.9056554960933944e-08
1.5281202222309413e-08
1.2527452727742168e-08
1.1018156321252925e-08
1.043783368787412e-08
1.0840307678573076e-07
2.2705592263787858e-08
2.5540527762619978e-08
1.8252915862303132e-08
1.6229098343015264e-08
1.207105376224818e-08
1.0214804279593474e-08
8.554305118645159e-09
7.082347470572847e-09
1.0492908135981565e-07
2.293563770209583e-08
2.5620608425327538e-08
2.00456175592451e-08
1.749406053550144e-08
1.4658171131246924e-08
1.1234603177112763e-08
8.824818701726643e-09
7.539340749416084e-09
1.3503150581189648e-07
2.643263185658114e-08
2.9587651188233307e-08
1.9297816930088967e-08
1.5749274372406816e-08
1.263472051664118e-08
1.009741493474243e-08
7.945961248554362e-09
6.693958232471159e-09
9.577192413397129e-08
1.4063043768463718e-08
1.6800895250310067e-08
1.0047543816511736e-08
9.659018266601843e-09
6.731483215469674e-09
5.579229836197502e-09
4.3783649825412895e-09
3.6302235817245265e-09
6.922122461946246e-08
1.3844174550781916e-08
1.506595392031341e-08
1.1180373518354884e-08
9.172353253338357e-09
7.507170024943387e-09
6.722810442808454e-09
4.889903705760123e-09
4.3213967301508435e-09
1.4160614383030576e-07
2.6720185840313723e-08
3.2283993737612636e-08
2.2403745328239714e-08
1.9388890382197912e-08
1.449523464817136e-08
1.1634835226135312e-08
1.0760480172680252e-08
8.900675200675908e-09
1.3230758230849865e-07
1.8929080867205354e-08
2.4803411296215157e-08
1.7867232071014083e-08
1.6147059680380854e-08
1.3218581371523725e-08
1.0751928058692898e-08
9.406365573970364e-09
7.257887841567005e-09
2.0187008434079588e-07
3.147886538516483e-08
3.5842939723939204e-08
2.4525613379684934e-08
2.1648071422310884e-08
1.760134787574004e-08
1.3574214971414682e-08
1.0982710964322882e-08
9.089184630972867e-09
9.227964031263436e-08
2.1735545258105548e-08
2.181503945284678e-08
1.732995078427114e-08
1.424057901478251e-08
1.2520459672524109e-08
1.0250977292005226e-08
8.518515738425259e-09
7.034270828861e-09
7.314726586996643e-08
1.3332317742947203e-08
1.5561070639924255e-08
1.046386415449357e-08
9.04154070615942e-09
7.4014176686132235e-09
6.483205088125486e-09
5.359664757463604e-09
4.204840939248514e-09
1.0683748755484121e-07
1.638121070062765e-08
2.0368503922405515e-08
1.4804744141439795e-08
1.3788218584266766e-08
1.0728861753306354e-08
9.476498004812563e-09
8.80208407148574e-09
7.376994825423067e-09
1.2722569478831274e-07
2.7227293834866368e-08
2.9650240592961164e-08
2.2202712793964088e-08
1.8790989095480504e-08
1.5331564554955987e-08
1.3001198284399717e-08
1.0069053285830113e-08
9.16351384366773e-09
5.4613080959425186e-08
1.622639673903578e-08
1.476849757830184e-08
1.2165569528300745e-08
1.088273393486138e-08
8.981466467588194e-09
8.384724328558763e-09
6.829275259745327e-09
5.997921630346536e-09
1.452907359255274e-07
2.476036728619757e-08
3.0475983019580774e-08
1.994475305792424e-08
1.7240948439903916e-08
1.4080016145944369e-08
1.117762317504204e-08
9.581354278430192e-09
7.426049861942743e-09
8.730459140999501e-08
1.6822312543252568e-08
1.6961221856519048e-08
1.2892136485765978e-08
1.0675994538259466e-08
8.032713161185538e-09
6.886051225602418e-09
5.989963778451315e-09
4.917722915014089e-09
1.3710236286257404e-07
1.9347383918144696e-08
2.368055080484323e-08
1.4568506323401268e-08
1.2932501581984702e-08
8.453805535958979e-09
6.489097167105737e-09
5.215529801749523e-09
3.5322087373074067e-09
5.434129919653374e-08
7.384235532500476e-09
9.517736089970317e-09
6.327042518177951e-09
6.003686036869089e-09
4.641917656573683e-09
3.734524362329079e-09
2.833391437588164e-09
2.4869715152769094e-09
1.5752954989386975e-07
2.0513650035096984e-08
2.567050075134475e-08
1.8789942674355738e-08
1.590712421290811e-08
1.2649988864575463e-08
1.0872194140645546e-08
8.800519637933004e-09
8.200992461928e-09
2.194700207801593e-07
4.310083806410111e-08
4.982603789898279e-08
3.7852209628036884e-08
3.313709782687685e-08
2.7810976659600457e-08
2.3213912037202604e-08
1.9658225222871874e-08
1.5605277693281398e-08
7.800523284351234e-08
2.38458077509979e-08
2.383950897836816e-08
1.8080626438869612e-08
1.617804353104783e-08
1.294188506325732e-08
1.1253731587689701e-08
9.313860730275848e-09
8.837258976116359e-09
9.475687537507358e-08
1.9291173413527916e-08
2.0251029687682875e-08
1.4032540432745853e-08
1.2436425755459555e-08
9.750905143015348e-09
7.435037016894673e-09
6.443728720289347e-09
5.2471722257633914e-09
6.866050242009437e-08
1.1905136496845557e-08
1.4365668004141498e-08
9.758066115347914e-09
8.62679391934614e-09
6.275867959737613e-09
6.147957585056259e-09
4.797642052561815e-09
4.324146883855859e-09
1.1265363339545764e-07
2.1548673284493202e-08
2.3366114815500335e-08
1.6928262828852476e-08
1.4387370657029584e-08
1.1983560720007716e-08
1.001820699172828e-08
8.484404865280316e-09
7.282504280409253e-09
1.12894430154552e-07
2.5323382888125282e-08
2.8714664073224077e-08
2.3044486577638966e-08
2.0030890101059978e-08
1.7313136119098822e-08
1.454564591491329e-08
1.2112030576685298e-08
1.0480370084907189e-08
8.112325921348336e-08
1.6092574843651784e-08
1.684673296611679e-08
1.1655645590532448e-08
9.861147415626963e-09
7.491790124921457e-09
5.9504258643696174e-09
4.3160251376314025e-09
3.3405537028376372e-09
1.012657026914686e-07
1.9216618264385003e-08
2.1382996198639843e-08
1.5720528971416484e-08
1.3222496986042315e-08
1.0676475646040648e-08
8.24021293019604e-09
6.482992933715469e-09
5.371423162503975e-09
7.267705560961506e-08
1.559551584196262e-08
1.646362829756247e-08
1.128040540980265e-08
9.102763392525599e-09
6.0144877475773775e-09
4.786421942581104e-09
4.073593766440565e-09
3.2799935369567153e-09
8.378783436319378e-08
1.4712247516043602e-08
1.659382131849698e-08
1.0811280391180542e-08
1.0260208340355463e-08
7.780425088300178e-09
6.9616295784914495e-09
5.425789778616195e-09
4.460220324088262e-09
7.796380404547565e-08
1.3604182230851422e-08
1.4329190451143408e-08
1.0592781357390842e-08
8.773956320949898e-09
6.512391230258299e-09
5.412251765449531e-09
4.409526745532103e-09
3.540348077813693e-09
1.2521530468737464e-07
2.0540950052186596e-08
2.4691871446835984e-08
1.622796978141116e-08
1.4452184545359624e-08
1.0738978701481984e-08
8.655725069006168e-09
7.0377172519404846e-09
5.585761512468235e-09
9.762814906230225e-08
1.494781020295458e-08
1.7578610274203064e-08
1.3057884522552115e-08
1.0908664469177263e-08
8.628729930520843e-09
7.823262358223608e-09
6.574151432661473e-09
5.225554346370539e-09
7.01869162963887e-08
1.4826759421352384e-08
1.5849091467626397e-08
1.193110425418252e-08
1.111623151547225e-08
9.181264345706026e-09
8.16001093055991e-09
7.710771751858794e-09
6.395726623422904e-09
1.1100894389504152e-07
2.3445366646147447e-08
2.7398251579614364e-08
1.987228648556121e-08
1.804703948122746e-08
1.4739595540691885e-08
1.313027786888889e-08
1.107875512832134e-08
9.364680456087728e-09
6.531061073306631e-08
1.2983301277153675e-08
1.4160507330058276e-08
1.0357833400298978e-08
8.431802855220012e-09
6.921295619685906e-09
5.91108588837575e-09
4.737355127011881e-09
3.918178812100275e-09
3.785130027308166e-08
7.244488323272766e-09
7.984450020443542e-09
5.76425711848804e-09
5.153887388924164e-09
3.9033777633250565e-09
3.237354479841132e-09
2.782439357549569e-09
2.5491663873010363e-09
7.048804375821389e-08
1.0994705124929916e-08
1.3424440544896614e-08
9.414089458030745e-09
8.435647892028674e-09
6.8994167911467115e-09
5.571336283736021e-09
4.6314917585773805e-09
4.434725599124843e-09
5.549811522126038e-08
9.720447753009495e-09
1.1664145010982946e-08
8.07058973497532e-09
6.533065483976307e-09
5.417650145401164e-09
4.823932755674834e-09
3.759394007249898e-09
3.373796312883133e-09
5.420813062681171e-08
1.152559740237726e-08
1.2070481075093068e-08
9.373860367356035e-09
8.24562647899413e-09
6.278538266608859e-09
5.091028685141092e-09
3.825116632844102e-09
3.3577863481917082e-09
6.695369233808399e-08
1.3702615181909894e-08
1.5503320932693564e-08
1.0744186651550347e-08
9.34535514154204e-09
7.840028541718601e-09
6.706464057738712e-09
5.42318131652988e-09
5.058977866383315e-09
7.236662710143361e-08
1.7352428808359798e-08
1.9283985020095077e-08
1.4436002434730469e-08
1.2675315018828095e-08
1.0327860074116514e-08
8.526198126095566e-09
7.008194441560067e-09
5.33658464247539e-09
6.825248819585822e-08
1.3618135171875876e-08
1.4535191735607522e-08
1.0862397988069818e-08
9.770235947656625e-09
7.845806382310184e-09
6.71388242651442e-09
5.5464808325716584e-09
4.60905618423589e-09
8.26755998412753e-08
1.9654380901224574e-08
2.0615626685400553e-08
1.6645331551372164e-08
1.4972542212537184e-08
1.25755679119926e-08
1.079185539154304e-08
9.471675172678346e-09
7.573752769451988e-09
7.218133938544106e-08
1.5898503878953274e-08
1.7678678695909556e-08
1.3124487920503525e-08
1.1215340194099207e-08
9.002997429781234e-09
7.193302142453978e-09
5.497963671948033e-09
4.5683714755320695e-09
5.1594722012794867e-08
9.403629430680473e-09
1.0847830947237743e-08
7.749339931016419e-09
6.5237812892290405e-09
4.811836689687647e-09
4.4906040517179125e-09
3.3116431120537256e-09
3.064250794124466e-09
8.02256170986909e-08
1.5283679078439278e-08
1.7274553937016924e-08
1.202122048137077e-08
1.1254455646262168e-08
8.89891897086194e-09
7.47670794763855e-09
6.086645185127234e-09
4.972527344319784e-09
4.722603935849853e-08
9.242019207216683e-09
9.806828266660402e-09
6.383734404249593e-09
5.510346495835821e-09
3.8171363147680715e-09
3.338087960108402e-09
2.3451385380167147e-09
1.8945997251055453e-09
3.574899119561085e-08
5.348457240477569e-09
6.53981786382453e-09
4.089870927315585e-09
3.588674204043814e-09
2.719916018702075e-09
2.457349607093018e-09
1.8302208498153499e-09
1.3921524697717586e-09
4.279015036452578e-08
8.325425533082668e-09
8.772208916198773e-09
5.959697294911906e-09
5.0370949393387035e-09
3.7088548048580726e-09
3.1016776993313048e-09
2.630877035966809e-09
2.4045465298392407e-09
3.8165429255768255e-08
7.494108898017123e-09
8.55440581330789e-09
5.619430306951628e-09
5.503426666437037e-09
4.071201285278812e-09
3.2607504990508476e-09
2.5825859776855186e-09
1.9881857643914254e-09
3.8845664427341715e-08
7.419540608470377e-09
8.564787689559387e-09
5.749597548506718e-09
5.0625978151584665e-09
4.316736551967372e-09
3.2831633011859833e-09
2.6957187720887204e-09
2.2181581954967046e-09
4.2233759105890976e-08
7.903150589739809e-09
9.433898807962364e-09
6.884661619603367e-09
6.020885980790099e-09
4.8241713807207144e-09
3.944808611122731e-09
3.1708671869321756e-09
2.741810750982146e-09
6.902965322727137e-08
1.4444850095342776e-08
1.6583208576744304e-08
1.456750040864828e-08
1.3659713535039387e-08
1.2521883216073827e-08
1.0469884787833512e-08
9.620842200627749e-09
8.405444397484248e-09
5.521809624413083e-08
1.222457624492089e-08
1.3340428151301546e-08
9.862322288508108e-09
8.695255790946856e-09
7.000917050455136e-09
6.104195387772755e-09
4.935588484667558e-09
3.82362671985683e-09
3.702802469045734e-08
8.181787691774629e-09
9.123394729661433e-09
6.761763684388903e-09
5.547836111790593e-09
4.1938408342767515e-09
3.6362703955241534e-09
2.9228760697537883e-09
2.460166616568323e-09
4.770301288750362e-08
8.344009459083076e-09
9.909925999596983e-09
7.675457032084668e-09
6.855803626909838e-09
5.414192351961131e-09
4.516741736312448e-09
3.7119740326361584e-09
3.260108065090948e-09
3.707933503340084e-08
9.57475108548885e-09
9.957162188762248e-09
7.632522825897475e-09
7.253729608547721e-09
6.26077610058374e-09
5.7708607624697075e-09
4.871146819822323e-09
4.5748813111142525e-09
2.247655766271449e-08
6.120505829299901e-09
6.4639759331613645e-09
5.042877964656116e-09
4.8058977137678685e-09
3.810496941397062e-09
3.299422758934562e-09
2.4670735915091487e-09
2.0985714467608118e-09
2.807399521194386e-08
4.552577872129758e-09
5.510783696247472e-09
3.819628376837948e-09
3.2300128583293074e-09
2.4150298659782033e-09
1.854899094694415e-09
1.4438173572336573e-09
1.2094584471692936e-09
2.6942729122206646e-08
4.6475506125159726e-09
5.589239350691507e-09
3.868654278204324e-09
3.2312279920773323e-09
2.516631402297086e-09
1.9704538155350586e-09
1.363219494006177e-09
1.2536202444368015e-09
2.9752328268115193e-08
6.715799957781685e-09
6.924887732424129e-09
5.5223494672580336e-09
5.06300647485357e-09
4.616835116572169e-09
3.868961498299004e-09
3.257968685620902e-09
3.0289995539711953e-09
3.5713606712242634e-08
8.155523706736268e-09
8.801996792042306e-09
6.590507861583679e-09
5.99934385318251e-09
5.036750721821219e-09
4.123715787415522e-09
3.1295756322541305e-09
2.6158511669490554e-09
2.2378819518970562e-08
5.013516951645337e-09
5.724612486037789e-09
4.162494839110394e-09
3.521525073855264e-09
2.772978812096343e-09
2.4452130736143557e-09
1.7043212513811308e-09
1.5351199347556703e-09
3.54384721755013e-08
6.277850298160059e-09
7.686071780823192e-09
5.36000624762248e-09
4.608665474403725e-09
3.461993257220637e-09
3.199380280546597e-09
2.321706170103577e-09
2.049989341510397e-09
3.321526836420772e-08
6.3610964910225815e-09
6.584285437464202e-09
4.529689815146485e-09
3.828400006223474e-09
2.996760716285125e-09
2.489397538047164e-09
1.8479740355065223e-09
1.589691892337884e-09
5.3762406435455673e-08
8.375196208956019e-09
1.068148710630771e-08
7.082811991687933e-09
6.418765198816409e-09
4.79059491667282e-09
3.562078098640705e-09
2.735529311478456e-09
2.2068279860611577e-09
2.585754645203133e-08
5.648939742361251e-09
6.419362347684243e-09
4.6650347306446026e-09
4.409124317593185e-09
3.117344883238214e-09
2.6916610557980755e-09
2.2119789058240547e-09
1.692088626650972e-09
3.3228068773112494e-08
7.186774898961943e-09
7.970474061987153e-09
6.201819115872672e-09
5.544583506649328e-09
4.330495717381872e-09
3.6043884383385915e-09
3.072143304999994e-09
2.4804486346437307e-09
1.3936167144845447e-08
2.7175564036091317e-09
2.798158421430107e-09
2.239124962755724e-09
1.869979297506812e-09
1.3857651311552428e-09
1.1451572084329224e-09
8.943932283443532e-10
6.837702259186789e-10
1.7277907394717672e-08
3.279621309924933e-09
3.6526237450820065e-09
2.911861398920216e-09
2.4448417749362138e-09
2.066116892842898e-09
1.747319505546689e-09
1.4988070755701907e-09
1.1557904798859856e-09
2.110323265715042e-08
4.242457349452451e-09
4.534450402568864e-09
3.1835386144178746e-09
2.6111234328016456e-09
2.1356403224342044e-09
1.5502421855547254e-09
1.3084441576780023e-09
1.0564131326057744e-09
2.8354602400270158e-08
4.1205423196964945e-09
4.852241838550607e-09
3.1495718785661643e-09
2.9298859796634603e-09
2.109191585363899e-09
1.5830933079307132e-09
1.2524685773061265e-09
9.717336389568233e-10
1.736799071614749e-08
2.8486549192453537e-09
3.3782646102643764e-09
2.484715298082718e-09
2.2048607295363627e-09
1.8331391947107947e-09
1.6189846199964268e-09
1.2186093895171236e-09
1.042861159845198e-09
1.514528272192649e-08
3.3326361569643423e-09
3.829457357331304e-09
3.0762585091992454e-09
2.7063913614728952e-09
2.137384353069979e-09
1.7752419271682312e-09
1.4825514614549721e-09
1.3842835756025593e-09
9.699717121643647e-09
1.532758232527839e-09
1.9298403706497647e-09
1.3827903611182083e-09
1.2145951534773058e-09
9.227799467324323e-10
7.55477363379187e-10
5.877041148759782e-10
4.779073877677141e-10
1.732894131861778e-08
2.8565170968819752e-09
3.4304916712355018e-09
2.407487359251112e-09
2.1092923626004454e-09
1.5889816318969107e-09
1.2701848156721958e-09
7.969375403411402e-10
6.466093730804132e-10
1.337153735080041e-08
2.342239295683681e-09
2.7214677770648354e-09
2.1649913341901073e-09
1.8441866059019252e-09
1.5068919640435794e-09
1.368803920381866e-09
1.0423966913606275e-09
9.701878724500963e-10
1.5258839660272343e-08
3.4052907262942293e-09
3.6321796707843402e-09
2.8242597466507385e-09
2.459627557483051e-09
1.9832276007380867e-09
1.6603753122585135e-09
1.404209372926019e-09
1.0895007617731358e-09
1.5472883546831184e-08
3.6975919104230755e-09
3.871647772231249e-09
3.047197340632228e-09
2.7058012872636647e-09
2.162415937164981e-09
1.670106630934655e-09
1.4580326825798751e-09
1.1445846992395243e-09
1.3648956701953504e-08
2.6876524023692523e-09
2.888620760778005e-09
1.9804350721373193e-09
1.8080302036001918e-09
1.3630659778221724e-09
1.0967146446198023e-09
1.0023306953108173e-09
8.559681473517198e-10
7.807968322094091e-09
1.3774910806190595e-09
1.5232264729641479e-09
1.085591809750467e-09
9.437318124728103e-10
7.039280372525722e-10
5.853713874959964e-10
4.534290211967799e-10
3.7230610056578205e-10
1.3080757506336179e-08
2.214837754666939e-09
2.4968164074594293e-09
1.8044433695968642e-09
1.5267555718709023e-09
1.2432126219717012e-09
1.0023477241630178e-09
8.741152647963172e-10
7.154423861953566e-10
1.8563538772713408e-08
3.325031342087693e-09
3.855719013671818e-09
2.878846926278117e-09
2.61271871871207e-09
2.233719147658079e-09
1.879363931729743e-09
1.7890511178414118e-09
1.5116886044769008e-09
7.295726861519661e-09
1.9138742141551545e-09
1.9630668729982963e-09
1.5271524136608285e-09
1.4177709249755296e-09
1.1173818219893193e-09
9.69230072785577e-10
8.721046109670746e-10
6.682381656741819e-10
1.203873871212645e-08
2.3421887280295194e-09
2.6550670612256692e-09
1.940953473836588e-09
1.7355706595571193e-09
1.424500053945041e-09
1.104954364468689e-09
8.426284054280737e-10
7.356002690146396e-10
1.3905224144004112e-08
2.4194789256686122e-09
2.7888204079763492e-09
2.068172542798621e-09
1.8076459944182996e-09
1.4376975320453594e-09
1.2002038470173193e-09
1.0499933359787483e-09
8.799559979202304e-10
8.160840757334988e-09
1.7384586291270888e-09
1.9497340921703555e-09
1.3775820660345218e-09
1.2531624311615009e-09
9.63359430116833e-10
7.338511837711917e-10
5.616615184856041e-10
4.0458231780312504e-10
7.944224566475134e-09
1.3920929629145213e-09
1.6259222161975633e-09
1.1465096149675376e-09
1.0119741880368376e-09
7.683197183949437e-10
6.336612521361133e-10
5.098096062585139e-10
4.378788215034478e-10
8.944452215406238e-09
1.4328458448223723e-09
1.7391444864083063e-09
1.2594226065526603e-09
1.0712676903085491e-09
8.570787215765629e-10
6.963439299771373e-10
5.461223004786397e-10
4.340137704264681e-10
6.560614914837574e-09
1.1858423202494852e-09
1.3412002412834192e-09
9.22616645846417e-10
8.813160069425192e-10
5.869508031062243e-10
5.397980061095483e-10
4.3683148740765406e-10
3.6372267582053436e-10
1.0538320996385488e-08
1.856822136709459e-09
2.056211667651513e-09
1.4048001877453622e-09
1.2212851421083065e-09
1.0304109474594343e-09
8.015956462055307e-10
6.978009539692027e-10
5.976393581597425e-10
1.0648879873093025e-08
1.8131340299529883e-09
2.086023165085382e-09
1.4011017164001595e-09
1.2191132853484616e-09
8.36452498352123e-10
6.691920714725272e-10
4.666417460959996e-10
3.6232632577058103e-10
7.460039426072767e-09
1.2931115261298718e-09
1.6179441319249284e-09
1.032928473409253e-09
9.526160601708252e-10
7.087794439527701e-10
5.721766409599302e-10
4.932898058582553e-10
3.8396680372890335e-10
4.902968146082278e-09
9.281162420429809e-10
1.10386963402775e-09
8.133933453540997e-10
7.46945885777384e-10
5.311990064830373e-10
5.074617517240786e-10
4.089607801072112e-10
3.6377777079376293e-10
5.186818956030087e-09
9.87508155443674e-10
1.0693910477984947e-09
7.715379006385768e-10
6.854116806035901e-10
5.861475687153939e-10
5.301769348844971e-10
4.758582994086634e-10
4.019074286299453e-10
3.737039400500562e-09
8.290449427354491e-10
9.69688237711326e-10
7.594700190706734e-10
7.398853997664257e-10
5.862054887778195e-10
4.939282406081034e-10
4.4077585535913116e-10
3.6428850368717017e-10
6.619034682532713e-09
1.317894459033706e-09
1.4544309350842103e-09
1.0991814466369508e-09
9.095183363239376e-10
7.297373044072879e-10
5.818261188147813e-10
4.6378598784804e-10
4.059003670181041e-10
3.2992105987046484e-09
7.239838109947676e-10
7.510833746553393e-10
5.41048316653423e-10
4.79330664871213e-10
3.997605846711443e-10
3.3103070822648827e-10
2.8202260921157396e-10
2.351681392656521e-10
4.16605286748669e-09
7.000314716199866e-10
8.017802887129358e-10
5.442089462484949e-10
4.540016416265002e-10
3.559248143946478e-10
2.9516385369822885e-10
2.2911221566373313e-10
1.862163334348027e-10
2.0386046865596905e-09
4.0659682207179267e-10
4.657206140995889e-10
3.2834548066530244e-10
2.7842902710617424e-10
2.299130747382635e-10
1.9948331195955487e-10
1.5408990454197078e-10
1.2410641329050848e-10
2.799495590835416e-09
5.007814586988719e-10
5.818061769706763e-10
4.4141375703732647e-10
4.069940293872533e-10
3.321059324983131e-10
2.7798866715432086e-10
2.1476896534226794e-10
1.8228891248040395e-10
2.5554780032606845e-09
5.281862463358461e-10
5.857537527707667e-10
4.5103166791465647e-10
3.651945378732378e-10
2.963480735660871e-10
2.6242343849104687e-10
2.0943763429586244e-10
1.8886982255400502e-10
2.4822516246443486e-09
5.384976346920228e-10
5.751688370060082e-10
4.4732675299199773e-10
3.935768778023983e-10
3.247368335238785e-10
2.765232504375349e-10
2.1635786056419614e-10
1.7435571050241081e-10
2.463890306731566e-09
5.047148772096961e-10
5.498335923674798e-10
4.109821506544676e-10
3.4126928155507474e-10
2.7211082418460755e-10
2.0298666315062412e-10
1.6981764561738966e-10
1.2983005632245262e-10
2.2737028161963136e-09
3.933854360596372e-10
4.5005741817977426e-10
3.2382170243607094e-10
2.746582884882066e-10
2.148704733422456e-10
1.5727724505884848e-10
1.303607811923299e-10
1.0367793047873255e-10
1.0673856323324834e-09
2.0579763256934224e-10
2.2831019253119558e-10
1.6768687965803862e-10
1.5182211289518748e-10
1.3080844264432247e-10
1.0180089247065204e-10
9.02468520282466e-11
8.334312612098097e-11
3.2634546748684503e-09
6.206487112123274e-10
6.732296935493206e-10
5.055030212001182e-10
4.3884977914703295e-10
3.62726285479256e-10
2.983104090748089e-10
2.2207716801362676e-10
1.753767977684194e-10
1.459565296944004e-09
3.711828738215229e-10
3.845526702084609e-10
2.960934040268604e-10
2.5007269966664614e-10
2.148611125431175e-10
1.5626258496735397e-10
1.2889032707215726e-10
1.0496817465061305e-10
1.2965048463212552e-09
2.5552769043243177e-10
2.8284467187530354e-10
2.0422591988649342e-10
1.841085265381516e-10
1.4258899014120014e-10
1.2111726719935474e-10
9.846097262188194e-11
6.76844718706192e-11
9.957078590407086e-10
2.310398990583488e-10
2.4312012684455763e-10
1.9958339076645372e-10
1.7318608843159034e-10
1.4556152669533304e-10
1.2269768877175345e-10
1.0566441722908782e-10
8.800998512389847e-11
1.1822962733676103e-09
2.693217426484918e-10
3.0852947920885244e-10
2.40404963006128e-10
2.1566820678421546e-10
1.820775623365927e-10
1.4465674597342014e-10
1.1767400045668533e-10
1.0046124639008543e-10
1.0277357389832609e-09
2.32695277842205e-10
2.481907532272658e-10
1.8641964046667828e-10
1.6538067285721079e-10
1.3974715480338196e-10
1.15514757429235e-10
8.702850048704788e-11
8.042415157217329e-11
8.919122114422648e-10
1.6625151624174128e-10
1.8266319267750182e-10
1.3331237206090267e-10
1.1784118510580856e-10
9.158725340939832e-11
7.014641745028048e-11
5.112661342719611e-11
4.105196004028736e-11
6.050375251717588e-10
9.644487876787708e-11
1.215532726324391e-10
8.379474559664426e-11
7.264632806998717e-11
5.1542116846518994e-11
4.644104809257778e-11
3.739418359215736e-11
2.80564873851191e-11
5.827529072853411e-10
1.0984939154060225e-10
1.2067355516593827e-10
8.65087441129231e-11
6.882688370086168e-11
5.24618798782781e-11
4.676047579736534e-11
3.759301609060032e-11
2.608622037393081e-11
5.14496697711551e-10
9.442012492986238e-11
1.0600876403004864e-10
7.173178275167232e-11
5.88176365730221e-11
4.5753959377203156e-11
3.4829874931970866e-11
2.9431398953569986e-11
2.0346526843594474e-11
5.164733035269888e-10
9.720640686604848e-11
1.0297426962259594e-10
7.022548282715438e-11
6.08950357621697e-11
4.668213912864775e-11
3.578641051257581e-11
2.8241621705351396e-11
2.244075495017253e-11
2.934645255090802e-10
5.308174401391985e-11
5.929321604090424e-11
4.2893165680532655e-11
3.483290154886647e-11
2.5272979192502543e-11
2.0996478109267238e-11
1.5545225181292167e-11
1.2698799627445302e-11
2.6652150634940466e-10
5.843245844424986e-11
6.099672902128682e-11
4.4311097680488306e-11
3.929238073652874e-11
3.025260965768292e-11
2.4232407377388676e-11
1.909427990567547e-11
1.7236215804051127e-11
1.5558684311641137e-10
3.837170061594038e-11
3.988640611700722e-11
3.28262032535599e-11
2.6549891913466407e-11
2.0286845882282735e-11
1.8346890831746567e-11
1.379244151056119e-11
1.1718600323589966e-11
1.3401857942461262e-10
3.45057958687819e-11
3.7399531336444666e-11
2.870879161659643e-11
2.7020744496426025e-11
2.1686526488667735e-11
1.8285065948271114e-11
1.49717833995495e-11
1.243470496079838e-11
1.0310189107245201e-10
2.4018038560936968e-11
2.6837200728825332e-11
1.927174615075645e-11
1.638304100627719e-11
1.2736289726351548e-11
1.0733633435699041e-11
8.706369356549376e-12
7.274358317675074e-12
1.0168150690818936e-10
2.0575878207730284e-11
2.2512850953791713e-11
1.8073511338233635e-11
1.6305281904486754e-11
1.2217328767529109e-11
1.0749637581070271e-11
8.058019908791605e-12
6.326680682016671e-12
7.639992447736194e-11
1.429255254809139e-11
1.4711817518861688e-11
1.1395888561849206e-11
9.537579349197876e-12
7.413642723489628e-12
5.909247414947798e-12
4.936588643208489e-12
4.424131129155333e-12
7.515746015327662e-11
1.2186664049317591e-11
1.5332123926948994e-11
9.750802101892592e-12
7.96804445138522e-12
6.10859214965676e-12
5.007991389466465e-12
3.957582274881088e-12
3.035186530039588e-12
3.3660376279009675e-11
7.1594357918759935e-12
7.753183060352853e-12
5.882302572777107e-12
5.379043055580146e-12
4.651386065083344e-12
3.99754685239377e-12
3.185377336233368e-12
2.600702869675942e-12
1.841485615955187e-11
4.1849775215131255e-12
4.373253912125414e-12
3.5492340863462965e-12
3.52522285675997e-12
2.662355513868293e-12
2.389465960833309e-12
1.919297605036324e-12
1.4400681757164058e-12
2.391970588347051e-11
4.793034039774991e-12
6.142278458028295e-12
4.633001339222726e-12
4.393012077080467e-12
3.5262092285235484e-12
2.735992450131203e-12
2.487020611656123e-12
1.829109613871526e-12
1.665679316276165e-11
4.3979242377086926e-12
4.120749380939627e-12
3.066692933260871e-12
2.728725283271609e-12
2.327622197232383e-12
1.864132325215645e-12
1.2746974077758254e-12
1.0097165600632028e-12
1.125664294415795e-11
2.3580517975499515e-12
2.7989240521809476e-12
2.1214123233390505e-12
1.8191781110236777e-12
1.5618001635453068e-12
1.2735397184868028e-12
9.503865142784005e-13
6.516779080760748e-13
4.230503041789461e-12
1.1536829408012218e-12
1.1824192965329768e-12
8.088905636993137e-13
8.994005909282257e-13
7.187633897939447e-13
4.101522582704277e-13
4.424841799728213e-13
2.5224929099665063e-13
2.4734161395812704e-12
3.8737089690841666e-13
5.982479993922578e-13
3.5918974981186833e-13
2.55251324586757e-13
1.8704159815040334e-13
1.3181148166267015e-13
1.0868761183651073e-13
8.174080152664739e-14
1.0713903001578086e-12
1.1013762127792532e-13
2.248731997922161e-13
1.5291415430924077e-13
1.9158040011774185e-13
9.034970032267629e-14
7.116054523947028e-14
5.395770001838428e-14
4.297635768933898e-14
4.560374177837972e-13
7.134852573327109e-14
1.1842303798641552e-13
5.006034404403954e-14
8.394211711911108e-14
3.4169084700035245e-14
4.9123611241550847e-14
2.1388544339836407e-14
1.6178858638482314e-14
