0.2307695058403429
0.32353029881607925
0.2903241034467778
0.29213702543766384
0.06306384490040148
0.0487818485165097
0.2066933606838358
0.09540637931058533
0.10611740080848456
0.0786167167517233
0.0490113301954797
0.02121820640384239
0.012267685697683607
0.0020352151371051445
-0.0011422931125928883
-0.0055913244951354924
0.002552363903380317
-0.004161584975886474
0.008153105076023324
0.012771097854549933
-0.0017288094017225415
-0.005186846101623834
-0.015350341171806564
0.00927130772822723
0.00946073607406136
0.005606446190153516
-0.03254175156659932
-0.05339005527660165
-0.0007218517904644603
-0.020393103612508935
-0.022450768000047795
-0.0416928109637138
-0.027662403298445878
-0.0359196068844261
0.008449732568263696
-0.04103404536984583
0.004699580669104473
0.02382284288828812
0.02501863059161629
-0.017872213531966157
0.013420242338143033
0.0038407307671420392
-0.01031780497426221
-0.007980307178513299
-0.007665771600009767
0.000281766006571483
-0.03003824427326227
-0.04724474621122384
-0.023942728264739577
-0.03902650090672606
-0.016081534835745967
-0.04549238349048525
-0.0684605318477117
-0.07414002266154514
-0.07744148531199456
-0.03164225604954617
-0.03135375382821885
0.01445670134857352
-0.04286014235147576
-0.04334198771294469
-0.052635569944307424
0.012521375594960535
-0.08513124016873755
-0.06080028803638452
-0.06970940768135309
-0.027131871626127187
-0.007294422753206561
5.618149468825289e-05
0.01529865439800821
-0.05029393316179999
-0.014016161977573213
-0.07566994243886956
-0.01940310001662213
-0.04409184895142304
-0.04751699954065318
-0.10564982112291842
-0.13830050070992517
-0.13002761665116983
-0.08463081811327273
-0.07252715153326908
-0.146129010750162
-0.13756174877047064
-0.14479170844130557
-0.10473440059529428
-0.016932664399093068
-0.021213349226161627
-0.0775301604797134
-0.10171587223712542
-0.09064730630339027
0.02337937390198398
0.004525132700703789
-0.004599596132051124
-0.030531141814585293
-0.04399051175930926
-0.09709735803450413
-0.04217063560433566
-0.09799706829097521
-0.06533460140701339
-0.03483821906411006
-0.08340212467002603
-0.13962863523255759
-0.13303065624812593
-0.09547697060693287
-0.11543432044548728
-0.0827481770073832
-0.09391050149917843
-0.081770647322345
-0.1539536252670677
-0.07829148537650131
-0.0727546427934226
-0.05580215124307774
-0.054707801100651855
-0.07096603431179045
-0.028500931390345294
-0.01096874692933111
-0.0793122853478344
-0.16783864808826646
-0.17743565963497027
-0.1705198876257526
-0.15296770175345142
-0.11236729063565885
-0.1589780869257697
-0.14117475613010189
-0.0778350547411806
-0.05301091884270279
-0.04275590875033373
-0.04460605506928813
-0.03531055697193511
-0.009844968496219006
-0.03870383054836105
-0.07421044077974528
-0.062423638968595145
-0.05833829795346716
-0.08747057567288502
-0.17808800213826823
-0.12441284338833834
-0.13546801268857778
-0.10605638888873153
-0.07663716157978617
-0.12854324399498038
-0.09483404187624409
-0.10185692201544146
-0.07043540535031687
-0.001263749616982128
-0.08626587800029467
-0.014964333469006939
-0.006158409085824348
-0.03354625985077594
-0.03088062149789208
0.011207380708705965
-0.0027385387941217428
-0.057923652939980676
0.04188903805460783
-0.06266447094857851
-0.01977433956346617
0.022616663845491533
0.01231696198481095
0.008332947797800576
-0.07078502900246834
-0.13721863068330112
-0.12139350564525694
-0.038825066134600135
-0.037635634719684286
0.01938482253606413
-0.002143655548940663
-0.010867071029456032
-0.047894407643139764
-0.0893686035619252
-0.031489079728423894
-0.03400476839783502
-0.01647011353780208
-0.04906688089700322
-0.07481146362364378
-0.140930578579639
-0.10487834621566444
-0.1650651279434469
-0.02190656976239973
-0.06160869883254054
-0.08810930590925514
-0.02892678424965945
-0.03623841851829004
-0.03377384613029728
-0.048380100582827074
-0.018176570946400787
-0.0010188809593656156
-0.03924986905871193
-0.024798114404407167
-0.0073657876483765195
-0.05318491749110984
-0.015011137019674513
-0.011393657218118363
-0.021972420898730898
-0.019211582392996304
-0.017268336516213116
-0.0154419309619811
-0.028203273919550246
-0.05434478817944883
-0.030478102065310382
-0.004017299416737205
-0.03858182600895386
-0.043470372433782295
-0.009299714969665552
-0.03924336702131741
-0.016430022121527922
-0.006331845957508945
-0.04779817528552419
-0.09248201005872095
-0.03883345706654422
-0.06888986561915302
-0.05141847426996129
-0.059719231068909605
-0.033470675810248665
-0.05845606874974063
-0.03482361257574509
-0.056365197045236876
-0.02222983303204247
-0.08783324232228902
-0.105829805956653
-0.0582611616426574
-0.08334406929838244
-0.06269809698684142
-0.11553473119821332
-0.13108347369413673
-0.0889161608760215
-0.04268336108625554
-0.034930311161257686
-0.05215831641316033
-0.051739544167201015
-0.05028627264142524
-0.0581543438196495
-0.04604785156588009
-0.08577879264068682
-0.04051120333992714
-0.05340454882164896
-0.010522103310369953
-0.05968427409238412
-0.018970932358324543
-0.005511483426990243
-0.023332510603656487
-0.0444930116708395
-0.053697950550169626
-0.08223830621549329
-0.12016198522406601
-0.11079821134379363
-0.07873300033839684
-0.11396402083620912
-0.11284135784665782
-0.1164094215052549
-0.023999942637366302
-0.06282122194670121
-0.020948222472905485
-0.13027627106594558
-0.049057221779331944
-0.026960882862604226
-0.0072650519219054745
-0.08601836736450587
-0.04312129586807649
-0.02390976166304407
-0.014827076615608357
-0.028401875931243933
-0.07706868624282717
-0.00403955080294211
-0.07372086231952821
-0.012844518885735824
-0.061541073192628346
-0.0722386868688874
-0.04162108906017526
-0.05299211578184284
-0.09437932422507549
-0.022022782216974846
-0.07368806767093249
-0.0993972702166782
-0.04769565680810921
-0.06922883218462923
-0.034455312645073656
-0.022653043518777304
-0.007988362871448924
-0.04912079254640619
-0.018481460144738095
-0.04773005705882142
-0.03159344640643955
-0.0148026395333319
-0.02529030228908727
-0.011191267380716893
-0.012668613989327988
-0.030801797880759568
-0.002398053978304473
-0.11466121721607386
-0.06642444214933639
-0.09267280024546704
-0.018884591204465517
-0.01649909308483776
-0.014559963382510066
-0.02752185870234898
-0.08326446820298553
-0.060084827444374704
-0.06383732429716972
-0.04135087190940833
-0.05493844354071482
-0.04003533509784104
-0.12008246389782704
-0.0641209973895454
-0.11256733188319601
-0.11231220091414243
-0.07894009073819355
-0.08622943859705239
-0.04500735668685445
-0.07179228965236598
-0.04115426826115088
-0.057030110882599114
-0.05290667477841041
-0.07060431167205944
-0.024991681366914965
-0.05905522799999694
-0.054264800328945685
-0.08718722273238026
-0.05337285681655374
-0.04606663771914456
-0.023503244345980518
-0.048528743682395674
-0.04605529440100175
-0.017998650922431587
-0.037726616068845725
-0.10596101356261078
-0.10022649886184698
-0.03933738059801804
-0.03414039737582221
-0.030568798047461772
-0.05277819718378987
-0.07962817791888906
-0.03942077263222834
-0.06287375680703912
-0.09982286676285781
-0.06275109555411178
-0.08891904461656634
-0.04214808203331349
-0.05382548356518587
-0.009634566607152496
-0.02523643903305328
-0.023132891452990426
-0.04005283809792314
-0.04840724329965964
-0.06918719778331411
-0.038210119183229495
-0.041416180541912886
-0.01628685135758231
-0.014270002065892877
-0.02842163389972394
-0.051084237254575955
-0.031852812855084234
-0.15027344302359183
-0.10442097503538453
-0.10361915135317426
-0.10601595032939698
-0.21177424110419493
-0.1403206099874429
-0.09115958132382079
-0.1811755807276036
-0.0684693058698064
-0.335192723315661
-0.14725942286942006
-0.18964207432826105
-0.14272523795907366
-0.1459245275713807
-0.10791967798067109
-0.10066095656943538
-0.05307572297903519
-0.1129448919225622
-0.13529799266112627
-0.08144341908016825
-0.05008068503604698
-0.06938840533371889
-0.07124591644592664
-0.08248445486078569
-0.07681715722288357
-0.08530763675622303
-0.04656068496076694
-0.26596161940242385
-0.07791346585059583
-0.08556284476532064
-0.08795215667734209
-0.0646438811817615
-0.05947102863333046
-0.02323273119094848
-0.04305793647641483
-0.04540303285592174
-0.06416026719521532
-0.012898867238213154
-0.040541813827804356
-0.021826971850532347
-0.0026510919252296598
-0.007382146770795085
-0.01044506000169754
-0.05617731164416666
-0.0351880193839761
-0.05207137353035266
-0.07061803558817462
-0.06153109953553581
-0.05493918246159784
-0.024317727508022084
-0.022930753998039573
-0.008132224668503526
-0.007740164856310512
-0.021890369164971352
-0.0679854097792431
-0.029016010335172534
-0.03928903614635952
-0.013928459700673676
-0.016922066732609823
-0.024820237798759373
-0.01127923151255113
-0.03104489087536501
-0.017101372849097168
-0.03790133563556917
-0.03125536305008198
-0.04374941630887132
-0.02236707075580124
-0.004033796145757435
-0.010565827064670926
0.000624803524121691
-0.0049360867205171756
-0.0009658192318947968
-0.04425359616657675
-0.019313580477782137
-0.03930791127779775
-0.03535194392961539
-0.011327875400776326
-0.025255935085964028
-0.016351807655031483
-0.013867148207049849
-0.02109589150963591
-0.007210766858065231
-0.020236608995874702
-0.033199278066660856
-0.03648967472451801
-0.05313154485941433
-0.02912304460769278
-0.032878298262296594
-0.02774204494534793
-0.044555602624214215
-0.03402216013781836
-0.03567900673119195
-0.020574683296181458
-0.001286926426484889
-0.015612902284487825
-0.010402184169776011
-0.004054369992972275
-0.020733258371541965
-0.013574032319962905
-0.03619371491037001
-0.030707989270754344
-0.03223055143958819
-0.022303695462723424
-0.03253806886522053
-0.03074027563231641
-0.027528853052413257
-0.020835496211429723
-0.017899856363901175
-0.007132404018059684
-0.005579721500377715
-0.030514181827579413
-0.019396176646749263
-0.03818315766273395
-0.01315252255192246
-0.011990005579833912
-0.012137619403589487
-0.012444771739132485
-0.005920337574572198
-0.007504063213637586
-0.014568726953498404
-0.014984712421107601
-0.019781839639116557
-0.021337782533122004
-0.02727840062566814
-0.012488572767902726
-0.004568413923333198
-0.04279455387126626
-0.012514960627279578
-0.019440879239143862
-0.012788611239388395
-0.007232269901782751
-0.024208219024645948
-0.018464443444886833
-0.00734648458636128
-0.01316941022645669
-0.027308788538714258
-0.027265925676205616
-0.03750860758329989
-0.03516231271325616
-0.04989993043670485
-0.05310459293448484
-0.024202623300016046
-0.030277639534418293
-0.006227454063373815
-0.010481284105634769
-0.014447771050362494
-0.026576455785171055
-0.022740820900347014
-0.025278577972589325
-0.0028228251976707423
-0.009096181385271258
-0.003714704064500635
-0.0047253744305305635
-0.001807555317522673
-0.009351787202776449
-0.011010421160615284
-0.0102278544643462
-0.009244989736339368
-0.008814961659180364
-0.016368177911872825
-0.02771841878898679
-0.01234667153106311
-0.021152636948501773
-0.02082765457063005
-0.023816307835236597
-0.023255468235556024
-0.012251236065339528
-0.01220627242271615
-0.013759187883120612
-0.013451752297970304
-0.00866503700576044
-0.04854098565455462
-0.02384939475015062
-0.01302772881332332
-0.007303904576456502
-0.007371945355456764
-0.0059689162772391035
-0.011576318753527902
-0.008384543488968988
-0.012485259517248935
-0.031088449200661263
-0.02778508945897678
-0.01718414234128791
-0.01655106041231934
-0.024034623324079924
-0.03814182972115297
-0.02249147893676391
-0.013730273882200281
-0.010306039338865145
-0.04056771049215637
-0.03051140525511109
-0.04322838292024926
-0.036160948972903964
-0.04460096708263732
-0.03587142213672883
-0.039716284654718735
-0.04090637063651219
-0.03032913072077018
-0.02073476568056854
-0.023228219849764926
-0.02253799698185878
-0.02005844459818028
-0.025288700561440832
-0.018938328346417996
-0.0063236938293232264
-0.011230900198842842
-0.019792993028601047
-0.006279004901086695
-0.019852306479115702
-0.01008423459075973
-0.012184026552984742
-0.005917747497018778
-0.018620128100563498
-0.00941668920369087
-0.007421177951732607
-0.0031489834438752262
-0.05940174655915208
-0.02576480767932818
-0.04149847382151035
-0.0286186514345412
-0.031989532192145655
-0.03422768188045296
-0.036340959271328604
-0.04081245613744296
-0.03662650422413729
-0.04598251892998458
-0.04572398717394476
-0.018620658997595952
-0.020098334524811988
-0.02186643842902718
-0.03625686928740903
-0.024664533030773865
-0.040287174261966895
-0.04020752693121407
-0.0673093473026394
-0.026439144603821987
-0.018721842157641572
-0.0266608388212045
-0.0416175203138181
-0.03662840677783013
-0.03738769431897628
-0.02454084422117133
-0.025994876444407296
-0.06323628111957318
-0.022264524902145956
-0.03656717537839776
-0.037086241722613045
-0.017360529495893014
-0.020752571656160665
-0.0406428064849062
-0.040981292133471105
-0.03005258903485002
-0.06089600642095575
-0.05341504906804128
-0.007748100849467638
-0.007540829670151426
-0.009610771267379015
-0.022428347791088116
-0.01808526727927169
-0.0416132648952371
-0.022696341849900287
-0.03818276988762986
-0.035967522464897976
-0.01513121426592624
-0.014905577508686915
-0.019581002565120752
-0.02604899561200248
-0.029847849660692694
-0.014544934900160601
-0.022222173902299795
-0.058638224802126895
-0.04649890706133246
-0.050502855212130444
-0.037584985093040486
-0.054203739284911255
-0.06259465299816694
-0.06331149941934443
-0.048684042362111574
-0.03210275297680913
-0.029862886049775158
-0.005902859090054511
-0.006432545713816629
-0.01237436212553305
-0.006272684713759562
-0.028264174159423557
-0.0022636728604543735
-0.010665412690963766
-0.010058152049338217
-0.032072633022589135
-0.005238003485228378
-0.003769277996238001
-0.01255542902605136
-0.0029436647712803494
-0.011752630344455506
-0.02490286631423618
-0.005879321008121976
-0.009665581871947783
-0.05098182045446187
-0.006403551268250486
-0.032292041056764496
-0.015818800522825544
-0.0385552790564371
-0.04683470645573019
-0.06067806340337446
-0.021540187613478715
-0.047576127436148606
-0.020970052687885217
-0.037792880202174264
-0.009212271956885034
-0.03190277853833627
-0.03318157760456272
-0.030932746825010238
-0.03731962999864642
-0.01751769877887705
-0.021893395460675487
-0.022599442286368506
-0.022505940503960223
-0.03171731544014795
-0.039931081996621764
-0.03267451727122024
-0.028428604681323206
-0.031263995135182916
-0.04311934531356595
-0.014737131619192947
-0.07014366950237393
-0.027507730491106965
-0.02265757742250456
-0.00445468586975911
-0.025989361681715194
-0.02293927718659586
-0.01745021028010132
-0.05321800696648683
-0.018425712537758678
-0.11973455255249436
-0.04895114199160678
-0.06092594040696332
-0.06463027742241442
-0.028641280282824137
-0.019552386413259654
-0.012941362220661988
-0.012587656572207605
-0.042382135034739345
-0.05450026538505972
-0.10397081386775586
-0.05150002836332407
-0.09468641761169914
-0.05772069499710077
-0.07076261641853453
-0.0544945067671877
-0.054187387448956
-0.04984852537737253
-0.064900718651448
-0.029185163359502466
-0.024553830038562822
-0.015480465870148773
-0.008162885488755073
-0.00839443581304461
-0.015469777822868232
-0.019115541575260644
-0.03385680014225707
-0.01925646270092764
-0.02417349721053612
-0.017714542193797967
-0.003050353298644427
-0.018160079060918016
-0.03578181817745334
-0.021171702239122202
-0.06416545493216533
-0.02698286040777459
-0.04540249673724124
-0.0547782687291645
-0.06998271945939638
-0.06787503999555802
-0.023633075129155117
-0.03241815636378982
-0.059368166773225144
-0.06532792566751033
-0.0626914514214469
-0.0640845070669514
-0.09325701865610839
-0.07286678407352007
-0.08653822145164149
-0.07585693407784415
-0.05449513963066704
-0.05586190642325277
-0.01776851106735648
-0.020631352386133468
-0.11694420284498086
-0.02925722156255864
-0.02625079437115409
-0.027293722754142803
-0.03964196383870448
-0.0277794181766308
-0.04449383676680675
-0.03378102218598989
-0.02373706844421963
-0.03296954774448977
-0.0344219638742341
-0.04815115490549124
-0.015457195799099889
-0.07885579141826146
-0.055903328543980786
-0.05398124435758396
-0.06318597648211058
-0.04113621898770037
-0.06173997790258449
-0.025148690815382322
-0.04235050748637071
-0.02039038124163797
-0.006419047218377219
-0.013664239070636248
-0.012271887275707742
-0.023306051097599267
-0.01498311923177333
-0.0480441200949715
-0.0330606873014934
-0.04638014757780553
-0.04733739477491578
-0.03622008601965762
-0.052823457620459695
-0.04119346098997919
-0.04903268012731353
-0.006861185669833033
-0.03988871494473973
-0.05840535996918876
-0.06376928540401783
-0.010696642741681557
-0.06080847848880918
-0.03335223890741003
-0.014921483900036808
-0.04555242707218691
-0.0010613989714282357
-0.04131751413011927
-0.016766757435197694
-0.011985927678092725
-0.015585299173441815
-0.038262669267979006
-0.010372924632103113
-0.060490389096013134
-0.04097939816954847
-0.06930462898735112
-0.035410835041097564
-0.05044417593782501
-0.0984325199893515
-0.06202891774468933
-0.05473536500480077
-0.0416384752585146
-0.04810765781891491
-0.03835947457647891
-0.020953356589952947
-0.04433445436898408
-0.018410132849915842
-0.006976483787330332
-0.04775061144769734
-0.029488176770507683
-0.018782821121293966
-0.015014827954499816
-0.012626000830669825
-0.025457476941873964
-0.046715705104774304
-0.027644953522808983
-0.04240113961114109
-0.07046264134669869
-0.05025022955823821
-0.022856936351735625
-0.05375621376878474
-0.02044842003179711
-0.021726625511726893
-0.0548231147158937
-0.04793750058286447
-0.024459226389035235
-0.020873070306017084
-0.03069891345856935
-0.041199026113369654
-0.021751964195475093
-0.020087065625094404
-0.05006020890628274
-0.04998289269192839
-0.029207152570351586
-0.018747485560047544
-0.03766199926380556
-0.012635341785876142
-0.020051218762683672
-0.02311535571854039
-0.024615025344146686
-0.044109009643585696
-0.10489012530517673
-0.03810848638501569
-0.0596401101557971
-0.037090324925750005
-0.03785364209911604
-0.039504844249321214
-0.012178262913006442
-0.004189799127856997
-0.027485135250588082
-0.027311148274744065
-0.012100493371655611
-0.006109211671898885
-0.017394440756246098
-0.0070056358322035835
-0.011868975407540384
-0.0373713667592938
-0.026833778929380978
-0.018680303461630056
-0.031578207594534065
-0.01395886747355202
-0.017432867212470577
-0.0354345247825518
-0.02560931160627849
-0.010784057417466991
-0.02603953245389923
-0.02242710686920429
-0.011323451687056584
-0.03641122633509573
-0.02454382057063533
-0.025661813913238317
-0.054131243191681715
-0.0459141089345638
-0.058690520288515145
-0.05712295522212807
-0.0620522884709102
-0.05425144801706798
-0.05029411599232958
-0.06213851580339521
-0.06322554875783849
-0.05675681328961035
-0.03907305280509508
-0.041022845443184026
-0.05300255238522214
-0.05166650446985413
-0.06855969721220458
-0.0518966126325042
-0.06719084546970612
-0.04232875397369293
-0.025565175003263364
-0.030309949180524775
-0.021396937183850856
-0.023297626509968604
-0.013994155565147713
-0.03085724113335951
-0.1459598618479865
-0.10238551385658345
-0.09680573277059698
-0.05576514320481634
-0.036711647889001935
-0.05865888342927905
-0.06069189520314224
-0.08624952860401175
-0.06609048427369144
-0.11688455765176572
-0.01504298716721599
-0.047470053742270896
-0.03161249857207271
-0.042209281702419395
-0.03234877252225579
-0.06301349890350795
-0.07877923214321732
-0.07002873983428753
-0.09381814414950157
-0.07409666180616337
-0.060769419721987177
-0.051215359002480976
-0.07455656479691072
-0.031456431530418154
-0.025339381592973064
-0.015545795798914136
-0.03469925999665647
-0.014005800469986823
-0.013598615601423733
-0.0017520340063832264
-0.0543079707941925
-0.06412173822167697
-0.020668330536265152
-0.047667194877175564
-0.03739912144622275
-0.03478166206516608
-0.07359237382827001
-0.056024362351470985
-0.05419164337779448
-0.039467687113771334
-0.05935241819969697
-0.03113473811807598
-0.051495189090840304
-0.06506427635204243
-0.02538582944803954
-0.07199509666902071
-0.04932301990392036
-0.048991802944806685
-0.036976078261240976
-0.04214621078657556
-0.07089993932265738
-0.08594145755132776
-0.01945460266138293
-0.08112632538175488
-0.020119002114504878
-0.03290824661977073
-0.030364090314517356
-0.03874169192077582
-0.024221450593502197
-0.030904796756015644
-0.00447125953866522
-0.023389358920871146
-0.013373150199327022
-0.03673055809438831
-0.02508426596468291
-0.010497435469267073
-0.008570983872977351
-0.030023020129866837
-0.012077998087501408
-0.040782906425831676
-0.02191108092319679
-0.019822177417891062
-0.060263923654264466
-0.02470800567406841
-0.0354960627392718
-0.04323155798315072
-0.03755896815556021
-0.011068758195775187
-0.019515863902982013
-0.007273193874200561
-0.01892481256766714
-0.16283298071924293
-0.0828894958921153
-0.10538948731422886
-0.06699165045687312
-0.06807476390425082
-0.034188840010036754
-0.05747908469389526
-0.06756968029603364
-0.05223716682910623
-0.037059675060306364
-0.06207331365693412
-0.04466997258442394
-0.025977355704087737
-0.02513027284684198
-0.04076264395949855
-0.03539841156966462
-0.022669049086451103
-0.03615531533835678
-0.0732047725410245
-0.011752505844206815
-0.06590782886464693
-0.0696226237638357
-0.07845848264535636
-0.046478081545637116
-0.0805378252995314
-0.1185678820040034
-0.04392377170155053
-0.10043840714845212
-0.09791700358048248
-0.1427426466857174
-0.10285812131536314
-0.15022703129893444
-0.16045304097216298
-0.07238352139380932
-0.10278098992855106
-0.0857548261924443
-0.09886249031483763
-0.1258272646869308
-0.06386396200280328
-0.09050706998872116
-0.041517481047760124
-0.04878483730421217
-0.05800931643079598
-0.047947915810960466
-0.04850510720848589
-0.10848029957267336
-0.04920910332311705
-0.06899888987542128
-0.07052918860914008
-0.11590839549823899
-0.02818917301076477
-0.03329793639571693
-0.039773829151736315
-0.10310509520161731
-0.05482351344112051
-0.05168868105875885
-0.05990765491986987
-0.09115940097012923
-0.10627194556766868
-0.031700876107053313
-0.10636082877908906
-0.011414942706732104
-0.08540400939353832
-0.08103028869539483
-0.05589736225880063
-0.012744840984012162
-0.01065521844935805
-0.04814323390572022
-0.05922986060412696
-0.02657195079188072
-0.06629992502460538
-0.05649482136873258
-0.059272050346024535
-0.01863098128706003
-0.007698597993487584
-0.046221101861726836
-0.07372345180046275
-0.03797535014839508
-0.06634526512957357
-0.03439218519079712
-0.021407613218038763
-0.009795497578573786
-0.07437391653106215
-0.06588631252294458
-0.01985937150220181
-0.06568123638751076
-0.1144280637704679
-0.0006371856765228595
-0.008453440186154279
-0.03807190475678728
-0.08556333374693584
-0.10795371813020926
-0.15062510611738728
-0.049085641178355566
-0.024459719722967246
-0.09480336206942673
-0.1062858892001497
-0.08186730245422275
-0.09315701442890198
-0.16629003466630413
-0.08833462680744013
-0.059265715086193764
-0.10012634628560364
-0.15999604789386399
-0.12774405917520976
-0.09804877393316136
-0.14477186576716677
-0.07312049870066596
-0.15692050532690024
-0.06062716166581032
-0.025515327093548677
-0.02529692581769845
-0.06507234926169676
-0.0948674988767053
-0.01414714850114209
-0.058836272101768096
-0.019616591301470605
-0.19878757898198926
-0.14930460426283743
-0.11822516381515294
-0.11929233968400246
-0.08816051881663128
-0.08907049006885062
-0.061796292660447026
-0.07009921981917488
-0.04425821317552156
-0.08755824949831036
-0.04680146051318831
-0.023374197327122634
-0.04263136776930818
-0.01016195580197009
-0.0022680899085399404
-0.009811331773519463
-0.04400718805982994
-0.02764012694805048
-0.03756295277303499
-0.002012615185304846
-0.014546685475010286
-0.02046317395424031
-0.011682863167543156
-0.013087090915778714
-0.02832203648997846
-0.0614747387282595
-0.02179745571043859
-0.05018092939600716
-0.018378556771287025
-0.06075512519633642
-0.03927158199937953
-0.05073852355812101
-0.03569990506945861
-0.012283408453139749
-0.035328340221459524
-0.01619047214930538
-0.015611459335642553
-0.015089213829148074
-0.01163421572633548
-0.023028056274624814
-0.02729226142472431
-0.033945570521057164
-0.06045520891456785
-0.021009584173285575
-0.01580373693589596
-0.040431917937276865
-0.04719425469547893
-0.02722927402227809
-0.02256856648825542
-0.023154531161300562
-0.07289073380761106
-0.05122980388814119
-0.06395952069257363
-0.0432185905652037
-0.030575534421538157
-0.037003110213181804
-0.033264101109898116
-0.07926749287815046
-0.06478449144455693
-0.03532433215099458
-0.03889496717354479
-0.057831964961916206
-0.037528651304713743
-0.11590826435700237
-0.023441912846128364
-0.05774565128173459
-0.0413091629538363
-0.04058420553728937
-0.05164655646633703
-0.03190267560495361
-0.052227661304653915
-0.04639867608802725
-0.0893503483341587
-0.04588930789669858
-0.0945294861357177
-0.06003488440591231
-0.06206968102162525
-0.08388504910443825
-0.09817173583535176
-0.0485304120370575
-0.02118211739735817
-0.07633255189189903
-0.017741948541140577
-0.04999417846027549
-0.057482377284683306
-0.03654275112635719
-0.05129484124931056
-0.024476014365462782
-0.02429540942115649
-0.026179377712772844
-0.045054166926611
-0.02521138586124773
-0.011676579878718873
-0.023532717620601093
-0.03343661713281728
-0.0239877550591099
-0.04245679370710177
-0.07584242065242046
-0.06994165406014514
-0.09704890162540389
-0.05598319512424747
-0.09167456383685273
-0.053379446845811925
-0.07784949876273456
-0.04869367709476426
-0.0886585122180165
-0.13184874021964177
-0.0816437092002603
-0.3758955537186551
-0.12756824829952576
-0.10314920041620892
-0.09348752869717562
-0.09967732362060476
-0.11182266367785172
-0.07794101637620138
-0.08801470889091306
-0.10599555473627484
-0.22787371001928136
-0.19591345599870497
-0.10178976812886177
-0.10336887817075226
-0.20106118205542522
-0.07546484000222911
-0.061556122960644555
-0.03929377740639041
-0.015778276382154927
-0.04692697955336783
-0.027293547011737997
-0.05251788781673648
-0.06777485047740826
-0.029071369976558917
-0.0364959519059611
-0.04723039895142847
-0.11272186525713586
-0.09694684269061114
-0.08395657544502215
-0.12259246248578379
-0.10528245080166616
-0.06827230939868374
-0.05770216299707836
-0.08409888288096377
-0.0875260606327895
-0.038488315164198775
-0.06157978117806629
-0.03493196687446973
-0.015792613160139163
-0.02910344584412132
-0.011475210110847065
-0.013750764308546356
-0.009668476881291884
-0.02305618750145592
-0.01463518222076346
-0.03331072831094484
-0.029265265687788086
-0.017741684887310566
-0.019825362095620858
-0.0054061564255914385
-0.023759449735666693
-0.015382417081246871
-0.018690967121972744
-0.01971351219046639
-0.0299697840191606
-0.046438049017275246
-0.077435958841588
-0.06387490418525704
-0.1041532702363284
-0.0561599134921018
-0.10339424253779539
-0.06372214986794272
-0.0822247616589007
-0.09038070048421927
-0.1168296563128799
-0.06167268479971439
-0.058960531175539024
-0.03341355742670119
-0.042161696097128
-0.05100274478305132
-0.03759683497935533
-0.06679965513752338
-0.08170070204775358
-0.0714341914133251
-0.03805304926448132
-0.012897005146571088
-0.04076990090837883
-0.01605846248008107
-0.029719504704420453
-0.08080582056591043
-0.05837714256105031
-0.10048450171594009
-0.09859343421351716
-0.08351965238913557
-0.037275974464388774
-0.026788020193767696
-0.020949125701176966
-0.009464687509183781
-0.010779464596917442
-0.008060199961507612
-0.01825716139850633
-0.06841410194867259
-0.11119159146205246
-0.07676520471610462
-0.03227720968910704
-0.04121429208908766
-0.04220045175169035
-0.049215817323427315
-0.030457967874656173
-0.007136287817879849
-0.1252989224126884
-0.054028017979709776
-0.05401455607237494
-0.05789406191552328
-0.07081397649408519
-0.05296341452176064
-0.07029676380613133
-0.06381576559104368
-0.030393934479863903
-0.12588903141039576
-0.0819534394469878
-0.10369574849527244
-0.05995421160585331
-0.0948547970220269
-0.09574022835538147
-0.07163472216438918
-0.05928369925311312
-0.08221422870080235
-0.08138231166043453
-0.10794740625316905
-0.07706474568012454
-0.04576808998869326
-0.025761324298970434
-0.07392213327974742
-0.07386572124944767
-0.06760362810285311
-0.05917721497310934
-0.0812063320453872
-0.07516674403463669
-0.0695785406005925
-0.024351281141291235
-0.05877174413555311
-0.029923316475736452
-0.04336672273293789
-0.03846820458041381
-0.03381681645481016
-0.10663061826803895
-0.03980073271420976
-0.031258578364277145
-0.0168530350440145
-0.0022641700613064697
-0.02665849268676162
-0.03608366812417054
-0.014320435969508364
-0.04308060861786161
-0.038092118198947145
-0.07273492769132896
-0.039205945901194035
-0.010470421267852238
-0.06631999985890398
-0.043398831739330804
-0.047419990658107286
-0.0271453436751025
-0.04599286272432717
-0.023032123283777673
-0.09980132996079377
-0.06378651776156469
-0.02021234708047264
-0.08368755561272721
-0.04241745013910218
-0.048162076835546165
-0.05522907342431584
-0.07015130378782247
-0.023399621719412934
-0.042410136124930824
-0.06356955705651308
-0.04949510875183806
-0.06490302304379328
-0.03813619305968386
-0.06104389693758813
-0.02402471828070901
-0.10346672445414157
-0.005290370525593211
-0.04415033334908736
-0.04338404830812967
-0.05405495637989036
-0.057483726849728085
-0.024540526818331666
-0.011349542059488175
-0.04085434924053919
-0.023070477018932077
-0.1289636972624984
-0.05314368400688055
-0.07418590467193328
-0.07192170360330426
-0.0892342148206539
-0.038195799508102486
-0.042286347965423375
-0.012403907243090019
-0.04407934597780322
-0.15472350847596503
-0.0958568255307276
-0.11057348506804938
-0.0459498963173043
-0.08548571206735775
-0.07953290784805482
-0.024538519190737604
-0.029240004945982022
-0.026814515436569493
-0.07933381841110485
-0.05764187702368111
-0.062301375671188985
-0.05585952072845535
-0.07860575599346606
-0.08185751408522687
-0.06869214051322994
-0.09176087810796751
-0.11177438534906357
-0.16422715681499367
-0.07682013329231968
-0.07193851545118186
-0.09644964569489116
-0.09093418343741178
-0.055592928160213634
-0.10652239422163037
-0.04642275390872687
-0.053247722312253117
-0.12261684627290349
-0.07119157240313292
-0.11263606312794144
-0.07266166305391963
-0.05055804241786789
-0.052429542589109285
-0.0663706865074399
-0.017482257976758814
-0.05319516812670722
-0.20436642438153743
-0.0607324674136731
-0.052646618707128015
-0.048550604015694554
-0.0236152147617198
-0.0703175846250547
-0.04964723939438635
-0.07035517085541604
-0.06688416467770784
-0.0445781368981637
-0.04614385029561496
-0.06487030509096989
-0.07245992867914908
-0.037234606365432875
-0.04264285060822199
-0.05734377089086006
-0.07873183052484858
-0.057792617928847025
-0.01746651908162201
-0.01657410009557185
-0.003354452373247148
-0.018906651679496154
-0.03578418202713975
-0.029164433986963646
-0.10056191158746684
-0.06613533512862607
-0.04072728813988208
-0.13567913141384907
-0.11689118168409607
-0.07858915759717353
-0.0422108613399077
-0.038274935015263474
-0.09016647117021119
-0.04273756642594769
-0.04860967458743125
-0.07787844373041888
-0.18207758432769353
-0.1653771899020174
-0.11821964253261107
-0.10271345549469889
-0.10936820025020956
-0.07666157636630555
-0.0885061998716474
-0.10471816355684054
-0.06553091579879736
-0.04011747944467121
-0.07392236425622735
-0.017284014168577878
-0.0175938385676892
-0.010352459716321084
-0.011142289782480013
-0.02227935818867678
-0.01677400987070595
-0.01838084966067598
-0.125520213342727
-0.0725110163263872
-0.09490803918203995
-0.08001133754952743
-0.09339598413085558
-0.050580955917343004
-0.0636499714820878
-0.05778713016912186
-0.06491469084042376
-0.06666199977511814
-0.056839675652349486
-0.06790038960501212
-0.05905464471538425
-0.07138300731509202
-0.07285133650305702
-0.07373986103568364
-0.07917667440932229
-0.0653005902880089
-0.040037942525033524
-0.0228015030703029
-0.08365679933454993
-0.086028182596206
-0.11718221344260343
-0.10704634714884323
-0.10423481597444993
-0.059629007293259505
-0.06622289159130336
-0.07022958472198769
-0.09381223350571413
-0.03471136964744292
-0.06333631563818676
-0.043172985510163076
-0.015081943381891477
-0.0691203463001695
-0.025580704404109384
-0.05845456802700403
-0.05827643860702759
-0.031752681693964134
-0.08079702698408972
-0.03612625053204377
-0.12528509082086942
-0.021829614897178926
-0.08247361853300934
-0.051198966965975964
-0.03532348695808017
-0.20184728238630392
-0.07888324440582722
-0.051515374839634094
-0.009921770301466614
-0.03812666581900557
-0.015508668880480914
-0.03299153700878397
-0.01955970413750415
-0.007447554559733769
-0.10298393263397748
-0.042460233690538564
-0.046703351854897796
-0.0313870309359719
-0.06456295725141349
-0.031221749335002262
-0.06683946859566225
-0.03360293009234883
-0.09653190861721825
-0.08562940738746264
-0.06427728723882009
-0.09957692038070587
-0.0490834818603726
-0.09553998133522906
-0.08662771949253377
-0.1158962169223569
-0.1229546585456189
-0.1216008237480917
-0.12258488690205094
-0.14225535759476168
-0.06918297385566417
-0.11883572128997802
-0.07791129356002709
-0.06424364968810096
-0.051885728914916704
-0.027792798612630176
-0.08583779019554999
-0.02875283840490687
-0.04464896467383624
-0.06489554982818707
-0.057742684339576945
-0.13998344671637375
-0.09841546072580286
-0.06784477401649147
-0.09350293763365265
-0.06277801592106058
-0.10901208571151455
-0.02951207839508209
-0.07818075010014773
-0.07937616870541936
-0.07361544027910866
-0.05786884516723927
-0.12958905251467012
-0.09824315438462293
-0.11419143017275167
-0.09278095023092753
-0.10262624759917877
-0.045729278398354875
-0.03578218923094386
-0.0675644517769517
-0.037577621570268435
-0.04237495208653932
-0.08338927460702156
-0.05831158163548966
-0.019729758240707173
-0.019427651893013487
-0.02663823414641647
-0.01803393743264515
-0.06166179823828167
-0.018464502115477992
-0.021542269118043595
-0.049409954682623644
-0.02018578884895898
-0.10456060985300684
-0.04501628634805976
-0.13061442047262703
-0.07013414125785676
-0.05219740114957553
-0.06890672271104994
-0.10380015706126887
-0.0635703921444531
-0.05517725585797169
-0.07913541528906651
-0.026436384092681696
-0.03865027772929269
-0.04709015855467471
-0.08707468511794958
-0.10581162046691096
-0.07719624578558963
-0.05158357464296582
-0.05680132559924436
-0.1322385606126221
-0.028584666898865817
-0.013434659341704718
-0.012954527227960514
-0.029028950496319515
-0.02871351342259836
-0.029089347878571533
-0.013867152634559343
-0.03695747392882955
-0.07437758697362433
-0.05228014106290945
-0.05981119904549174
-0.07906740549578223
-0.03417409992748407
-0.08407437435165828
-0.05203843390975099
-0.051059147511279206
-0.08427256723625477
-0.06031202626354713
-0.031088689901234704
-0.055357304164491763
-0.03374909059223311
-0.029750447390624147
-0.024957494450033542
-0.05920428887521203
-0.06176296625170366
-0.04487149693121376
-0.1787847340762651
-0.07793240506633953
-0.07562571322381685
-0.11276243521629516
-0.05752218760670021
-0.10118474105723706
-0.12310189143292616
-0.11451409989310678
-0.10640573180021277
-0.09971648513769096
-0.06863975628859115
-0.042418806113822746
-0.029613452195722745
-0.041610900098272806
-0.04319096297448722
-0.04901909368967828
-0.03161438878481675
-0.03185606471272329
-0.24123808713769704
-0.11816785347146821
-0.17834463103909845
-0.11544388063507047
-0.12124553048080774
-0.13027951008433286
-0.09295261448480037
-0.12977010136536107
-0.07036311624641158
-0.2143758655964396
-0.09212788616510012
-0.07765432392363099
-0.20437343455455648
-0.07619991777273137
-0.1747343325491184
-0.12647463234797235
-0.14191449065540382
-0.13629103375902898
-0.08829789993711368
-0.07885358268795789
-0.038999500986093165
-0.053576655545711324
-0.03469935124793601
-0.07070707800842013
-0.035519767028712776
-0.06608331083096655
-0.0495944542511707
-0.10267427866688829
-0.05603868406263627
-0.06591019919441127
-0.08480557889169756
-0.11276343230922779
-0.10683183514261929
-0.07970332150001766
-0.07535402520106883
-0.041691463840249104
-0.14144937589243592
-0.07645653419964224
-0.08081523831834606
-0.1089270205873235
-0.05873027112758933
-0.07713795660834516
-0.05601370001348561
-0.0233422702239518
-0.022609892490119222
-0.1575875218769785
-0.07947121143433918
-0.08503653606448723
-0.06261461441427188
-0.07076115645192947
-0.06601821857347545
-0.06808798633780755
-0.024224675728604636
-0.0738733442337434
-0.14206170086217051
-0.08746354426455762
-0.08448128866094125
-0.030328956518275954
-0.06457068143652032
-0.0475382157844015
-0.033814496773105406
-0.05180163505960223
-0.04496066484055582
-0.09479428776617664
-0.046523362205091415
-0.038671206585986106
-0.04015140131874721
-0.05096449742286647
-0.049496734629088095
-0.025293251896197258
-0.043431295090452765
-0.044467817427298544
-0.1271707795335094
-0.08208446765116015
-0.06820258366466407
-0.05794441192222478
-0.06789242832908897
-0.042585429430562954
-0.042180145176898345
-0.03893849859216906
-0.047645617626800724
-0.109495386326833
-0.07844549535756667
-0.0286089118956278
-0.020662197291535695
-0.02848977076011551
-0.021623370010275336
-0.016277359804138903
-0.0013126175362210843
-0.009450426170568762
-0.06797016146285696
-0.04103137780322866
-0.06115825661974687
-0.02106194728140936
-0.04945478360192176
-0.04361691156553678
-0.03410224216156607
-0.02844661995009857
-0.02245103845490758
-0.16008533024872812
-0.03921597747294939
-0.0814794046650544
-0.019670665834158753
-0.03673946993302437
-0.017295312867045255
-0.01572155107749305
-0.028247628339615482
-0.029240203958078585
-0.0022011707255968466
-0.04768553679035033
-0.0029724621820725176
-0.03656472340965052
-0.042577987617149565
-0.027460969627947945
-0.039618782797780104
-0.03490872421933214
-0.01301876441819547
-0.025755868647341792
-0.009757335504277197
-0.009216533894822448
-0.03502845474176721
-0.06533706717714495
-0.06283065698351752
-0.03534312549613138
-0.028999830677451256
-0.016017067048890297
-0.08915381866249758
-0.06920598569572818
-0.025192963780267027
-0.10435778975438478
-0.08868654442405115
-0.05040493179152454
-0.07026647068647157
-0.0574631885421312
-0.02422527384844319
-0.08370133505638437
-0.011602067100271667
-0.030342144924929263
-0.028982730071261717
-0.06751847953699018
-0.07349041317524982
-0.03675325116142015
-0.03205316017158214
-0.048768128350179664
-0.0707584961475116
-0.04674215900038742
-0.06433102432625686
-0.049137453723092465
-0.013261739155660163
-0.031697884196765794
-0.01973543845878178
-0.02517762340844379
-0.007176428256751729
-0.05966937159031549
-0.0232518509545595
-0.022776448818979576
-0.0658399627189053
-0.04412172500429749
-0.03730501472742232
-0.04247223830458741
-0.058477157418333835
-0.056597139005231806
-0.08443755003085775
-0.04100749810081642
-0.038809242704749426
-0.06164763556189054
-0.03784928687289407
-0.044178939358981505
-0.06416569269320938
-0.034418714159871036
-0.036192740856241454
-0.16144718319874013
-0.11547607470620062
-0.08103638115951578
-0.10927950168683916
-0.03143152103064262
-0.0463654612022212
-0.1058372457316562
-0.12159782178683567
-0.06479542429142318
-0.06138785470845189
-0.05619678038440761
-0.020820951501652085
-0.030148032664375064
-0.05586966932414966
-0.06590985130897888
-0.0750556821448157
-0.06929475990560084
-0.07481614734638796
-0.2806040905589713
-0.25555421932157035
-0.18100922046559573
-0.12226794379702707
-0.15407883404146358
-0.19482433089158044
-0.1688586571831338
-0.1387474244866328
-0.16228400829689435
-0.017940532523746285
-0.06836310425038981
-0.10149514168863541
-0.09725255113407712
-0.10504428427898803
-0.07128064168746803
-0.03354396469706326
-0.022829653171796905
-0.05714196014118289
-0.07043987176435569
-0.02741923324054723
-0.06144470073962062
-0.03628208859566393
-0.05341616565549889
-0.05000626939722851
-0.035592327435852014
-0.05616933872365647
-0.058096749992835914
-0.06482952067406113
-0.05323499099292193
-0.03230014006271175
-0.050396560102377266
-0.09132979026924473
-0.06488684072765212
-0.022470520496573988
-0.07323178368172571
-0.04359861051778781
-0.10969810316631842
-0.04420551985738527
-0.07295606670096054
-0.027800139830060137
-0.016179494402576045
-0.03017572798487179
-0.01799273578873559
-0.0255563905453096
-0.03369251957188367
-0.05440989964855756
-0.021085160644142082
-0.02070058286025531
-0.04226384945063127
-0.05812015947010855
-0.02959621266505521
-0.07120862922565915
-0.04660751524535787
-0.04999420596888137
-0.051184578899175937
-0.033875691482658975
-0.03908126309627062
-0.038549889590847784
-0.02229212034205888
-0.05054727386706734
-0.005884057929056589
-0.038366355132690357
-0.031585532778022035
-0.09039226922030641
-0.11077853851813438
-0.0714603508686165
-0.10821436016376484
-0.040085847984266745
-0.07283455986046923
-0.047573657775212365
-0.031209678243162103
-0.04846926600626038
-0.03916606264060518
-0.030705407504667978
-0.02968925382162721
-0.006856560348888708
-0.03658388803096609
-0.03513205229123331
-0.022897829318606865
-0.01712293129394253
-0.018154550503751515
-0.02361443354492393
-0.02096908459826898
-0.020055045147707715
-0.043734619378772745
-0.03706191899816361
-0.04392184213720294
-0.029641623798781658
-0.0200586069241823
-0.01762475859440667
-0.04272844209120016
-0.07641632575344771
-0.03949126025049591
-0.04268020958680257
-0.021474252731512947
-0.06604363765002261
-0.057083356479751775
-0.05055903224158577
-0.03579389852967818
-0.1394651506806484
-0.11017414902328174
-0.08924935000174943
-0.08045027855799902
-0.0917213357228462
-0.06946399548375903
-0.06526787644064087
-0.06559503060582655
-0.05008727177833117
-0.07968765479859477
-0.030969033087031573
-0.02553563688477177
-0.07423120851793202
-0.04192010064050948
-0.01580957574834621
-0.007696540259564683
-0.02560819742471886
-0.028593126391380116
-0.07508247028195507
-0.046235877565031176
-0.051363917141664404
-0.049885862816825145
-0.04209628414322261
-0.09256490200577584
-0.12148439845273941
-0.04507792139698315
-0.03475597976283937
-0.08029357975042119
-0.045464485699739154
-0.06495499879074514
-0.03662044638790294
-0.008042460493528407
-0.0349979938212622
-0.036413953919158464
-0.011964786292358417
-0.0055276747804730705
-0.05498980616849787
-0.040020360183930875
-0.017339549898178062
-0.028297632370648765
-0.016915794980562296
-0.059192494130250885
-0.06694088567287608
-0.07519812657620828
-0.09049412213424429
-0.15857793191485625
-0.08042842870669542
-0.072176266026878
-0.04596052104437071
-0.033498020625296825
-0.051433168671304604
-0.04117716754177764
-0.057766048080104944
-0.038584996058847264
-0.03208279711258124
-0.04427154023308467
-0.08208849367346609
-0.017337183746633608
-0.036205687755658925
-0.04698859520751385
-0.04201627483762197
-0.017308884801064964
-0.01818543494346399
-0.0821965140398784
-0.05935592462137184
-0.043989522418885964
-0.039393947288436156
-0.04541764936155686
-0.06309957829312805
-0.059834847703963925
-0.061624772290881584
-0.07155300876114723
-0.11919010049611468
-0.080589864012327
-0.07247148057418634
-0.08155074663993603
-0.06011321277819158
-0.06378872121510605
-0.04203965205521709
-0.04061893812246379
-0.045960509987224035
-0.017848062670346658
-0.0185002708254842
-0.03927767745109945
-0.06483107024176214
-0.05982774163614784
-0.0489909202462699
-0.05185035831096501
-0.019394150132712985
-0.022474976208203386
-0.002645852431828631
-0.03476195768265151
-0.008918973410033934
-0.03653016329877332
-0.04347357029289134
-0.053156750950715745
-0.05539349481267755
-0.04578247640865918
-0.03302998523045469
-0.024156861030927814
-0.04977479006482795
-0.036552518885621256
-0.03922888695591615
-0.037117901176809576
-0.032033884595859596
-0.02951698700246456
-0.05263982452668259
-0.039203737101143124
-0.048731197684629884
-0.01707211868195689
-0.06156308930905522
-0.010348999656491565
-0.0438761626610733
-0.019676587317647924
-0.026837087129389082
-0.02935393409702286
-0.06499971863987296
-0.11675546811524744
-0.06126571922241612
-0.08892023442138723
-0.08962320471620638
-0.08854460310849924
-0.025508980415398643
-0.02025948823960483
-0.023789034137567926
-0.0013716044759648279
-0.10841538833460299
-0.04854789234355238
-0.06039213540727886
-0.04923859064105356
-0.06151156671424365
-0.05698536062903245
-0.0738488820808164
-0.05048710427968361
-0.03688475504566561
-0.22023930698433888
-0.1046922522850316
-0.08015333744352585
-0.04422954738634678
-0.04169465165584403
-0.05099957069211178
-0.05003993004557832
-0.055527060549465386
-0.06945316868036538
-0.1502768339185864
-0.0726586102040953
-0.03448874853680468
-0.048895472889206135
-0.008656563335489042
-0.0258005969138214
-0.02312938574216112
-0.06099780061686632
-0.015438162580687052
-0.12142441128899012
-0.06155876663423037
-0.05342374272099695
-0.03650609961453833
-0.04294812279957871
-0.017329904690048897
-0.03103694673601253
-0.03857433520440464
-0.011047553436228704
-0.05424450123370687
-0.024576834555530704
-0.040216471033657074
-0.028863926004191853
-0.023991611110048373
-0.05129695469638427
-0.0372933354561022
-0.022831925993003512
-0.01778056527603317
-0.20491363831732204
-0.09967565533245408
-0.09403755019559702
-0.05483057727609154
-0.043750659237524706
-0.02176169588485686
-0.0528793879668604
-0.034989009733369394
-0.00319150613928459
-0.08623991578084096
-0.05790267805456045
-0.046443148271336394
-0.042276848654737686
-0.039319575931389704
-0.0409264576066587
-0.049559747078242566
-0.06053228593208429
-0.08168954764135934
-0.0618500569102969
-0.06653088397600472
-0.07088786941239628
-0.09385963359796343
-0.08694281181244118
-0.06743453652108823
-0.06851870929453723
-0.06827939855748834
-0.05577652068221698
-0.09770910596161092
-0.05495389013203698
-0.05487849178857782
-0.04035933800436382
-0.030772821196122964
-0.01955928490103287
-0.038007431879748636
-0.004712227916057958
-0.010030511539717697
-0.10761084386667566
-0.04775814537204994
-0.05509415359705834
-0.0704024271047737
-0.0275508063188714
-0.029884089298774303
-0.029213615802219792
-0.019486467155755555
-0.05950839751705799
-0.06341151813154979
-0.04128402786477866
-0.0341465349027136
-0.00570117707329318
-0.014017516405689446
-0.011271946731490167
-0.016934857684823522
-0.020341463992741386
-0.046157383961662184
-0.06019268097018973
-0.07001447736567314
-0.03553342284318378
-0.04365409239028898
-0.012626588886880367
-0.01879847624965112
-0.014778308698890246
-0.017578190224963618
-0.018673652277979718
-0.017133405072093898
-0.047636797537814995
-0.0183317149184152
-0.04185384597244757
-0.025829322671318305
-0.00843871866231362
-0.00786627598886581
-0.031060510791185304
-0.022831929439853287
-0.059199332791999314
-0.025703197420080523
-0.05792916880627241
-0.03691261350218989
-0.02630377225998685
-0.008539774619249825
-0.005037040441052255
-0.004255489194288079
-0.014920785834225634
-0.07659035653621378
-0.021842950262866753
-0.024728797639994037
-0.023656196346656107
-0.012393063332395409
-0.027522127322945716
-0.04510414594894623
-0.0489430131806171
-0.025945677894211972
-0.023874223575130554
-0.01543120901413813
-0.05966043245614047
-0.05655906949979585
-0.04408898806574981
-0.032919192856487214
-0.040447846875383796
-0.05692146246717141
-0.07772809144069882
-0.053161686428391225
-0.06248616681858907
-0.06510261655661789
-0.03549487613354869
-0.05332231572847477
-0.02681544062887096
-0.02600545065070303
-0.012377785484577908
-0.04764525607851738
-0.06319024580522907
-0.06453123439831351
-0.05786426106945513
-0.08847454659147068
-0.06915715001637443
-0.06713005682251355
-0.024455351545539496
-0.0443174030321363
-0.0331546229159538
-0.08689888585946803
-0.04107118329744002
-0.08464989806286373
-0.05597053526513557
-0.07762719466629663
-0.0577909136472312
-0.04251578345518364
-0.038007674611749226
-0.03748077324935355
-0.09355754007721527
-0.015245070709936083
-0.019885719701750668
-0.019554858553971495
-0.012401020270300081
-0.035845312107376646
-0.035252547390140665
-0.06110589790109168
-0.034638415573568664
-0.01680564550890853
-0.029227950344765465
-0.030526353276289532
-0.010201983606822045
-0.02176010694387722
-0.023300819947232734
-0.058283165536405036
-0.05538803806054384
-0.06769557696222324
-0.04843829417212192
-0.06754407993716398
-0.005481982597912547
-0.018574490010384272
-0.02433636115746035
-0.012207149086762698
-0.02350281845041201
-0.013335833565152068
-0.018879816318148657
-0.10005211834189774
-0.03608953599224538
-0.04533472498112341
-0.07749115643260425
-0.09994472245776866
-0.13071211766754912
-0.0652314445373521
-0.0946087116906644
-0.04878749811615765
-0.14599772543743875
-0.0869466825464839
-0.11336746186717804
-0.06145906349205893
-0.058544664725339604
-0.035911784041820556
-0.05698437053891373
-0.029952931969617187
-0.03518727828758497
-0.117761646382719
-0.08816653904925448
-0.07238256268824146
-0.017217417389067347
-0.00820352730585002
-0.019485681754681895
-0.012527884428893169
-0.0462473505406793
-0.020108570324228487
-0.027118147899335258
-0.020434397014084976
-0.016378658378152923
-0.019926904404347922
-0.05971977158631701
-0.034942918902230294
-0.022891192372805062
-0.013860654948519964
-0.06881952130732186
-0.05125582901981105
-0.025738543011634276
-0.032977169095786844
-0.04058830833879608
-0.03426499153769157
-0.034928404264702076
-0.047821992749337336
-0.08821266620218451
-0.07376175850894207
-0.07976036960398426
-0.050131973817010615
-0.0991530612488724
-0.07605071812836299
-0.0660633411787176
-0.07895459587140037
-0.05394838359197275
-0.08983942042138282
-0.09172705699073067
-0.18058030187933352
-0.1202449797051883
-0.05142294681335092
-0.07842866486994493
-0.04343068423093132
-0.014480118159543186
-0.05229750099419504
-0.033642943190708596
-0.02082622878292457
-0.061515254586932924
-0.033404746085345605
-0.04537807431749601
-0.0557121676160816
-0.08088041811242119
-0.1072652806247347
-0.08128739418055148
-0.0701973722960018
-0.0406083438499495
-0.12916255712187605
-0.05047791172343683
-0.011915231960419987
-0.01852895577257268
-0.012109349917557697
-0.032035664549944616
-0.051547757162774877
-0.019278666559382276
-0.019652236933129126
-0.037836627461664246
-0.052634980042076444
-0.06496213843772712
-0.044053959934012316
-0.0038962136720663816
-0.0194458508197285
-0.018030899465591
-0.029748708667401424
-0.011853997896562527
-0.08277491412667624
-0.047765018244913166
-0.06119677340236535
-0.06937570138249133
-0.0297856526530727
-0.062212042971883146
-0.02803954913730563
-0.03697267364217047
-0.044614769143205946
-0.03759885020268239
-0.0196148419326441
-0.008694486342893454
-0.029654642041449197
-0.03591773925940038
-0.03826977875521216
-0.021964240294248503
-0.02981259850493105
-0.011085813829674225
-0.16698832388146756
-0.12669706746400136
-0.07507858901386669
-0.13794339809530454
-0.08940866111464173
-0.05638395535851148
-0.04525348182059568
-0.07363517531321216
-0.023915665623014493
-0.02920622327831184
-0.030546558619335373
-0.0623902641132119
-0.02900516281750745
-0.04884520015185859
-0.04970522446873566
-0.046179675412092884
-0.014913401455954227
-0.023047202689457626
-0.037506538462815237
-0.018595377396391017
-0.060750339048519446
-0.10386969411167532
-0.12467107794815674
-0.14441970831502285
-0.16679635868733297
-0.08843892430514463
-0.1158237773251756
-0.08349195053831751
-0.016857191114417334
-0.03085469471846178
-0.02703432382143774
-0.05986622060800904
-0.06469758894450793
-0.12639037243294637
-0.09888714617218523
-0.06497366295606279
-0.05860402869138762
-0.04847074281530222
-0.06552974115591026
-0.022200031378124895
-0.05366607254949151
-0.02036963743598474
-0.05459137916973768
-0.0545245389212875
-0.07917981277570064
-0.17389730843486986
-0.12090642341052373
-0.06075770794326393
-0.08923393942761398
-0.07211706202021081
-0.11734687666172783
-0.0800943341132394
-0.0678814762857479
-0.01988505294628721
-0.012640050708249537
-0.04625062393012184
-0.03949267266520596
-0.07139151984458109
-0.058928089038076906
-0.08165712284342094
-0.04244774963726271
-0.05123200068624351
-0.03978404395935393
-0.11376004978315217
-0.09889781516392258
-0.09306037620865122
-0.05070891579389628
-0.09942771438566386
-0.061162623722466405
-0.06394405441795362
-0.039556244580192704
-0.01870142673031923
-0.15248296219784913
-0.0882651032453062
-0.1338791233875878
-0.09425878117169599
-0.1626920220246306
-0.06049941040118882
-0.09294673721435387
-0.10917911739755667
-0.13907501434334849
-0.16850141225535242
-0.08885211370417093
-0.08971136219862703
-0.054620403961908474
-0.053247535124224726
-0.07310869112303409
-0.005006517918133018
-0.03167514621628606
-0.0375468129802666
-0.16164825131751479
-0.1265305719182988
-0.03134102261038799
-0.048271216062861284
-0.04527472280575507
-0.030485648225683396
-0.05329496387295684
-0.05710741546534754
-0.061126839710994335
-0.09862104212775484
-0.06255839582892224
-0.06677504028670225
-0.053190069240099336
-0.07079699789890868
-0.057349039324006416
-0.04134453173177333
-0.05088544723996217
-0.024797786986723736
-0.1997791873831778
-0.09277680027214648
-0.10493715420832986
-0.08946826301450955
-0.07194101534906315
-0.07038200332323909
-0.05377511320710853
-0.03355976986553249
-0.07363643778706713
-0.08660211805692379
-0.053037858048207646
-0.06837709679177746
-0.08109981989128925
-0.06940417861125492
-0.05397266266882995
-0.07986370010175448
-0.05417565165805435
-0.06527231835662556
-0.12176980837736319
-0.06670254254890197
-0.06451893167576497
-0.035754361207630266
-0.07468309947850735
-0.08823069959345216
-0.037657637512962736
-0.061671802502938654
-0.04394413047197189
-0.11646986852472113
-0.0821455379255426
-0.07004130589356743
-0.042656540226637646
-0.07490633139438485
-0.05246381851105891
-0.05675863189345733
-0.05511136794506638
-0.04052722246095733
-0.05364945187107417
-0.05390270576360217
-0.02873574579404559
-0.026973421828529666
-0.038061744202160366
-0.052765098919908895
-0.0015392286449251362
-0.008880877797146386
-0.018249038330880908
-0.1274322057303292
-0.10682244231021315
-0.13298644750190017
-0.09784782863237156
-0.10705810677777065
-0.09101528658793698
-0.030319744454561263
-0.03980563218627994
-0.03127849839519771
-0.11629197788537146
-0.11060849102776212
-0.06076494631858186
-0.03710497235575501
-0.03835441320370392
-0.0034231380886543044
-0.02863589997922254
-0.03762147252749263
-0.03261874896889398
-0.06839949326358466
-0.022623048043803353
-0.028469819574585963
-0.03266184167110261
-0.027882238416455547
-0.021806070153839507
-0.033261553360123056
-0.03509296976180204
-0.026997061851554923
-0.05538939414506367
-0.0351380726393332
-0.02005015363790067
-0.019656941188047002
-0.02420932902802154
-0.036689117459232534
-0.021383126568293546
-0.030151844599751176
-0.025189186025647667
-0.03668874014055863
-0.021224110593600232
-0.010148549819256914
-0.0017032490080703894
-0.014665261445506473
-0.00516183489755199
-0.031248473803503273
-0.01891425944695475
-0.027399884328629675
-0.044523975173767466
-0.0339621749742246
-0.02313719976934418
-0.0025159357782780045
-0.025039640347573843
-0.013799075176548182
-0.016953434773824938
-0.02408477353379223
-0.03635045120828291
-0.08389411668896928
-0.06313928685157197
-0.06684971595540054
-0.05966406270965508
-0.040401817864277045
-0.07304373176684237
-0.04533267260785945
-0.07351186285784114
-0.055222710888619034
-0.033850505200074876
-0.03559577745447267
-0.031242084301157713
-0.004942167415210647
-0.01689198978630652
-0.015790345177049244
-0.01696063946733915
-0.018388017649990703
-0.008840937099896081
-0.042778736234379895
-0.021179132278371135
-0.04375853523168976
-0.04507354862388308
-0.0408984796588118
-0.047734036401424124
-0.03433831304935702
-0.016186999066709534
-0.01570769118415706
-0.03512420258231808
-0.005027194187122246
-0.01789597022573407
-0.006811453877337308
-0.020992228663522725
-0.017211581225975263
-0.0208228485697864
-0.04141208347239192
-0.02356619989766333
-0.05584222095270815
-0.027387792677683293
-0.04436258400321424
-0.04667468619170059
-0.051121531649729705
-0.03270829732990507
-0.04157468193572774
-0.042298687907023104
-0.03976517732040377
-0.048482671296180106
-0.021416069773667043
-0.010069848496980074
-0.013375247411692378
-0.01845686488621217
-0.022337302289673403
-0.02854034556309973
-0.010956054244387723
-0.02039210767484138
-0.04534629422940989
-0.037631226186661704
-0.02498915268339006
-0.022658281122328327
-0.006359585736339518
-0.003981966936626086
-0.0040552857988122
-0.01599216124640585
-0.021308359666787183
-0.11353572351296613
-0.05909197704899655
-0.04361030731468096
-0.029040023850632018
-0.04843214799126855
-0.04330929832560828
-0.02440759854287123
-0.021889148009033563
-0.026455854073891585
-0.029887755835037635
-0.04426443115429631
-0.0306931331719168
-0.03395229069159669
-0.02426991486228703
-0.016583323368381933
-0.024878764455447674
-0.01857831902697658
-0.033228341124422044
-0.01708351038203529
-0.02464362113729956
-0.038070489012695344
-0.02602962205778156
-0.0436507750388426
-0.033682378771119875
-0.02700043781225787
-0.0331956457891553
-0.030882444092742777
-0.0588252017178094
-0.012738882564865973
-0.031190590854164948
-0.032330513559149995
-0.027313655686267414
-0.0136725452226968
-0.03172074131427312
-0.00987891337551805
-0.03927895822607754
-0.05280752103450242
-0.029094589020300616
-0.020920642892880186
-0.023625894978453174
-0.03903528605492901
-0.035947109893098024
-0.03216266670926235
-0.037319891080190126
-0.018255688181755953
-0.05714554569442755
-0.0603567430629024
-0.07988617802885986
-0.06251585590103939
-0.06779907915938134
-0.05592781957763763
-0.045107176237840406
-0.03819727971586303
-0.03283134326276651
