0.13467838136058213
0.05095268505951261
0.04822137702706994
0.033743433407686686
0.12313660617954687
0.03539901422592763
0.03970007599467146
0.0334989911918656
0.020731808698371924
0.03386352851853776
0.008182839318170534
0.006166808103321079
0.0066618567159067235
0.0058392879995256535
0.02166502815626735
0.0055928366674746315
0.005825334996266497
0.006215246205112263
0.006617584783794823
0.03465323942432577
0.006590087254270192
0.005618428643517621
0.00539466366641323
0.00726076701524276
0.023849508479979378
0.00554958642427485
0.007044948614371621
0.006908169268179562
0.007081627752912313
0.031329606765122406
0.007137823594274319
0.006891984664804084
0.008003547355366585
0.007942610298279246
0.03707675147526286
0.008906616043181428
0.008390143138965163
0.010176321384544284
0.009381481576411927
0.04638261637094433
0.01053880488173694
0.00973170694419927
0.010110606912473168
0.008796306268436012
0.06689558992594663
0.009405316901677372
0.011176576821209492
0.011636980105909238
0.013221182067216942
0.060082545807093185
0.011902814825612172
0.010894709635902325
0.0114752800338765
0.012261401343751078
0.07101786669549294
0.021065952661716764
0.012336137481405477
0.007724850916745766
0.008180216103303347
0.05334486558891052
0.007431834557532855
0.014571847761381195
0.008752555628869984
0.011749406659354806
0.05593119774574752
0.007565662669640229
0.01085402388523606
0.009323930074245326
0.010723686168644747
0.057697160923481816
0.011137873175410281
0.009367956603031028
0.008937503330921836
0.0169154272731224
0.06718995751448947
0.006928938925878466
0.006641688548366283
0.0071713933963763596
0.00875204316123185
0.03351313251731356
0.0071249813982447625
0.00724608010167198
0.0074988700102569346
0.007690560190310448
0.05262904485470115
0.00707843359427776
0.008073145469084842
0.006282989039253472
0.006737292724576935
0.03647627209828486
0.00785886609998177
0.007167898602618011
0.008549230889706735
0.0064648227537413535
0.07097370746918999
0.009900360698730818
0.013658202508181604
0.008118854843283212
0.008182447397930302
0.0383747750486751
0.009136947991674785
0.007434335345489497
0.008067657033369764
0.010032912317008522
0.03768471657253852
0.013074211818871454
0.008863516428813268
0.007751823979336476
0.007457556507598799
0.04099135895474816
0.008170065724682285
0.009062961066998007
0.009747557096323932
0.008130677291424037
0.05578440863447057
0.00695886680350953
0.007532923585211538
0.006533322773425113
0.00804836876081957
0.0339148422554452
0.008601484191215656
0.007113448950490373
0.007105828024600726
0.0071764013597611495
0.03723064657281626
0.0071703401211783944
0.006601854580697546
0.008709233014086055
0.0069159285961279985
0.03858982807884141
0.007618943951063694
0.008646012731822904
0.006180362402988535
0.007083051860321345
0.030597170442247298
0.006161209107085573
0.007399768629846396
0.007297258825232072
0.006789156019705676
0.050011231045122034
0.006920652477822593
0.007294008665023113
0.007042874185002438
0.006157389582320725
0.028810153082339147
0.0066992283616214695
0.006808404126792348
0.005743742515191602
0.0067371257067131585
0.02903762852136006
0.00637475610234255
0.006732619732884936
0.006187656638562874
0.00544594827624993
0.0403288770886723
0.0050889729322295
0.005696443229371367
0.006328669898725294
0.005766355556566224
0.026467281406843055
0.005611026157391667
0.005302486227137247
0.006184474630117328
0.006973757496886832
0.027717050648949814
0.00546192992259089
0.005746666872103062
0.0073492482931296005
0.005757976218498412
0.028583496534090168
0.005303067619520976
0.00630749351350475
0.005441567477161539
0.004961000393406032
0.028166477734491435
0.00547269672608174
0.004505674210113598
0.004774352568535146
0.004567593963008886
0.023582372253122395
0.0051669623601083995
0.005135874799146609
0.005522082189005476
0.005458046880222301
0.019754820919060508
0.004825123073589938
0.004310773224171637
0.004745656781392901
0.004334826962387259
0.020543282464941637
0.004829579250678761
0.004342461207172009
0.004421497932369879
0.00444315541542356
0.01855917323926771
0.0042233255899569635
0.004030675901103956
0.004001596276071356
0.003932307706266579
0.015715983385443145
0.0036101258991034658
0.003000573090696568
0.0033826082744944754
0.0034883684902195745
0.01265327754602632
0.0033075165277219815
0.003126926042538522
0.0030907038143850015
0.0030132288622739295
0.012598718407173911
0.0025772286876899818
0.002649062702820797
0.002631238044483371
0.0023576957476376774
0.009142052021811075
0.0020497511869869965
0.0018116251231261146
0.0018428990587971196
0.0017233912045167507
0.007268074692631086
0.0016116553483795494
0.00145678881295292
0.0013494284040465488
0.0013071821744023294
0.005962261090756193
0.0011376944691379978
0.000958731154979131
0.0008970938195134388
0.0007937524478656032
0.0032887979419269396
0.0007210041456947987
0.0006433156575911409
0.0006923158917899566
0.0006620043779535025
0.0028545579595435793
0.0006473762066247353
0.0007027581364127018
0.0006593875793731272
0.0007151118430136182
0.0034651225347692182
0.000560582395779771
0.0005986562741942236
0.000642376651787797
0.0006879519796286013
0.002976680939540568
0.0007580677134521279
0.0006972556210175151
0.0006970150257820673
0.0007276140230896627
0.0030124411565100946
0.0006840866932924177
0.0006632169822320418
0.0007118759978709662
0.0006642350399461849
0.0031966135108215717
0.0006847487698497882
0.0007438026984546267
0.000538769948959974
0.0007256016639469857
0.0025726706882257012
0.0006312358850761698
0.0005650558735150688
0.00063139235159034
0.0006823025298551853
0.003063866809417652
0.0006845000812782049
0.000650422643860369
0.0006841046899122695
0.0007960643417460678
0.003059233685518279
0.0007910896152670949
0.0006761251260489386
0.0006902747737251396
0.0005447059433927483
0.003088551468667909
0.0006829183634870021
0.0006442470901293789
0.0006948658958105884
0.0007794289322168944
0.0028357203935501477
0.0007596741921729553
0.000697077903549315
0.0007119876936142287
0.0006849197551484903
0.0027914877934317314
0.0006348292287436682
0.0006748752373527111
0.0007066530075010535
0.0006893691448107433
0.0027170268685465025
0.0005500395243219542
0.0007496147402479752
0.0006734956598914685
0.0006676384569660603
0.002832198483610518
0.0006185771217159455
0.0006085811018338764
0.0006200382362018306
0.0005789016227153401
0.003062425200550248
0.0006572304560047157
0.0006769809751661682
0.0006236108380366668
0.0007276185908762903
0.0030314233885617267
0.0007107416554495515
0.0005770649334113651
0.0006169543820127661
0.0006126136663837536
0.0024647004341925376
0.0006350348683350982
0.0006812083039833803
0.0006035796915307947
0.0006443110630908367
0.0032383165343459796
0.0006955184965256403
0.0006205987268069522
0.00061140345852027
0.0006284497964035958
0.002834325161687575
0.0006597586543153746
0.0006035875986485019
0.0006528743474523581
0.0006249255446352747
0.0031077929220440074
0.0006615142124900806
0.0006780115684749416
0.0006459002018623351
0.0006199021865386523
0.0030132195438980895
0.0006404819580911954
0.0006198785517056414
0.0006402856071832894
0.0008346512810764071
0.003575707948168134
0.0007055696934021032
0.0006562992595863558
0.0005409188233057329
0.0006297058680614728
0.002685633538009214
0.000618387582069973
0.0006299090669163045
0.0006165957033092512
0.0006281851898518742
0.0024243347580902436
0.0006283038679422865
0.0005936858289101399
0.0005887913235897116
0.0005778829026309752
0.0029064961386157527
0.0005917961615683383
0.0006625880456852519
0.0006006103405552037
0.0006369377448379714
0.002585832360192553
0.0007269376870577225
0.0005917662331838204
0.0007503226282447518
0.0006509302004430672
0.002542067899776868
0.0006952173829601085
0.0006188741407540226
0.0006699979359226627
0.0004956541659355587
0.0024607318367399086
0.0006124207350969132
0.0006989682188033607
0.000619820482830754
0.0006088123579313558
0.0028715124937065692
0.0005627937691635221
0.0006527529860127629
0.0006136498454117596
0.0006436971861352945
0.0028645524051404956
0.0005929542123762153
0.0005656024173615286
0.0005421303030699649
0.0005988831497829119
0.002892361204541001
0.0005872167118969989
0.0006090767837755079
0.0006441059641579046
0.0006387509782961813
0.0029411031757837444
0.0005933923845357106
0.0005740332845361421
0.0006091572128014872
0.0006149615304423847
0.002754796998190179
0.0006570368473122301
0.0005791621175103694
0.0005618136841574998
0.0006125913118573161
0.0024430762369881233
0.0005621952919064947
0.0005748127996001435
0.0005378576435657251
0.0006724020521757207
0.0025813082732124965
0.0005888725766623356
0.0006824364602098225
0.0006362723123301456
0.0005152767197703853
0.0022698468709289954
0.0005368654713155106
0.0005778236126533901
0.0006201237450575374
0.0006284444062997996
0.0029915940875061796
0.0006012039270093334
0.0005651351777854231
0.0006352703967898124
0.0006794939699965029
0.00240343995925814
0.0006361326769841289
0.0005267325972763789
0.0005693461845178291
0.0006540143996554908
0.0033024083308109183
0.0006126638605312558
0.000590223552292236
0.0006383499136962303
0.0005815184663724155
0.0027260566064202527
0.0006266166690941431
0.0006061554119209209
0.0005503783673026657
0.0005115778986586942
0.0027281082394339687
0.0005839808179144512
0.0005690964475601394
0.0005555035777945259
0.0005644466897187764
0.002097635982052623
0.0005181984713426436
0.0005502419418054617
0.0006048980024140214
0.0005158342378409678
0.002610537668472051
0.0005472275508707614
0.0005988605141568025
0.0005864840093124916
0.0005902012433430014
0.0023624274187343617
0.000641559517851422
0.0005081616075412334
0.0005074005899294606
0.0005137127922104882
0.002438454788708976
0.0005806768098778982
0.0005021547907321167
0.0005492979738040638
0.0005554206882175546
0.002138674602507337
0.0005808609434244512
0.0004914270683191318
0.000608862261442188
0.0006159946050480761
0.00240568305968466
0.0005740380204826038
0.0006048490648305903
0.0005622183412011092
0.0005695520941210443
0.00276397956080939
0.0005197250114477765
0.0005181529483200643
0.0005246274324166172
0.0005912708509002825
0.0022318380638770663
0.000557125122076358
0.0005232123977189783
0.0005640312473884431
0.0005781025810182696
0.0026091548642946105
0.000489595690144921
0.000534857794231595
0.0006120040229101262
0.00057655131827948
0.0025516156331429605
0.0006126792461566018
0.0005610767539597087
0.0005061227542909145
0.0005244818242680903
0.0022437902699875014
0.0005642716551306693
0.0005186007866307262
0.0005328332591519302
0.0005047524684875232
0.002574993396969154
0.0005191230917972411
0.0005756065272666071
0.000475056017268433
0.0005498475742891185
0.002547940742863883
0.0005322530202589054
0.0005506073353590079
0.0005030912858997821
0.0005231968334924823
0.002253830720848305
0.0005350158574195718
0.000527735874580934
0.0005090522733428233
0.0005546098840648749
0.0022431592203903928
0.0005388310728046134
0.000512670596023341
0.0005014679518509585
0.0005258716126875498
0.0021077138862790373
0.0004911644767038066
0.0005289399499881402
0.000440595371324608
0.0005077389801817309
0.0025186776180680086
0.0005072901353186053
0.0005378066691338023
0.0005105896386552797
0.0005606417048675109
0.002237994868538696
0.0005844254429633068
0.000509630771097122
0.0005319971197454227
0.0004897119794959924
0.002293217658829127
0.0004829807781877454
0.0005877105067941377
0.0004405998318701415
0.0005195325155405131
0.0025206456134433536
0.0005192668696228204
0.00043394083387512846
0.00047246037512934546
0.0004602238027907535
0.0023882517390867836
0.00045289578881070033
0.0005078158944872666
0.000561381273583251
0.00048133717017413805
0.0021086271323939704
0.00045859014222484907
0.0004607677437896452
0.000537027096603532
0.0005216124742506058
0.0023887435487872583
0.0004818365853200738
0.0004415288984642189
0.0004852342064124011
0.000550025967458259
0.002281330277887857
0.0004452563981933526
0.00043837275300883554
0.00047223448781541966
0.0005164026616257368
0.0022000026567858414
0.0004536286979282332
0.0004887803693063406
0.00046258312996640637
0.0004607689707602654
0.002566021714473054
0.00041780138479626607
0.0004985316355803193
0.00038134714754143006
0.0003798725946564745
0.0019232056631706602
0.0004704650408242935
0.0005237016095949072
0.00047648919384766825
0.0004909968038885667
0.0026064835470559827
0.0004887526333742487
0.0004902108673169184
0.0004738433093441011
0.00042850696310075626
0.0019938644821931046
0.0005526590230312924
0.0004917089409102487
0.0005400292967737972
0.0004789963593202563
0.0020693726547849223
0.00044703929385232674
0.0004967651870431243
0.0004222525923851604
0.0004924559441576237
0.002231817926869279
0.0004452651556618515
0.000486562389673426
0.00042968640377236594
0.00047316266493434815
0.001822461032482742
0.0004276123006922094
0.00044895323479240257
0.0004614246619667372
0.0004894104782098818
0.002119600873886101
0.0004628460558241204
0.00042037185388083193
0.00047473587205994737
0.0004640836182518448
0.002094296936930628
0.0004245864035406547
0.00048613091026809867
0.00045915007035372346
0.0004924789903661131
0.0022787099392172654
0.000443696422324579
0.00046746185813163396
0.0004367881466204195
0.0004560685997780869
0.002007641410046478
0.00046238780530618396
0.0004129046535200476
0.00048599363841131393
0.00044038876874777914
0.002075815388670921
0.0004401735802215014
0.0003879531921981387
0.00042811108049648394
0.00048014248596059064
0.002088934331343024
0.00046923430062727737
0.00039439082284964703
0.00041804060983110066
0.0004982196806621321
0.002179276365625903
0.00044079529660366005
0.0003907735854221003
0.0004274185791423949
0.00038859955997760004
0.002158104507513071
0.0004708213586265562
0.0005319287449906014
0.00045526590262252447
0.00045251504781989167
0.0018244959733744262
0.000453368178110873
0.00044751555441060087
0.0003851926417889972
0.0003923221835761914
0.0017999891626925546
0.0005239472805472173
0.0003888809184219478
0.0004056900732129508
0.0004760126632541347
0.0018477929993351721
0.0004593058694344153
0.0004425414701949584
0.00041040567674802207
0.0003848410080386691
0.002015192171728096
0.0004099671844231666
0.00044367597319927956
0.00039217227999215613
0.00040902792411173355
0.001966417418449514
0.0004339519407109517
0.000427147642429801
0.00043124086026166756
0.00042379611816706293
0.0021603293624548885
0.0004332405067926943
0.0004188590423753534
0.00042170479487782227
0.0004618392761856132
0.0025125844457926727
0.0004230378853683835
0.00041161869339528985
0.0003758815868978448
0.00036589906006336237
0.0019878390319797187
0.0004211837799766426
0.0004036164372728151
0.0004119321110783169
0.0003694444737322855
0.0021588892217517643
0.0004705762983746787
0.0004786637669890117
0.00042120144990150565
0.00039581619840673793
0.0020619115690502154
0.0004256074181264778
0.0004153596787016511
0.0003787761035339299
0.0003564366236441115
0.0016871176101659147
0.00043325910559043697
0.00038036876848316953
0.00040693503722644294
0.0003823067511574234
0.0019445278685683803
0.00039582741866953504
0.00042142603503645114
0.0004055450602727585
0.00043020414319197515
0.001718505318659491
0.00040527290314908783
0.00042970710666047373
0.0004336487834698857
0.00036152736329768935
0.0020439105760457327
0.0004065731812382036
0.0004880173938863755
0.00038537564717072795
0.0004136345420205001
0.0020606219691616952
0.000358253872393139
0.00037803635392244175
0.00041311172204865846
0.0004122981106664164
0.001596152541645276
0.00039040891011430225
0.00042563115408029214
0.0004058167257147143
0.000367309658975789
0.00227299744742037
0.0004036906395540124
0.0004007398244026275
0.000405105220201241
0.00039387020542143544
0.0018694090603372433
0.00038304936730222146
0.00039898369307500006
0.00039629478506867646
0.00038674728390903116
0.0017821407634848628
0.00038265614289119436
0.0003771040871628336
0.00036664491995422414
0.00036340603875212633
0.0014774875262055893
0.00038866036413150325
0.0003888550970886806
0.00035658629913282836
0.00035212152758746785
0.0018719438495379043
0.0003726209780606656
0.0003747700447347849
0.00040269079043450787
0.00035898306043964277
0.0018457894375051367
0.00039142029513767137
0.00040443339966462317
0.0003792514949115651
0.0003980512657803153
0.002046314966887898
0.00036528845199944207
0.00041050276156226576
0.0003702146215784061
0.00044054664112659435
0.0019290930148896967
0.00036857982944295416
0.00039737294998683497
0.00035606880226167936
0.0004413079786701623
0.0018182811556714117
0.0003578371426979936
0.0003872519305996722
0.00040820267738650136
0.0003490123636562763
0.0016026567042162763
0.0003280821399160626
0.00035630722610949857
0.00038971855865164946
0.0003728533813683546
0.0018847205443661486
0.0003423877364994728
0.00040430157833316535
0.0003874255521044085
0.00039692575001397824
0.0018293920816952272
0.000397857603043517
0.00033172783726265675
0.0003394864076390149
0.00038043857390966847
0.0017477927006428885
0.0003299391280829683
0.000353534267924954
0.0003428157746622453
0.000371791225459325
0.0019358390634883693
0.00035018244334735247
0.00029773678813332677
0.00034080029884771794
0.0003626980301358784
0.0019350422945303655
0.00035519049614381724
0.00037745598540840885
0.0003142654193075797
0.0003512909403252372
0.0013644958000629066
0.00033810323744946945
0.00032678274106489225
0.00031897584736662575
0.0003804155689009549
0.0016363027877880135
0.0003290967329267409
0.0003317582301057962
0.0003413686205958249
0.0003541759791083675
0.0016125136860606723
0.00034185036567200997
0.00033630543302433185
0.0003494908759964385
0.0003541462268114858
0.0013907105229091956
0.00039905301059226075
0.00033863163973682595
0.000330720753697134
0.00034492902734353575
0.001552840322221075
0.0003829598592620714
0.00031875171659453917
0.0003543653924022898
0.00033680534165337136
0.0014337663947117368
0.00034318902331736137
0.0003594373955120029
0.00041986780108080617
0.00033283998882836395
0.0013454179790195018
0.0003445913117404195
0.0003488629144390811
0.0003329970439425057
0.0003396249652300377
0.0017862427318931786
0.0003804068413852663
0.000378934719661191
0.00032330695346994854
0.00039021820183999666
0.001809514364536016
0.00036904656236516094
0.0004006571996983706
0.0003650939993990847
0.0003084594856044957
0.0018309144302716463
0.00035703980338716324
0.00033632985191224264
0.00034843737430855263
0.0003205829752646295
0.001618133558820415
0.0003606816530253487
0.0003141870535437735
0.00032594340270222875
0.00030373227852451034
0.0013691038745711228
0.0003186302670691632
0.00035049786142236266
0.0003474203596701516
0.0003220046738129407
0.0016141423365807464
0.00032327066489143424
0.0003290838070815135
0.0003059406346959897
0.0003181201929453965
0.0019459049704891576
0.00037147052285435746
0.00033682770821118354
0.00031998888687546326
0.00032158849373944347
0.0014162331009271065
0.00034886571110135826
0.0003166778392991981
0.00032809274515692086
0.0003156652600781586
0.001589967780827005
0.00030684838796755237
0.0003485657786459939
0.0002969702401633817
0.00029710974934021297
0.0016156153791882259
0.0003048076448447946
0.00032106136714962633
0.0003266617144622499
0.0003023084480234529
0.001665574645066962
0.0003431715724194999
0.00037061815049195497
0.00035255047586280893
0.00031335714916833773
0.0015182233374129556
0.0003150122861713583
0.0003201854890655579
0.00035306476411617555
0.0002904305380501183
0.0018916442559107928
0.0003286411275244607
0.00028143712490606953
0.0003332081299116486
0.0003355133074403443
0.0015640445218081862
0.0003531425066980397
0.00030555124469660433
0.0003291402155874556
0.0003507467625023083
0.0016985604504361946
0.00036308085961877346
0.00031970118565144336
0.0003120922137955974
0.00031895182385486583
0.0014135145318487931
0.00034286476675213066
0.0002902461326433144
0.00030611887558039446
0.0002908240315293183
0.0012614316911088714
0.0003608945304928889
0.00032651916587446677
0.0003038799760413935
0.0002845160862963741
0.001619484892172663
0.00028971569678189175
0.0002649241138993944
0.000302726045376187
0.00034780441114355427
0.0015370172204577177
0.00027510867869050016
0.00031075991911171314
0.000292173935397363
0.00031764866502382666
0.0013219370587213785
0.0003200326709757958
0.0002963022106484444
0.0002859215395860226
0.00029517824851598427
0.001378563869423105
0.00034795563814406347
0.00027275162943654385
0.0002880088511661982
0.0003014576202159938
0.001453259466153386
0.00029588809133990033
0.0003207007170991726
0.00025325313138366057
0.0002599646926400952
0.001639833083915274
0.0002808456467783806
0.00029319041558057346
0.00028519899772904984
0.00028904377268595315
0.001297248065621379
0.0003225296728999132
0.0003026442261084165
0.00028119648449761547
0.0002722135481378193
0.001229346833943763
0.00027845145553036444
0.00029563953359975834
0.0002845429626850266
0.00028989614966166586
0.0012466875667539554
0.0002489965598165876
0.0002853311658871855
0.00028403611735829874
0.0002641107133803512
0.0014067684760527756
0.0002733329379991831
0.00028358155883180254
0.0002610545843018819
0.00024526845414513647
0.0016312836371488273
0.0003306874646584308
0.0002915039235275221
0.0002896910658032511
0.0002881567119623917
0.0011704988419732802
0.0002677799746912638
0.0002582633548446797
0.0002594911167265218
0.0002888545366108711
0.0013647236019166762
0.0002624764986811388
0.0002831243960834881
0.00027068092238745226
0.00022891830919219829
0.001303059112377952
0.00025977325483577117
0.00023787084931047018
0.00024230087419590545
0.00026539471594547273
0.0015000347861560549
0.00028068231908906467
0.0003051549269248452
0.0002749005321734697
0.000285433042306215
0.0014227532472845276
0.0002692974845496679
0.0002647220726795886
0.00024228093739161744
0.00024094375277106713
0.0011889313808982427
0.0002922430551530477
0.0002444399517852741
0.0002837314807747492
0.0002591074116874113
0.0014143671086102353
0.0002646331178238205
0.0002960583307720893
0.000238415356701971
0.00025728564921016805
0.0011906164451025117
0.0002518088161726964
0.00022757959227338704
0.00021848835646258392
0.0002540056374338956
0.0013730209866080908
0.00025228675514335085
0.0002645303511759702
0.00025200426188201814
0.0002889657449320967
0.0012938965122575115
0.00024138137398703908
0.00025091819052303077
0.0002543991741139196
0.00023923328118064189
0.0011802876736035945
0.00024824131464279577
0.00026961779007303883
0.00026633320330309035
0.0002906190471390014
0.0012205538366040338
0.0002668274641695981
0.00026839402882673606
0.0002597121625705224
0.0002136014107447942
0.0010032649960435038
0.00024454916190561364
0.0002674616903959273
0.0002609100612868442
0.0002595355707548897
0.0011813460114969906
0.0002556416217126813
0.00023593924314951008
0.00020865752718450623
0.0002178239830489524
0.0011332782515558278
0.0002295557893692355
0.0002880311409027421
0.0002662905177832798
0.0002453455433901384
0.0010326194535515908
0.00021545134959348558
0.000232921300391172
0.00021066572983879334
0.0002441628636183097
0.0011062503484239104
0.0002397187409933954
0.00028281221545808276
0.00020480958148790852
0.00027693756441763
0.0010010399623449613
0.00024294016918528354
0.00023959964134056045
0.00023075078716792971
0.00020184455878444915
0.0010143130239295408
0.00022659729564206835
0.0002417245285179001
0.0002263018746088882
0.0002330543932587137
0.0010213133588322506
0.0002497309781059343
0.0002480859957938775
0.00021475063468378325
0.00024785301749572224
0.001071647751796263
0.00023675008158621617
0.0002484288713661767
0.00022075773647935103
0.0002014834734629157
0.0008899367947131201
0.0002079337018770835
0.00022751245403734556
0.0002141940683922127
0.00023279281674138275
0.0012777526573698834
0.000249562685133733
0.00024446562683867127
0.0001991717019939099
0.00021141744591031913
0.0010838187872790122
0.00024158620609183906
0.0002003169237096855
0.00020827712812427623
0.00023005309206282357
0.0008737689672628338
0.00023372158788944938
0.0002074128591064138
0.00019623611588350136
0.0001957997433230812
0.0012218406456227858
0.00019503449321523045
0.0001972158812274995
0.00022565795788108523
0.00018012800178438673
0.0010639587587947788
0.0002189302765445787
0.00018425395366814562
0.00023054627403321795
0.00020087156101716015
0.001145651638107244
0.0002109722498801109
0.00017642899556271277
0.0002001224156839555
0.00019723539205080234
0.001022801996650877
0.0002051991555292087
0.0002162923894513722
0.00017691651273271124
0.00019428986067489062
0.0010688180848678099
0.00019738631407880522
0.0001836789926806123
0.00017810159769626329
0.00018337988697297275
0.0009184977812503925
0.00021493633410452979
0.00019527209612431188
0.00018164156617513669
0.0001946033167161662
0.0010246865175597899
0.000187839714748993
0.00020906930093932512
0.00018305722529775832
0.00018074921449593562
0.0008569219929304814
0.0002233567029381007
0.00021694923473454167
0.0002250485322647872
0.0002155632094981175
0.0010186740563495381
0.00017956860966111357
0.00020650990058734622
0.00018050064885883236
0.00019991040339126554
0.0011138152794259166
0.00022550875903959127
0.0001966757673815543
0.000183244564757562
0.000187530765164574
0.000951030523854906
0.00020454023314607286
0.00018222530735246138
0.00017802744707092957
0.00022836658232001898
0.0009225569088172548
0.0001735523408695086
0.00018830910128200232
0.0001923974729957332
0.00020774967282966323
0.0009773144807470448
0.00020501258976429558
0.00019454893215339715
0.0001799114219806856
0.00017862468222701626
0.0009121818430337153
0.00018483544786332656
0.00020933352451058917
0.00016654845321739355
0.00019156072052257977
0.0008259006081163693
0.0001750277003147593
0.00016679773189743767
0.00017562556710460817
0.00017639698384448236
0.0008571543685924759
0.00016211622030101375
0.0001863065544801242
0.0001751459666378722
0.00014282136566940072
0.0008982643322681376
0.00018517116274931766
0.00015176594117141006
0.0001849925114631702
0.0001667192905378221
0.0008455903166742774
0.0001788931252266632
0.00016381775299253163
0.0001697617274736858
0.00016985561996613052
0.000789483292312783
0.000201358501902234
0.00015496962481949784
0.00018826351901445325
0.00014779174307820873
0.0006980681148101411
0.0001702048897080747
0.00017734829429652527
0.0001670248157089014
0.00017785098217054497
0.0007285345504774037
0.00015904300961289906
0.00016789705912657803
0.00015909556202347447
0.00014782415012949172
0.0008068441002217446
0.0001571655497749555
0.00015226817748228118
0.00017863239313085138
0.00016327515751868166
0.0008249951016153838
0.0001492666442016265
0.00014179613668153525
0.00014569038627872027
0.0001475920443826233
0.0008453577464761404
0.0001507760337954609
0.00017303467952782336
0.00013831359316188
0.00016539349393035482
0.0007778304674563628
0.00016409382082445816
0.00015336384282047257
0.00016310975259061015
0.0001542678765113584
0.0007031724041123442
0.00015431500325928502
0.00014243829514676637
0.000145013727683452
0.00015001305250615202
0.0008197746424944022
0.00016644405988421168
0.00013785822680203804
0.0001680819002843826
0.00014933779341247912
0.0007933709579012151
0.00012813391252456378
0.00014211813406696206
0.00014613442742119647
0.00015608026726937862
0.0007804884324918132
0.00015230628309423612
0.00015102452109622656
0.00015121159484969283
0.00013123129700857525
0.0006635073258468133
0.00013293589212957693
0.00015169603753359255
0.00013897884823631454
0.0001426450825639195
0.000639241016920928
0.00015191608199805674
0.00013148860308282446
0.00014124749074287898
0.00013107323352468084
0.0007084255565230588
0.00014723830289416862
0.00013176708898040348
0.00013393403099221587
0.0001419237573326349
0.0007739138557684815
0.00014394221693581115
0.00014189178626139188
0.0001213611570673392
0.00013675717112575277
0.0006824440290399965
0.00012180425785584121
0.00013491767381511703
0.00012174163865736358
0.00012768041329301163
0.0007106442176069989
0.00010142012783021247
0.00013094454562210942
0.0001440729524895172
0.00013679913745397393
0.0007024003804171733
0.00011947370953407329
0.00012128813195116669
0.00013955746108928942
0.00012321500567452097
0.0004956988470110979
0.000145641451246684
0.0001245960474932502
0.00012767374388887633
0.00011975661763663503
0.0005655333539221752
0.00012607457561104803
0.00012802012801951408
0.0001253830896094782
0.00012961276634451398
0.0005474380545814037
0.0001319592661251319
0.0001155985206234711
0.00010886843980113369
0.00010345382234103347
0.0005234022114675273
0.0001035129514949589
0.0001171220126745632
0.00011370944913116568
0.00012429583981083962
0.0005468656542287661
0.00011316030047513068
0.00010620786461185881
0.00012501103430953567
0.00011704401344569937
0.0005476715794594047
0.00010982297877877697
0.00011257725854816752
9.475784280144556e-05
0.00011757099785684936
0.0006373633115141154
0.00010989516558606804
0.00011631096131082223
0.0001106464436443802
0.000111804059373468
0.0006248333800747587
8.540827301707789e-05
9.987362058832437e-05
0.00011077748276195507
8.561867687368223e-05
0.0005645760170783302
8.936046964742773e-05
0.00011015133196716094
0.00011205149404809077
0.00011167021820484096
0.0005695978296825429
0.00010524092759655991
0.00010267343984875982
0.00010746218307774128
0.00010662166804029206
0.0004966634690632088
9.790871858335615e-05
9.441423737801943e-05
9.85911121789077e-05
0.00010175266406835178
0.0005160652299584948
9.10267737806629e-05
9.685444598506965e-05
0.00010236433262231059
9.639232449089778e-05
0.0005174411996575836
8.596524580336624e-05
8.757221711156711e-05
9.239506511673945e-05
9.833512718884154e-05
0.0004161469697871541
9.590732100639981e-05
7.739482695081082e-05
9.088803464554029e-05
9.779181592687238e-05
0.0004163721650432287
7.592053103376278e-05
7.823556658367373e-05
7.956179945619255e-05
8.628556817072621e-05
0.0003290898927919304
9.437017686771872e-05
8.896845227974068e-05
8.72889653497429e-05
8.778801146380344e-05
0.0004066874075123487
7.976573190158938e-05
8.852647214901715e-05
8.379112385641583e-05
7.300398955751088e-05
0.000429944100001117
8.55665075981141e-05
8.122278816917854e-05
8.34474690882085e-05
8.914669006413962e-05
0.0004023929847722632
8.392941807563821e-05
7.947648938398529e-05
6.684330627256987e-05
8.965070094469729e-05
0.00036134460396787017
7.263887672407054e-05
8.150968628225216e-05
6.748977883915988e-05
7.330272578001025e-05
0.0004044805305516068
7.448593573049628e-05
7.827021243278564e-05
8.187366546269582e-05
8.01733864563364e-05
0.00031419224884376566
6.59180639102076e-05
7.364339966627775e-05
6.625862852443252e-05
6.973190684903239e-05
0.0004209748021528605
6.399952822038774e-05
6.200591104471876e-05
6.601373601086069e-05
6.281684242526543e-05
0.0003081790745322906
6.355902773019076e-05
6.89224402033763e-05
6.671899133480779e-05
5.842029835396163e-05
0.0003183084508859626
7.628592649176766e-05
5.894857390725199e-05
5.777397991783468e-05
6.697439698924566e-05
0.0003188885891469004
5.9300402296574036e-05
5.878499756840311e-05
6.412448943713817e-05
5.5090228007538986e-05
0.00031670195864806936
5.587747563888184e-05
5.8445409645843716e-05
5.3935900172723204e-05
5.925303555843665e-05
0.0002945396155676274
5.456935253785313e-05
4.976411656935224e-05
5.455951758733747e-05
4.9857232107313405e-05
0.0002462940490817201
4.659193993222013e-05
4.400401334032272e-05
4.8637829227148564e-05
4.450058476680013e-05
0.00029133746952442836
5.092699397649942e-05
5.382262797864403e-05
5.220248196509335e-05
5.205738966816709e-05
0.00021904188573710227
5.108023344776612e-05
5.103983776497256e-05
4.698181452953084e-05
5.0154739271152786e-05
0.00023892412793722202
4.403521696283009e-05
4.271296536544506e-05
4.8596743093239536e-05
4.2574110046788945e-05
0.00020985673084578574
3.655290895471605e-05
3.918676458272627e-05
3.885754838179815e-05
3.5726926089278095e-05
0.00020665546582661232
3.822111727476752e-05
4.0086090724853617e-05
4.220343924085483e-05
3.637611144722824e-05
0.0002098088097809564
3.709100040397058e-05
3.711916703074106e-05
3.610048758746437e-05
3.545220475157186e-05
0.00019332323030520795
3.6254613523813915e-05
3.584813677861308e-05
3.283170169408177e-05
3.597336651067111e-05
0.00013576183174637347
2.82902263610008e-05
3.540008325079825e-05
2.8447229129631935e-05
3.323252393094921e-05
0.00013907863166409614
3.0061364708089184e-05
2.7635107649460847e-05
2.5902696279015927e-05
2.7256212098954984e-05
0.00013805124678160978
2.8964770507975723e-05
2.6414018408038153e-05
2.4254381618837756e-05
2.3459005129091254e-05
0.00010804317464415738
1.9911006858096403e-05
2.359146088834735e-05
2.2378919437612805e-05
2.1794260366318236e-05
0.00010875350019380712
2.212485647239745e-05
2.342462207998336e-05
1.9758445868748107e-05
1.753268552155398e-05
0.00010161006769978906
1.8026379250571712e-05
2.0667173757345515e-05
1.818025896571337e-05
1.744721304477178e-05
9.757118279653013e-05
1.6091907286300626e-05
1.4556798912311678e-05
1.587062521995059e-05
1.615097735177414e-05
6.274900751842319e-05
1.4521891192765604e-05
1.2874920744807259e-05
1.2558524129069253e-05
1.2897337012633895e-05
5.2736715852223864e-05
1.1639099873795874e-05
1.1134211271588468e-05
1.0380771453968355e-05
1.0438277112916983e-05
5.1588181906758226e-05
7.93048347980329e-06
8.255858952728993e-06
8.195830633032217e-06
7.633505412784769e-06
