3.6416368864942752e-06
6.416891232498331e-06
7.003207000647266e-06
1.1329789709488398e-05
0.00032016262958575785
4.2155130328960317e-05
6.249849446001019e-05
9.66582716417903e-05
8.493149529577624e-05
4.11590183314376e-05
3.5601043295303154e-06
8.807580462184241e-06
1.705279456954668e-05
2.3253229803912396e-05
0.0006131504081436318
3.0198692485795334e-05
6.022887106185174e-05
6.242629897522786e-05
7.846059593288346e-05
0.0006458211742106412
3.422844389031096e-05
4.7084388904246845e-05
4.1321385883838155e-05
4.0194957960737444e-05
0.0009377572349634194
6.128975884276239e-05
7.687318730210856e-05
8.49052128512464e-05
4.530694096022658e-05
0.0008271999291856883
4.376924332988586e-05
5.296089527874576e-05
9.607447847459546e-05
0.00014784121107742074
0.0008119588556007541
7.195550251384865e-05
5.006806870264305e-05
6.252404855094015e-05
6.640741751801531e-05
0.002088626128600562
0.00016322172939311984
0.0001793647107607644
0.0001456309418212156
0.00018524675367604542
0.0023546589438536475
0.00017774307394952956
0.00019394543989492103
9.459231655707686e-05
0.00010506002429846668
0.0013624869117388123
9.838904130003424e-05
0.0001025152880969608
9.418187244176217e-05
9.617015585471215e-05
0.0032553906725990216
0.0002562423869667045
0.0006197095928505105
7.6884237352685e-05
6.064626499498123e-05
0.0015245715845515566
0.00011779507618969952
0.00013240142615753277
0.00010128803458515792
0.00010786667365816463
0.0010815435139431768
7.077396202133524e-05
4.750101429141067e-05
4.100705351503549e-05
5.5554915655982484e-05
0.0018748270817496443
0.00013706152761493276
8.787141688945771e-05
0.00019758761889467313
0.00037714304521358605
0.003492642414152471
3.991699781176335e-05
2.6927352620036057e-05
3.372262934681827e-05
5.705386592501733e-05
0.0011645550734314901
0.0001257395425226528
0.0001044799127320939
0.0001118616906035878
0.00012573757912770606
0.0031144252630258976
9.780423664645891e-05
8.843821425072125e-05
4.466971699833675e-05
5.027499289131391e-05
0.0012513825643837813
0.00011750999994201134
0.00010490496499557256
0.00010699889885922081
0.00012428447851224828
0.002716702766023012
0.00020645526917968955
0.00027128957858025063
5.2592023670997725e-05
4.099727925465374e-05
0.0008988327990623566
0.00013712791399468556
7.030293195879158e-05
7.47408440227626e-05
0.00011807791033764607
0.0022032957936706336
0.0003247146649257387
7.440548057158981e-05
5.8218947358895335e-05
6.54658598797926e-05
0.001958740089292099
0.00010818050665153347
0.00014848614339422399
0.0006693358550865573
0.00045343740543934253
0.004916683877998447
0.00023797988178820545
6.366433996905378e-05
4.144163734844468e-05
6.116800078002328e-05
0.001769393662787843
0.0002055010614002138
0.00010868677940600528
0.00011332028387497982
0.00011574827938503651
0.0022105201708854144
0.00010603562189901671
0.00010341385224759542
0.00013075093626107223
7.908675303718752e-05
0.002968031816024166
0.0002604139541870223
0.00018234682835934158
0.00015242759948820212
7.491978431837963e-05
0.0011948475346340388
6.146097351154035e-05
6.168346862273647e-05
8.5985630592359e-05
8.59461125893885e-05
0.0026278393961532242
0.0001404500029257216
8.542920613762274e-05
6.048479206593047e-05
6.103128352076494e-05
0.002039856616882404
9.28334752884376e-05
0.00010343791536726298
7.050866369858223e-05
0.0001000101223419242
0.002443486439426304
0.0001613137612281743
0.00010512148446524014
0.00011459882986525838
0.0001224792421709788
0.0029217545167128317
0.0001628768165532542
0.00010193738505362929
7.99467030684038e-05
7.196615868308907e-05
0.0016244212500686754
0.00011967550094679985
0.00010660102278323249
9.794744450692645e-05
0.00010049345628757572
0.003146068078523623
0.00013880285186749732
0.00019939741240562322
0.00022064728849637228
0.00014612734518122713
0.0026362778684266173
0.00011572754283850871
0.00011719880283229915
8.815360207387384e-05
9.122490657792131e-05
0.0032071965714662483
0.000159588584928891
0.00010354658360762582
0.00010020061970801994
8.916237243934728e-05
0.003442715163588027
0.00011682560979296907
0.00014864021993466975
0.0001435447651305027
0.00010383339695271494
0.003029689662441492
0.00010796689418318419
0.00011261199383377035
0.00012010213956443746
8.12507856419957e-05
0.0036149048494617127
0.00011861561010841914
0.00012611348028684975
0.00010979189582076416
0.00011565338750654776
0.0027542049115715237
0.0001231007380233986
0.00011067945941762212
9.398206965668847e-05
8.855588178196679e-05
0.002435234435938506
0.00010482236664170537
7.433485574813633e-05
5.9275342908614594e-05
6.423445234091975e-05
0.001928866952374533
8.765162311821113e-05
6.0629493864511676e-05
4.4952003300780194e-05
4.935832596535211e-05
0.0017102611918586416
5.44661700926503e-05
4.555410428237354e-05
3.6762738267940194e-05
4.401151408471793e-05
0.0014136343582526632
3.67782579391795e-05
3.219589486453855e-05
2.9117574346722538e-05
2.7777399848803158e-05
0.0008734244202953235
2.5944350402166756e-05
1.7306841620165134e-05
1.4534666610484884e-05
1.339733343390571e-05
0.0004640411636526851
9.885428871652843e-06
8.489201685221115e-06
6.590586638079635e-06
4.444710364874202e-06
0.00011142160279944892
3.3210288804640904e-06
2.913761515332094e-06
3.3412460794579503e-06
3.2825441553369604e-06
0.0001229443511127334
3.254276385204887e-06
3.2221917988382614e-06
3.4848241207662687e-06
3.362275055658886e-06
0.00017894240374248123
3.7113859013635776e-06
3.539457333644324e-06
3.8008920707247325e-06
3.6368162655236714e-06
0.00014581506902489207
3.8054927202334356e-06
3.4156798148444855e-06
4.436872415002859e-06
4.20963578261667e-06
0.00016793043595251337
3.8375555806405235e-06
4.208088229582446e-06
3.467024978925421e-06
3.689532391451723e-06
0.00013413178624953765
4.434144960517426e-06
3.5846362587787223e-06
3.8107404122944564e-06
4.2338269185233305e-06
0.00013053217482535923
4.365225617339816e-06
4.273026926204055e-06
3.847489287934502e-06
4.730996429521941e-06
0.0001622248370008079
4.73068084871407e-06
4.613967084526675e-06
3.955729255834077e-06
5.224278163166757e-06
0.0001762130465519357
4.5286547516326246e-06
3.9076109892855615e-06
4.328154622751797e-06
4.62719623905887e-06
0.00017946125436755584
4.892933981014943e-06
5.124369486878939e-06
5.0019716590649746e-06
4.178874968952488e-06
0.00016882082913516214
5.128367840393895e-06
4.721592109508757e-06
5.05413075627952e-06
4.094433678266737e-06
0.00019313492580238015
5.089325950825628e-06
5.050530563123391e-06
4.991931565507194e-06
5.094895394098223e-06
0.00016102599612905275
4.950485375103714e-06
5.652397509760384e-06
5.310237828087183e-06
5.952533197749408e-06
0.00020071970404853903
5.174240561976199e-06
5.950276574930584e-06
4.4045973373509394e-06
4.471253824316242e-06
0.00019881395211097244
4.636704867260386e-06
5.473530792313758e-06
5.0996913366359485e-06
4.515460977786174e-06
0.0001645646787668674
4.354366831913363e-06
4.134013294276716e-06
5.4049060076172e-06
4.9831415324929995e-06
0.0001895753392845002
5.19923341449937e-06
5.6237737221053764e-06
5.683995742400368e-06
5.392616502593862e-06
0.00017628422427376102
5.172744811336851e-06
4.432192036399536e-06
5.902098700442391e-06
6.1414984865088205e-06
0.00017284785618939695
5.458404424552469e-06
5.542717511824948e-06
5.467378908745435e-06
5.524702988758332e-06
0.00021497922345495863
6.085721439944709e-06
5.798253077445949e-06
5.040801862895116e-06
5.839346430938557e-06
0.00020443346469481975
4.972395408005098e-06
5.7286515569116445e-06
6.0795675059602325e-06
6.091123233689735e-06
0.00022815199704960418
5.942696390563867e-06
5.740610115944981e-06
6.2176941859539795e-06
5.058891206318877e-06
0.00022291326141324656
5.130073706044135e-06
4.9245989169638686e-06
6.344174384813599e-06
6.731116071950959e-06
0.0002509722779262364
5.993732765501113e-06
5.172421141933716e-06
6.531434903100391e-06
5.837136677362386e-06
0.00023171336457478587
6.164124850491669e-06
5.478368646094528e-06
5.128852672662009e-06
6.256417620253916e-06
0.00021856198901521414
5.959819218692367e-06
6.671159516821049e-06
6.715975151265716e-06
5.4875152197781e-06
0.0002325542777411272
5.9863845697985134e-06
5.6607340985370635e-06
5.794955783490837e-06
5.298388663205862e-06
0.00019346198915816222
7.231813471245293e-06
6.62159443925767e-06
6.378222415680695e-06
5.923766437004991e-06
0.0002604736039649633
5.794227120053746e-06
6.3703776635027945e-06
6.972970530042985e-06
6.027882140446078e-06
0.00020343044583441853
6.8098536738289e-06
5.907839328235464e-06
6.165930342061978e-06
5.8003532171121256e-06
0.00024843593273102304
6.267920455869188e-06
5.699264487158493e-06
7.102174741068045e-06
5.887555266176787e-06
0.00024772884274845344
5.670982036364482e-06
5.8601055820323526e-06
6.579636072014506e-06
6.983328984735285e-06
0.0002643019423616916
7.286711930909504e-06
7.918404246066388e-06
6.424619105535685e-06
6.534529887560609e-06
0.00026056589793627366
6.217129797082236e-06
6.988681666780612e-06
5.774176719060221e-06
5.947576664466893e-06
0.0002247131956478653
6.544509117354994e-06
6.9365323951514684e-06
6.562030707454301e-06
5.6772925770062235e-06
0.0002254507654986802
6.01825157825821e-06
6.513948742741777e-06
7.640856519574097e-06
7.535379319495189e-06
0.0002709167795689169
6.822153369995913e-06
7.975697594602166e-06
7.488581639682329e-06
7.5567069697500335e-06
0.0002701109528400717
8.716566050804568e-06
7.971764161610546e-06
7.366629233245601e-06
6.332163440405779e-06
0.0002917496317808595
8.742007919968345e-06
6.585591534712877e-06
7.989694618718999e-06
7.09625710688453e-06
0.00021837336007337146
7.633227757792101e-06
6.857456672877649e-06
6.537005134176668e-06
8.134887072672513e-06
0.00030681627623433696
5.571224750010207e-06
8.008823521011706e-06
7.774446480028391e-06
7.648713774247937e-06
0.00025926430959315096
7.373044629225998e-06
5.615090008688073e-06
7.383799616420454e-06
6.847674068389117e-06
0.0002833615324524226
7.2766857906721194e-06
7.112653271997264e-06
7.575844467303051e-06
7.41716746941395e-06
0.00030800447996774644
6.16120517498825e-06
7.844919024928261e-06
6.545144006470546e-06
7.207483249374704e-06
0.00024325786943064174
6.263300190381883e-06
7.026436088003973e-06
6.679996748166906e-06
6.728611086892046e-06
0.00028498145377877927
6.614705960755702e-06
7.003235699750934e-06
6.880824687660644e-06
7.007145608221784e-06
0.0002579462108918873
6.314731877562811e-06
5.654655514895398e-06
7.495114370059067e-06
7.177830348474363e-06
0.00026004753362389877
8.04776438155102e-06
7.080202266893533e-06
7.220955030644743e-06
6.0985334226057374e-06
0.0002570323872040473
7.542792613335696e-06
7.912531078960383e-06
7.300257666736598e-06
7.767917375713516e-06
0.00030989341181067833
7.798114762485146e-06
7.879177995550636e-06
7.626717328838577e-06
8.148599182951323e-06
0.00026871200459724175
7.739141682034682e-06
6.404021461072681e-06
6.8951011915954905e-06
7.946319609948485e-06
0.0002905460397395351
7.687574951852845e-06
6.846166738689819e-06
6.686987731618019e-06
6.641570163150317e-06
0.0003354391184079018
6.519401285982812e-06
7.945746895453569e-06
5.935585079619969e-06
6.920622946701867e-06
0.000317484851489025
9.07577976290021e-06
8.65039078579699e-06
6.566270207340948e-06
6.550213114565353e-06
0.0003030172070155234
6.739389718828002e-06
6.274423735656925e-06
7.557675269396247e-06
6.244592648619451e-06
0.000249175499614111
6.826404192243582e-06
6.846802413348276e-06
6.721982161260595e-06
8.75634848452757e-06
0.0003077572080612081
8.02407639080484e-06
6.89809505323319e-06
7.616882595166219e-06
7.701301944570612e-06
0.00029717034336398934
7.5298071083338015e-06
7.2541891976277976e-06
8.199532448870636e-06
7.3632128665905445e-06
0.0002928520180745639
7.765717949589917e-06
6.6196371685161745e-06
6.329506554949601e-06
6.3234217218350515e-06
0.00027872004303030094
6.6953533282727476e-06
7.02737261716114e-06
7.1799978966387305e-06
7.741971393709398e-06
0.00028375093007718144
6.988543015198006e-06
7.865497943811232e-06
7.122161029886781e-06
6.3408507612372126e-06
0.00028654792592986664
5.281520631278656e-06
6.025427702845969e-06
6.273087390794862e-06
6.264869818159041e-06
0.0002393669603038962
6.94618321266929e-06
7.113082483785091e-06
6.796583461466761e-06
8.00806518357709e-06
0.00023507704540188837
7.67357058730712e-06
7.217332861819287e-06
7.233414494102829e-06
6.326348531179363e-06
0.00031579006803996275
6.4971676959408686e-06
7.543644600187999e-06
7.010141232774468e-06
5.754306027761974e-06
0.0003252730525066884
7.3573419342820125e-06
7.632312272593553e-06
6.805905271631908e-06
6.585398492686314e-06
0.00026772113989355454
7.281489800139241e-06
7.910160623914845e-06
7.414556097443857e-06
7.474955249900521e-06
0.0002982586124387052
7.317011515646556e-06
6.23448709280787e-06
6.969825031254743e-06
7.528507283325537e-06
0.0002849105006220506
7.135149118949888e-06
6.696865546544733e-06
6.351730699262961e-06
7.025250039915689e-06
0.00024977142920599543
6.982067610910027e-06
6.7304182450121625e-06
6.6954799371584715e-06
6.45483928342e-06
0.0002799288255573115
6.391557819617262e-06
6.75462949552883e-06
8.221221341489167e-06
6.491978635193289e-06
0.000317080333793508
7.384728472704888e-06
7.829837811960363e-06
5.523572953808388e-06
5.946021623133369e-06
0.00032188025522681627
5.611486933609105e-06
7.968652676024301e-06
7.596428912425385e-06
8.661295464593785e-06
0.0002755899579047303
7.47257841988412e-06
7.077655069176553e-06
6.507123106771908e-06
6.609006056704909e-06
0.0003341526024645206
7.251354147292543e-06
6.002273256513503e-06
6.597132002256492e-06
6.131890503041378e-06
0.000316295837261031
7.793509812280738e-06
7.091515417058402e-06
7.155420211704466e-06
6.5048540524982425e-06
0.00024522653303263406
8.708171364896855e-06
6.297337660329939e-06
7.926764868508063e-06
7.074677251010116e-06
0.0002678140856871154
6.555835582194153e-06
6.721216107391254e-06
8.096694461684044e-06
7.42641859797543e-06
0.00030808849942649363
7.457688236233506e-06
6.958841470546669e-06
6.923431337754394e-06
6.456646554070484e-06
0.00029234913715429976
7.1159330779955995e-06
6.749321196430379e-06
8.07064670718101e-06
6.476444361975796e-06
0.0002645888437748819
6.824415411969603e-06
6.877930770967601e-06
6.843043585702005e-06
6.108013693036593e-06
0.0002833030041077251
7.602147679706855e-06
8.245968754460169e-06
8.02824853160463e-06
6.176595901997023e-06
0.0002662613771773606
7.473400204981355e-06
5.832308307694969e-06
5.807899477639819e-06
7.011193122031484e-06
0.0002693752092474691
6.901377555248334e-06
6.433809700766083e-06
7.963123504218811e-06
6.684349223691422e-06
0.00031511790365623384
6.983802920706111e-06
7.73725585831228e-06
6.60236634896728e-06
7.018590258568735e-06
0.0002620492183416826
7.703197335977473e-06
6.687644004005113e-06
6.510137672345353e-06
7.009957648835537e-06
0.00027204355483333024
6.66999241349476e-06
5.777205141027163e-06
6.77688568402036e-06
6.6770051265209786e-06
0.0002675272907657272
6.827284406510481e-06
7.168482572887384e-06
5.4736039243271815e-06
7.654580775031545e-06
0.0003139024097860784
8.381566873646055e-06
6.660494711818331e-06
6.0941749006449606e-06
5.42494852034554e-06
0.0002902153387343508
6.705379714834871e-06
5.7720687734436355e-06
6.202655940855028e-06
6.528738041181364e-06
0.0002998129300384293
6.102481679365834e-06
6.463806513131435e-06
6.977043080417093e-06
7.2809653000994435e-06
0.00029321065147035
6.220227859866537e-06
6.922607022647624e-06
6.7868605758728564e-06
7.451910216544335e-06
0.00030910627534780236
7.277496337913707e-06
6.897039710480936e-06
6.285478911953107e-06
6.34369989390251e-06
0.00031279484117225465
7.689125501106923e-06
6.423708221849062e-06
6.6908647026968835e-06
5.941540777296343e-06
0.000327840028821911
7.103346883457373e-06
6.175763857092083e-06
5.9553438905780205e-06
5.6880995261448e-06
0.00030721357454657685
6.600910297784075e-06
6.044805388776763e-06
6.6253214315623175e-06
6.197864843815604e-06
0.00030278081555754034
6.866978135320881e-06
6.77943302188953e-06
6.256483755782295e-06
6.5582901215542005e-06
0.00031218912552136705
6.291922430262017e-06
7.002015565193731e-06
5.406591280977138e-06
6.2654394945018845e-06
0.0003248392622996663
6.799318705413713e-06
5.862951053643115e-06
6.6773438843657225e-06
6.785318397071227e-06
0.0002754721875719534
5.56019725093665e-06
5.9057854666677905e-06
5.760718478049767e-06
7.322349265051014e-06
0.00027476187937806266
5.253626325289564e-06
5.921654198922462e-06
5.476834480421566e-06
4.796352016148613e-06
0.00028934318396983737
5.786553648267714e-06
6.5684336258655635e-06
5.228957215511541e-06
5.977866224968929e-06
0.000270643580817425
8.603104752090115e-06
5.737605779843037e-06
7.85524430566289e-06
6.032306390971459e-06
0.000253152703590814
9.907412935332067e-06
5.809163428225619e-06
6.78078848668088e-06
6.656647084957418e-06
0.00026670207464928394
6.589887351597888e-06
6.437194793906569e-06
6.384011119222506e-06
6.392748741372759e-06
0.00034534061262268443
6.978506555297034e-06
7.282855958610923e-06
6.82909008455983e-06
5.973468429585538e-06
0.0002644347511122654
6.282435533408379e-06
5.251094220025304e-06
5.119283538559423e-06
5.4045045243833e-06
0.00030048730365924586
5.721440311084752e-06
5.65940525736759e-06
6.359768162706899e-06
6.652035022973103e-06
0.0002748760807430779
6.71798581031236e-06
5.847370560582818e-06
5.854026059967516e-06
6.038352995315669e-06
0.00026285507524283365
5.678910965096918e-06
6.6419147369741124e-06
6.34001087977886e-06
5.657826956523536e-06
0.0003262979094947973
5.976772343513913e-06
6.0086874107376704e-06
6.291697411930597e-06
5.797979283753573e-06
0.00033213140000080163
6.544416086429148e-06
6.007929737907913e-06
5.232439721671598e-06
5.829250906923115e-06
0.0002610792146876296
6.7819761411373585e-06
6.4366384977803025e-06
6.10519262386061e-06
4.984621418805372e-06
0.00028120992386417845
6.756169323739622e-06
7.140877349056256e-06
6.548016383507394e-06
5.37719804553325e-06
0.0002626073056715423
5.759212234889343e-06
5.891452542979113e-06
6.42450193827136e-06
5.997529462985081e-06
0.0002552196050503118
6.745458312787341e-06
6.715624962070019e-06
6.479026252170039e-06
5.059899090854262e-06
0.00025832497224492675
6.8330414516142685e-06
6.838234724654028e-06
6.2572982158140454e-06
5.630474704782358e-06
0.0002591762771547918
6.240997685209788e-06
5.99530067947863e-06
7.0052516152112144e-06
5.452828370251665e-06
0.0003111165502198002
6.364096956136417e-06
5.718728654479341e-06
5.181845927437146e-06
6.273368632894866e-06
0.0002656096407414798
7.0327688249906756e-06
5.685013098519766e-06
5.61873219817271e-06
6.316842043183902e-06
0.0002647330027190602
4.7703841491156396e-06
6.271785004845975e-06
6.7942815548329e-06
5.948828598487695e-06
0.00030476004368549804
6.112036908663336e-06
5.347938847800125e-06
5.0416867902089665e-06
5.756757660341481e-06
0.0003115133423633535
6.488885801215767e-06
5.471172058527167e-06
5.192418466932273e-06
5.4275937882239185e-06
0.00020527978284633954
7.92866576348615e-06
6.2352127028352555e-06
6.151632483759281e-06
5.368346474115835e-06
0.0002727130870031385
6.137677796707744e-06
6.380990839534731e-06
5.4525595152737084e-06
5.809040150602985e-06
0.00031234218795678107
6.317877540718788e-06
4.130704416259508e-06
4.95937848871769e-06
5.192016541009596e-06
0.0002976766243132721
6.185228168941271e-06
5.029745919582211e-06
4.681592900221931e-06
4.5695036397865025e-06
0.0002130405497867979
5.953618464413446e-06
5.541567698843231e-06
4.8502467342234635e-06
5.38142652797165e-06
0.00022109574943168675
4.808529028592018e-06
4.874199180549648e-06
5.2538823396486614e-06
4.866370205720825e-06
0.00021982991794180094
5.593993782767515e-06
4.435105616646368e-06
5.027304930361533e-06
4.401712194644616e-06
0.00022673212292305934
5.036192573842581e-06
5.321902123875423e-06
4.629181072354783e-06
4.069016886335739e-06
0.0002516895657943373
5.908262909100444e-06
5.414227027691988e-06
4.743048422306213e-06
4.617281253151199e-06
0.0002672978064049076
5.3205564022602275e-06
5.18262130575148e-06
5.264617242297715e-06
5.089664211862583e-06
0.00029438982129320834
5.731146873461229e-06
4.394406367069673e-06
4.9838653871590285e-06
4.710675345893514e-06
0.0002698580648729186
5.230998202805506e-06
4.3935610834348025e-06
4.152091635053433e-06
4.662892086130554e-06
0.0002446438891485199
5.7557507426571335e-06
4.890472479476614e-06
3.953882536959338e-06
4.36093238624389e-06
0.000223343144664244
5.477972703990095e-06
5.137599646635328e-06
5.447576887234202e-06
5.8470767052271e-06
0.00021249055279418173
5.367287041093945e-06
4.762591508639768e-06
4.913701516041203e-06
4.0791008004668735e-06
0.0002244576357140962
4.312772066415911e-06
4.0094684125481325e-06
4.6297979304345466e-06
3.958715388304249e-06
0.00022388616655200409
4.851691537280087e-06
4.477214869413662e-06
4.391558120894646e-06
4.333513999993251e-06
0.0002227052785883095
6.014767480085604e-06
4.317240521949668e-06
5.040333757539879e-06
3.9040904921380836e-06
0.00023018661879301768
4.413836916759932e-06
4.786407883133084e-06
5.062445050267035e-06
4.9147997769442655e-06
0.00022704438528722292
4.6391777192054976e-06
4.925715992826817e-06
4.440812679156599e-06
4.12791863314259e-06
0.00019100369429619072
5.1656038736927375e-06
4.762677969093674e-06
4.167124420690664e-06
3.960780010650474e-06
0.0002073524733976561
4.739661378659738e-06
4.54816851054494e-06
4.449821213116748e-06
4.323518452550846e-06
0.00022614946499467715
3.938986428658413e-06
4.77461050117433e-06
4.327880120580754e-06
4.0961264231374754e-06
0.0002343849617358822
4.674775939877436e-06
5.332028981236605e-06
4.08375173545082e-06
4.5440457472306505e-06
0.00024582708068713477
4.348668620553451e-06
3.969644119167033e-06
4.44123006811328e-06
4.517180191729002e-06
0.00019756411143089983
4.760416940600978e-06
4.5861062221643675e-06
5.085308629841194e-06
4.310907317424469e-06
0.00022373538219996273
4.456632141133168e-06
3.7280153929437858e-06
4.2359669451515406e-06
4.118545399627274e-06
0.00019095726057289744
3.935890970210368e-06
4.404379273117937e-06
3.520350271540773e-06
3.870086190644607e-06
0.00018674246933939352
3.9440396423211045e-06
4.832802256853476e-06
4.118978141251215e-06
3.6036016539243942e-06
0.00019467579114463383
4.231159369408604e-06
4.510992976145581e-06
3.786442411604103e-06
4.118971693208698e-06
0.0002222398941804151
5.591010649031209e-06
5.267811485016916e-06
4.05151081714655e-06
3.934304000215072e-06
0.0001987947390527724
5.0886455813597475e-06
3.6893689404670143e-06
3.417708232649532e-06
3.272399127108643e-06
0.0002297372438416277
4.065747303328927e-06
3.925487202425026e-06
3.5804279622551162e-06
3.609050699599306e-06
0.00020960762823849953
3.7393770365108835e-06
3.4863878043004447e-06
3.0104104613661564e-06
3.422482180904198e-06
0.00015312616504796806
3.36986610529845e-06
3.824161066158866e-06
3.245414557602901e-06
3.6014076429789023e-06
0.0001849098699771071
4.312742475783173e-06
3.291865019539269e-06
3.7750494366901735e-06
4.0155565639430494e-06
0.00022237915330320304
4.23933391878638e-06
4.006059687235234e-06
3.2608527518507944e-06
3.7833941964485338e-06
0.00021717203077633733
3.354187884539372e-06
3.7643476242891987e-06
3.6208456480473467e-06
3.649059303573547e-06
0.0001874966612152021
3.4697580015834297e-06
3.516939255256944e-06
3.028964813115511e-06
3.718787168388907e-06
0.0001717631725397681
4.311472361545409e-06
3.1513306609775917e-06
3.399138399338169e-06
3.334001780253677e-06
0.00016632584669783255
3.66825482293393e-06
3.6084385097200706e-06
3.8640531617284464e-06
3.579769982146336e-06
0.00014478488227354723
3.347601210124203e-06
2.8157295311147785e-06
3.4668848158235205e-06
3.130401520640901e-06
0.00015928109657523462
3.5305543949510012e-06
3.047218428453056e-06
3.0959953156674752e-06
3.354023325773747e-06
0.0001595347824444106
3.538748999950079e-06
3.0339907339892966e-06
3.0472032243060716e-06
3.1412114981135156e-06
0.00016849971546828308
3.3766386345645222e-06
2.972775914606805e-06
3.153591923039897e-06
2.6311274633130095e-06
0.0001497550309512028
2.883765557257872e-06
3.03183527841482e-06
3.136832502553889e-06
2.427163141259122e-06
0.0001504167941203862
3.2811237279641526e-06
2.9709694044297324e-06
2.797838108130792e-06
3.141635337792327e-06
0.00016256476128959053
2.973748266361699e-06
3.480000411516408e-06
2.731369809181799e-06
2.742532086514827e-06
0.00015347218111649085
2.8947960943449485e-06
2.9648895396502397e-06
3.103604923871208e-06
3.0083696028702043e-06
0.00021125941873347838
2.658110734461123e-06
2.799001174460109e-06
2.432682437624905e-06
2.668723915339961e-06
0.0001345458972885099
2.8634175561071905e-06
2.9475489523049584e-06
2.695858902388259e-06
2.5274487612607255e-06
0.00015967357953923942
2.738950414109507e-06
2.9025326087900334e-06
2.900559336898408e-06
2.8341927651153005e-06
0.00012894597875825304
2.5300483332446072e-06
2.1024830141165303e-06
2.470495149156945e-06
2.8854616111774165e-06
0.00014656639292399425
2.8649647924299707e-06
3.0081835290354535e-06
2.576845863710175e-06
2.835318978861779e-06
0.00012393478676409175
2.890335832314822e-06
2.4264588981974956e-06
2.348250115695749e-06
2.3292186049114356e-06
0.00013847565163326234
2.4476135259179473e-06
2.2591976050415707e-06
2.2429695045372907e-06
2.4729852435743136e-06
0.00013927790124999387
3.0360948962482494e-06
2.3525487355976993e-06
2.3245218925987347e-06
2.2420561378727977e-06
0.00012588822026895116
2.577864355701717e-06
2.649464762558242e-06
1.8315206413135254e-06
2.2480494339125196e-06
0.00013128533653042896
2.3598988362293965e-06
2.202781820306213e-06
2.3369955151141345e-06
2.4884725195907643e-06
0.00014162039252100256
1.9919276114675993e-06
2.31487528956635e-06
2.3776014408458162e-06
2.203598919969551e-06
0.00010469067923977016
2.3583606690102856e-06
2.07353667253213e-06
2.2473836233242686e-06
2.3944449464181434e-06
0.00013474568511597637
2.608162731034484e-06
2.297581012530502e-06
2.0047166250027856e-06
2.2700036301986264e-06
0.0001257890948751617
1.9985472901537566e-06
1.9131583358417156e-06
2.050245819503399e-06
1.8866664054989175e-06
0.00013130242269135663
1.8733775364012185e-06
1.971593499539991e-06
2.043939309608218e-06
1.7711678623636494e-06
9.661167877774845e-05
1.7152597987643477e-06
1.8884318089153031e-06
1.8482545364984132e-06
1.663343175438274e-06
0.00012846565848593326
2.028147904653787e-06
1.8383383807196813e-06
2.078902747812977e-06
1.964962846808132e-06
8.940004343325056e-05
1.7996322840478503e-06
1.999904284313574e-06
1.8901755158693126e-06
1.8335359670296223e-06
0.0001202382843451123
1.7116985713476957e-06
1.9852938758577413e-06
1.945370772474274e-06
2.0442510655379666e-06
7.356187353416328e-05
1.726812843350328e-06
1.6683527128267147e-06
1.8567078471897514e-06
1.7332161751387183e-06
0.0001087246058318034
1.9075660535380884e-06
1.9058347056343157e-06
1.7842748405634474e-06
1.5975989361044638e-06
8.419226462308277e-05
2.0529333552018715e-06
2.08982170717449e-06
1.7614054312653258e-06
1.9049502557322033e-06
9.72263010013024e-05
1.8554629576555136e-06
1.7937900930668549e-06
1.7739240367361405e-06
1.5273932541857912e-06
8.727344320792738e-05
1.573138717137488e-06
1.977023877997156e-06
1.8928852868361675e-06
1.6946435664639817e-06
9.834383885162944e-05
1.7015748721740092e-06
1.8585587106358647e-06
1.668670353040627e-06
1.5941991877725244e-06
8.211891674412982e-05
1.7166350657275073e-06
1.525170404427061e-06
1.4762015897570294e-06
1.5508281323936268e-06
8.452870886943995e-05
1.3848281453689104e-06
1.4288795792334517e-06
1.6211541285841763e-06
1.5945309611270834e-06
8.030570565241817e-05
1.8308066208856161e-06
1.5972181014385696e-06
1.548372298264302e-06
1.5108925558207866e-06
7.29249655231997e-05
1.4291624784869796e-06
1.5332175132392757e-06
1.6294362613759862e-06
1.4689091185621972e-06
8.267054212312504e-05
1.7596986546123322e-06
1.455791579325954e-06
1.4184441894337642e-06
1.6034278932551253e-06
7.421506191761385e-05
1.4012830488394998e-06
1.4396284696216343e-06
1.5255151424888324e-06
1.4294081514159009e-06
7.883609780570912e-05
1.3786263416595767e-06
1.434236376783633e-06
1.1661138757782494e-06
1.1553547984095954e-06
6.237579981289259e-05
1.2720187947255973e-06
1.3058114213755182e-06
1.3941182328483308e-06
1.1546018603887834e-06
7.328548730637794e-05
1.2132825981917694e-06
1.1570871319820414e-06
1.0914774516976402e-06
1.0429337113821652e-06
7.766529999128352e-05
1.0273768651681313e-06
1.1419609811187613e-06
1.227239204139081e-06
1.1525937299305036e-06
7.160585547182652e-05
1.037055923070922e-06
1.2252037426998647e-06
1.0119306981753034e-06
1.1887739041351254e-06
5.838713357363239e-05
1.0268708550483596e-06
1.2528606775822342e-06
1.158524361009807e-06
1.175381416849589e-06
6.223655900393931e-05
1.0257453175212642e-06
1.226930128125211e-06
1.0150427764570122e-06
1.0530975130246522e-06
5.370431001053932e-05
1.0626865836497327e-06
9.751836603823844e-07
1.130180650027675e-06
1.1340869449824057e-06
4.446902747453144e-05
9.316761209809936e-07
1.0689752429382468e-06
1.1329132016131237e-06
9.93626666253262e-07
6.004783967741486e-05
1.0156542170125896e-06
9.663596906904384e-07
8.981500842114744e-07
8.643456404506198e-07
4.616771334873947e-05
8.78442131918669e-07
9.029272338787704e-07
8.914569009614862e-07
7.944137904917908e-07
5.092029825132498e-05
9.077046252541972e-07
7.3322482871868e-07
6.945058194919838e-07
8.558805890548124e-07
4.9769670427550136e-05
7.876622198489839e-07
7.533142304451959e-07
7.369007176308952e-07
8.3859203039881e-07
4.150878061557315e-05
7.19238066074439e-07
8.729973692619884e-07
7.535141163987093e-07
6.82309027666162e-07
3.936539078662806e-05
6.793176551733541e-07
8.145699115678072e-07
6.707141445488742e-07
7.267098899550443e-07
4.219491854783664e-05
7.070194323785156e-07
7.058873804584464e-07
8.303289676958463e-07
6.901279201523499e-07
5.023198791032784e-05
6.535028177786114e-07
7.509420466069228e-07
6.826565488127908e-07
6.642245427962545e-07
3.774143610609286e-05
5.934224068072928e-07
6.527358176913932e-07
6.868302932636893e-07
6.022621415028902e-07
3.5701166779712974e-05
6.006641604650066e-07
5.225995294328612e-07
5.311716596410684e-07
6.283025549707537e-07
3.2080003046865865e-05
6.084490389344096e-07
5.62402838401317e-07
5.449553060548358e-07
5.781325542020048e-07
2.840940298878826e-05
5.422467619118193e-07
4.74917558223138e-07
5.286536766263544e-07
6.038402164664009e-07
3.111323302105987e-05
4.772917518067038e-07
5.167974737726393e-07
5.278051526163929e-07
5.004822313257958e-07
2.48760028817891e-05
4.599710217915415e-07
4.4383211728554897e-07
4.570622071600327e-07
5.07284534376047e-07
2.5229320101080088e-05
4.2879662416972974e-07
4.00227263569044e-07
4.681554453637483e-07
4.1480512640902686e-07
2.134150779460045e-05
5.052125953596625e-07
4.387253898618381e-07
4.020087207840877e-07
3.8241382479702375e-07
2.8505774841091153e-05
3.8888675565010066e-07
3.848950613524596e-07
3.789012517075309e-07
3.2857041612334294e-07
1.9795226061309367e-05
3.28923175683533e-07
4.0507019291203454e-07
3.477638110110186e-07
3.517655518387283e-07
1.991761992405485e-05
3.1669700080121195e-07
3.31759953952721e-07
3.905041781135883e-07
3.3677195740880994e-07
1.672953210933828e-05
3.0058455969450474e-07
3.2814626069091866e-07
3.027021669901721e-07
2.8840733534155544e-07
1.7182013342414585e-05
2.8572726954119656e-07
3.3448218383356554e-07
2.7871964444966547e-07
2.896438939559826e-07
1.2797786771343406e-05
2.4864604776266804e-07
3.1323255924779925e-07
2.8279790875249713e-07
2.705756258895135e-07
1.2775238224502772e-05
2.8007326114444915e-07
2.624458539738916e-07
2.638865713434222e-07
2.2132667274503984e-07
1.4200787173238333e-05
2.2389683360732767e-07
2.3519346909841844e-07
2.2595999810904206e-07
2.1290435596737762e-07
1.1875316364664431e-05
2.016706326039491e-07
2.27897092103657e-07
2.050314273715548e-07
1.8688987061288965e-07
1.1303757407079676e-05
1.6422359590086252e-07
1.2933063033023519e-07
1.8372625849405335e-07
1.835815679155939e-07
9.260971123206459e-06
1.7460741420414086e-07
1.737696031916642e-07
1.6945529394799595e-07
1.3762556962911497e-07
9.504343472570285e-06
1.559914699968378e-07
1.3680440904544217e-07
1.2870271601779612e-07
1.41758713641982e-07
8.130113454058795e-06
1.3623284128135558e-07
1.285511450896785e-07
1.399745911469892e-07
1.0706164217935759e-07
7.404285181890348e-06
1.3780383809919354e-07
1.0309472640993108e-07
1.0666043300674553e-07
1.3064537580699013e-07
6.364280697885005e-06
1.2405330703784989e-07
1.2734720729104062e-07
1.2796796573210943e-07
8.860121667805593e-08
4.571962108839826e-06
9.318317808937148e-08
1.0016502562368143e-07
7.15881388864741e-08
8.434994676497744e-08
4.891108851760835e-06
7.454933936879161e-08
7.72486606395757e-08
6.805300305385081e-08
6.888321929203315e-08
4.141683182501159e-06
8.37636359569383e-08
8.97558263279385e-08
6.745076335904244e-08
7.015013533003145e-08
3.2148550329132526e-06
5.392290788921555e-08
4.7894886684200905e-08
3.695214116734611e-08
5.172118611899318e-08
2.2448090264236893e-06
4.2536568409566576e-08
4.0135326722904285e-08
4.2463159665853925e-08
1.713399179648084e-08
1.8019018385323383e-06
3.6237103286003367e-08
3.054245389681878e-08
2.7026665596277e-08
2.712594926436139e-08
1.6089075882156617e-06
2.53435676042506e-08
2.6420913938673578e-08
3.490213146381339e-08
2.3561287167724733e-08
1.2446314893442127e-06
2.9046556732792045e-08
1.3347147027284863e-08
2.7920244836593504e-08
2.327733908597962e-09
8.415291672342302e-07
1.004157394864176e-08
2.728946877334693e-08
1.2480917568531827e-08
5.220222141622257e-08
6.023708969828717e-07
2.7030031050661373e-08
1.3360304222995725e-08
7.714094274161772e-09
1.7434174500554486e-08
3.981889812586022e-07
2.4517004141772515e-08
2.3068357386921318e-08
0.0
0.0
