0.13188111143896147
0.1030873571213959
0.11921968357623093
0.10957391112613243
0.12420055591680831
0.12021331861261574
0.11439943347571437
0.12487154448181095
0.14399851353793924
0.13116359805982825
0.1634426176425107
0.20314105556482034
0.22837767625712238
0.2471076465469972
0.2594887787483056
0.2679717068819602
0.27646718190572755
0.274963319567915
0.2790038463469702
0.2762822145118122
0.27683737601244257
0.27527274633202864
0.27556481195577165
0.2742406301013185
0.26995862333242115
0.2660386422512228
0.2660610497133865
0.2665483611785758
0.26345880709057357
0.25994096230934993
0.25492493279221984
0.2511086371372929
0.24620282982265404
0.23691967847309922
0.23213840551574866
0.22170998505951817
0.21810885634081262
0.21005789544400194
0.20071696369891281
0.1949222571454701
0.18936139386616282
0.18214988907031246
0.17645885229536254
0.16385268913530016
0.1615095910342371
0.16015031019838988
0.15477800062421007
0.14657753870565468
0.13928815827448376
0.13303801129303444
0.1297404963817563
0.1269070883433338
0.12524737999460644
0.12565027002073167
0.12384034896981205
0.12493667944585922
0.1223917168036433
0.1275660641217145
0.12543695133613617
0.12214170512769197
0.1179104692539517
0.11837293300023029
0.1272531956596164
0.12423034003111802
0.1225868643599281
0.12230713774762948
0.11972334909473946
0.11845142584985659
0.12140999015927594
0.11744783723067136
0.1163502202912307
0.12036996660866872
0.12565036794417234
0.12198463252079327
0.12199297297387351
0.1189041296289968
0.11339430403755812
0.11006748616732583
0.10244720238953904
0.09829734737059742
0.09746955662041412
0.09453706025393838
0.09149418585624286
0.08438662846674026
0.08103359406004162
0.07844018083979808
0.07349520875690091
0.07313697231922144
0.07867039593360628
0.0957883931777317
0.08545763491812904
0.08492703079919749
0.08315026300253645
0.08265025514055468
0.0792722835703474
0.07448429864585357
0.07070156248965734
0.06876828797394696
0.07843812383159468
0.0787862678553645
0.08681918665679055
0.09498298056547705
0.10206989083832
0.10189484985800618
0.10430335955132117
0.11078619807626143
0.11263763151073024
0.10677983908188039
0.11334868036352608
0.11779853716166847
0.12285902852596192
0.12330565914098317
0.12570315250704436
0.13227475238704317
0.13063597156171172
0.13144714460744117
0.13651976826516354
0.1356034683049489
0.13700788241810505
0.13974013457909867
0.1368751749830246
0.13533656912187503
0.13165745195330153
0.13142195142579166
0.12968721742610945
0.12568950791327613
0.12214472499951454
0.11752075684484814
0.11866967164771738
0.11572375844871274
0.11472601028445076
0.11270888667818985
0.11265549506305808
0.11173740708652179
0.11730190473568541
0.1152100567042031
0.11320713358071045
0.11215909788574784
0.11265157418454945
0.10879600611608413
0.10446979707419989
0.10456474346980138
0.10431517531713178
0.11987739113336102
0.13670911802383076
0.12960885134376973
0.1341283403354957
0.13633137928711464
0.13362256484891494
0.13430539921816445
0.13458734305834685
0.1291103758894348
0.13438246902086287
0.12870568452806397
0.1312012151714027
0.12736749046370135
0.1263830865022416
0.1261731186410682
0.12669145814786315
0.12510391624766898
0.12468661951088837
0.12283699276703607
0.11838379864419551
0.11240172229930606
0.10719258086246468
0.10474022755672328
0.10321038590800911
0.09941869052274495
0.0973284172912391
0.09462345556619615
0.09880806290060008
0.10127490211626916
0.09826528601704017
0.09360759807482175
0.09176362636623316
0.092800176905858
0.09649755162170916
0.09848194295370699
0.09744039660046203
0.11266377681585958
0.10823420549728477
0.10795300365509258
0.10590132644210323
0.10674005035694796
0.10724321305112039
0.11039560077217088
0.10851650169015899
0.10695492992459564
0.1078672620507817
0.10826746415115905
0.10849758676968199
0.10716298069033955
0.10738642822468061
0.10335146568370217
0.0994882361605468
0.09766777838915805
0.1014599031798337
0.1038714652475902
0.1021935280504426
0.1023086085521423
0.10045765980557637
0.09963053234340162
0.09725266834697018
0.09393605678232174
0.09111393186734536
0.08835090228969227
0.08688010340520819
0.08458448440290449
0.08470096020886814
0.0824912795863918
0.08284845386421981
0.0817804906952136
0.08115662306134509
0.08095314788837363
0.07849837357385785
0.09155773685805911
0.08251280879040963
0.08218479886143845
0.08173075000523897
0.0831433977983641
0.07796161027881766
0.07753178281460914
0.07336135417531184
0.06941638339057091
0.07237220324885839
0.07159780020719676
0.07194779346514463
0.0711105692688935
0.06782490533942095
0.06934955889247398
0.06701339090185109
0.06800264946670544
0.06983610522136907
0.07564243387406659
0.07742140689564726
0.07855394192692265
0.07799274580330055
0.07346037886175469
0.07092486519565762
0.06804623550256013
0.06539319490287701
0.06172590194313151
0.06246938008219636
0.05751426872218685
0.056550924652751765
0.054057671345546676
0.05158999220580772
0.05089173612423941
0.048205913719835396
0.04659231720027858
0.04371029075717852
0.04802472510090677
0.045204862534876905
0.04512162588097138
0.04610291059132801
0.048093749576538614
0.0496483284191427
0.0495161708240884
0.05149202527453792
0.05336198355378067
0.057101252721218305
0.05288664571013996
0.050606795756766174
0.050425968880485374
0.05047446789433497
0.051111152378404016
0.052302346476966494
0.051391262848033206
0.04895638772441273
0.04847502809745657
0.04464896282291429
0.04427252649322999
0.041624297272399705
0.04215992690363519
0.04237086438681757
0.04407120492271695
0.04584930601984182
0.04520258241046249
0.04667911950399717
0.04682614638371673
0.04555689065545497
0.04576998919147056
0.04599933640170195
0.046064829445731675
0.045941977943428934
0.046252070616847024
0.04528209251293199
0.05007194042024129
0.0491823751328828
0.05025391590916858
0.05137336872958404
0.051662549926594234
0.05263330932498501
0.05423769454343912
0.056065039429568184
0.05796767744616778
0.06126844173914857
0.062074805863473734
0.06315805633356521
0.06202183648371632
0.06109519583292712
0.06069812308232799
0.060591958998397456
0.05994383359612531
0.058418879206963904
0.06100645362302109
0.058658392908441256
0.05775346050261177
0.05726857500487447
0.05488067443153658
0.05260942593029939
0.05045304980929756
0.04839522170884538
0.047643206255981285
0.05221097688076495
0.052102374592161216
0.052102055997818496
0.05426518907186217
0.053318156876025716
0.051854022048154015
0.049655368453950084
0.04916284550255035
0.04799439175470482
0.04878144298814029
0.046952163416142764
0.046932256766912386
0.047258979041188816
0.04707167589601235
0.046586774731755924
0.047375604017116275
0.047933642984169564
0.048458399811352165
0.05049255140193732
0.048874091641055245
0.04910377670172469
0.04865315996488079
0.047913723488983984
0.04765458772608683
0.04749108525927769
0.04654804412106802
0.04498992391144083
0.046872568256058886
0.045558976057904044
0.044809076286494644
0.04348503987210166
0.04172781146858207
0.041063342292720614
0.040480887257847896
0.03914777057457953
0.03696809315865677
0.03684679295445009
0.035001088628361966
0.034211279542885144
0.0347111630103383
0.03436087368196591
0.033796421327007484
0.033370143606021245
0.03273685284980858
0.03278841907253233
0.0362798002929485
0.03612806786196482
0.03729450328320678
0.0375851856926163
0.038603416641409156
0.039954877418746766
0.04026972153799229
0.04139433160558473
0.041552196598033705
0.04122817803065229
0.040263535228851906
0.03949561056753767
0.03919886428995201
0.03900626507463345
0.03880030616095704
0.03889659137813098
0.038575070196680945
0.03808519550660953
0.03706319650154718
0.03610276892509306
0.0356382378226789
0.03433516988594369
0.03363874385342611
0.033006034500325
0.031700381047731784
0.030162546757106314
0.028726062278414136
0.028260036442884547
0.027337118647191686
0.026516465664726905
0.025915257700643686
0.02509619444620149
0.02438842831050538
0.023770394757625327
0.023222854693474744
0.022815485253202573
0.023036803216702383
0.022333147457315874
0.022010369538143813
0.021560377037880458
0.021260035099220503
0.021019830211477384
0.02112435243087163
0.021061782151222227
0.02078724703670268
0.020925902721324774
0.02087409791368964
0.020939302656517556
0.020872931282885105
0.020622259980188712
0.0204506050991587
0.01995636359755732
0.019639923811135225
0.019348416088928327
0.019212165040004676
0.01892920346322189
0.018828702020275426
0.018483446118320344
0.018151987262585455
0.017781577759719135
0.017400135889963548
0.01726080660404201
0.016936435154702292
0.017202689484765745
0.017125368810006678
0.017012114057478867
0.017005292458024592
0.016943721711186306
0.01687805299210065
0.01690802550185695
0.016863406112232672
0.01671608819024072
0.016657512180386164
0.016481511748003552
0.01636091263793019
0.01616794338401649
0.016076604413968427
0.015870097926081215
0.015603864383360725
0.015466684765394955
0.015218678702678665
0.015074463357929998
0.014734607182116393
0.014491538868659658
0.01424902790966864
0.01385784818143823
0.013604035437608374
0.013270519236550057
0.012658083665056635
0.01223018261486323
0.011854119472432192
0.011487570386439548
0.01110224183835934
0.010762823692451089
0.010449218582084585
0.01012800196319839
0.009709481754141828
0.009518177929400061
0.009315457831457945
0.008827733835079945
0.008530408917542521
0.008260177701645973
0.007924188032881663
0.007731988844346153
0.007408870105596615
0.007090406661895512
0.006952837394158517
0.006795894074666038
0.0068520955065958155
0.006711368628623567
0.006640510802229009
0.006505437872121195
0.006503853902076036
0.006495962293683415
0.006493346998210865
0.006481925652501723
0.006519169399529853
0.007083746646868032
0.007270921353504608
0.007382924183465464
0.007655569390822184
0.00787140841850426
0.00804817885154499
0.008285481816917434
0.008516593207007315
0.008718997810192797
0.008873643811534077
0.009030261544667767
0.00909561608590279
0.009169582172224376
0.00944091945087523
0.009659377037732488
0.01001765922804363
0.010284747640284017
0.010468084135403908
0.01092039460116731
0.010873694216906668
0.010936033899071563
0.011040438275196091
0.011103310631161186
0.011286366007652685
0.011466144367729872
0.011614838143281778
0.011646318737008556
0.011878453122785626
0.012026923329476788
0.0122722520587909
0.012482097590659111
0.012740272809235325
0.012850654913882346
0.013039596800540823
0.0132396274270702
0.01334625800988073
0.013641507868310502
0.01355632773648641
0.013439081177002809
0.013191632824511737
0.012934972242690738
0.012808102959499279
0.012470710793267892
0.01208369538683741
0.01185309020242098
0.011835017760047703
0.011672376594065025
0.0116972975123959
0.011493877957440586
0.011488872484638639
0.011383922311155759
0.011278343341015783
0.011205547006527379
0.011178587648457097
0.01134622578839355
0.011360327197804379
0.011444562246063881
0.011409154410485844
0.011418412671098836
0.011345153451642671
0.011352691329092588
0.011404222685507465
0.011304369574107995
0.011586385434226158
0.011611139911884429
0.011692433320410037
0.01148671535291478
0.011327577366137789
0.011157125992072655
0.010976940620976542
0.010838416415953806
0.010734562269067625
0.010524448765709014
0.010140231115599687
0.009862859915854085
0.009437563668308228
0.00924819717291288
0.009163215973523956
0.009090662811054459
0.00897809937492461
0.008897920253360702
0.009106922572395135
0.009130132043235033
0.009148562447320048
0.009078707060889287
0.008993586968953669
0.00906750325921305
0.008953167755485016
0.008926810842486886
0.008791164027687851
0.008806511305449126
0.008665316350114659
0.008701752152338193
0.00868019922464374
0.008474906039581048
0.008275490113670037
0.007981120364973313
0.007940737463724517
0.00790512958728059
0.00787100313579263
0.007732333995030015
0.007769011774968888
0.007639727894676761
0.0075281673406992645
0.00764424055027138
0.007664225991534924
0.007611529599243594
0.007638043051522994
0.007747461264324444
0.007572014886277239
0.007537912514940343
0.007469799741039743
0.007535381621514703
0.007356419686531713
0.00735452835353559
0.007321715155149628
0.007215641333636745
0.006767835837140874
0.006642001471396679
0.006656943055684516
0.006493516841172793
0.006462992680051696
0.006288922128556318
0.006327888012181088
0.0063824694161302995
0.00633854314287513
0.006559468713363937
0.006556156631175068
0.0066989158600121584
0.006872002005254635
0.007003955888732158
0.0071064591795129235
0.007156192160821829
0.0071537302020818665
0.007187575514855119
0.007047188820933325
0.006969029166403349
0.007020206222491375
0.00713777954332542
0.007306264298540571
0.007520066110386274
0.007582483131748944
0.007690368390941294
0.007768912668619062
0.007878653689457352
0.0077918657916583815
0.007811577455708893
0.008028656963712974
0.008158583219707123
0.00826801875619375
0.008218492759484835
0.00808634450526802
0.007943212225911867
0.007845641538177156
0.007675595515487047
0.007829456852570747
0.00780265407267134
0.008007646475152933
0.008025434064309837
0.008050104605727403
0.007818145289763571
0.007738837470912367
0.008083930137465535
0.008266046290664802
0.00841693131611857
0.008506433961921928
0.008431837608190145
0.008383053564916495
0.008473147604699716
0.00858371701432549
0.008782549888977347
0.009536797064355918
0.009684469622050976
0.009976408806369278
0.010264470417304996
0.010496322657416953
0.010614078069874886
0.010646740007578034
0.01073031041264597
0.010518151907547648
0.010940297246259266
0.010825493602811306
0.010704447042390059
0.010687514939988159
0.010642719120549734
0.01089039078577322
0.010962111439235565
0.01099031050671233
0.010906184178926042
0.010674266106171294
0.010370882567467158
0.010260728545187787
0.009908535391965142
0.009851999036472318
0.009784461814004558
0.009607347293782223
0.009439472991677283
0.009412485229657914
0.009141843958439862
0.00906362256348579
0.009024960271137644
0.008910795281842557
0.008649089773737368
0.008399922820437711
0.00804335885482766
0.007699492784145393
0.00732262511026068
0.007653732620494617
0.007463654586710065
0.0072163092406991765
0.007349071933165899
0.0074095034167299244
0.007352553275959761
0.00719912605485979
0.007045280354744957
0.006870756697444311
0.007252872223717485
0.0070642910949472995
0.007042816483305286
0.00707674988128231
0.007158582799873935
0.007255245699159665
0.007456701315518391
0.007641862105217601
0.00772540301765598
0.00765624858482033
0.0074608377874019844
0.007307802741122367
0.007135294363696029
0.007262808685610904
0.0070816848403280645
0.006998150982074578
0.007185151854720047
0.007199747903047471
0.007001028300190114
0.006845676330385322
0.006738872954458446
0.0067131650940083915
0.006691373284888494
0.006568052398904204
0.006470094727577822
0.006412835525885156
0.006332944716480633
0.006494200974538083
0.006417349970710441
0.006390366960746757
0.006211498517650192
0.006081633582923212
0.005936149842468402
0.00592444715142387
0.005762824872870957
0.005587604027107934
0.006174635252709707
0.006268411717902244
0.0064216326647594585
0.006474050940350485
0.0064726820773926
0.006576307699082484
0.0065894029305262735
0.006546795403203726
0.0065409447859941
0.006657345791447138
0.0066523265421923865
0.006579365114444919
0.006499654696311184
0.00646842306624809
0.006402153327856107
0.006330064150719038
0.006074602168017514
0.00589472415435222
0.006147394371675552
0.0058943419137461655
0.005924002548356844
0.005952150838828108
0.006047063044547141
0.006245398536948317
0.0064345325156265525
0.006648705802865869
0.006744387667974592
0.0072316867717918875
0.007262120420024794
0.007302388236559082
0.0072841469384719
0.0074099585488608104
0.007299629419486984
0.007480012656345928
0.007690793373212303
0.007786481093495142
0.007933827213711232
0.008088781535935622
0.00819745934008441
0.0082634253850398
0.008348982444168675
0.00825604955710433
0.00812147138288354
0.008083694521896188
0.008071523925213866
0.00806174298829457
0.007704721930056495
0.0073111783850497054
0.007288726071864567
0.007110880562772575
0.006989372870139581
0.006774521368690076
0.006647692647518433
0.006515922016854729
0.006765730901765359
0.006651087889067135
0.006577742460777758
0.006467773357540571
0.006281597648945722
0.006139151796310507
0.006053437093797844
0.006000896385518857
0.005981346585653428
0.006165294407817018
0.005955189402980819
0.0058418427130999834
0.005821988272722579
0.0056956173511376485
0.005642354283802066
0.005425373591811012
0.005102115354842913
0.004929582002330924
0.0051756311222881605
0.004931829902499315
0.004846895605023491
0.004838619813487999
0.0046929382925509815
0.004733255191514293
0.004570150519575616
0.004666810633836785
0.004570905923538379
0.005021939538847499
0.004983028958206197
0.004922381546270725
0.00487921173188043
0.004996023229657472
0.004836760902916233
0.004849472288037051
0.004969516454373494
0.005029839849736289
0.005602234146180004
0.00552496602205334
0.005480818345748805
0.00546378929244325
0.005454638989071227
0.005636456268301231
0.0056649674306936924
0.005668432706971696
0.005660177075881865
0.0060936360855186065
0.006200177832641832
0.0064066870911727684
0.006680242499119909
0.006669237206847289
0.006686633294833112
0.00688374963780233
0.006996056129034292
0.007189869872907923
0.007519601499524754
0.007501143804687312
0.007683966948287146
0.007894621673236055
0.00793352501464023
0.00798997077097551
0.007949290038802384
0.007982149891154306
0.00802275257321768
0.007999087233019453
0.00804847079932527
0.008073756382874423
0.00815193499892275
0.008405820069856792
0.008496209133050494
0.008508158742022839
0.008621415013907114
0.00872459103320429
0.009005167282044488
0.009054835288876918
0.009232760547374074
0.009417395060754946
0.009506696626576506
0.009607047565636519
0.009546248392115732
0.009516867124884178
0.00952523622865638
0.009698588956609005
0.009690343857441644
0.009581329656830218
0.009568424220802216
0.009499157846424642
0.00947768071845815
0.009321427796386542
0.009116382524332174
0.009000028565457814
0.009346082533202413
0.009295227249555279
0.009257612346965809
0.009159025031067556
0.008954732676809175
0.008904580817085696
0.008679022854363541
0.008669038221608739
0.00849397598064601
0.00883849117282458
0.008879408189036778
0.008834117844432695
0.008769025165389053
0.00877091829721763
0.00879216912395523
0.008714411020408177
0.008728121696002747
0.008697089754138316
0.00869809797627881
0.008486287441234535
0.008385025956758644
0.008165151919831694
0.007975480457439026
0.00771401378265076
0.007492725868738798
0.007324114044198571
0.007238362073704418
0.007297456074478569
0.007174506499967263
0.006967870845715824
0.007083098405829191
0.006933612260403128
0.006865916636964043
0.0067847732914738225
0.00647376573303433
0.006352934179381982
0.006852649765886558
0.006944311765462296
0.007097291984663412
0.0073093267902215025
0.007401107380456173
0.007481890461609391
0.007559414843489182
0.0075461800125526095
0.007515474336955729
0.007327658769698003
0.007215738207685653
0.00704998176926584
0.006789075865081719
0.006468079469125231
0.006145339247579618
0.005873483075157244
0.005697775053182057
0.005492411140196899
0.005810635146067526
0.005880126740594757
0.005924301855774576
0.006130481708537312
0.006147961817007759
0.006077764648848859
0.006029669593294614
0.006063313696187679
0.00598686500793287
0.006201030277142976
0.006257664470963084
0.006225921322578598
0.006162640821303779
0.00607962928061364
0.005968252544321127
0.005903807390316811
0.005925498356785014
0.005805267307212247
0.0055551482305479455
0.005149878452204021
0.0048786985401931965
0.004517794092458764
0.004235521069416467
0.003995749833005339
0.0038506997552063237
0.003601954866085014
0.0033808974843335085
0.003475707114700779
0.0032247780009163527
0.003311539528433735
0.00325476360625848
0.0034099182015982425
0.003537016519631002
0.003610182568652719
0.003617079881454779
0.0036560829975351918
0.004006503891108246
0.0038936360035919026
0.003907876678180943
0.003898514986193005
0.003955283673811802
0.003875008055456077
0.0039281441432044446
0.003921002974301225
0.003944864341375483
0.004741951921344068
0.004614936386846321
0.004689808680022008
0.004725284827155835
0.004691535419790862
0.004781491005581572
0.0049102580792196576
0.005045492139670091
0.005048362066644842
0.0050971343673329545
0.004860608204856174
0.00475805660091905
0.00465223409302386
0.004660749683112869
0.00460714841632664
0.004395757501643632
0.004274656810583162
0.004028313253736008
0.0044097308571038815
0.0041350631308123345
0.004103219894447821
0.004143675996091786
0.0043668893482995555
0.004350466791939572
0.004405311319619265
0.004466769943412365
0.00470947833589508
0.005674815627599162
0.005577787177911263
0.005744445336898321
0.005903977402905479
0.0061093137728692164
0.006094833365233972
0.006115815957643302
0.006077368928192549
0.005970989269261462
0.006225833078202045
0.006037704489311039
0.005971861356450159
0.005968286930387437
0.005943529995853347
0.0058516180612920785
0.0058702892031718456
0.005970079040481629
0.006017952992424265
0.006177718541085076
0.00612846970124032
0.00608570286310191
0.005969732326750269
0.0058406332943586985
0.005833454420013391
0.005780768920048861
0.005746710139236746
0.005703781284411126
0.005709735289112621
0.005475448475174579
0.00558201686383789
0.005626907957529959
0.005467032020264222
0.005384005771153037
0.0055116109008833914
0.005510475072964756
0.005619234968676631
0.00624050099468836
0.006567381432157173
0.006676167928970579
0.006764931939473684
0.006855637222249174
0.006992978517613382
0.00693953071371939
0.006952352625917865
0.007049135233245321
0.0073466054308892895
0.007509998902715226
0.007626575573406441
0.00757819237748606
0.0075409971644661445
0.0074464337110697445
0.00744228366926347
0.007287686784861736
0.007129310142328784
0.007416678929858479
0.007222227798027022
0.007218884908534578
0.007326352870005075
0.007186412063434592
0.006973516633313206
0.006758228273609279
0.006723573427363068
0.006779356122113836
0.006931841677999327
0.006873751066627237
0.006849570169944241
0.00686615525361155
0.006756502260772706
0.006618812805821344
0.006491402519516142
0.006370604830990744
0.006172378117121937
0.007017665986403214
0.007278861427671671
0.007554920364995925
0.007648644395086002
0.007869973087714392
0.008043053801869995
0.0082146360098774
0.00815520122844851
0.00828677441374884
0.008799125760032386
0.008683552410856794
0.008774369275924827
0.008898785473389825
0.008794632627973952
0.008731720792010957
0.008743088957972966
0.008434310165861984
0.008232907430456253
0.00827972502849335
0.008082785146512872
0.008029066538489442
0.00797215673579322
0.007995664737713636
0.008017013288372754
0.007965396138327495
0.00796029176792114
0.007952345620392104
0.008472124934736949
0.008389850850673099
0.008401100629815493
0.008449176507772953
0.008322336444160703
0.008265259981305655
0.008133943486078923
0.008074989881906774
0.007834147517588033
0.007877739583634257
0.007571828623124992
0.007359610008707965
0.00720624489572901
0.00696114804141637
0.006769592741880625
0.006583944956135344
0.006403747951021351
0.006384326523001686
0.00687834059711335
0.006995443834829692
0.0070756580034143125
0.007265781613711386
0.007219956750630601
0.007234700814678664
0.007374903723394849
0.0075756094098171235
0.007692843639401879
0.008089275958185699
0.008150088661285498
0.008432319241842663
0.00850445646355787
0.00874144453988937
0.008863747558117868
0.008870015532896135
0.008792604054218214
0.008729930189364504
0.008807641186325738
0.008605875462629054
0.008415631822131132
0.008163832594430856
0.007726378279315686
0.007383922104641212
0.007157960505966508
0.007002147128055797
0.006546843383497288
0.006427926257397027
0.006040605998458413
0.005781117269649543
0.0054189779376892094
0.005137722899821297
0.0049650471913758
0.004644792839255128
0.004522205628615287
0.004280798935557014
0.0040912698942691655
0.003745465141188065
0.0035124359021800997
0.0032081392782152968
0.0031689612593664984
0.0030142561032836246
0.0028208182429672736
0.0028119008213796496
0.0027277348742241764
0.003515654076588743
0.0035815621803195114
0.00372733125093401
0.0037563647616416862
0.0038632165700613354
0.0037678646243043414
0.0037512136457828137
0.003774676050321529
0.003826452017058832
0.004075726931191845
0.0038346709906964867
0.003802807858434814
0.0038001517567934446
0.0038313432098967593
0.0039134209489189225
0.003957251325840648
0.0038721069246515022
0.003897030155646313
0.004654383355708278
0.004696270216449063
0.0048634828736579235
0.004926213198227034
0.004938478511358998
0.0049145132555979566
0.0048649155093744125
0.004875955943417489
0.004797638229397872
0.004961232443743733
0.004778596544349305
0.004886659619114616
0.004889318489473351
0.004937490153851664
0.004943795713333662
0.005021838767769302
0.004957543033827728
0.005082464564150599
0.0054048376908324754
0.005559051042478454
0.005853931170236543
0.006001998804919068
0.0060321890930959375
0.006045943996857825
0.00605999379695542
0.005980756926948918
0.005843282632363254
0.006190318944076077
0.0061737883422146025
0.006033255860719725
0.006134900755822509
0.006395590563914984
0.006599833013439012
0.006811807480128815
0.006988111267787213
0.006945875270617676
0.0074163361712991085
0.007517155798883549
0.007607946827629264
0.007539525665632428
0.007527390464891114
0.00745435527128574
0.00732231339263002
0.0070740667200754346
0.007010011078433147
0.006875987409459906
0.006746002527512938
0.006828119013046469
0.006649445505110635
0.00656669832366222
0.006408259693520255
0.006297754828772618
0.006323768332809198
0.006222513800188317
0.0064568498763503315
0.006360044893231395
0.006206565116457589
0.006032220632906526
0.005988640755472818
0.005976794890512941
0.005869773048952093
0.005803779160682859
0.005666993385048599
0.00609666323014463
0.006074656798065015
0.0061913920926912865
0.0063237980796451735
0.006385912973742917
0.006395492313522934
0.006420186785311491
0.006401510118552239
0.006291665905792595
0.006561804939797909
0.006543721113141558
0.006586048092108102
0.00648560362333249
0.006459809549098611
0.006404635450648405
0.006458298733716108
0.006287162280628387
0.006390022603110161
0.006453746931761444
0.0062654426724338165
0.006288628083060958
0.00611155553463939
0.006033323735168935
0.006083526610953251
0.006037222022870195
0.006090673933288676
0.006091807211301894
0.006429808316618144
0.0064028671732320325
0.0065196701105843255
0.006481964187742868
0.006473468962694752
0.0064125914776452415
0.006263027585045608
0.006183964281056981
0.006145957529959649
0.0068200346133900705
0.006805739275628875
0.0067454187018169175
0.006678825383848204
0.006829123135306932
0.00669517056847094
0.006665768701000262
0.006533588044049913
0.006428326782867383
0.00666096571829323
0.006280928840302965
0.006136692416917128
0.006220351440828081
0.006241320819075574
0.0062487178021360095
0.006091681315955777
0.0060655060878586995
0.005884840369754717
0.005973490224655069
0.005853467445434419
0.005819508358598013
0.005763767442447648
0.005856474088876647
0.0060590822620913325
0.0061004466594099605
0.006036770429652071
0.0059228553984541025
0.0062229246119959265
0.00603721817087696
0.006070647392895162
0.006102897186225398
0.006254533263901497
0.006288665848963096
0.006425685555316172
0.006359465855630643
0.006433554199875467
0.006872627564684992
0.007123406925880781
0.007394742769617575
0.007517059802059076
0.007664739093293839
0.007806503874182316
0.007816580959573443
0.007741428481529021
0.007780183970726932
0.007934608264804384
0.00784499500166111
0.00785136708366655
0.007684124072944063
0.007564459309525204
0.0074951183067782645
0.007595825318475903
0.007641700981300668
0.007712576232195896
0.007612561130789547
0.007457751655518502
0.0073427119581995085
0.007205983638375566
0.007169926645583118
0.007043260221892542
0.006946325556283426
0.006889793604772824
0.0068478459290639525
0.007157268798637906
0.007171263729642353
0.007237059524268003
0.007248583483779305
0.007292297146432972
0.007306605208619152
0.00720132905532203
0.007160989845295246
0.007054527939540003
0.007088686490397455
0.006930093901904337
0.006894651255298579
0.006894621644698303
0.00689208686152493
0.006904229555880826
0.006974164708183872
0.0069725145757437434
0.006964005637596801
0.006609001238404742
0.006304835007254127
0.006154882567786382
0.0060203386314212496
0.005964373013219736
0.005913229519924911
0.005875369224512782
0.005786256944674417
0.00558620297430823
0.005758772311804084
0.005868508146722792
0.005766797352701661
0.005665240135245287
0.00577275516585868
0.005572406615312501
0.00547828039183775
0.005550617805910085
0.005362126606627979
0.005347551879322993
0.00497754081802662
0.004721020750781497
0.004750389494608302
0.0046791853744877964
0.004678209476275862
0.004769698001119013
0.004700949404223732
0.00470616518102193
0.004616098206951386
0.004565842211467005
0.004467382367440529
0.004426736075470929
0.004489026053108775
0.004487588515159939
0.004384996387120463
0.004363152300784758
0.004421812150558525
0.004934511453466533
0.005008703074762967
0.005099713905525414
0.005057645482113066
0.005006114680765477
0.005079501719912092
0.005124309400822811
0.00524635628312984
0.005249838443783709
0.005541977654387545
0.00547488736736212
0.005497198416879799
0.005690614285306915
0.00578234499721565
0.00584881375560642
0.005811524512765476
0.005727633570327807
0.005723777166201379
0.005429929131860229
0.005217140606140884
0.0050904257385301485
0.0051125334882858335
0.0050751128140647155
0.005127177256860093
0.005109960835233137
0.005117150740210645
0.005145538690601561
0.005535018928448117
0.005616733358649991
0.005687451171040256
0.005666658280549103
0.00560044953045833
0.005521784008894321
0.005547704493171574
0.005526749419721399
0.005467165457644174
0.005657636682173286
0.005543045432442766
0.005529700354202826
0.005501021092268116
0.005457096361121274
0.005350504182928446
0.005165092535465177
0.004984282475583626
0.004820081870954012
0.004797436585540684
0.00452582371543891
0.004340076114329827
0.004196621173517566
0.0041203933440375415
0.004006355107496967
0.003951975473002158
0.003988342230211347
0.004076781198551556
0.0043969206505799574
0.004545179252089313
0.004538039707242231
0.004519825495834047
0.004406133764402161
0.004426089216191749
0.004456835547391543
0.004444988389945987
0.004445838272264548
0.0046929518287077135
0.004607756474919163
0.004568341385000762
0.004604311897829966
0.004612211491797555
0.004481417362935073
0.004358968267724654
0.004252906910014905
0.004165934697886759
0.004402761999218128
0.004410263832991787
0.004448728034195587
0.004559176500347784
0.0047197014634964545
0.004846486884596843
0.004915229308761035
0.005006726461617928
0.005118895134846036
0.005386664664669012
0.005632315436858128
0.005845243548115295
0.005983242995762547
0.006229828617298438
0.00637288821505664
0.006348403200118103
0.006273593869445468
0.006111468346365895
0.006444830463467788
0.006339292658248542
0.006454576865846646
0.006483173897323126
0.006483950028004603
0.006449993470207304
0.006484499799460486
0.006464267947581091
0.006340887355286939
0.006116951576631913
0.005999062829162373
0.005807892423467998
0.0055367337071402034
0.005393811744023392
0.005368116903903295
0.0054189059082482794
0.005317710070463035
0.005232650060773603
0.005293948122251876
0.005156309358692752
0.005048020621721584
0.004832369679902345
0.004624163304651576
0.004412935742003951
0.004253682362370562
0.004154769942503818
0.0040956836550059585
0.004311234750061451
0.004194963820445526
0.004111270395061547
0.0041009641990852694
0.00410760156079338
0.00417612266360196
0.004260688163354421
0.004453688110707277
0.0046380245770081315
0.005063207749698392
0.005050687375252609
0.005076496026671651
0.004996653910874271
0.0049750762824411964
0.004915506767621557
0.004738962876420764
0.00486374122683789
0.004803781832466587
0.0045975032448966405
0.004404268416486271
0.004190309682992003
0.003992631622024573
0.0038183384623683013
0.0036489032787189023
0.003722764296841297
0.003797202951429449
0.003880789549630207
0.0043037886251309125
0.004316299927181978
0.004397692050097579
0.004590280193407423
0.0047510435100967365
0.00494269638074266
0.0051659410820919256
0.005210794745016784
0.005229226939870931
0.005356713975551571
0.0054194050108691124
0.005668606748429174
0.005796346027011891
0.005916358803105009
0.005957775156380597
0.005953571100046829
0.005928164886290949
0.005846038286376683
0.00604892889381681
0.006020522632982088
0.006033717047261683
0.005975935008793626
0.0058694433510430005
0.005674123443120171
0.0056563107378654436
0.005645017226000206
0.005498456279184584
0.005284327141709875
0.0050155707456885955
0.004831460260130508
0.004696423911477078
0.004426266202340729
0.004187886415118082
0.004050020890803287
0.0039364324430299505
0.003906840610761201
0.004358562998198313
0.0044505396271513255
0.004580152772286449
0.004662877875929608
0.0048252570526401035
0.004908548934975417
0.004837740270216645
0.004763119230924752
0.004698641400646615
0.0047304332395947946
0.0046101782183570195
0.004605285485113741
0.00467167896238377
0.004782645739536264
0.004782946289796406
0.004816309282219997
0.004833276277680909
0.004905980460862346
0.005379173947229177
0.005532782366533299
0.005619714152059798
0.0056005179920971685
0.005708369406419921
0.005705436397060685
0.0056844968312798425
0.005685528114588782
0.005672917775628699
0.005708687102065477
0.005455407818817262
0.005430198519220005
0.005437611466706781
0.005469596639787531
0.005336364823850898
0.00514809538161801
0.005041314897439417
0.004884504165346877
0.004944014774984301
0.004847413631404261
0.004840810076259493
0.004703587067830421
0.004580837049470248
0.004495337747186751
0.004396404770755531
0.004238133457275179
0.004099884988814395
0.0038963126354538023
0.0035588584264956923
0.00348932800755541
0.003453723600141938
0.0033582462689062485
0.003235361518875426
0.0032231486132028226
0.0031717924044333008
0.0032265784831561764
0.003681706683628575
0.0038548241328272025
0.003939996452515137
0.004181555343930039
0.004294239402211065
0.004401266207303906
0.00435005101375079
0.004391224542241045
0.0043715517013787454
0.004411755229116499
0.004271691877983016
0.004248717746732877
0.004118638361651502
0.004085873262494346
0.004041371325068201
0.004098132916191088
0.00415493217802651
0.004169925785985553
0.004596928764567091
0.004702332408620451
0.00490354455578008
0.005021275949937218
0.005090276643178237
0.005205283866515447
0.005347952908865357
0.005550554680239977
0.005475206812268563
0.005691280007820818
0.0057117927927684276
0.005966678450726788
0.006199544804885664
0.006339252868003393
0.0064775068909156625
0.0065558951574529074
0.006573328371170375
0.006559558281940206
0.006839834708257435
0.0068527706805378615
0.006886887122387039
0.006810329800858153
0.0067704842793545415
0.006799610445279816
0.006874167823151886
0.006863384579779226
0.006777242810787082
0.006833902078491613
0.00665833217555094
0.00658851432495343
0.006465428448224207
0.00629251452801305
0.0062042067812248984
0.005989641552461523
0.00586824387410671
0.005819003780787877
0.006018720502653648
0.0059903184017343954
0.006109652021988767
0.006175199347148014
0.006242790132286062
0.006342484620548988
0.006504059108975295
0.0067105646553546885
0.006811531628443674
0.007190740142937786
0.007212186210633391
0.007355104444681982
0.007398902980650299
0.007249475985633109
0.0072356029835362375
0.007192059620070782
0.007045925876217193
0.006966240357695649
0.007229398013163626
0.00721581235870685
0.007199442026286555
0.007153211855004198
0.0070764422259041405
0.007088123541369543
0.007229936563586705
0.00714867013334721
0.007117704556535316
0.0073695550946488424
0.007394224150096293
0.007476936432815498
0.007571348512112412
0.007641176272780237
0.0076556349339256405
0.0076511456833174155
0.007747256230936109
0.007815661038768597
0.008078339835789523
0.008122250360315523
0.008196586732822786
0.008189247830903676
0.00816756026898453
0.008101081820496327
0.008029244691256933
0.007911023579440292
0.007822993341354138
0.008013707319637913
0.007869826642338859
0.007864818995446653
0.007888930229991724
0.007923299886568804
0.007898664531864994
0.007813931678226332
0.007714069824993244
0.007579313638613929
0.007741217923450164
0.007560956712446498
0.007378438096673597
0.007264071681780832
0.007218843840090049
0.007084415445431688
0.0070058943359884995
0.006979750907005145
0.006854852728423269
0.006670296297392481
0.006457007403100459
0.006317235137952535
0.006226747339946136
0.006233266975357744
0.006113056069397135
0.006032787238300783
0.005892555566498254
0.005761107476121676
0.005990791989986291
0.006024671865389337
0.006010272574691189
0.006089384118615685
0.006124248982466765
0.00599341874401784
0.006015986874397318
0.006030364328492182
0.00592165745449972
0.005726954781002386
0.0055692629739836
0.005445644765333986
0.0053834219976929
0.005430854695655271
0.005514697319889473
0.00552462433301465
0.005547836138425773
0.005555678911979693
0.005730554384864424
0.005703293453508832
0.005926722966228879
0.006085811198686862
0.0062352128418795534
0.006324158880561362
0.006546910547130637
0.006778153803961455
0.00704074672356703
0.007152667067350014
0.0072300566314789354
0.007352433381742467
0.00741734422051332
0.007561875465188403
0.007632316720956299
0.007681622073416365
0.007633694548649369
0.007649406791956328
0.007785887550427887
0.00770773139073689
0.007600684119785528
0.007517508282729858
0.007415612601603585
0.007213412211585873
0.007066421637061053
0.006917707132205759
0.006710233042834691
0.006612507220933798
0.006453236396668723
0.006386089024616133
0.006221696331474629
0.006109550536849426
0.006093621185871651
0.005999579561055652
0.005942615435118441
0.005968867769477292
0.005957749998123294
0.0059699378520173905
0.005899786484936428
0.005949962142531218
0.005916418764838377
0.005788566577497141
0.005727868829211384
0.0056226917507623516
0.005504913059590507
0.005837591799704449
0.005873270042156298
0.006026199561135216
0.006145200763895927
0.006315589997403177
0.0064328647967730294
0.006577241136119061
0.006705164348227159
0.006917639204540605
0.007012406599316812
0.007080028519960475
0.007113540432412695
0.007099133362899087
0.007152939431894252
0.007088344906133937
0.007041194767051099
0.006985457635809093
0.0069619129210757354
0.007162026654849498
0.00711326168066982
0.007131242705022716
0.007143489370444325
0.00718789249622189
0.007211615054793024
0.007271609860219729
0.007238173281772894
0.00719940632114905
0.007201404168940281
0.0071782596217649704
0.007199335894943912
0.007234193533302428
0.007181577615229769
0.007068022459272
0.007029216687234404
0.0070209881826580976
0.006819482678652378
0.006930031250711411
0.006800946745519771
0.006767078895262682
0.006689497332162876
0.00663851283824411
0.006651639637074973
0.006536314303008981
0.0065605128425929495
0.006486612657217242
0.006985678793177877
0.007133768523648493
0.00731898576753382
0.007461017784296853
0.007557448527386522
0.007657461500484309
0.00779267948698566
0.007855702757210769
0.007816269177283133
0.007789745399716198
0.007684097505549385
0.007535161261436293
0.007439294576235896
0.007249865709513811
0.007114207645370726
0.006959622122230546
0.006823425958920118
0.006644848722191284
0.0066413134315536455
0.006483336555750289
0.0064206449424573635
0.006375826639188065
0.00641675805692878
0.006445627056206818
0.006455319929938325
0.006422189997111477
0.0064212133774269485
0.006571761801144898
0.006473726586481152
0.0065591408055063576
0.0065727651518224595
0.006547502696548778
0.00646701506290892
0.00642655651785603
0.006313025719800375
0.0062006391641522595
0.006218907066499158
0.006158431231084345
0.006126508315038524
0.006062745411340803
0.00600762672096377
0.005864188080538728
0.005733130065332711
0.005580538994656101
0.005412930694532073
0.005405172719937719
0.005211621959518832
0.005144952491884348
0.005028643929078934
0.004869642347881699
0.004664172944205401
0.004461019511047945
0.004454376012127335
0.00425986636622788
0.0040966081926318695
0.003912760632206884
0.0037922864686060253
0.0035738650777242865
0.0033719398273238423
0.003236439675034683
0.003116297352708071
0.00293795837179895
0.0027547130518131495
0.002555401000796541
0.002306552387520036
0.002158021075826016
0.001992738734132637
0.001982010584780031
0.0019196241631922856
0.0019625280553797536
0.0020364190138066384
0.0021486032283195866
0.0025626916383578516
0.00257671774552344
0.0026757921664737625
0.0027703988261320893
0.0028084828767547024
0.0028712557078731573
0.0029537394423489625
0.002849472754266954
0.002825092883500098
0.003136833633295121
0.00312267985994164
0.003160528535047412
0.0031998295032597325
0.0032331306326658124
0.0032746940778722554
0.003309939153809919
0.0032838892659524015
0.0033538845465231307
0.0034162020969220014
0.003342798568269675
0.0033688116401869956
0.0033494206543910714
0.0032877724243336602
0.0032641523759981044
0.003223905140740558
0.0032253934383837325
0.003093188363466271
0.0030011222327138085
0.0027961140452817945
0.002715770076831819
0.0026253335109274727
0.002761861831663927
0.002889623723832782
0.00294753635108245
0.002966500945283072
0.003045457162692486
0.003249093176846908
0.003266329128889564
0.003268563628135062
0.0032830043157175367
0.0032280847288480895
0.003144628508089769
0.0030630906705204726
0.003028582400221692
0.0029175477536528167
0.0033197236034325167
0.0033755358449477414
0.003418664434970439
0.0034136675373181427
0.003424712532686866
0.003520639331348714
0.003510186245302308
0.0035851737647747866
0.003597358340566357
0.0035246455755228528
0.0034384171605966202
0.0033654530871916606
0.0032786402886604703
0.0032071567535407143
0.00314115336243738
0.003098366611220397
0.0029405493925582175
0.0027983907940902003
0.0028255449230696022
0.0025246305207169543
0.0023894579237615956
0.0022626600911500815
0.00208353481155191
0.0020658022986490276
0.0020486663661409285
0.0019864094285924946
0.00198773081645378
0.002110379651688998
0.0020816890117504143
0.0021622447595313187
0.0023142447464897116
0.002306510785939212
0.0022899541981299494
0.002359344588082786
0.002407080263548376
0.0023800751174693027
0.0025251873884841705
0.002510032073406283
0.00263073502304845
0.0026789651350284873
0.002718732766405912
0.002785873628005057
0.002865912295615431
0.0028198306325941656
0.002715678801381332
0.00299870153628036
0.0029305534509790824
0.0029142569282023423
0.0027923584698857813
0.0026832777392647184
0.002624594136608895
0.002466778379671648
0.0023851891286168483
0.0022657385878966617
0.002426274922413706
0.00226375886747919
0.00215550779948035
0.002292880008601095
0.0023140602068981767
0.00231971737244005
0.0024413507691190875
0.0025105593727861005
0.002483632703751088
0.0025284992171661206
0.0024690109890291813
0.002558084611548948
0.002692530995990807
0.0027231082725986144
0.0027475450807439633
0.002794033637002364
0.0028038608717496118
0.0028336149752157735
0.0028365087448869956
0.0026937185179908077
0.0025751631177186184
0.0024330987618471677
0.002321416656062176
0.002291446317307685
0.002231381860999773
0.0023008917908463778
0.0022144935332311768
0.002604580740272125
0.0026393011213485524
0.002693286541303042
0.002653479431556373
0.002697435089765302
0.002652402914121277
0.0026158127270624193
0.0026148256521009426
0.0026263769053342773
0.0028436219751935767
0.0027187633492145274
0.002809557362427838
0.0029049868668709873
0.002977836650379042
0.0030734742173045624
0.003086843940179085
0.003097319307795807
0.0031213432915284246
0.0032581560744561217
0.0032287388604331137
0.003210699816486958
0.003165771813679523
0.0031835890752751465
0.00317687834934133
0.003119594465909648
0.0030288076663428387
0.003013783074816885
0.002926745502196881
0.002766149529621409
0.00276669725129236
0.0027029596397931325
0.0026417027884391648
0.0025553944102880656
0.0025339797641550648
0.002553919581578503
0.0025520742133062465
0.0026470568599003216
0.0025620627042546346
0.0025880174143715316
0.0026604109980688617
0.002806612635683058
0.002934734019951013
0.0030514950977490185
0.003123105225300769
0.0032096784681396573
0.003393630819609132
0.003459194031683161
0.0035628345732792916
0.0036271234340032933
0.0037485195485304217
0.003791562220628163
0.0038967104973146216
0.003951889680339513
0.003951342558781719
0.004145115516830345
0.004166995204144511
0.004250108591997716
0.004353168556422553
0.004400031460438155
0.004478118961558632
0.004495326330791515
0.004448287424779234
0.0044256718744855724
0.0044523481377677435
0.0044156550629391314
0.004439603687928517
0.004484970479153766
0.004460116519736727
0.0043892563143234685
0.00431759393822801
0.004266367896057988
0.004236653199814277
0.004131857524081194
0.004029163246651564
0.003942714883906437
0.00388640030027132
0.0038925199006622667
0.003921506793436755
0.003906797331893903
0.003933394224815288
0.003972414559213909
0.00412766194719262
0.004225673201420167
0.004358378333273417
0.004460668438498063
0.004534307148566222
0.004626166952116021
0.004750673062236671
0.0048007844694121695
0.004867956810117315
0.005031167945905753
0.005085362682309924
0.00514360131150976
0.005189835132298586
0.00519051443332205
0.005150131427245179
0.005146127201604902
0.005152653381400628
0.005216233672869218
0.00510537863851576
0.005041501838447863
0.004957067762814557
0.004866916807850857
0.004780810187186203
0.00476032350460802
0.004735046695008984
0.004714124798462962
0.004674344763454401
0.004710471252865347
0.0045844135005433705
0.00447805638521806
0.004387265295697917
0.00427128873376306
0.004155291111051594
0.004002271194454392
0.003871310998926677
0.003739267199001611
0.0036702988441121216
0.003536064539701433
0.003347847280117538
0.003192209711824677
0.003050364542167304
0.0028769201836332517
0.00269558285055058
0.002573601635598459
0.002475441887818659
0.002530060520411399
0.002498343598564784
0.002536332923391212
0.0025888499523909255
0.00264893470323109
0.0027050059782918992
0.0027235075342521664
0.002773499827244257
0.0027744571119506485
0.003015185230795482
0.003105020528899497
0.003206649162070762
0.003229844544459605
0.003227445865724282
0.00312212973683632
0.003056380422523726
0.0029824797386513715
0.002886664111171207
0.0029346434789454686
0.0028201597583588055
0.002793975102000526
0.0027960993644230497
0.0027986944140795437
0.0028137228382944315
0.0028379209385327605
0.0028837190949968236
0.002965745856234304
0.002927399057129789
0.0028689864382897686
0.0028296797207499453
0.0029046040734270204
0.002931267504766853
0.0029602777318541154
0.00299641180930138
0.002894352760762895
0.0028844910307361336
0.0028987161624520487
0.0028646589131011784
0.0029156904006740576
0.0029079638351418497
0.002910609167624848
0.00295416336430621
0.0029582948476534923
0.002983487581621771
0.0029420435145477456
0.0029261885502524124
0.0028859908825967693
0.0028838638819350363
0.0028008696299043245
0.002729837593280941
0.0027482847886927623
0.002740658887315442
0.0026854428416531653
0.0026863643255500206
0.0027942487545544897
0.002772173671085267
0.0027689629420197008
0.0027781725401555563
0.0027872903883185618
0.0028037069366278495
0.0027526175895012076
0.0027631627788982636
0.002755944950006714
0.0027517215923074756
0.002770663951145549
0.0027529478930183454
0.002744225695568786
0.002720371530493001
0.0027160083007042417
0.002675806648395434
0.0026075979203120767
0.002522689427739044
0.002529523763922564
0.0024607265887906134
0.0024378149222834783
0.0023628500559538888
0.002328009907435562
0.002321466490382224
0.0023582762343243658
0.002414647876155546
0.002418502516047914
0.0023107041958387755
0.0022576521297207465
0.002218484941975546
0.0022200573011121115
0.0021909058990895788
0.002215024495643828
0.0021853020466142243
0.0021695017015960346
0.002131308122192538
0.002375394374304279
0.0023886831884725943
0.0024504922365513196
0.002434294846151095
0.002449380271081164
0.0025178595626084697
0.0025518079375530228
0.002570087067295546
0.0025215687221266736
0.0026199648769024394
0.002599051387686094
0.0026906584261851448
0.0026450317239204765
0.00261079862104917
0.0025863513485581075
0.0026054394995239333
0.0025703144633705747
0.0026169174812802364
0.0026126551173090763
0.00258101453641233
0.002581887122964428
0.0025663382528277635
0.0025742932344040514
0.0025686437801136224
0.0025633531023830205
0.0025505347160006335
0.0025415477130459126
0.0025858002857914557
0.0024041928804393957
0.002358635876913464
0.00229431932375325
0.0022693334532936254
0.0022154117974452414
0.0022149853291930023
0.0021949217427476363
0.002203397001610403
0.0022210195190471575
0.002129752369007376
0.0021222788615231154
0.002072972437784089
0.0020568699422639823
0.002024180258520043
0.002014859732023153
0.00208120567965235
0.002091138980528193
0.0021520334253323
0.002133919018394938
0.00213306306921781
0.0021626276860675056
0.0021799199700390866
0.002136976376469099
0.0021565224055685385
0.002097604087721445
0.002119947054295075
0.0023756204687029408
0.0023405814861479587
0.0023544636810652097
0.002395199346853868
0.0023852261253734684
0.00240386576527838
0.0024809555297935614
0.0024720478546832038
0.0025408975884897095
0.0025929713424113193
0.002535319106321011
0.002477611035480841
0.0024566979889567844
0.0024209863765419833
0.002338929699001822
0.002340612535523262
0.0023143769002767992
0.002311153318531849
0.0023072118179552456
0.0022373372466986644
0.002198849276831248
0.0021737539624771805
0.0020994043552160584
0.0020660454180622596
0.002049844840911614
0.0020784685870747907
0.0020730089838205423
0.0021325026469998115
0.0021270936635083147
0.0021047879699219755
0.0020552213573548986
0.0020418352641997143
0.001998776087701642
0.0019871414531704113
0.001967602104679239
0.001947102198679878
0.002031492824427847
0.0020088135191895376
0.0020103797697331644
0.0019926649948490424
0.001957533572626569
0.001977536226352601
0.001974153777302682
0.0020258774506188943
0.002077541392346145
0.002120135848617166
0.0021594139062648793
0.0022128953351481877
0.0022380792577894756
0.002230845477418668
0.0022919134674040304
0.0023008102866153013
0.0023200802134683775
0.002317394117962468
0.0024307093844301263
0.00242457209779148
0.0024446728311961776
0.0024583026270194957
0.0024725678080735956
0.002419380073620885
0.0023769720883524935
0.0023373544264457305
0.0022951729728242732
0.0023126858004928123
0.002227270889453362
0.0021955407629718673
0.0021519525289845987
0.00216072462765715
0.0021264675172329903
0.0021078992396970225
0.0021107614896182032
0.0021109626636498266
0.0021813287520222914
0.0021708133839784555
0.002176076739207997
0.002161734448255369
0.0021245172309832527
0.002121515604679773
0.0020922831259242857
0.0020933681922266946
0.002096904969952832
0.0019330596169137417
0.0017901326240921678
0.0017166080687553804
0.0016468667364876544
0.0015633393813209036
0.0015066185789518595
0.0014504905058939708
0.0014099069749068554
0.0013676847648467741
0.0014437961578582423
0.0014606426862064925
0.001476537499986092
0.0014834831850060483
0.0014518051171522196
0.0014732118717475328
0.0014701273667336735
0.0014321813344312531
0.0014530794520749635
0.0015420155916318775
0.0015083446066961326
0.0014866225736365254
0.0015164041580809076
0.0015054680379724304
0.0015011856186052473
0.0014986745604402948
0.0014983631074155766
0.0014861246928159668
0.0015631785351563105
0.0015102112949029166
0.0015306900506205172
0.0014962424114666137
0.0015291462277165083
0.0015248975940122692
0.0015256591583371227
0.0015171393083211894
0.001484458788182135
0.0015342885269740314
0.0015668093034248373
0.0015897417062928152
0.0015776893081171062
0.0015864038661814687
0.0015953122197241258
0.0015957387445620448
0.0015857556748055265
0.0016007624052620795
0.0016642294605414677
0.0016189644771641646
0.0016047847624911732
0.001568590604397299
0.0015474419420504779
0.0015184994057509317
0.0015064689939435782
0.0014903517526962875
0.0014359643380091078
0.0015248023393696463
0.0015116128864351328
0.0014832928197654367
0.0014570029600181613
0.0014196612351242933
0.001404289948436911
0.0013749642951783045
0.0013755789944618806
0.001384341428136979
0.0014385692571899824
0.001433215295814871
0.0014078270916578221
0.001395676616396233
0.001395287176286713
0.0013711460637991094
0.0013430681998847901
0.0012908915970018405
0.0012425374057553969
0.0013163832186900647
0.0012738787263814927
0.0012516571318743428
0.0012076779092590234
0.0011976703883784625
0.0011497507116030147
0.0011313328626477107
0.0010975722197478113
0.0010861655947158818
0.001158756511274054
0.0011733037483014246
0.0012075125240099281
0.0012173562462519524
0.001223385860413681
0.001229979881071888
0.0012350353918840291
0.0012809044035840909
0.001291688781527674
0.0012993272272198418
0.001286359218240591
0.001302178089299839
0.0013200009167855429
0.0013348073830543243
0.0013314369908842439
0.0013260199902122075
0.001308552686812687
0.0012934968977824386
0.0013668693236000777
0.0013450357141177236
0.0013367497838275909
0.001320015937612889
0.0012994457564542573
0.0012791106006468612
0.0012556944487751287
0.0012481538724961817
0.0012189962941855158
0.001228694909131319
0.0012084964057896695
0.0012089965230915557
0.0011913326690749359
0.0011953613019589538
0.0011890193883974196
0.0011717606105017611
0.0011782153741674826
0.0011901248767632823
0.0012048625296043095
0.0011840548792401509
0.0011654439655980164
0.001133006832384998
0.0011023331314908656
0.001079639588777774
0.001057881665812904
0.0010692501816019367
0.001050830401559298
0.001106451029459387
0.0011067915887284622
0.0010920049552859846
0.0010879979238830237
0.0010838335427593346
0.00105776509412023
0.001073612295312327
0.0010633218386661726
0.0010621110297929263
0.001063488124824771
0.0010658097515063906
0.0010710495593888615
0.001087957836227767
0.0011038454697064974
0.001136532263750337
0.0011196152498361206
0.0011095229733257867
0.0010935076474637645
0.0010827916485316848
0.0010380647560145262
0.0010008760893629625
0.0009939593748929836
0.0009768366185298558
0.0009724816924065453
0.0009581346065544787
0.0009440154964213592
0.0009193203359966614
0.0009384879363974368
0.0008910380446926405
0.0008938107220159946
0.0008912825983796869
0.0009013424759317661
0.0009111868018022196
0.000901754972530128
0.0008934452730938255
0.000875644447653532
0.0008968866576843107
0.0008786421288558106
0.0008849375378787174
0.0008774382369836402
0.0008693159019167807
0.0008555641255332974
0.0008425564872340751
0.0008422437089262986
0.0008270086155762768
0.0008607222454890379
0.0008292103588288637
0.000840871998110181
0.0008316691546345117
0.0008266483440561268
0.0008252099772265591
0.0008313270658496492
0.0008262537879810231
0.000834764582817506
0.0008549025290764474
0.0008396785887033655
0.0008289407678875912
0.0008195576345528532
0.0008037728904737383
0.0007955828226271748
0.0007717373316127438
0.0007555335292730384
0.0007430455641416637
0.0007502885403240178
0.0007290864504352988
0.0007311266717240659
0.0007169860387438575
0.0006977705095359563
0.0006915909708697022
0.0006848947819155435
0.0006864875825790538
0.0006729370051802108
0.0006935102783563097
0.0006842192912442721
0.0006676930923409602
0.000655563635378938
0.0006321841480815668
0.0006089116629723355
0.0005783102812566682
0.0005490809482275973
0.0005112784487507951
0.00047429894160123904
0.0004220629747621612
0.00038433526110664024
0.00034551341965066874
0.0003197373447610457
0.00029907722265447865
0.00027793376674590235
0.00026600684556218895
0.000263000367647373
0.0002791096495210719
0.0002569011414246652
0.0002589045174767871
0.0002612531603305381
0.0002725953841535818
0.00027377229359824547
0.00027011806683573363
0.0002751944424278326
0.000278162738783693
0.00032240178210998403
0.0003124496904968696
0.00032412134654200166
0.00032177978274589047
0.00030461372035370856
0.0002983859626796481
0.0003004461328233913
0.00028878146543687844
0.0002718704247873558
0.0002986704279250547
0.0002816282391267765
0.0002846252352340801
0.0002845441662285068
0.0002755316073868176
0.0002690013358199581
0.00025706869527312727
0.00024897500530807204
0.00024777774872433635
0.00026651217294946627
0.0002633599586547964
0.000268283281437796
0.0002691243060369503
0.00027600976509334644
0.000277755583144592
0.00027949080363842325
0.00028917462296799344
0.0002952318241394813
0.0003322139915563379
0.00033639154176791564
0.0003444356090198289
0.000355068505209862
0.00036528772448301574
0.0003778552595722782
0.00038710130863408004
0.0003905064617859832
0.0003932842639347438
0.0003831065377413219
0.0003744287519877951
0.0003688571797432075
0.000368297875773518
0.0003637069308163264
0.00036266414875248294
0.00036328657869545277
0.0003667895621716618
0.00036915979753050136
0.00036716619884845895
0.00036362109245782835
0.0003591668350009502
0.0003500484427049257
0.0003471478203143858
0.00034070309313424964
0.000337047503524191
0.0003348709238796944
0.00033421317639130096
0.0003343157309846368
0.00033383645380623614
0.0003313360991433174
0.00032949040182518846
0.00032551191038390163
0.00032467936436245815
0.00032217531752983685
0.0003213851766146428
0.00031760735119869217
