7.071697030914591e-07
1.271232828044723e-06
3.5068498277414995e-06
5.299326436325629e-06
8.374295235285153e-06
1.8385247472837505e-05
4.3536881489055636e-05
6.705117977234091e-05
0.00016032833135565637
0.00018934015757000636
0.00022784573284775032
0.00027569320882096245
0.0003360299605463315
0.0003980475520773631
0.00044974753274066556
0.0004927765715876204
0.0005276065290680328
0.0005380799636863596
0.0005654209278858087
0.0005856131854144465
0.0006049793658031977
0.0006191570728539228
0.0006107973827638554
0.0006181310449250177
0.0006074673767763134
0.0005970665996954707
0.0007143638499565962
0.0006162793152877471
0.0006149244420743907
0.0006032106571020855
0.0005895329679471371
0.0005816462349391251
0.000565236983278626
0.0005617431229895393
0.0005592565778471426
0.0005636251837446003
0.0005348327736299554
0.0005145353821926915
0.0005049839956110445
0.00047933711384015826
0.0004588192091076978
0.00044069370139890085
0.0004187467182781321
0.00038375973372725057
0.0003711480276811665
0.0003525881941069301
0.00034580014159803424
0.0003421210137996711
0.00032631849589032867
0.000315572344169166
0.0003047106039956735
0.0002983207619070085
0.00027053826015655745
0.00031319791276399566
0.00027296984568216776
0.00028431547190727513
0.000331908133512483
0.0003516383174789716
0.00037347705080331337
0.0003849585214547503
0.0003925766627298774
0.00039802919836305053
0.0004902299096100463
0.0004511369508189649
0.0004386475427968209
0.0004239941051801397
0.00043523551660772146
0.0004349198762853555
0.00043446795413851626
0.0004338412226278123
0.0004412376485049264
0.00045734179680488693
0.00038977849255307213
0.00037451968712637205
0.00035329698929094757
0.0003349839548106871
0.000345733988299326
0.00034469543491540643
0.00032200103049339387
0.00032434288758290933
0.00041896960554105994
0.00038393559285201505
0.0003737610760568824
0.00039602977998385626
0.00040862994572667035
0.0004332905637846095
0.00043988313039455433
0.00047492331810077216
0.0004768034748173453
0.0006587564669699543
0.0005705568303595431
0.0005615006112159497
0.0005741269440449393
0.0005650105881996217
0.0005878269560461552
0.0006263150102138208
0.0006229277949698794
0.0006214396338267498
0.0007397050202719163
0.0006811354853454684
0.0007012352481961985
0.0007319528934800167
0.000757733628112387
0.000757878464573937
0.0007699911750199771
0.0007755806724597658
0.0007767265610285677
0.001114684026723918
0.0008755703330562154
0.0008821042966316761
0.0008405858768463396
0.0008296676634591685
0.0008097665094046275
0.0008157309604082066
0.0008429726201328252
0.0008233733391848862
0.0010670971119195465
0.000933323124866106
0.0009099087031531401
0.0008678183060151657
0.0008604171527201517
0.0008330009108179475
0.0007949336947915169
0.0007765150252834782
0.0007319588194218486
0.0010482848154211484
0.0008835252616801175
0.0008565535772946433
0.0008512295489691771
0.0008630641943882122
0.0008232192213787913
0.0008631518801482013
0.0009257031383553364
0.0009752167104681669
0.0012024578925704393
0.0011626434999118913
0.0011590130596058122
0.0012053983735549325
0.0011715479262926509
0.0011806683160250917
0.001245841654102143
0.0011124860865206437
0.0011761638893985598
0.0017142655787719312
0.001395744548135709
0.0014441843327852454
0.0014361176470394205
0.0014578571475849374
0.001405072217627566
0.0014278495004848002
0.0014263055036215749
0.001442097151380894
0.0021028441022293695
0.0017297527575266378
0.0017538262604310198
0.0018220997569878797
0.0017691540091686916
0.001755909468814882
0.001788261299455529
0.0017907723383683133
0.0018256330914862924
0.001957040989935794
0.0016783576425567456
0.0017765530365362128
0.0017829500131209684
0.0017822362564677075
0.001779618403900645
0.0018023463557432248
0.001733760574879025
0.0016513035846366082
0.0022795275995581917
0.0017535921734656095
0.0017048465895421559
0.0016623385786568368
0.001605712167086844
0.0015642928883683352
0.0015102511325086954
0.0014791109991307825
0.001478957439308564
0.0018847528740374283
0.0013857150997886602
0.0014304649159753205
0.0013173025569631462
0.001321001132578205
0.0012761150915306882
0.0012348916970695096
0.0013022025204915608
0.001330941687801016
0.0016672738246121443
0.0013326114273272095
0.0013199548501991484
0.0013467333310955545
0.0013237340486055742
0.0013464699421105268
0.0014193256016742407
0.0013860851169667369
0.0014092756349196834
0.002727201677464144
0.0022018613617287184
0.0018992136456015187
0.0019385427349048977
0.001847888666946154
0.0018448716105986325
0.0017643593050516127
0.0016658094665596974
0.0016938668960725146
0.0027674446790643876
0.0018437669514516143
0.0017897947083229315
0.0017260314652172773
0.0017087966686633108
0.0016615826425723627
0.0015668403806502267
0.0014461805663924941
0.0013460204586859007
0.0028103938256356033
0.0017413944879278085
0.0016150868165769338
0.001472329567977516
0.00144304981544785
0.0013757996836678164
0.0014240745116907599
0.001329368141130024
0.0013276065972865733
0.0021881195958161873
0.0014635191779203292
0.0012812537147765322
0.0012067099592670148
0.001136162590097962
0.0010551906388851357
0.001010787385301294
0.0010186292283759792
0.0009165480500084312
0.002155021984974412
0.0012268206839532755
0.0010954004010657894
0.0009815586383856538
0.0009348761291384817
0.0007979032882657104
0.0007560226718623228
0.0006740209729103994
0.0006434148384751434
0.0016202945775815256
0.0009072395335656621
0.0009479634254556682
0.0008722803879804903
0.0008096864676588914
0.0008096707588364809
0.0008438518615775203
0.0008041965700636256
0.0007748374325108712
0.0018424921544670527
0.0009375720216130113
0.0008928372259335222
0.000855001851148173
0.000805594678720601
0.0007422682905669205
0.000688039069050086
0.0006644380655307434
0.0006204348354508223
0.0015162326194323441
0.0007513662697879077
0.0007354670253573528
0.0006536264449308869
0.0006172910186311426
0.0005442019178829134
0.0005499416560087938
0.0005339710868170399
0.00048531112011718187
0.0013541022476959465
0.0006222044846447061
0.0006092849884892504
0.0005720429742585938
0.000518821890096509
0.0005039403413990976
0.00046953074340506164
0.00044324711485081876
0.00046145668453781636
0.0013487117518883953
0.0006095184571184325
0.0006766157812035975
0.0006133376486308029
0.0006243833097190923
0.0006502314440806838
0.0006200800772474807
0.0006581001089047399
0.0006187890319702354
0.0013715315265271973
0.0007796181358055442
0.000778241841741955
0.0006978636647553059
0.0006923427561353434
0.0006536578134595265
0.0006553983566527484
0.0006073313054583152
0.0006043210965022459
0.0014011842289543919
0.0007076889111703601
0.0007143579258897929
0.0006405687524187503
0.0006530544064089264
0.000589193109321294
0.0005710902358947223
0.0005588737771206873
0.0005532778251618001
0.001145526580758427
0.0006089339355455979
0.0006100182822771546
0.0005653654509790243
0.0005226216396231287
0.0005086776680946287
0.0005238196545195035
0.0005092412700219914
0.0004923917849492159
0.0012133223241012196
0.000743257948908929
0.0007232671012023574
0.0006838835999732535
0.0006859563759172828
0.0006534747129305116
0.000620202250959855
0.000607944561109407
0.0005946235391900461
0.0010664418693848983
0.0007591810722207201
0.0007474688907485695
0.0007444035525139367
0.0007263074329276923
0.0006900929801873612
0.0006716326690124302
0.000638214116667656
0.0006160719291113938
0.001007493416987346
0.0006389348041818229
0.0006354886160289865
0.0006161662181726959
0.0005719094393333692
0.0005696274341961737
0.0005430599581693114
0.0005313224676792764
0.0005208674329098725
0.0008686637893556205
0.0006296437442456605
0.0006237794195725757
0.0005969386745015132
0.0005923388402518583
0.0005877889994605696
0.0005616707621760546
0.0005628641338050653
0.0005362548249089856
0.0007471514701348794
0.0005685319397091214
0.0005439197752338277
0.0005118564356551023
0.0004826288488211942
0.0004526653597507105
0.0004420811769217939
0.0004181145441289414
0.00039231350319504437
0.0005830177048326267
0.0003671706823385502
0.0003465209698851339
0.0002977439270641904
0.0002709505134916924
0.00024320427466021098
0.00022030737509539668
0.0001975578107834606
0.0001796855320089994
0.0003846741926368228
0.00020483944386811716
0.00019603121988893605
0.00017643420665695001
0.0001698720453146258
0.0001534265476758423
0.00014394717012941388
0.00013642099326095149
0.0001303806125502615
0.0003399019077823269
0.00019411130112692563
0.00019154510964363117
0.0001741379308897986
0.0001639200950815852
0.0001536169711418627
0.0001420744455206956
0.00013505409107949433
0.00012024684387613981
0.00019399045821095874
0.00011484131102451644
0.00010752002813521687
9.102494871598269e-05
7.737650517453053e-05
6.883198285890961e-05
6.046453654282441e-05
5.043777751514104e-05
4.3579030227196415e-05
0.00017599163854625777
8.257584372505056e-05
8.373395213709542e-05
7.313731218379588e-05
6.783926174790165e-05
6.186805365072104e-05
5.641101138489181e-05
5.05898783122598e-05
4.592791558258e-05
6.4949312952971e-05
3.837998111775393e-05
3.571132825252842e-05
3.177735754414214e-05
2.87424280510463e-05
2.5943528152905784e-05
2.329941795317527e-05
2.1262935063191614e-05
1.9559914823498435e-05
2.5301214260357822e-05
1.7018822677004155e-05
1.626987058385206e-05
1.4306560648446222e-05
1.2819454579004149e-05
1.1865479355701499e-05
1.0916875701991691e-05
9.78732378754749e-06
9.072377805622958e-06
2.4722390116792e-05
1.0305422391024522e-05
1.1349152284977376e-05
9.076427813057506e-06
8.616159118272115e-06
7.5724731017048835e-06
6.329430683181013e-06
5.828030188732984e-06
5.0508435572703944e-06
2.2184838997897486e-05
9.737943951230097e-06
1.0286163177002009e-05
8.848933228407712e-06
8.616379675944308e-06
7.678608102674494e-06
7.315779269714377e-06
6.817287785081332e-06
6.648214376290459e-06
2.16117807275233e-05
9.434480150503868e-06
1.0250690776922149e-05
8.748109806096814e-06
7.924214025990287e-06
7.027295112421185e-06
6.55087192196199e-06
5.907928724218552e-06
4.6409045099838085e-06
2.1792928091754813e-05
8.484421156270613e-06
9.100735966484601e-06
7.871821012644898e-06
7.660324819123954e-06
6.508103329404838e-06
5.985842191857377e-06
5.4539963736578e-06
4.931226033318548e-06
1.851514782860238e-05
8.167831775473074e-06
8.69616755279328e-06
7.351456757670979e-06
6.834853903991952e-06
6.14140336749814e-06
5.520809019624864e-06
5.3034027519712286e-06
4.7579756846421275e-06
2.525621251653349e-05
1.0905498467392007e-05
1.1936141533539873e-05
1.0252438536991524e-05
9.601258567461479e-06
8.785858700403513e-06
8.092952391065976e-06
7.213511052545426e-06
6.696554206293511e-06
2.822158347467803e-05
1.2594644245694265e-05
1.3570551179106527e-05
1.1578459930968665e-05
1.1310881831622208e-05
1.0213612293535728e-05
9.180250989496853e-06
8.608319889518704e-06
7.666626637849714e-06
2.9866214803082465e-05
1.2309034689809402e-05
1.3432074121742336e-05
1.1436218310732585e-05
1.073238197033202e-05
9.70942540680328e-06
9.043036193741258e-06
8.272320243885904e-06
7.332357064086639e-06
2.4659797641838615e-05
1.0537522535519537e-05
1.1135113812971464e-05
9.50394654191631e-06
9.082055621378878e-06
7.786941037804736e-06
7.376839779422748e-06
6.680007717010521e-06
6.411991441993235e-06
2.7678013222968956e-05
1.317032809951536e-05
1.3962630508812796e-05
1.2415515394141057e-05
1.2398761435313671e-05
1.1720982394352403e-05
1.099478311519557e-05
1.0855442503735736e-05
9.786975942811794e-06
2.302734433294513e-05
1.1947281282422592e-05
1.2305679257377253e-05
1.1172601160504566e-05
1.0410494395969917e-05
9.133809554200784e-06
8.617310926069924e-06
8.338927843233006e-06
7.94674856220765e-06
2.4432949508091384e-05
1.2514379267381805e-05
1.3169957147422576e-05
1.1276759853905444e-05
1.1303424413015306e-05
9.988695153810051e-06
9.340867731938136e-06
9.174909716724611e-06
8.36131326509034e-06
2.8927869773033814e-05
1.2219875615216035e-05
1.364419984509692e-05
1.149469108797691e-05
1.089068372952772e-05
9.80724961687107e-06
8.969335831711486e-06
8.11155942896168e-06
7.014378337021658e-06
3.37018883264552e-05
1.491058196625897e-05
1.607619513807794e-05
1.3831165452921963e-05
1.2766322206811954e-05
1.1507196747255176e-05
1.003530026952261e-05
8.734934858036198e-06
8.098844202529072e-06
3.376211495574944e-05
1.4524105004960576e-05
1.5605132254913832e-05
1.3749031762138467e-05
1.301715094772669e-05
1.1830181449907093e-05
1.0945498077437455e-05
1.0035527476076001e-05
9.935549031733368e-06
3.318721765731163e-05
1.4693519502803224e-05
1.5711517725929814e-05
1.3183600890444714e-05
1.2142089879238194e-05
1.038557739747081e-05
9.355454388952057e-06
8.17215461467151e-06
7.2191712615675986e-06
2.9625231478854776e-05
1.4050695144955107e-05
1.4802698765967746e-05
1.2961510069432e-05
1.2203653641565292e-05
1.06710486151405e-05
9.80133233002713e-06
9.156723545094222e-06
8.571677550192695e-06
2.848195454430051e-05
1.3647097354349723e-05
1.4356832218426092e-05
1.2289039315057863e-05
1.2279371708074253e-05
1.16789396101028e-05
1.022067363674834e-05
9.85142906490872e-06
8.779895002870127e-06
2.9516123258084078e-05
1.3882704040459107e-05
1.4596870046068511e-05
1.2502819581646278e-05
1.1852466254323297e-05
1.0381854185094201e-05
9.646255276496463e-06
8.793938593039586e-06
7.896083046445795e-06
3.207236309030032e-05
1.4028837737154427e-05
1.5565691849226123e-05
1.28002598561669e-05
1.215775194072716e-05
1.0552303511215184e-05
9.976573971303566e-06
9.036209167411782e-06
9.053399949955522e-06
3.158485360721769e-05
1.3345288868154303e-05
1.42965191832695e-05
1.224844463631163e-05
1.1793351516391375e-05
1.0496879479558905e-05
9.855626959898717e-06
9.10024515796029e-06
8.980059048424941e-06
3.728594502620237e-05
1.5464858789288624e-05
1.705883258855806e-05
1.3789610719981347e-05
1.3271585483424608e-05
1.1347962043591088e-05
1.0601643938137918e-05
8.692515613341481e-06
7.77646548114445e-06
3.135554684852323e-05
1.3229867840317223e-05
1.3742172638463363e-05
1.2689054246305208e-05
1.237153907608849e-05
1.0769960201581936e-05
9.49543952633438e-06
8.478163663385042e-06
8.217698733004717e-06
3.7336670077340595e-05
1.620198621512917e-05
1.7034107486141298e-05
1.4976519900956625e-05
1.4403581604224368e-05
1.3356150568306442e-05
1.2202820899638429e-05
1.0635560993438385e-05
1.0154007312629587e-05
2.9523357643708304e-05
1.3312757085302696e-05
1.4131563587552612e-05
1.228144014335148e-05
1.0944544644274346e-05
9.623491908254207e-06
9.010219473068515e-06
8.754558995812026e-06
7.708392030841957e-06
3.557646117169559e-05
1.4965230061050534e-05
1.6056334971856917e-05
1.304043471623981e-05
1.2562586582189549e-05
1.0502233262328587e-05
9.341123391769952e-06
8.298666876501645e-06
7.661745282944115e-06
3.582809813370356e-05
1.585457825390886e-05
1.5919142947415326e-05
1.3452216577653666e-05
1.2678026059365575e-05
1.1251201964371857e-05
1.0379708458416235e-05
9.677447289745041e-06
9.315233396279618e-06
3.674626075367255e-05
1.530426991904656e-05
1.6601217174279048e-05
1.3112571171595886e-05
1.2666433028382234e-05
1.0841927443351907e-05
1.0049923909275134e-05
9.619597733458975e-06
9.052153244900555e-06
3.488160834445762e-05
1.5846124864371325e-05
1.6204705899264293e-05
1.3827187054648241e-05
1.3698286844978708e-05
1.2266381955823331e-05
1.1207659686896856e-05
1.1009324420218378e-05
9.985638279243837e-06
3.1462720833345865e-05
1.4108338928367355e-05
1.4400789258865902e-05
1.1904084609334548e-05
1.0782982423302304e-05
9.501021678628896e-06
8.434273226162778e-06
7.77803501774932e-06
6.413135641585932e-06
4.344350029196041e-05
1.9476215504979653e-05
2.0271035210458748e-05
1.7652248459129315e-05
1.7622073366930036e-05
1.5929594236104645e-05
1.566510628966315e-05
1.4422116106505895e-05
1.3703539097522034e-05
4.5738410429675247e-05
2.4661986437898728e-05
2.4725957795743916e-05
2.223066887527553e-05
2.0833422396148588e-05
2.0250297451317342e-05
1.8506461225257526e-05
1.776312812315855e-05
1.718986005259913e-05
4.17377092476716e-05
2.3114134010302044e-05
2.2918710560376925e-05
2.035779192449793e-05
1.891214033072517e-05
1.6932595593232956e-05
1.564111532272614e-05
1.4561648074623907e-05
1.3359350015956679e-05
4.1875168020554936e-05
2.1713517503744783e-05
2.2716145938974403e-05
1.9915654145539583e-05
1.8519563878927878e-05
1.711041016416956e-05
1.427143249043572e-05
1.3579768425563557e-05
1.2081347231610171e-05
3.920048616769671e-05
1.7318792595776913e-05
1.7711497700207626e-05
1.4417208311016705e-05
1.3391124100500224e-05
1.207253305400858e-05
1.0388489546856328e-05
8.693747547104545e-06
7.834977383362864e-06
4.269304240532738e-05
1.7828982735650563e-05
1.9542696182772946e-05
1.651040050508567e-05
1.6037388038716193e-05
1.439658199585461e-05
1.3320889401339895e-05
1.153210312956453e-05
1.0551636674524827e-05
4.584473601583165e-05
2.0239132216269695e-05
2.1927699167921636e-05
1.9448349791640254e-05
1.821015404186489e-05
1.597567931914831e-05
1.4965219294385808e-05
1.414276056542188e-05
1.3108399734085776e-05
3.798282896253784e-05
1.789018849788753e-05
1.914864596183498e-05
1.6450465022493487e-05
1.5620547721636952e-05
1.4521687087543191e-05
1.3345162602539892e-05
1.3236337559418695e-05
1.2150232109027798e-05
4.01787145024246e-05
1.8195444543013404e-05
1.9100211683327707e-05
1.6413131851579825e-05
1.6430561669842323e-05
1.4420769306172106e-05
1.4048981664161253e-05
1.2196069545268876e-05
1.146262001942843e-05
3.978220582440763e-05
1.7435793844428247e-05
1.8375888801967852e-05
1.55377397320697e-05
1.4178933681657824e-05
1.2884765110490174e-05
1.28430694104694e-05
1.1954486857719405e-05
1.1935151229053479e-05
3.697629454998775e-05
1.6544320704549827e-05
1.685183284473123e-05
1.5594957555510683e-05
1.424614047850257e-05
1.3243246484057753e-05
1.2411137194362462e-05
1.1486512948638829e-05
1.0252335385426189e-05
3.973602447537161e-05
1.8796781855259766e-05
1.974505367116487e-05
1.7005670691024857e-05
1.642243326127419e-05
1.5252124618765748e-05
1.4282902576909638e-05
1.2755245490224193e-05
1.1826423304018348e-05
4.1398305843907714e-05
1.7576176109709805e-05
1.850344140310828e-05
1.553698228556358e-05
1.4074175006805413e-05
1.3306185866790493e-05
1.1372140354631868e-05
9.956901082669566e-06
9.386890816784167e-06
5.3857108781491915e-05
2.2235899497999363e-05
2.3770429901656796e-05
1.9744644838054196e-05
1.8252028430218402e-05
1.604444248214088e-05
1.4500855656770034e-05
1.3026535281614581e-05
1.2593764060871445e-05
4.885928006919155e-05
2.3283361597972834e-05
2.3987598738243452e-05
2.0122734259750432e-05
1.9079666821721987e-05
1.706225830923086e-05
1.5954845088706987e-05
1.4660795635027897e-05
1.3488057219537677e-05
3.725171988245628e-05
1.8916203784819833e-05
1.9662656929093957e-05
1.788506752908832e-05
1.7335563062618773e-05
1.553672876480984e-05
1.4213557622079241e-05
1.3333069302332206e-05
1.27749318287446e-05
5.3653675008824114e-05
2.473698121451824e-05
2.607285546718368e-05
2.3842494497872642e-05
2.2128028204695854e-05
2.053226286963178e-05
1.849419785129434e-05
1.7511860285078816e-05
1.6220371555618165e-05
4.7431473671415934e-05
2.298533042534089e-05
2.3543973486933383e-05
2.046177153632664e-05
1.8946674148356718e-05
1.71166903295558e-05
1.582583738868402e-05
1.4135905290014483e-05
1.326731209762003e-05
4.5599683561283364e-05
2.0461007636064713e-05
2.1551372303475078e-05
1.887416459895084e-05
1.8395746181426044e-05
1.5482117319999637e-05
1.432367552399546e-05
1.2935189022809477e-05
1.2470823460662101e-05
4.947431552852e-05
2.094366451212878e-05
2.1720037050746655e-05
1.7954270936143815e-05
1.690234900469473e-05
1.4762987021318168e-05
1.3647432402579727e-05
1.1209953474195762e-05
1.0591025788844399e-05
4.6284570937750405e-05
1.7896134466463554e-05
1.880788724655432e-05
1.5001591092433037e-05
1.3740456981746034e-05
1.1595259316185304e-05
1.0712765569959015e-05
8.870448268755618e-06
7.467072014629547e-06
3.713745772706574e-05
1.5546604516132644e-05
1.6789023139170404e-05
1.3867753328129741e-05
1.3230810790592495e-05
1.174178041126757e-05
1.0964573874276015e-05
1.0305683672339672e-05
9.089977067902421e-06
4.9457239465950607e-05
1.9360440808139828e-05
2.0653021785651845e-05
1.7646901153519214e-05
1.6724597162968574e-05
1.4949721948355068e-05
1.3947522255523027e-05
1.2222356255302738e-05
1.1875519536310588e-05
6.253438954061632e-05
2.6975638364122466e-05
2.8595793643558746e-05
2.511362354670389e-05
2.4795569124030874e-05
2.258034242318824e-05
2.0624405506725967e-05
1.9048871178196668e-05
1.7917730524317353e-05
4.9531990282228524e-05
2.282499071630119e-05
2.3298342311087515e-05
2.0870568738896478e-05
1.8741287952695263e-05
1.7143627125712568e-05
1.5791373783861263e-05
1.4907901325154857e-05
1.2083641308615539e-05
4.575883830269876e-05
2.1209992513571522e-05
2.1672860010133747e-05
1.9977344626260277e-05
1.8008454313478118e-05
1.6566848457910707e-05
1.5424931430419894e-05
1.3842994623331214e-05
1.317494161934738e-05
4.847654907948036e-05
1.8205597202981572e-05
2.1262372030082285e-05
1.7828490968139322e-05
1.669966741293577e-05
1.4256985885825648e-05
1.4055105203846985e-05
1.3168090104283669e-05
1.1932041919475075e-05
4.4630036189453565e-05
1.9651804577085263e-05
2.0030604158527385e-05
1.6893823651463272e-05
1.544126013545269e-05
1.3378479239922948e-05
1.21608894730014e-05
1.1057825696398754e-05
1.035430009779836e-05
6.197172883234623e-05
2.722961033462616e-05
2.8721937822915007e-05
2.4568650032083315e-05
2.3691957850325756e-05
2.1692627677675154e-05
2.075640044273713e-05
1.8769638848513013e-05
1.7517371031240544e-05
4.5226523708655934e-05
2.0931913494279043e-05
2.170800722234333e-05
1.7879890837694823e-05
1.6292623441779558e-05
1.494545336307445e-05
1.31378267678574e-05
1.3189841739595287e-05
1.2159320595901235e-05
5.83107432828803e-05
2.5117560216793846e-05
2.6337316441862882e-05
2.2015598583174823e-05
2.0629226955546992e-05
1.845395755466771e-05
1.6847022662442994e-05
1.5357749545273297e-05
1.3861847223792888e-05
4.600249258019007e-05
2.071803821441724e-05
2.0565573297283012e-05
1.624306372401293e-05
1.5823421124420872e-05
1.421126788472017e-05
1.3249745820185194e-05
1.1856618121412797e-05
1.0393414320613263e-05
5.787855375364955e-05
2.4314187385206416e-05
2.547874141443986e-05
2.2092294574199893e-05
2.0064185250126745e-05
1.7401638712422864e-05
1.547765064149782e-05
1.4829397262840733e-05
1.3014413854153092e-05
6.514690032905084e-05
3.057328922324944e-05
3.081822558853764e-05
2.6867076938709932e-05
2.4926890081821807e-05
2.2799963358561163e-05
2.1319828983520952e-05
1.9555768723353725e-05
1.862001530450943e-05
5.661457785941126e-05
2.534236378183949e-05
2.6292194925075872e-05
2.2781506763638676e-05
2.1303566962719468e-05
1.9516116055034917e-05
1.7495458521360777e-05
1.628511258772264e-05
1.527491782215529e-05
5.041086127789111e-05
2.2792551122554163e-05
2.247897283369862e-05
1.976948167998553e-05
1.866394941615527e-05
1.6326914672063794e-05
1.554833723359963e-05
1.4276398468082439e-05
1.2981866042151228e-05
5.8237700169212836e-05
2.8075958579636998e-05
2.86004209533714e-05
2.4955281183622438e-05
2.400624925211923e-05
2.138925835958461e-05
1.915215355540441e-05
1.7985438804640727e-05
1.651888947936071e-05
5.503848439958585e-05
2.7585291584753858e-05
2.8776896024485718e-05
2.569067026415657e-05
2.3385986136632812e-05
2.19766395596492e-05
1.990996671484455e-05
1.867729257441436e-05
1.8081698094190546e-05
6.958447564881557e-05
3.0705737493662e-05
3.239951432892665e-05
2.8443650589633892e-05
2.5177559485264446e-05
2.289999752751393e-05
1.989584032481612e-05
1.873042925093369e-05
1.609648402963047e-05
5.0481987918966014e-05
2.329335615786471e-05
2.553712175663737e-05
2.1675406030917813e-05
2.095545532913503e-05
1.931868824226133e-05
1.8692167269244178e-05
1.6731366174332392e-05
1.6039893339985465e-05
5.309714774828384e-05
2.6413834814770168e-05
2.6993596451290055e-05
2.294639929952682e-05
2.2244281154857787e-05
2.017377901311999e-05
1.972936043517871e-05
1.8628183677119974e-05
1.819650555085361e-05
5.899733599948471e-05
2.6542375404206318e-05
2.7001332602135996e-05
2.282455541289739e-05
2.1483827690657065e-05
1.8507007442858224e-05
1.6683181960794403e-05
1.5580146486192442e-05
1.387410242398962e-05
6.904530651550819e-05
3.0200784673935486e-05
3.096469769425172e-05
2.5779949702431776e-05
2.387974333389059e-05
2.122559111785079e-05
1.870931725694071e-05
1.6948542862983032e-05
1.5251259083230406e-05
4.8093581219514746e-05
2.1143446343025915e-05
2.186446617135849e-05
1.862750254158598e-05
1.754274925627654e-05
1.5150749792197516e-05
1.4460779432418115e-05
1.3083874764228129e-05
1.2736729326686126e-05
5.483131053234996e-05
2.5106884813698553e-05
2.4994759259066305e-05
2.1934590179216292e-05
2.033817754090536e-05
1.808765522578502e-05
1.6791134716171638e-05
1.632344909312146e-05
1.6032021321293982e-05
6.29099711405946e-05
2.732163277975595e-05
2.8770495003681264e-05
2.5073484475127302e-05
2.268328467917101e-05
2.03863581162568e-05
1.8370419430427227e-05
1.7114495559014274e-05
1.4610542333266399e-05
5.695045918876533e-05
2.6340273310726903e-05
2.8010595851560178e-05
2.3573846632972936e-05
2.1823920831447677e-05
2.0402444212220747e-05
1.809902483895567e-05
1.729463255930534e-05
1.6101023703289335e-05
4.8437801034163585e-05
2.1955099326443387e-05
2.2370944028278632e-05
1.9399767082340744e-05
1.7439577860118555e-05
1.702048345687263e-05
1.5046720582208287e-05
1.3709296696597421e-05
1.2480163308579905e-05
5.169308023379252e-05
1.9272201684532185e-05
2.1657867035116368e-05
1.784279693547404e-05
1.737116439968618e-05
1.553426186779018e-05
1.430604473601465e-05
1.258089567446384e-05
1.147225804717123e-05
5.6728140048148354e-05
2.1848699521717916e-05
2.4252418065585115e-05
1.94219758411324e-05
1.6704924993467928e-05
1.4933763708566126e-05
1.4319555030765781e-05
1.3107978992948491e-05
1.1940247908029489e-05
5.087100027522742e-05
2.1456992430745083e-05
2.3007594165379304e-05
1.9367384135192594e-05
1.7925603820156326e-05
1.6894826443874755e-05
1.500331686121842e-05
1.4253654933340481e-05
1.3287614678115016e-05
6.685051742354422e-05
2.9758823793517934e-05
3.281116864758745e-05
2.7196410784066744e-05
2.5882373622229476e-05
2.367619034981753e-05
2.1408896692113447e-05
2.0586159489260007e-05
1.855039996751659e-05
5.9043998031924604e-05
2.9821731243823815e-05
2.9789492289248844e-05
2.6850926300469842e-05
2.498076187405308e-05
2.330441965502296e-05
2.0807272326132455e-05
1.8992156950015227e-05
1.6833718738868165e-05
6.181747599340372e-05
2.731700024141486e-05
2.847702032253845e-05
2.4474336253656734e-05
2.2970970590948594e-05
2.0526987714433005e-05
1.8550903360252576e-05
1.6659204261702466e-05
1.6128113027050896e-05
5.805079346100164e-05
2.4238089297756815e-05
2.563812310611166e-05
2.1935959947192082e-05
1.9637621466561367e-05
1.831602374659336e-05
1.6986904400016154e-05
1.4671085267142785e-05
1.3779144389365373e-05
5.2709505548705735e-05
2.1710949825217542e-05
2.228356955700463e-05
1.895256820525954e-05
1.8018971847802943e-05
1.5174357267653467e-05
1.4720607630881637e-05
1.2221842196447597e-05
1.108088305157964e-05
5.956235570482036e-05
2.601254123195978e-05
2.7422766803548093e-05
2.2889222107500087e-05
2.1940713558617856e-05
1.9551338619761208e-05
1.7749512389095856e-05
1.5723550332657414e-05
1.459847089150709e-05
6.280416047017028e-05
2.503857837032171e-05
2.8084998670889607e-05
2.246687874671747e-05
2.195027610728349e-05
1.922188454525462e-05
1.8801986085886107e-05
1.6227878371771486e-05
1.5481111172950687e-05
5.710755763424342e-05
2.883000523477046e-05
2.927369885144673e-05
2.6598699062513617e-05
2.510036398180222e-05
2.3200060335738848e-05
2.1309647023334757e-05
1.9861480918783988e-05
1.8762819902934453e-05
6.555697732977331e-05
2.954916970883473e-05
3.012448502187386e-05
2.5801682866191773e-05
2.4123126462310895e-05
2.131748160227401e-05
1.9244490042808362e-05
1.726329371144267e-05
1.6123354366479118e-05
5.1599595179506135e-05
2.1073586368585648e-05
2.25869519014509e-05
2.009706742556944e-05
1.8560012112720944e-05
1.6712682293151843e-05
1.658962304511459e-05
1.521958290730389e-05
1.415912355035353e-05
7.000624935243934e-05
3.21705403628032e-05
3.312482172101561e-05
2.801406802159692e-05
2.6188818335908982e-05
2.2845296621314776e-05
2.077963855604854e-05
1.8283167106623882e-05
1.6339155237067637e-05
6.622428439474496e-05
2.6891211885623732e-05
2.8616020457157976e-05
2.3671227400411422e-05
2.2470154034815668e-05
1.9613660845176047e-05
1.6501246982883835e-05
1.6109572066825125e-05
1.5053380066639271e-05
4.4240503657473675e-05
1.9635595694807657e-05
2.0959967418607873e-05
1.7944790258474724e-05
1.7225649857022915e-05
1.530095050538112e-05
1.4269334338947136e-05
1.3043344716869567e-05
1.154081452964159e-05
5.9475697899554196e-05
2.3414951015750315e-05
2.52568455174228e-05
2.1192949097942873e-05
1.9433654052757763e-05
1.6018935027735226e-05
1.4301312497913003e-05
1.2723479891578492e-05
1.1356579330037106e-05
4.5520211537155615e-05
1.9990737595334813e-05
2.0816427758433267e-05
1.689561748956622e-05
1.638260147212809e-05
1.4245326221289866e-05
1.3330722549685956e-05
1.2811308512921219e-05
1.0808945650431625e-05
6.743115718401183e-05
2.8830103393441676e-05
3.195170944911156e-05
2.6386353737997886e-05
2.4952828088176322e-05
2.344357602625491e-05
2.1408489249806527e-05
1.968387779492998e-05
1.698527755710781e-05
6.01155541304126e-05
2.684721866547597e-05
2.7339589872892655e-05
2.402773757218599e-05
2.137761422290464e-05
1.9593374995143438e-05
1.754519694729128e-05
1.567243439225472e-05
1.3792053121206313e-05
7.41283285793714e-05
3.2700319388529176e-05
3.514007772138975e-05
2.99705902424754e-05
2.8833575604205738e-05
2.543209803092134e-05
2.3237128201005155e-05
2.169790597184589e-05
1.9700878258859255e-05
5.588542124561864e-05
2.435149329420572e-05
2.5228457558948412e-05
2.1501552951036667e-05
1.919247782032444e-05
1.7086077184333017e-05
1.6350012838955963e-05
1.4903110720697362e-05
1.421935694954477e-05
5.269415605094927e-05
2.266750243686708e-05
2.4142606668036608e-05
1.9920832188332146e-05
1.82185336986636e-05
1.6181760757180965e-05
1.4256388292999203e-05
1.2212014009668738e-05
1.1105125872622395e-05
6.38505106365297e-05
2.7008373752505663e-05
2.781707848064548e-05
2.4259208685022434e-05
2.2298328991518702e-05
2.0793985463100383e-05
1.927539741463021e-05
1.7167905816975504e-05
1.5172097494385481e-05
5.379458081304309e-05
2.175528269236752e-05
2.1933151773751392e-05
1.7997545472473922e-05
1.7363169922242685e-05
1.5900468027752096e-05
1.4363606288676246e-05
1.3210151906880304e-05
1.2358827368854234e-05
6.349838398702473e-05
2.7264496372385583e-05
2.9764087370430903e-05
2.631462656784524e-05
2.3769848372483527e-05
2.208383336842722e-05
1.9227491842268638e-05
1.764521264023167e-05
1.623649238474062e-05
7.193004027952656e-05
3.293421709283622e-05
3.4742984322599415e-05
3.058520637026311e-05
2.9032448626968124e-05
2.782049108186257e-05
2.5531763784066145e-05
2.5476918767336938e-05
2.313007205649994e-05
6.717519277677015e-05
3.1997488724660844e-05
3.28085091362282e-05
2.8118095580627794e-05
2.5862482552643698e-05
2.377444919164418e-05
2.1975061031120054e-05
2.0690296347183196e-05
1.8848260490652072e-05
6.400648835931403e-05
3.0204512341681095e-05
2.982632355533833e-05
2.410512777561601e-05
2.2194171765124887e-05
1.8925037472117903e-05
1.759668827087522e-05
1.4955501293710525e-05
1.3554513468898528e-05
4.431261520161861e-05
2.0737152518312204e-05
2.1154837897322585e-05
1.84585831341628e-05
1.6961609962006918e-05
1.5339880399959875e-05
1.3884310019715538e-05
1.15332963164648e-05
1.0186434609120008e-05
6.078438638170978e-05
2.2775003324193668e-05
2.430635385845004e-05
2.0218840974390995e-05
1.9223045710540163e-05
1.8138330727794236e-05
1.6714699710150846e-05
1.5588427359344768e-05
1.4279395313092966e-05
6.435111038611164e-05
2.6390718485711844e-05
2.8897723567718773e-05
2.4224410988844137e-05
2.269744531328044e-05
1.917400382949073e-05
1.8104440167329473e-05
1.6470261746362475e-05
1.4563412684496633e-05
6.510016360298787e-05
3.160130162844677e-05
3.1831312498972724e-05
2.732786526375809e-05
2.5556938653691517e-05
2.2329190582304108e-05
2.057276751716979e-05
1.7203250067629826e-05
1.6128010689528888e-05
5.908535769714173e-05
2.528087396178127e-05
2.6106132404544435e-05
2.1461006293822726e-05
2.0438361062303225e-05
1.8414177062385516e-05
1.5690515046620286e-05
1.3461981251394709e-05
1.2701503853892647e-05
6.230050805757356e-05
2.5770188983270197e-05
2.769253723039839e-05
2.352919714077086e-05
2.1382442147028686e-05
1.8601078894582772e-05
1.689756693983964e-05
1.5022794750900784e-05
1.346415183092552e-05
5.231871878230502e-05
2.2138707565097015e-05
2.379642633174762e-05
2.0090725382763085e-05
1.825719434198549e-05
1.660451025602061e-05
1.5264384271556095e-05
1.4336891586484735e-05
1.3300240136392243e-05
5.411877740301506e-05
2.2901764970800747e-05
2.5445313204962953e-05
2.155306536765021e-05
1.9359441324846183e-05
1.768192408237499e-05
1.6077665013060934e-05
1.4725633974671885e-05
1.3154017732219874e-05
4.619822080554875e-05
2.0381452164960656e-05
2.1619759905370495e-05
1.847781832431878e-05
1.7215447156714824e-05
1.434664676202438e-05
1.462598433926903e-05
1.2183907442358723e-05
1.1202933774752523e-05
6.292127730544802e-05
2.6437971909129455e-05
2.780658999868147e-05
2.360840332999751e-05
2.1573394362649292e-05
1.9815690593215306e-05
1.7562742034835326e-05
1.6135220793173465e-05
1.343048824564994e-05
6.405181650259241e-05
2.6087185457160096e-05
2.782418508458691e-05
2.2978203777580977e-05
2.0778192429834914e-05
1.8851665698429926e-05
1.62183778374817e-05
1.509580664286308e-05
1.2654115302514032e-05
4.928150774544483e-05
2.287396428206259e-05
2.3170220627154712e-05
1.983077173121292e-05
1.7978538883914396e-05
1.6062722210306542e-05
1.4383983685314544e-05
1.347637753553337e-05
1.1690382818071398e-05
5.904670385580749e-05
2.5010150907828988e-05
2.676490834251598e-05
2.2876919919634828e-05
2.116302331245781e-05
1.9177667211252833e-05
1.7170199109271862e-05
1.6281337298562337e-05
1.5098715039048188e-05
5.00805467588068e-05
2.1373251631917204e-05
2.3035027814880935e-05
1.9296969567549185e-05
1.8208026152333997e-05
1.590939962920712e-05
1.4497351286687524e-05
1.3828006801936525e-05
1.2549046913449816e-05
5.255323090718291e-05
2.243822814772358e-05
2.4371731553176798e-05
2.1290232321103562e-05
1.9963286130963905e-05
1.8186045657326588e-05
1.653270422305634e-05
1.4721796232261865e-05
1.4234855655263917e-05
5.1325890648406156e-05
2.4132306420332127e-05
2.490599913737572e-05
2.1493178718403082e-05
1.918796672381067e-05
1.7783255232348385e-05
1.712250772376645e-05
1.4633639444333786e-05
1.4208905105253557e-05
5.388616693249961e-05
1.9690237199040638e-05
2.1753195403390327e-05
1.598924406306576e-05
1.5281806304875093e-05
1.3306809173354294e-05
1.1728710538154313e-05
1.0639611806135058e-05
9.325088806648014e-06
4.5494486321115237e-05
1.844018722901577e-05
1.998440991651596e-05
1.6542269577140492e-05
1.5229352863531225e-05
1.3654674577291296e-05
1.3097511154753922e-05
1.1256006840378302e-05
1.0132027192538486e-05
5.8351962780890146e-05
2.553575237175648e-05
2.771511983665309e-05
2.4161194244861902e-05
2.22673807323937e-05
2.0100496595889705e-05
1.87962359037409e-05
1.7764849797104723e-05
1.6756740551303318e-05
5.248303949996629e-05
1.9926827802504135e-05
2.3397978226134312e-05
1.9448263950941617e-05
1.873899533286329e-05
1.714012131330443e-05
1.612755569064727e-05
1.509907057292487e-05
1.3268810547079886e-05
6.307113792068059e-05
2.6338523498762034e-05
2.882790344036018e-05
2.4867208060624394e-05
2.3447168490627654e-05
2.1113232950166307e-05
1.9583715264493635e-05
1.775661599849465e-05
1.6057010229283087e-05
5.11903564914179e-05
2.52925456441229e-05
2.532158599984112e-05
2.238285130591697e-05
2.0656575862454605e-05
1.8814099972353468e-05
1.6849952555648035e-05
1.460836447457328e-05
1.3268613350514696e-05
5.338717050697707e-05
2.313821524092478e-05
2.453424776481973e-05
2.0487428694739062e-05
1.8143765117445457e-05
1.6219626834693548e-05
1.4589154452503633e-05
1.3475264452904105e-05
1.1733191145865855e-05
5.478363296686754e-05
1.9736186387951506e-05
2.265311087987636e-05
1.7703647966916444e-05
1.6714159126724184e-05
1.4560475931049151e-05
1.3363852443808831e-05
1.2449062018222918e-05
1.1072817837089502e-05
5.405468854115248e-05
2.4180948283970203e-05
2.4789836049723615e-05
2.104987836255326e-05
1.8818238939811908e-05
1.6608590215613214e-05
1.5710098779410907e-05
1.3513067955492352e-05
1.250140794460255e-05
3.8564599490892196e-05
1.939171458702341e-05
1.930964725325424e-05
1.8038222421688176e-05
1.780572447057761e-05
1.658394938952435e-05
1.5798645350365148e-05
1.5008301845276192e-05
1.3944191324598189e-05
5.402524379309212e-05
2.354887561565611e-05
2.5994300684673387e-05
2.136637636860304e-05
1.978551393992189e-05
1.837482623933447e-05
1.7349438619315655e-05
1.6080186061251714e-05
1.5227492353608333e-05
5.572356897259645e-05
2.2279090043762246e-05
2.3180822216780777e-05
1.9900629068793732e-05
1.7941656125726026e-05
1.624304872655281e-05
1.4265334941135789e-05
1.2762493018191922e-05
1.1739179939306284e-05
6.285164663838907e-05
2.346407172572218e-05
2.5549110151928776e-05
2.0136836551876235e-05
1.9027066567918505e-05
1.68158472597947e-05
1.5647294079875287e-05
1.453573966176859e-05
1.231784918772581e-05
4.056844326836766e-05
1.6491240670833016e-05
1.708188101047114e-05
1.3875654696534989e-05
1.283957876776428e-05
1.1084693270824267e-05
9.569957098567346e-06
9.031368098736297e-06
8.554899733160076e-06
6.781439514268257e-05
2.522798700552708e-05
2.7725485048162517e-05
2.3173618075689496e-05
2.0670389179718363e-05
1.8702922919214348e-05
1.6800838581315538e-05
1.4879150601427114e-05
1.4673942314478236e-05
6.841831660318732e-05
3.0362230335902283e-05
3.1803775170073855e-05
2.8174385661493976e-05
2.5680106974395984e-05
2.317768410568132e-05
2.141363248149436e-05
1.964762677964698e-05
1.817699005770718e-05
4.613624164290869e-05
2.413334268495222e-05
2.4603973402678995e-05
2.1656544689923916e-05
2.0292055761860205e-05
1.803663584473666e-05
1.648814794839175e-05
1.4671744425413335e-05
1.421586836735781e-05
4.6335807858649804e-05
2.130727109292331e-05
2.1774746697156907e-05
1.867696202550791e-05
1.6862908493193864e-05
1.5198387134828742e-05
1.309485260620049e-05
1.2598611062021943e-05
1.1541368519385548e-05
4.4730832318921826e-05
1.8558707406806114e-05
2.0490489778015418e-05
1.7173157690352895e-05
1.627208423834432e-05
1.4286230238233642e-05
1.3586864125066378e-05
1.1966819607642296e-05
1.1422761864480284e-05
5.26094109638377e-05
2.3595952211833356e-05
2.4361822319932572e-05
2.1091723780093495e-05
1.9876423002020812e-05
1.7803188882748037e-05
1.6206513787044722e-05
1.4848715553549412e-05
1.3694278358010103e-05
5.3936579095329916e-05
2.483970438038597e-05
2.562143133192863e-05
2.1995347025307045e-05
2.0440033742470743e-05
1.8314323827435422e-05
1.6168711116017635e-05
1.43401151518329e-05
1.2653319446094432e-05
5.2757568167593346e-05
2.336843349759518e-05
2.374112509949453e-05
2.0683188814689373e-05
1.8566325847142866e-05
1.6417332404433184e-05
1.4870878776249397e-05
1.3132711167161987e-05
1.1785129709476839e-05
4.9094396420053665e-05
2.2690349176696513e-05
2.355314292591474e-05
2.03763732104284e-05
1.9390509913503327e-05
1.7167469966145973e-05
1.568472119431849e-05
1.3950485055322777e-05
1.3156090820696684e-05
5.2282446997497764e-05
2.276747411935834e-05
2.3993598187705843e-05
2.019056980268758e-05
1.821801934014319e-05
1.564427862172369e-05
1.427247777675797e-05
1.274276115065976e-05
1.1358986450876177e-05
5.0113860774494616e-05
1.982403239423977e-05
2.1558493720070113e-05
1.6808712743682093e-05
1.5767259785744308e-05
1.4179350861269862e-05
1.2903438946597553e-05
1.1648573035016737e-05
1.046495816377215e-05
4.843923349412403e-05
2.0567837238184395e-05
2.150415078650475e-05
1.7904089157993153e-05
1.617831208872684e-05
1.4009880174487903e-05
1.2948336288190132e-05
1.1672622485515895e-05
1.0815728566390893e-05
5.592604847646749e-05
2.3139744165421816e-05
2.4690741131703702e-05
2.050997789665397e-05
1.9007273006549065e-05
1.6288811263443105e-05
1.516233261264032e-05
1.4162817233579638e-05
1.2277354970455051e-05
4.8145500274220935e-05
2.0066699807552934e-05
2.0475955925224312e-05
1.8116061985877627e-05
1.6307306379979436e-05
1.45828019954346e-05
1.3544658601373375e-05
1.233585027417628e-05
1.0620008348422322e-05
4.499401837589039e-05
1.9550188062444074e-05
2.023375959961927e-05
1.7802242235208763e-05
1.728471411533661e-05
1.6196487916649722e-05
1.4683255903564728e-05
1.4469687026549725e-05
1.3448008103758904e-05
5.5496250489615444e-05
2.6201707549722302e-05
2.7679015819296418e-05
2.4027342912071438e-05
2.3329628481190626e-05
2.1445814463996075e-05
2.064441933280414e-05
1.9339961758813952e-05
1.7832228120680706e-05
5.2259439327227886e-05
2.321568694415739e-05
2.4187232626264938e-05
2.071584188515828e-05
1.8932199777451273e-05
1.6989377755967582e-05
1.557437040639391e-05
1.4403408712642897e-05
1.1967069437903296e-05
3.8219467826228306e-05
1.72560225512009e-05
1.833092459490169e-05
1.5850950271933796e-05
1.4839333633233245e-05
1.3628539884614659e-05
1.1723353244869056e-05
1.0843662137068542e-05
1.0158287618196012e-05
4.1149119114652815e-05
1.641358155491566e-05
1.7725819507745983e-05
1.4330170313031456e-05
1.4079849424724422e-05
1.2098899008811026e-05
1.0766933528117743e-05
9.99334790668717e-06
9.785936642134924e-06
3.694270923552798e-05
1.526871071673226e-05
1.6363949408282378e-05
1.3824265900048357e-05
1.2142385734128676e-05
1.0825947575640863e-05
8.884775456452525e-06
8.158918466034687e-06
7.489467818397402e-06
4.1252338554073316e-05
1.751638363193361e-05
1.854364099280409e-05
1.5803202209533244e-05
1.4600642244278392e-05
1.2344089949122485e-05
1.1238340266442311e-05
9.449662686266293e-06
8.536987504586548e-06
4.802729033767044e-05
2.010009563433958e-05
2.1532471589052937e-05
1.7664334473271503e-05
1.6340639913623507e-05
1.417319269184476e-05
1.3433610430591974e-05
1.20953359181232e-05
1.1167443753041284e-05
4.0710740350844603e-05
1.9838196969871022e-05
2.045862739906768e-05
1.815192242071339e-05
1.740211705170891e-05
1.5635990211164477e-05
1.472452390829866e-05
1.3913782522240139e-05
1.2497050264856e-05
4.7280125638911196e-05
2.3037329415958775e-05
2.3454565420157048e-05
2.090870591354057e-05
1.9914829201609817e-05
1.8508656806679963e-05
1.7370225466035725e-05
1.6667639668513973e-05
1.499334218577074e-05
5.0771065306223095e-05
2.6243720420606037e-05
2.6686957929775696e-05
2.4564269586821437e-05
2.338109004776548e-05
2.1550276565700268e-05
2.041841193583295e-05
1.914641225912909e-05
1.7313558178552914e-05
4.265181015600949e-05
2.0987039513302106e-05
2.1501617895305098e-05
1.847600775975238e-05
1.7329418118479367e-05
1.565899968461196e-05
1.386273071949349e-05
1.2676130357006712e-05
1.1523625066580675e-05
4.218773519834974e-05
1.8372672380079257e-05
1.9504572398517282e-05
1.628580286337467e-05
1.463970252494747e-05
1.2902144226479068e-05
1.2324266222442384e-05
1.073134491991677e-05
9.942853858806411e-06
5.157075792513242e-05
2.1854726828559173e-05
2.2854233122370944e-05
1.8833224030668156e-05
1.7769863504961747e-05
1.5701309972883764e-05
1.491129150856261e-05
1.3236750068145364e-05
1.1999824177903596e-05
3.7948718121282725e-05
1.7028468675555752e-05
1.766412941683519e-05
1.4715138514485188e-05
1.3595251155053077e-05
1.1730457282551953e-05
1.0665195197467333e-05
9.234226577644528e-06
7.875974798861427e-06
3.550268182169087e-05
1.409211442305294e-05
1.5607906955995052e-05
1.2714514057433963e-05
1.1929953567992536e-05
9.984692534704011e-06
9.366122300570727e-06
8.468797480633402e-06
7.2246918743411895e-06
3.952987104230667e-05
1.841638655766221e-05
1.8902536124404365e-05
1.583061157687421e-05
1.4838699925673073e-05
1.3060850638044476e-05
1.1975307173116515e-05
1.107713730256338e-05
1.0744893770366183e-05
3.697636574256477e-05
1.5318407846382658e-05
1.5699698469236316e-05
1.2561229808497902e-05
1.1486847328233971e-05
9.77718946129329e-06
8.881540386876899e-06
7.642416452584183e-06
6.7582977462718106e-06
3.7506688552640756e-05
1.5896874070709622e-05
1.703140643753713e-05
1.4056541533289071e-05
1.3081196406758071e-05
1.1851715501655852e-05
9.97934922894336e-06
9.15930127542781e-06
7.934829006461098e-06
4.1859147555045704e-05
1.8130883751015572e-05
1.9254575553238955e-05
1.6145622094618978e-05
1.526582470189004e-05
1.3692608486783193e-05
1.2532834688108156e-05
1.1342597349379992e-05
1.0618402345186892e-05
4.8976999794737986e-05
2.1992886151689902e-05
2.295357102772494e-05
2.0964729602818206e-05
2.0089148593029344e-05
1.9131173534773574e-05
1.773255835774533e-05
1.7264925443248902e-05
1.5802179737986307e-05
4.173634347211458e-05
1.9074444797518727e-05
2.0665922865642097e-05
1.829768288133593e-05
1.6830637845253723e-05
1.5521084206647978e-05
1.4515768814133872e-05
1.3053512427171635e-05
1.1896415688981745e-05
3.490131619975186e-05
1.7393606399191793e-05
1.7771917618903513e-05
1.537988496863038e-05
1.4203944382814294e-05
1.218880683829632e-05
1.0604708832526746e-05
9.57511014541616e-06
8.602746624312033e-06
4.033211762781516e-05
1.711507051408677e-05
1.8066766500898864e-05
1.5432889319844414e-05
1.4562079532775633e-05
1.2853838384961382e-05
1.1456109821812961e-05
1.0256168552924003e-05
9.35966026660427e-06
3.212626332068549e-05
1.587583287038604e-05
1.6215476763171375e-05
1.4731427367536466e-05
1.4007028220828188e-05
1.2953300453001877e-05
1.2453450132480273e-05
1.150597399808807e-05
1.1599234842427543e-05
2.8316270037977095e-05
1.4354052017800103e-05
1.4244237716519662e-05
1.2462656991190875e-05
1.2075722583658754e-05
1.0557030330038183e-05
9.92602647963051e-06
9.392793158380287e-06
8.446044685743832e-06
3.004097016740997e-05
1.2352902956086466e-05
1.296829001669289e-05
1.1102930279875626e-05
9.877163251356661e-06
8.747511054675301e-06
7.012449846475533e-06
6.561229169148874e-06
6.264671369648264e-06
2.961965450199524e-05
1.2025362869538109e-05
1.3077711565552925e-05
1.0955421410455027e-05
1.0291649668373257e-05
9.177962487827693e-06
7.961263028723734e-06
6.655713015948171e-06
6.1019779661439745e-06
2.9324621328684987e-05
1.2800096728472684e-05
1.3236334927180921e-05
1.1296544470855473e-05
1.031057412922073e-05
9.733193935904079e-06
8.260805138124866e-06
7.599433909563704e-06
7.0058924218856674e-06
3.568717991669e-05
1.566070714954257e-05
1.654980008554675e-05
1.4251599830394316e-05
1.3643544988878051e-05
1.2014082488123208e-05
1.1062279561527341e-05
9.394846200422987e-06
8.831873903228666e-06
2.7078556878573982e-05
1.3049105393851488e-05
1.3962208043802112e-05
1.2206692295750628e-05
1.1193541709553831e-05
9.974698304029362e-06
9.200703721218598e-06
7.714635500289763e-06
7.415744610114961e-06
3.38498871008424e-05
1.326871484101628e-05
1.4762791146148077e-05
1.220023792865283e-05
1.1544648920655902e-05
1.0067729833158694e-05
9.3481408866502e-06
8.259366783668586e-06
7.392186407334074e-06
3.270115341706407e-05
1.4728219871031076e-05
1.508131158065752e-05
1.2689112654545418e-05
1.1621681540408073e-05
1.0421467180715128e-05
9.479755097487755e-06
8.386748489348891e-06
7.790254735186e-06
3.5402011465387956e-05
1.4309291833527557e-05
1.5386740968817788e-05
1.2553328191843187e-05
1.1950641605344385e-05
1.0250194696679779e-05
8.773054775814193e-06
7.485504691518506e-06
6.750769221180087e-06
2.8625688632762428e-05
1.2911477212907187e-05
1.3815583186599167e-05
1.1657063816636265e-05
1.151982544511514e-05
1.0032126200809817e-05
9.144956951042553e-06
8.39837323477555e-06
7.2593404473473995e-06
2.848745749495918e-05
1.3394094219532398e-05
1.4015978230343433e-05
1.2568342961696967e-05
1.1559076963337576e-05
1.0317313249490166e-05
9.507853055052106e-06
8.624788580084473e-06
7.736290278546131e-06
2.180067696604663e-05
9.46858639532914e-06
1.006552463222059e-05
9.056810525902559e-06
8.23617508691868e-06
7.4349858084212525e-06
6.95315172389145e-06
6.114089541190067e-06
5.412953154864477e-06
2.3845378934328624e-05
9.86376878709495e-06
1.0525351862472335e-05
8.787943708064567e-06
7.769676850867557e-06
7.021042341421803e-06
6.221558214914551e-06
5.551753863617997e-06
4.943752753399505e-06
2.7234377516320332e-05
1.1580280038749865e-05
1.1944485448001758e-05
9.982829783540474e-06
8.700083582192174e-06
7.856478862442726e-06
7.202768399851463e-06
6.628307722679875e-06
6.240032191181186e-06
2.3585467242682664e-05
9.739438389920503e-06
1.0554982542810887e-05
8.434983525728964e-06
8.15208824588815e-06
6.651997746153964e-06
6.150184174583859e-06
5.603217350426114e-06
4.881533146278921e-06
2.5363676076530853e-05
9.300463996096987e-06
1.054882495095072e-05
8.394333827488828e-06
8.18548443778688e-06
6.949658930994216e-06
6.497860768222424e-06
5.607044506087716e-06
5.02891015468697e-06
2.5434059251636665e-05
1.1863102690067063e-05
1.248668038286127e-05
1.149706839579785e-05
1.0716332090958256e-05
9.888257514304049e-06
9.471099588900994e-06
8.475584624483153e-06
8.2485028084309e-06
1.916809941470667e-05
8.123502824330943e-06
8.432429930209892e-06
7.478374534326969e-06
6.735162070813699e-06
5.73544445671028e-06
5.3758473455548205e-06
4.481937572382816e-06
3.918418833908798e-06
2.298781985508794e-05
9.270088770837235e-06
9.84821043376979e-06
8.571362703712696e-06
7.75354495890206e-06
7.098538315917326e-06
6.507883476138323e-06
5.37630069155306e-06
5.137987515860413e-06
2.3116577563288096e-05
1.0171699311302411e-05
1.1053215369864994e-05
9.764989433417412e-06
9.149011216608466e-06
8.157284273052733e-06
7.553567646729413e-06
6.822502343668175e-06
6.252969579028105e-06
2.478664986056269e-05
1.2209313159116099e-05
1.2280066108934146e-05
1.0748965992511963e-05
1.0106852091703809e-05
9.315206022847096e-06
8.420667671361147e-06
7.799960838942026e-06
6.9537150283623005e-06
2.5454250586376008e-05
1.226764850797623e-05
1.2333609698428663e-05
1.0843642022474966e-05
1.043212962780964e-05
9.493307551002356e-06
8.35518586808035e-06
7.875468715452086e-06
7.168331471163107e-06
2.0254087984718892e-05
9.649103195857044e-06
9.688663816583434e-06
8.45756572590672e-06
7.986952275715698e-06
6.957353329365879e-06
6.234563311447086e-06
5.7775873618562315e-06
5.326779434488666e-06
1.6914151247251534e-05
7.274542148058862e-06
7.829242851008982e-06
6.6906927394496595e-06
6.06572952289944e-06
5.454365071056658e-06
5.072712921462561e-06
4.358940937504655e-06
3.8087219010323556e-06
2.082896241612589e-05
8.434206788349093e-06
9.121820450487257e-06
7.651873761013153e-06
7.092720051268046e-06
6.499637196721906e-06
5.844245617954578e-06
5.733125284221009e-06
5.1630626575000265e-06
2.3480261848142604e-05
9.437800638710889e-06
1.047347500678149e-05
8.673809163516496e-06
8.285653634839582e-06
7.371988618970272e-06
6.711965354582114e-06
6.2397278211634526e-06
5.620593524890297e-06
1.638939542511547e-05
7.484989167022048e-06
7.54620435512499e-06
6.3530431219381254e-06
6.046319032506395e-06
5.295299480125037e-06
4.6508359461076725e-06
4.2196597767104694e-06
3.615880433427706e-06
1.910309971316935e-05
8.1497884101977e-06
8.653790438642023e-06
7.333570456240291e-06
6.738257447007479e-06
6.039770739788679e-06
5.246017231112918e-06
4.708815753057283e-06
4.506317285219972e-06
1.8824456297771284e-05
7.863801557950582e-06
8.282489832066965e-06
7.022225974721214e-06
6.527982083556227e-06
5.760238693227623e-06
5.2472323824164745e-06
4.81338832434852e-06
4.5651279464933e-06
1.5681113737559502e-05
7.275320401688882e-06
7.903932022400879e-06
6.595700043972374e-06
6.583175397886622e-06
5.756342507213522e-06
5.196939173228626e-06
4.463733634891525e-06
3.988918629484127e-06
1.675529251047632e-05
6.518220882693252e-06
7.276649505038511e-06
6.138277702647825e-06
5.753763428095794e-06
5.123934176267169e-06
4.669768114716582e-06
4.1280618172552815e-06
3.796764781511494e-06
1.8185307591574332e-05
7.4025133622534355e-06
7.799643492631652e-06
6.80916376581925e-06
6.255045956887197e-06
5.425135290584767e-06
4.836040485259509e-06
4.210074315307394e-06
3.713716827072073e-06
1.3776006572539674e-05
6.2308007775392935e-06
6.354568644022625e-06
5.402672326797356e-06
5.100007915922202e-06
4.333167480056247e-06
4.058317227993572e-06
3.5930612260805106e-06
3.179993600087745e-06
1.9210031699203034e-05
8.046112495797104e-06
8.752292832768842e-06
7.375648313034794e-06
6.878274251413073e-06
6.2899518498204235e-06
5.618352662868653e-06
5.2225745315866625e-06
4.80260703470163e-06
1.8814859989879022e-05
7.959189324821541e-06
8.468341744829144e-06
6.958420117491168e-06
6.443414006566482e-06
5.378471958150674e-06
4.8188042757268405e-06
4.0216533864846156e-06
3.5964544218082227e-06
1.5470490288020082e-05
6.503992800273398e-06
7.04459175838853e-06
5.919549424143058e-06
5.636754201370867e-06
5.0007832216852205e-06
4.703821423768311e-06
4.424226872372649e-06
4.087851268231059e-06
1.306361306879505e-05
5.32522542579995e-06
5.7075333138056656e-06
4.8159810922885695e-06
4.6424131854116865e-06
3.811386668428184e-06
3.651868656738846e-06
3.110605353771684e-06
3.0165393402690886e-06
1.1729137076741651e-05
4.8637675709555665e-06
5.1943556653285685e-06
4.278927503064803e-06
4.0126614162855114e-06
3.6408450246325555e-06
3.4083518276112957e-06
3.1098941373477764e-06
2.828685593162685e-06
1.1447157477912992e-05
4.8120717979928015e-06
5.129168905972537e-06
4.566789621652982e-06
4.203715591493414e-06
3.847086486045389e-06
3.499294767170104e-06
3.220414962899592e-06
2.9663810603491745e-06
1.4107565846456146e-05
6.0648047769368145e-06
6.375109132666676e-06
5.488855186272933e-06
5.018588189802102e-06
4.6291492009777835e-06
4.075988589295748e-06
3.6936991996979772e-06
3.4600172920368747e-06
1.0665475087103967e-05
5.0021383333968925e-06
4.936537897972664e-06
4.1061963640825956e-06
3.881386739101398e-06
3.338275831890724e-06
2.970600611546705e-06
2.6984245357301704e-06
2.3442406707805403e-06
1.4503236622927883e-05
5.9438690739599805e-06
6.3056669853166095e-06
5.342003556502433e-06
4.862123129505135e-06
4.25528217738615e-06
3.882615819525726e-06
3.5135913603182113e-06
3.1989530855320648e-06
8.40459104563731e-06
3.845514095425178e-06
3.974119093142159e-06
3.3226494401860025e-06
3.114487093872869e-06
2.755711387974395e-06
2.5180592318220058e-06
2.1883850517716476e-06
1.923667234857917e-06
1.064027873706766e-05
4.312539313758394e-06
4.508882545332597e-06
3.835258017754231e-06
3.675022055327645e-06
3.32206566037592e-06
2.9249285769629694e-06
2.6272747238071984e-06
2.5470223839666644e-06
9.38095295730388e-06
4.165948717970138e-06
4.227880167946613e-06
3.6611575525142138e-06
3.328174191338051e-06
2.7397218726675284e-06
2.544626284376871e-06
2.1852140684776805e-06
2.0548996911315208e-06
8.690784488016121e-06
3.6694751998837566e-06
3.824018050336921e-06
3.2365815828686466e-06
2.953649573927202e-06
2.574464292210351e-06
2.3297317336333457e-06
1.964460757992447e-06
1.7398927916883026e-06
7.733869299984019e-06
3.7413737835985657e-06
3.946933920204859e-06
3.611119852649335e-06
3.370949005280323e-06
3.131371577121809e-06
2.8597086914654994e-06
2.675309340320955e-06
2.484721550701658e-06
8.924374210269147e-06
4.1002058728401435e-06
4.21375943417815e-06
3.6541705705152885e-06
3.530770018335817e-06
3.096662244164497e-06
2.7721248062553483e-06
2.500319018032448e-06
2.2785344017323888e-06
5.622153189140324e-06
2.485843827762754e-06
2.661595383689193e-06
2.293613167089066e-06
2.1366386439618573e-06
1.986978390199092e-06
1.7263260989720015e-06
1.4769598585521571e-06
1.4496616099032095e-06
7.058596618848399e-06
3.1512850337256214e-06
3.2939733506737243e-06
2.9520122061889255e-06
2.83427654017991e-06
2.6280967378728766e-06
2.3388641384984504e-06
2.0608237318832153e-06
1.8107941040990263e-06
7.245047879584821e-06
3.377812835205515e-06
3.529546430785803e-06
3.014305986015595e-06
2.7700794577740592e-06
2.5672163780696643e-06
2.228558146527707e-06
2.0487799306762775e-06
1.8253837160874834e-06
6.930413606266051e-06
3.086932011055144e-06
3.2461585777203193e-06
2.823882695148228e-06
2.5683225272308615e-06
2.272800018165282e-06
1.980740362359717e-06
1.8285822916215187e-06
1.4968979336075063e-06
5.727863028895419e-06
2.608766793954463e-06
2.697367494010562e-06
2.45793808335531e-06
2.268718022981611e-06
2.0707814609742364e-06
1.8521328895953473e-06
1.6596769834511126e-06
1.4537371083830587e-06
6.131544562753021e-06
2.7737242197259696e-06
2.9546998051134896e-06
2.474200194451857e-06
2.2955005338895206e-06
2.0518929603775515e-06
1.8162971394478727e-06
1.5863455963740497e-06
1.3916185852690678e-06
5.581851125905163e-06
2.489980634631399e-06
2.615850382969992e-06
2.3047914441643958e-06
2.189557011053155e-06
2.031477614618211e-06
1.8743727931068624e-06
1.6262416108595254e-06
1.5785570393925213e-06
5.796410526318038e-06
2.4912055528067584e-06
2.601996692956071e-06
2.2047373863226947e-06
2.0378954881316833e-06
1.7415938363560012e-06
1.5874036282123212e-06
1.3309996443852372e-06
1.194388037517459e-06
4.391359603774251e-06
1.7422002759037959e-06
1.862719013026124e-06
1.5619059788598576e-06
1.3993949739134587e-06
1.2065652312098755e-06
1.0416143996339683e-06
9.055541258015062e-07
8.055222415202968e-07
3.948827238106453e-06
1.725108838195683e-06
1.8612708602665903e-06
1.550319619155264e-06
1.4094237786872055e-06
1.2202053814225933e-06
1.1595828714500348e-06
1.0272045815144722e-06
8.798216355543343e-07
4.0868318488693725e-06
1.7085740898607174e-06
1.8273145893037853e-06
1.4909063117498146e-06
1.3989188324477128e-06
1.2056383566366765e-06
1.0939683304761898e-06
9.740520193220326e-07
8.010379263287077e-07
3.7118373974763012e-06
1.5825531808254991e-06
1.6243590306934516e-06
1.3704517397627436e-06
1.2764003466064652e-06
1.1397040753507054e-06
9.994037113776877e-07
8.664919244802435e-07
7.446963442157917e-07
2.933593045242643e-06
1.221449685879266e-06
1.3344888274855425e-06
1.1107536650514108e-06
1.037192279572543e-06
8.770720509405428e-07
7.93176443846514e-07
6.921885067700341e-07
6.413968944441745e-07
3.259783439754329e-06
1.523070079186967e-06
1.574106251926598e-06
1.3509219715632697e-06
1.279883381393662e-06
1.1123583678500513e-06
1.008932821457378e-06
8.928360473375531e-07
8.315525546911584e-07
2.976034022408161e-06
1.4353989968961685e-06
1.5033727301346597e-06
1.3356488972174975e-06
1.2652985907595098e-06
1.1153575359026984e-06
1.0467099361843221e-06
9.174278848550298e-07
8.360121451314768e-07
2.349873220985745e-06
1.13309989583451e-06
1.1527949916363176e-06
1.0198428109715796e-06
9.456917238070991e-07
8.53844372614488e-07
7.86673672754084e-07
6.925481605580854e-07
6.150419065438803e-07
2.0445871119985293e-06
1.0083374056387175e-06
1.065004046976195e-06
9.358640817140091e-07
8.706490930768444e-07
7.970588673284184e-07
7.333267634131652e-07
6.785998942835789e-07
6.37997846477755e-07
1.8427721418729285e-06
8.8816597464465e-07
9.08303469205177e-07
8.087321862690371e-07
7.816236212579633e-07
6.982302085630407e-07
6.504836068870135e-07
5.895892691282229e-07
5.614035373015209e-07
1.6095374439547173e-06
6.903229198527615e-07
7.208259494056984e-07
6.166318706399842e-07
5.424288708518004e-07
4.679087519747987e-07
4.1026459278293643e-07
3.782514230635215e-07
3.458269003335202e-07
1.6192480471816085e-06
6.69380036429111e-07
7.354412110949804e-07
6.045331189540244e-07
5.39080160058705e-07
4.932540849410706e-07
4.2514451222993304e-07
3.8108702019452543e-07
3.229320476606006e-07
1.1061974292046086e-06
4.609981608112199e-07
4.753510364140946e-07
4.0009518920102856e-07
3.817648689257716e-07
3.451646060268884e-07
3.296468592227122e-07
3.0885022809688384e-07
2.9336364553771077e-07
7.721173101154933e-07
3.3701935581550604e-07
3.694843295207669e-07
3.105342675110415e-07
2.7731399717035006e-07
2.700136240011194e-07
2.3600245098022109e-07
1.9497337399602936e-07
1.9393129046962912e-07
9.174389063804845e-07
4.229229081255806e-07
4.465070173489196e-07
4.0810165545868166e-07
3.5796800401004283e-07
3.3685328118933557e-07
3.0363101441145673e-07
2.8801623534981376e-07
2.5846035946832693e-07
8.310526951070578e-07
4.1203547642623866e-07
4.102671192121002e-07
3.7306095132630794e-07
3.565291775138156e-07
3.243804363255898e-07
3.045920994585491e-07
2.5584585426441997e-07
2.3649959155960982e-07
6.474753410092815e-07
3.258731413842452e-07
3.3798256266376783e-07
2.9928857420890897e-07
2.877506797425998e-07
2.62175999056088e-07
2.47602859847731e-07
2.3476838143758588e-07
1.994874944586484e-07
3.824733169213445e-07
2.1984876972264262e-07
2.1573962731687047e-07
1.7650625069922463e-07
1.642718416994041e-07
1.666751628003067e-07
1.2200334313668355e-07
1.3392274557234787e-07
1.2390107072413136e-07
2.8643702404694587e-07
1.2709499867507068e-07
1.4065855818697448e-07
1.092011952322354e-07
1.0575537657413189e-07
8.748161037907756e-08
8.618559181008605e-08
7.676419568098057e-08
6.70265806881053e-08
1.5779736320415123e-07
8.163371979310439e-08
8.896896039679479e-08
6.958818910864279e-08
5.4791740024681066e-08
4.8089111561756526e-08
5.242072853961769e-08
3.6580768001914196e-08
2.8803067623551038e-08
1.2463435429506572e-07
5.766959526934732e-08
5.22631712058156e-08
4.6508933002062755e-08
4.3568610405919324e-08
4.7425999626856785e-08
3.089018397571346e-08
1.4101376267613309e-08
4.1197585269638936e-08
