9.377502420066707e-08
1.6232935634197737e-07
1.7255532056329358e-07
2.572265637803493e-07
3.465717629610962e-06
1.1548330548137918e-06
1.3666727765185857e-06
2.0049264009869485e-06
2.89276632371351e-06
8.533607467363503e-06
2.8626048174408624e-06
2.7440785446430088e-06
2.5492025080333437e-06
2.2876362742742316e-06
8.823275101678857e-06
3.643450018835647e-06
3.3245674955729664e-06
3.0889790304887316e-06
3.012280504720907e-06
1.053694793887754e-05
3.845180309487788e-06
3.6212911377787247e-06
3.4917508102267226e-06
2.860136152278911e-06
1.9970570922688788e-05
5.8239264370683525e-06
5.718730704008963e-06
4.514827422798936e-06
4.526589622659389e-06
1.5606468100233074e-05
6.312190894529929e-06
5.874185198681412e-06
5.3681513452326636e-06
4.824366272393848e-06
3.786967552859141e-05
1.3732780349121816e-05
1.1232722765707805e-05
9.294902684327696e-06
8.013070161694147e-06
2.8712411866676854e-05
1.275012391575454e-05
1.0680130680633662e-05
9.197832487203766e-06
9.763760126931635e-06
3.081094938886086e-05
1.2386728871366485e-05
1.0757964353269545e-05
9.63522301874585e-06
1.1083191137469071e-05
8.654354883361454e-05
2.57929651258493e-05
2.1287528340998408e-05
1.8340370102497735e-05
1.560593602939999e-05
4.952574440987744e-05
2.1045687584804563e-05
2.1890547812924928e-05
1.973785197786756e-05
1.5806172160662134e-05
0.0001513209702204806
5.194460468836935e-05
3.572242518352878e-05
3.310566660350487e-05
2.6697218441086148e-05
0.00012844927996539512
4.723453694776266e-05
4.312823022978598e-05
4.014959398386098e-05
3.3841497739251104e-05
0.00013496678348779307
4.977564427846722e-05
4.5387757029488844e-05
4.140266837378505e-05
4.4256706973374385e-05
0.00015751914214820947
5.932688478678161e-05
5.534415558998291e-05
5.08331967579332e-05
4.098782908025085e-05
0.0001229026179933294
4.643624550757671e-05
3.673358454743296e-05
3.328978802462872e-05
3.506934561407058e-05
0.0001852315783816427
5.831330108625186e-05
5.2706630221551743e-05
4.775361928971387e-05
4.091004532191822e-05
0.0002865616020072446
7.735966922128558e-05
5.4688090239202126e-05
4.5630750392537606e-05
3.937794528759171e-05
0.0001623692551077142
5.5081281624929205e-05
6.006909145665823e-05
5.577425925979444e-05
5.866370978041225e-05
0.00040151532676442386
0.00010285220332803415
0.00010241198010455638
0.00010054513722784712
8.375749033529239e-05
0.0003635248096889032
0.00014222764177854963
0.00011962983617858083
0.00012364218208813172
0.00010459876158625419
0.00024553712073994066
0.00012649426638634817
9.716599430110496e-05
9.7652152554672e-05
9.123177968039275e-05
0.0005024687897941516
0.0001779322000811969
0.00014478179371692015
0.00010984407946693127
0.00010128197969302164
0.00031821881793615413
0.00010840135021772485
9.736017512430319e-05
9.669295942977922e-05
9.591173671630225e-05
0.0005332255186524807
0.0001519686415784755
0.00013592673789254475
9.856002884414061e-05
7.872209656386176e-05
0.0002913541170680813
9.563288176151315e-05
7.429861533762207e-05
7.392457924329572e-05
8.24822619762833e-05
0.0006558075860787634
0.0001966085516568621
0.00018800329952350526
0.00014749150465452116
0.00012765959049295753
0.00030885150734634914
0.00011953452398219696
9.266045966688099e-05
7.396275493460443e-05
7.837566480612337e-05
0.0004837250662513075
0.00015356011488548967
0.00014473084560846642
0.00013037983132805785
0.00011102633723540439
0.0005399379590569701
0.00016168799308222275
0.00015231818069163814
0.00011836297516855848
0.00011977673599831958
0.0005505613650749952
0.00019627771298836972
0.00015595268092939493
0.0001418431683173269
0.0001071006733650397
0.0005100393089757084
0.0001491102861982412
0.00015519827404377186
0.00012439459472669427
8.374511763926745e-05
0.0004430364698220503
0.0001471866427996081
0.0001284039122071474
0.00012396172013422513
8.967290091040047e-05
0.0005420447465323079
0.00016568594053356937
0.00016135265889291088
0.00014008021492160514
0.00013082447940019788
0.0003901860690446291
0.00011933684661758468
9.513363894110201e-05
7.734093523541743e-05
5.943852308141651e-05
0.00042848256495906905
0.0001245110650695372
0.00010088447296968339
9.405241890352535e-05
8.199757459352026e-05
0.00048807794148021465
0.00014574570797785098
0.00010846112495176185
0.00010076516039487315
8.057483706849196e-05
0.00048407302017165727
0.0001404440450608293
0.00012291833583453097
9.755807688349885e-05
8.186387892973842e-05
0.0002822047726933358
0.00010087068339173467
7.589166314836582e-05
6.223325596686658e-05
5.03714482329284e-05
0.0002787058176006718
8.439924473756851e-05
7.070916009741988e-05
5.8765791297373204e-05
5.1284306351414145e-05
0.00026466834496990065
9.302649366281764e-05
5.861861293182497e-05
5.098833895860065e-05
4.517988358671526e-05
0.00017908082387723155
5.768861854428717e-05
4.576245104495123e-05
3.5338208403181166e-05
3.0551288606022476e-05
0.0001115538165956131
3.157039646521546e-05
2.535435078650692e-05
2.2179316922980605e-05
1.5026291173791058e-05
9.375950159871532e-05
2.4572578038033503e-05
1.7857119823348125e-05
1.3247639682625433e-05
1.1400811442564458e-05
3.840540170420977e-05
1.0480818166539963e-05
7.318788776224015e-06
4.6240795577182015e-06
3.0536913965981804e-06
1.0753345084681928e-05
3.5471936312623197e-06
3.117768232524941e-06
2.5468657712550977e-06
2.2688798351897665e-06
1.0669780818004902e-05
3.4339485139735098e-06
2.8335878433140115e-06
2.5944802781902475e-06
2.250712485378182e-06
1.0161189228348756e-05
3.0224209514254235e-06
3.302481951021057e-06
2.6668526466377974e-06
2.2112306119658817e-06
1.3026189378833867e-05
4.0153264542967884e-06
4.015893901833846e-06
3.1937143364946274e-06
2.848664702992558e-06
1.0280343044272735e-05
3.550876956953082e-06
2.8515431717509508e-06
2.404372334909375e-06
1.934092427699348e-06
1.1895428370820494e-05
3.98289329317854e-06
3.4139997741430483e-06
3.3646469942630918e-06
2.901255453702361e-06
8.754181305077157e-06
3.510333709970913e-06
3.0389283793556547e-06
2.7935337559165292e-06
2.552123459523461e-06
1.7749323343597725e-05
4.916556214837646e-06
4.4004722865065165e-06
3.7573067707700756e-06
3.0820195923259842e-06
1.2116830074824391e-05
4.261313523153702e-06
3.5825981498289024e-06
2.6390706198281917e-06
3.0356081280931656e-06
1.6145717318382555e-05
5.3519758227903685e-06
4.959769493133651e-06
3.7113929487949036e-06
3.2886209106566208e-06
1.1301599852173212e-05
4.3926068660843435e-06
3.3129661226961633e-06
2.598790962150643e-06
2.731951796460827e-06
1.0797758729256203e-05
3.049642498711817e-06
2.9849182005847987e-06
2.4332671930448474e-06
1.8123866158583942e-06
1.3324818620540837e-05
3.749762278524411e-06
3.233808317786061e-06
2.6541745383085293e-06
2.660788546218823e-06
1.0368560139096266e-05
2.8642086905922975e-06
2.5925229198736687e-06
2.0160885381378497e-06
2.1446456352099352e-06
1.5663354647314038e-05
4.241805375512598e-06
3.8048141608035396e-06
3.8807612110802904e-06
3.20231900479201e-06
1.2109135763149502e-05
3.883123677468653e-06
3.4434735678832937e-06
2.6702021651145472e-06
2.771035448023493e-06
1.4264973917062354e-05
3.829960205182285e-06
3.121555592496306e-06
2.92026503998434e-06
2.9913696124469612e-06
1.2626731063796387e-05
3.6101971423410284e-06
2.78366313604461e-06
3.0005841397407094e-06
2.1679471479580735e-06
1.2487952103443873e-05
3.60578770622869e-06
3.285065111965287e-06
2.7689831723437218e-06
2.423338917472844e-06
1.290625349143895e-05
4.340038901144576e-06
3.6517990102089977e-06
3.0835195944732622e-06
2.983513792465591e-06
1.1032126561376204e-05
3.513217801434347e-06
2.864991379241272e-06
2.4830376289272066e-06
2.2335640554924466e-06
1.4983936549840229e-05
4.45543240221034e-06
4.183023737946644e-06
3.7227829806337202e-06
3.1390230236283186e-06
1.4294814360763656e-05
4.623052258989054e-06
4.240419897955638e-06
3.4256123594486246e-06
2.7130771872991986e-06
1.1701788960243052e-05
3.628046615681153e-06
3.2331632271575044e-06
2.7423277370472057e-06
2.4141887607113315e-06
1.3323732815827408e-05
3.908192400032107e-06
3.3841569607330904e-06
3.03601156479414e-06
2.8886597780619062e-06
1.4986168596088977e-05
4.348035214738097e-06
4.0789378663861335e-06
3.696544501535088e-06
3.4325287641107545e-06
1.5792792005954266e-05
5.106608153937909e-06
4.3942794470778644e-06
3.94682013264258e-06
3.769754943906413e-06
1.0424273820737108e-05
4.195273169672247e-06
3.8116864991314562e-06
3.297531617747947e-06
2.963486528759905e-06
1.3952070596555734e-05
4.914632404968823e-06
4.175091161881529e-06
3.1424280973603498e-06
2.821600956646742e-06
1.4055823468201256e-05
5.232792227781144e-06
4.5453782450222815e-06
3.819204745979213e-06
3.533001500936507e-06
1.1308634708925135e-05
4.403121469807814e-06
3.4990859986439393e-06
2.726144471450346e-06
2.199176549794868e-06
1.3373457561305648e-05
4.370186438252824e-06
3.616150785140866e-06
3.5404045441554153e-06
2.9727046863960825e-06
1.1339015183456823e-05
3.957929130692795e-06
3.572914594896727e-06
3.5842618122488368e-06
2.494520982267312e-06
1.3846610232653541e-05
4.495425296698711e-06
3.7181486022699616e-06
3.169372388887683e-06
2.800306392341661e-06
1.2771610384335583e-05
4.238397388018241e-06
3.7690884582356233e-06
3.17657185517384e-06
2.728545738007866e-06
1.372965800054392e-05
4.063179088412985e-06
3.772231526624894e-06
3.376724471194123e-06
2.636762381493251e-06
1.1561056560041976e-05
4.6628093025857535e-06
3.783954331543147e-06
3.487271017130574e-06
3.1944968717532904e-06
1.0598184493669088e-05
3.324540693243931e-06
3.1038945941923973e-06
2.4950516950997172e-06
2.4803822129618125e-06
1.22873944781203e-05
3.7802504301467857e-06
3.922040131163545e-06
2.9087320209306456e-06
2.8609715811568844e-06
1.589463946013121e-05
4.6366404973738105e-06
4.042232732496967e-06
4.0687897453989935e-06
3.3714841516673167e-06
1.3221035461711983e-05
3.376621094266096e-06
3.781646022689195e-06
2.6178030500268556e-06
2.5813788556881694e-06
1.3929313229647836e-05
3.9091981884616766e-06
3.889955747480333e-06
3.1950319751565575e-06
2.425690598253933e-06
1.3327615773209403e-05
3.388383673334317e-06
3.646522015537623e-06
2.8326773713174203e-06
2.5408985244023257e-06
1.4133870010024984e-05
4.672142668355677e-06
4.027187255247874e-06
3.663545319306646e-06
2.8636243973390837e-06
1.3268235487688632e-05
3.7997903591777603e-06
3.573314404676225e-06
3.13964963808444e-06
3.0734248601179587e-06
1.2498581232998017e-05
4.563523115730423e-06
3.6563460935468757e-06
3.480502734564031e-06
2.6612635264717765e-06
1.5110026928323538e-05
4.4570279603620274e-06
4.14579653629486e-06
3.2967677119317026e-06
3.1841832604565713e-06
1.7758530301356103e-05
4.849893080091778e-06
4.820261949067726e-06
4.088033688200294e-06
3.575038298702733e-06
1.4235993592951886e-05
4.856698412631559e-06
3.7391602842216173e-06
3.850806964173507e-06
2.9820809982595547e-06
1.2282370012976417e-05
4.6072753368784505e-06
4.2438215921686564e-06
3.4132713425007744e-06
2.961048227902838e-06
1.1999208917053104e-05
4.321589665158245e-06
4.015187584901144e-06
3.436063932642526e-06
2.7298874078344707e-06
1.295461813324201e-05
4.283622357622922e-06
3.2776226320919896e-06
3.0383937371657767e-06
2.675683973697266e-06
1.3842006899865784e-05
4.256191534731886e-06
3.725107662985393e-06
3.4636565103377755e-06
2.608819154437486e-06
1.7940974024894944e-05
5.386666700970259e-06
4.546861244603004e-06
3.5476044568743864e-06
3.136336965429378e-06
1.0968593609336628e-05
4.053118357278473e-06
3.30616280893867e-06
2.603721117218473e-06
2.4610394875765715e-06
1.0929128807606977e-05
3.4054093497865734e-06
3.18102272370252e-06
2.3011197205977578e-06
2.415798184739178e-06
1.1816346645059969e-05
4.2581289927287915e-06
3.5664912159851748e-06
2.898187270643094e-06
3.2186833540824423e-06
1.185172703101926e-05
4.052436214856817e-06
3.6551642018950396e-06
2.8936486418714163e-06
2.5593863527690797e-06
1.2462923708966469e-05
4.067464636134937e-06
3.911886950213853e-06
3.027642592963368e-06
2.638353752233777e-06
1.0159432361119389e-05
3.510270831018439e-06
3.525841140456405e-06
2.7475928530149175e-06
2.7639748591539572e-06
1.2595761122858387e-05
3.983206165890104e-06
3.4692435816979685e-06
3.2717259283479882e-06
2.427016209276554e-06
1.273034871945632e-05
3.5020278649198206e-06
3.215924564727897e-06
2.770256297145322e-06
2.131248664963029e-06
9.646854844483707e-06
3.157750084801893e-06
2.594996932363861e-06
2.3186312371904603e-06
1.9980831329542425e-06
1.1302481648580123e-05
3.4456080093733465e-06
3.1802569958291002e-06
3.2236778661504603e-06
2.4689720752607714e-06
1.3708695059896132e-05
4.4705571760143925e-06
3.4217114030313522e-06
3.059159679232523e-06
2.6900123829081793e-06
9.630866588265061e-06
2.9079658222487683e-06
2.9096255517528913e-06
2.5076485954159645e-06
1.454492762613974e-06
1.3527824188358444e-05
3.7846680456709267e-06
2.948379601539028e-06
2.656911985530638e-06
2.199436770709791e-06
1.1220437163322772e-05
3.933507767416303e-06
2.8655083162917537e-06
2.435513458705208e-06
2.5028023412873897e-06
1.191587277066145e-05
4.198550163485133e-06
3.6807839174838337e-06
3.5343209966895205e-06
3.1055784629103325e-06
9.503643850913386e-06
3.395487734150495e-06
3.3875262918832495e-06
3.0195057116775807e-06
2.5664850288208904e-06
1.1669301668712344e-05
3.53698415924193e-06
3.116228479556005e-06
2.8634080316651953e-06
2.233586332222158e-06
1.0112796832986518e-05
3.2923431342902466e-06
2.6497519098231356e-06
1.933991003838215e-06
1.990904453927287e-06
1.1825347704319053e-05
3.7481349933560795e-06
3.015776720023694e-06
2.8446086458421106e-06
2.11467155453358e-06
1.5159287453090433e-05
4.093708339405224e-06
3.7619579029977554e-06
3.0922666249651437e-06
2.570458401527388e-06
1.2992498098609134e-05
4.812594881199448e-06
3.7248095491192984e-06
3.086028003202927e-06
2.896379806971228e-06
1.5540852334907748e-05
5.3027337224648544e-06
4.305775517731708e-06
3.7654972543719607e-06
3.0793168107518253e-06
1.0369354507892468e-05
4.3615781424451865e-06
3.241215397183756e-06
3.081905844734809e-06
2.3487455505715633e-06
1.4661680949326244e-05
4.003065815486124e-06
3.8734883978222526e-06
3.219646121497377e-06
2.9813291209967095e-06
1.259490782496757e-05
4.263691820267029e-06
3.3961475274171765e-06
2.806732716636905e-06
2.4944919047100066e-06
1.446717632290073e-05
4.9687799709200884e-06
4.262607054166271e-06
3.6177770928368006e-06
2.6129162349738747e-06
1.212773785818659e-05
4.643711123637566e-06
3.6872855701133417e-06
2.91255503987636e-06
2.9523964301340267e-06
1.3712823560648631e-05
3.936068580920575e-06
3.211143955083468e-06
2.64234002194871e-06
2.694172688728426e-06
8.539365132783227e-06
3.3853838187115096e-06
3.0673425800148812e-06
2.865171750529091e-06
2.2454508512625735e-06
1.3854565331597387e-05
3.932032938403732e-06
3.227805822853832e-06
2.52506396377723e-06
2.6941237266578385e-06
1.2863887076870686e-05
4.2277601141818516e-06
3.6122187761020597e-06
3.299926173946778e-06
2.6756126280314354e-06
1.0595210659390442e-05
3.7686131252296394e-06
3.413870535060915e-06
2.9647318056617617e-06
2.3689606847598997e-06
1.3220952318457129e-05
4.333588120737423e-06
3.5572836547318284e-06
2.7788226555122966e-06
2.6416389671530595e-06
1.3810784503744154e-05
3.9177522636718286e-06
3.3402042345731873e-06
3.3601850842925585e-06
2.9272655597248675e-06
1.2668559628156793e-05
3.7631140148404124e-06
3.3356611289928735e-06
3.1434077354780926e-06
2.5922406173077743e-06
1.0087961256401876e-05
3.546012673486895e-06
3.2771025013055913e-06
2.7050773105092326e-06
2.2841077334783105e-06
9.951975056616628e-06
3.127135900945321e-06
3.2470561364966615e-06
2.418473410214327e-06
2.2464193977666734e-06
1.3320722771572364e-05
3.320416385001495e-06
3.242669252358573e-06
2.945390829683576e-06
2.307386642175113e-06
1.0413295073759706e-05
3.2179128801094636e-06
2.994504971776028e-06
2.1988957127060214e-06
2.413069610629318e-06
1.2384623450671758e-05
3.2367175824742304e-06
2.6175144672545317e-06
2.5988618756569673e-06
1.9635850859287887e-06
1.2413587988110324e-05
3.8246599464048345e-06
3.4030194291982526e-06
2.7939883381625275e-06
2.592231644972362e-06
8.114169973341387e-06
2.7899173051472014e-06
2.628615714040852e-06
2.184465095737913e-06
1.9860312478521622e-06
8.94027134067229e-06
3.1081899755798435e-06
2.5936746454725945e-06
2.1926748676799766e-06
1.8295949445613644e-06
1.0988355771089042e-05
3.1489910803786594e-06
2.8106752558234166e-06
2.2028079416312397e-06
2.3231318853095005e-06
9.22306874951488e-06
3.0589239713323853e-06
2.611291467402079e-06
2.254516659382053e-06
1.9531897602296504e-06
8.97746970964864e-06
2.722200064133991e-06
2.321951585485325e-06
1.7470403415674332e-06
1.6590877929078845e-06
1.1916343313634168e-05
3.481809568263287e-06
2.9617459886935166e-06
2.897130799448287e-06
2.5715503386040752e-06
9.264969638821812e-06
3.171992440514358e-06
2.1553726197152224e-06
2.5383463337915093e-06
2.1786914048925467e-06
8.00418993263186e-06
2.8211892674825647e-06
2.3664163879655563e-06
2.290320376148736e-06
1.691615608984603e-06
9.356972192898502e-06
2.9910408384811134e-06
2.514393541916605e-06
2.0734338718603073e-06
1.9826679652519278e-06
9.820255211266844e-06
2.857001760273503e-06
2.537315756395479e-06
2.240207954730823e-06
1.8015702627018089e-06
1.1541061622145046e-05
3.163191969455164e-06
2.9469771090935054e-06
2.304038756743284e-06
1.933788469608454e-06
9.860236018860296e-06
3.0335846569232624e-06
2.43271252563406e-06
2.0140557916282873e-06
2.0513427550788744e-06
8.59389372039986e-06
3.1192452490762366e-06
2.32077409268306e-06
2.18488105442247e-06
1.928055466813843e-06
7.95804087024453e-06
2.3775608404166485e-06
2.282109613189817e-06
2.112525221979775e-06
1.7803307272408186e-06
1.0742923252795407e-05
2.886626784131117e-06
2.9615070866244124e-06
2.1813182756057066e-06
2.0566702065691763e-06
1.0845064211555876e-05
3.0392117350348384e-06
2.6801896331106015e-06
2.6404087574717195e-06
1.965017566835299e-06
8.460888766743078e-06
2.928337294038806e-06
2.1915271524958517e-06
1.6809898804445451e-06
1.6644661113078195e-06
9.727853355830913e-06
3.228583455325401e-06
2.6555694607947628e-06
2.2332629652564016e-06
1.7779064127399152e-06
8.359284840976942e-06
2.8350325531740625e-06
2.377084024942169e-06
1.880365569583548e-06
1.9573586618214453e-06
6.5947874072572216e-06
2.271638719173776e-06
1.917649370180161e-06
1.9252252450995054e-06
1.6437012494651757e-06
1.1163265962608451e-05
2.9680397275335922e-06
2.8721923512892974e-06
2.5715057331447425e-06
1.9029531379044294e-06
8.637043854340924e-06
2.6291853708276704e-06
2.309407665440953e-06
1.9262096869398026e-06
1.5662069402765833e-06
8.865424589891656e-06
2.4290827743179276e-06
2.3370035051465703e-06
1.8301302985351582e-06
1.8296796219703583e-06
8.401176838113947e-06
2.1698818849029203e-06
2.009340531722873e-06
1.990913665163415e-06
1.6988008488686988e-06
8.820174640384402e-06
2.8724152255805952e-06
2.7112135568420452e-06
1.9850510689436957e-06
2.0642657888306825e-06
8.311567732244855e-06
2.438416241847393e-06
2.115935227733368e-06
1.6892644186425818e-06
1.4989561675390601e-06
7.790923331135445e-06
2.328168684392324e-06
1.8742907916399297e-06
1.5828091769393311e-06
1.333642820569537e-06
8.99319820332282e-06
2.612529343407587e-06
2.1314359186005507e-06
2.0028305685667337e-06
1.5448311509296957e-06
5.942869975505189e-06
2.194547883528984e-06
1.5925470384206166e-06
1.5904325061805339e-06
1.6033518562839774e-06
1.076484879160767e-05
3.099341500597251e-06
2.689705859611227e-06
2.476020586811848e-06
2.1333437780225596e-06
9.213852892897185e-06
2.790161720651505e-06
2.343844376531696e-06
2.2019511651844474e-06
1.6699731271696462e-06
6.2092684020008525e-06
2.051496477169942e-06
2.012762540466196e-06
1.5501436354663496e-06
1.5819267591420623e-06
7.283394068095761e-06
2.521927019859047e-06
2.293763671886358e-06
1.9383091665464143e-06
1.5676885103426152e-06
9.977842504004207e-06
3.0614762187239033e-06
2.1024937992008e-06
1.6697191012497684e-06
1.627776756754735e-06
7.134530758148204e-06
2.3717871096213055e-06
2.200578773481122e-06
2.137918363664166e-06
1.8098211298057826e-06
7.86260720747384e-06
2.581999625974315e-06
2.120524179128604e-06
1.5602928203925192e-06
1.4553068459366918e-06
7.920623278709501e-06
2.5526284466903572e-06
2.0213085330249015e-06
1.6244787649625578e-06
1.3868724650154407e-06
7.639161752907932e-06
2.242002972935237e-06
1.9171903884205556e-06
1.688190329030361e-06
1.2256689640510691e-06
8.918291259264787e-06
2.449131851952673e-06
1.9353648901670235e-06
1.9076084493083554e-06
1.7421379885238039e-06
6.367675913878578e-06
2.177920928180006e-06
2.0038323734498408e-06
1.5864418641927248e-06
1.356014309062273e-06
6.463920551306726e-06
1.9229896296803174e-06
1.667403184220954e-06
1.2998242096409965e-06
1.0986176277577877e-06
6.264306744738782e-06
2.164693131780968e-06
1.7827891972464796e-06
1.5752440827229308e-06
1.4274711047748925e-06
5.81009993108671e-06
1.7598998370072839e-06
1.5573016493649347e-06
1.2508832516089911e-06
1.1606111117323135e-06
6.376775558543736e-06
1.8980565351506226e-06
1.4926815171842094e-06
1.2805382778876862e-06
1.0859601159499203e-06
5.7308494013288514e-06
1.7142159149425187e-06
1.5948778175626292e-06
1.3832069328499324e-06
1.1391022308342661e-06
5.717694695776573e-06
1.889958953193855e-06
1.8969401728842855e-06
1.41827127130694e-06
1.315717132401708e-06
7.3164231969868855e-06
2.167761858980618e-06
1.8867804244810806e-06
1.4949353769052936e-06
1.5627129878124087e-06
7.508330544637687e-06
2.1601567151052585e-06
1.6599063482479294e-06
1.6089176689441259e-06
1.3580743158480319e-06
5.771622621013082e-06
2.143034826238635e-06
1.7958623222714446e-06
1.4302038590235143e-06
1.3737505288847731e-06
5.473781292355863e-06
1.598522449505464e-06
1.247345618180719e-06
1.0384218181217415e-06
1.056897897268333e-06
6.3928349937717125e-06
1.7142401165535096e-06
1.5807050478161677e-06
1.3880674740086722e-06
9.04018630276368e-07
5.597395072060785e-06
1.6671321045266197e-06
1.4699919399248465e-06
1.5549345334916945e-06
1.401765421494545e-06
5.561691326123502e-06
1.8889180252511547e-06
1.7925895251107062e-06
1.5270036673003191e-06
1.5903366859520979e-06
7.64679598689671e-06
2.5136424313489075e-06
2.1180430612004395e-06
1.7520049990830035e-06
1.6543303100061798e-06
6.968140704952886e-06
2.330264633686495e-06
1.9180068058081195e-06
1.3648599071936277e-06
1.465712327511084e-06
4.770993317449139e-06
1.629665677929803e-06
1.355278612241726e-06
1.2765981046930717e-06
1.054087435307345e-06
5.019737835682579e-06
1.4426857452130337e-06
1.3829556012400709e-06
1.1336405606965904e-06
8.89148498208079e-07
7.229916941140882e-06
2.0619954265982755e-06
1.6012888849479766e-06
1.3748840865786862e-06
1.4245578795385803e-06
4.929100863944446e-06
1.600419520320413e-06
1.3183586140467138e-06
1.1244988013704136e-06
1.0919815283502327e-06
5.083948054301739e-06
1.965150924228147e-06
1.428118142501272e-06
1.2172702525355858e-06
1.055105737879942e-06
4.5603573940238396e-06
1.5857771714649747e-06
1.1696583770660077e-06
1.2181228246053393e-06
1.0009925929214239e-06
5.703369999961576e-06
1.907841048001987e-06
1.3290608186935712e-06
1.2256686101293574e-06
1.0644958371570003e-06
5.042263620233632e-06
1.576536441836965e-06
1.3116517608831066e-06
9.984849625904177e-07
1.0245566162129842e-06
5.3667560013802695e-06
1.5924287874188651e-06
1.1163646983685623e-06
1.1013201529676185e-06
8.419115274945973e-07
5.15616510074111e-06
1.6419411584796243e-06
1.2689407589341114e-06
1.137986991407571e-06
9.90114894151509e-07
4.05818723176143e-06
1.2902470820553285e-06
1.1446133591537567e-06
1.0162121698009856e-06
9.103525934322125e-07
4.1718934185178305e-06
1.4914920627539724e-06
1.1503678623592482e-06
1.0847459223313742e-06
9.784126458854178e-07
4.741505918195102e-06
1.3955324076755231e-06
1.505834245597732e-06
1.2169758652777791e-06
9.456403728926017e-07
4.169506826005713e-06
1.3327613679819652e-06
1.2649321412922354e-06
1.002833413159314e-06
9.004624649015825e-07
4.558831789671256e-06
1.3722208668519464e-06
1.2021123976468505e-06
9.60275304299904e-07
9.471810748519655e-07
5.270920375513632e-06
1.3801511444277465e-06
1.2416655230229496e-06
1.4037159279549097e-06
1.173805426233032e-06
5.498924216589008e-06
1.939286954634603e-06
1.5153676632126172e-06
1.3956272663022487e-06
1.1250011942731284e-06
3.8117743893556215e-06
1.3500080682843225e-06
9.826271101583232e-07
9.250129383054482e-07
7.178161773560105e-07
3.8138811547658085e-06
1.2814821215317287e-06
1.0135410168661027e-06
8.488072312977332e-07
8.195294725448679e-07
4.3487088778340796e-06
1.3034560654218525e-06
1.0358573247949433e-06
1.0280058888872119e-06
7.944272476908593e-07
3.9299547914564395e-06
1.1719219309019307e-06
1.1946231460540065e-06
1.036347981006422e-06
8.797466697674048e-07
4.141414469292146e-06
1.2520929537441767e-06
1.1513002088391183e-06
1.0739497963145448e-06
8.945071361678458e-07
3.6323576242855752e-06
1.255136522147303e-06
1.2281972006702933e-06
9.688750120015043e-07
7.6349590526595e-07
3.4250853162480656e-06
9.940244266996327e-07
9.132877698657027e-07
8.443295257109146e-07
6.21335046646339e-07
4.518677533000843e-06
1.3434483379186803e-06
1.1254502635500828e-06
8.36886161174539e-07
8.290171786390909e-07
3.459760808461303e-06
9.742050037718746e-07
9.390617250197065e-07
7.8992396106767e-07
6.84682210646217e-07
3.12529691045804e-06
8.875343744130398e-07
7.365326665810024e-07
6.633304904519185e-07
6.186783720744858e-07
3.278022370326623e-06
9.339943789249399e-07
7.616329546059134e-07
7.055718914730777e-07
6.381649346105797e-07
4.112634028376789e-06
1.2076291718171902e-06
9.32181539805907e-07
7.397132778942357e-07
7.825651660232986e-07
3.61626707266872e-06
9.91989051459426e-07
9.380413008897697e-07
8.182734867405573e-07
6.68785851387383e-07
3.1788528611057946e-06
9.299600157631709e-07
8.69205520870532e-07
7.406896880050559e-07
6.244709851336747e-07
3.3231182366013333e-06
8.720043730037664e-07
9.226070928398989e-07
7.440776956222069e-07
5.541294664259615e-07
3.0776017776589204e-06
8.082417797599988e-07
6.893204506104506e-07
5.513310656529587e-07
5.820721798441989e-07
2.8947006953894637e-06
8.703749261201464e-07
6.543011161745588e-07
6.097889630369247e-07
5.313338363417182e-07
2.2468206560226473e-06
8.758364832903409e-07
6.803722039116884e-07
7.065034426692831e-07
6.054251358694703e-07
2.8894060972263473e-06
9.79198582246079e-07
7.649320715005578e-07
6.452102043579145e-07
6.126651495585203e-07
3.218126780243251e-06
1.0028918213510376e-06
8.922223439396342e-07
7.461455405936432e-07
6.005586157377344e-07
2.6812983300269366e-06
8.125788558295155e-07
6.481465559089563e-07
6.344992405161289e-07
5.505384754033704e-07
2.386662106652545e-06
7.496905255762485e-07
5.915221775646735e-07
5.327756575321543e-07
4.2101559875914837e-07
1.9100984724991037e-06
6.583592577969377e-07
7.004072172631061e-07
5.158944225371926e-07
4.942571394893544e-07
2.977531463290739e-06
8.271976590869116e-07
7.528343579845553e-07
6.014158020059418e-07
5.017717019484485e-07
2.4294810982546385e-06
7.985628148466686e-07
6.835555487748727e-07
5.560996997400117e-07
5.117632608349777e-07
1.9970787920950384e-06
7.412228546888394e-07
6.115490638703576e-07
4.5779576188592966e-07
3.888998267822351e-07
2.3102681327726734e-06
7.639506010434246e-07
6.910596558356782e-07
6.005341291636905e-07
4.831799042421945e-07
2.5235812691046103e-06
7.635106543022809e-07
6.5841234164189e-07
5.232339149505873e-07
4.5843671749039075e-07
2.1521743414386944e-06
7.37509290176273e-07
6.208378148428445e-07
5.607111897505576e-07
4.180690213558988e-07
2.099330328804522e-06
6.478244675273078e-07
5.883928503692477e-07
4.5427510434352437e-07
3.5888295784955226e-07
2.1691790331013216e-06
6.358763690707659e-07
5.344637724649043e-07
4.84233281713523e-07
4.2443829525610435e-07
2.365997770595403e-06
6.09681303066903e-07
6.149047647813325e-07
4.784422320830977e-07
5.070931607441081e-07
2.1745905770614344e-06
6.245424947449651e-07
5.601950000561692e-07
5.568436298823308e-07
4.4098933612790214e-07
1.558856021790285e-06
6.126838301245413e-07
5.49456130270461e-07
4.3278786158853445e-07
3.587705767267195e-07
1.6340174488585705e-06
5.28591534317392e-07
3.9309435896336436e-07
3.696572448753036e-07
2.989429784676834e-07
1.6274585059339347e-06
5.122077999834962e-07
4.890620490282254e-07
3.894004852457551e-07
2.940002205429563e-07
1.351880677095673e-06
4.49118401939817e-07
4.284549070602764e-07
3.505969419045471e-07
2.755960954929774e-07
1.2663949341451523e-06
4.528883754540007e-07
3.438388547647472e-07
2.886192103957886e-07
2.3525185587047096e-07
2.345102120574324e-06
5.666317491186369e-07
4.337943682731228e-07
3.929025572467444e-07
3.188059926638967e-07
1.6887167219812057e-06
5.164925000694118e-07
4.678458365695566e-07
3.7379128763465137e-07
3.15306877156756e-07
1.8117314182826316e-06
5.772141773704545e-07
4.4592067046136827e-07
3.8666204049705284e-07
3.4621330894229394e-07
1.5140716060426036e-06
5.133729850834107e-07
3.9591718802999373e-07
3.372287038618771e-07
3.12227184242149e-07
1.4844856027903535e-06
4.935394111940441e-07
4.464846783110062e-07
3.1359105095011955e-07
2.4981436571246264e-07
1.5948719705237848e-06
4.828208327644024e-07
4.901170048876301e-07
3.8370199059119114e-07
3.019523631889923e-07
1.302170756754191e-06
4.085530469946604e-07
3.4617128284030224e-07
2.648898300518913e-07
2.2034587647462115e-07
1.0310082982211887e-06
2.9161094702010824e-07
2.601313414852846e-07
2.3068096799892068e-07
1.9578141541592896e-07
1.2881206280134861e-06
3.5850362293857105e-07
3.034003664721887e-07
2.6296900737275377e-07
2.1294643913058978e-07
9.190069247172524e-07
3.503587178644945e-07
2.7006874418204525e-07
2.4818159958726374e-07
2.0287261294821624e-07
8.888645027129987e-07
2.7873323914160803e-07
2.4658169842444116e-07
1.9485563597711244e-07
1.6772558929300711e-07
8.710824645922784e-07
2.40895588782083e-07
2.135182785352157e-07
1.647760249190298e-07
1.6319549644991926e-07
1.063445339320214e-06
3.197826194666576e-07
2.792709925290071e-07
2.3885569511204325e-07
1.8331666159197729e-07
6.246343781544643e-07
1.9522208336043275e-07
1.9301707463140384e-07
1.6392955947305064e-07
1.5649172612507938e-07
9.299251303457265e-07
2.936121746027669e-07
2.3109539692956927e-07
2.119772415922452e-07
1.6429471067139731e-07
6.173726420441544e-07
2.0260556390176119e-07
1.9425870874619073e-07
1.468977995505317e-07
1.231173490746391e-07
7.319538003834032e-07
1.588198454981703e-07
1.3035314957604415e-07
1.2738852410773084e-07
9.742036967316737e-08
5.680528529488446e-07
1.5923892859993013e-07
1.392227907687985e-07
1.267076054912399e-07
1.2389352508293472e-07
8.719211105962578e-07
2.1499623037481527e-07
1.849859127923339e-07
1.5341727367205912e-07
1.3128849820176172e-07
6.130204496675137e-07
1.7753301633297618e-07
1.5123121306653604e-07
1.354313582086357e-07
1.1470446460011075e-07
6.67867996002707e-07
1.8667389232165224e-07
1.6611924112852744e-07
1.478222663467103e-07
1.0948072838336529e-07
7.270756756974494e-07
2.26117893120022e-07
1.696398997059781e-07
1.5790137384161983e-07
1.2211443604704908e-07
6.304320210294196e-07
2.1308472389635888e-07
1.652911303850028e-07
1.4117938098402115e-07
1.1912875498913445e-07
5.785614612474129e-07
1.6993649727905294e-07
1.559806698912087e-07
1.2779374792329592e-07
1.1280624870453401e-07
5.215083322764276e-07
1.7735690392322984e-07
1.4553862406123442e-07
1.195686427948267e-07
1.2380342123807037e-07
4.182742098079649e-07
1.3632557718919137e-07
1.1441552344189802e-07
9.927438590467703e-08
8.65919432740148e-08
3.249548574843243e-07
1.1386379194761009e-07
8.944096665422668e-08
8.953259746484966e-08
7.150257152280036e-08
3.353759871168374e-07
9.900284846652601e-08
8.186571833642516e-08
7.642563860540877e-08
6.73708812455963e-08
3.82178541507578e-07
9.927139593267663e-08
9.032556254387939e-08
7.432959330499099e-08
7.485651994055864e-08
3.27260818841327e-07
1.0683681137769197e-07
7.800670270057375e-08
6.754980583249899e-08
6.235158689860767e-08
3.7215793288693644e-07
1.1415825058161702e-07
8.567481138038182e-08
7.278342177187135e-08
6.285853065933141e-08
2.213848621301269e-07
8.013061691250277e-08
6.368280912364115e-08
5.873984105552197e-08
3.9545380864058425e-08
2.4500413942945806e-07
7.125870603864892e-08
5.722613105399124e-08
5.004126170718387e-08
3.729702036723779e-08
1.8538982607794918e-07
6.275398360632819e-08
5.8936935979131953e-08
4.7062807549925094e-08
4.1133075124933405e-08
2.1828739787239702e-07
6.852416051989246e-08
5.283460828649195e-08
4.257027948485687e-08
4.7262406821995726e-08
2.0797932487621805e-07
6.446783820904273e-08
5.1860718360658714e-08
4.026625450919076e-08
3.021896505935275e-08
1.7269774371347144e-07
5.394650880152122e-08
4.3222969806424007e-08
3.779963908323112e-08
3.131026786065654e-08
1.543382773714082e-07
4.293543900933535e-08
3.610171462161094e-08
2.566232700234311e-08
2.338242543563345e-08
1.0476309302741616e-07
3.5195028421479764e-08
2.663429720863603e-08
2.1388706217016587e-08
1.814679390927577e-08
8.696682329107454e-08
2.7716336411538693e-08
1.906930595545335e-08
1.7371693840756823e-08
1.5238281965417866e-08
6.61835173466406e-08
2.0419810847495516e-08
1.5421200761238423e-08
1.357768583642819e-08
1.2062230238578044e-08
6.951306852219317e-08
1.9982993922626226e-08
1.6647039353348528e-08
1.419999101164116e-08
1.1494972851362343e-08
6.746058986199007e-08
1.964321337521875e-08
1.5619931744323328e-08
1.4309323660208553e-08
1.0981731938688302e-08
4.942375265865561e-08
1.5416337369832226e-08
1.2939250290244837e-08
1.0645798247977384e-08
8.390118767091474e-09
3.562225071342419e-08
9.068556353814156e-09
8.858992109037728e-09
7.43810257699984e-09
5.468716237264903e-09
3.4327701358450475e-08
9.130093553830274e-09
7.665168880801577e-09
6.6072780980364215e-09
5.192340424681337e-09
1.847099180850044e-08
5.336059647364098e-09
4.099319579317683e-09
3.2654668648950365e-09
2.887661034751885e-09
1.408236750484434e-08
3.995340275873856e-09
3.2772901373198254e-09
2.254150280172578e-09
1.964427080768588e-09
7.674368706341757e-09
2.1846230180322408e-09
1.7863123981452304e-09
1.2444896613095384e-09
8.086897024195617e-10
