0.00041271494958317257
0.0008786073987162817
0.00048187614095901714
0.0008306278921818627
0.03864132597961941
0.00131581364709476
0.00276317871414536
0.003421489565494456
0.012364792501277052
0.007529014569908666
0.0004108693456965701
0.0002362295207644533
0.00023094373317739697
0.0004473939694649682
0.01743715564255178
0.0003976428381315708
0.00041913755066944763
0.0006490756105695949
0.0009230891519958106
0.01237206197173573
0.0009394205247535899
0.0008110984881916052
0.0006795418235515115
0.0007039253238733862
0.010541062372593123
0.0006120079997485906
0.0008282035707952853
0.0013280364147922582
0.0007853828986590871
0.011873893272433461
0.0007219573182300063
0.0008606398690491924
0.0017600190738200842
0.000832128252456649
0.008336566414296363
0.0003990695410717716
0.00032507391407927223
0.00046261594827472636
0.000482655254386969
0.01326831058583756
0.0009577105448328532
0.0008246596220263862
0.0008685265203464463
0.0013572003711561846
0.01850165732506864
0.0035157452735773303
0.000992211809504732
0.0007625943584916647
0.0008155522903715118
0.015244133706928032
0.0011092527499534592
0.0005349529056247414
0.0006790722273179116
0.0006691696446720643
0.017511429162618886
0.004005690049853591
0.004601263120652559
0.0003831842588244529
0.0006142083086364659
0.0050514426633817425
0.0005100686993944417
0.0007093740767658334
0.0006503532607070562
0.0006689760679744951
0.007180322265038446
0.0003872580732400018
0.000439938362562397
0.0004487349782127281
0.000540662141873037
0.012900152505027237
0.000560736777790887
0.0005940315093625056
0.0010041652805504065
0.0018503818335903089
0.012846294600965643
0.00030702311796924783
0.00023515244460493924
0.0002462240547965166
0.0003097177693472576
0.006244090859045951
0.0006049060256036381
0.0003606157969047127
0.0004375820009294766
0.0003765497972288181
0.0084375949802721
0.00037556769325104803
0.0002937827473753873
0.0003449393134579068
0.00028565428033134666
0.007671747607838453
0.0005819690307262218
0.0006195060575537466
0.0006407881506189144
0.0008335539630511547
0.011240298123468478
0.0011426641302030617
0.0019195097500063346
0.00042259995428364734
0.002520878749091477
0.0022179377284036682
0.0004222563623321608
0.00019845891651677165
0.0002611134735974937
0.00025639231092850965
0.007109413629390983
0.0014467351474327169
0.00027384291474653264
0.000202203605460633
0.00021872004568498755
0.004416337459910023
0.0005189974027192864
0.0004083546809540532
0.0006293599039565054
0.001352342029051761
0.0057897574490785855
0.0004072366878001074
0.00021659317902431255
0.00012799243214292876
0.00022269349559231422
0.0034555307122341914
0.000764934038633916
0.0006541808725576326
0.00027831239527336494
0.00027557598067150474
0.006490918989235023
0.0003581663382588415
0.0004030020739569418
0.000581978021978022
0.00032842751868701625
0.008035116067811534
0.0010624193730600147
0.0007675764022807825
0.0003074088307250981
0.00042202577094742355
0.0036383447685625456
0.00035406362233807436
0.0003255133359238189
0.00043047062619065105
0.00047208381407969844
0.007249346551580476
0.0006392360197189767
0.00033317021777513986
0.000345447544252933
0.0002195746391853313
0.005977843098785988
0.000424590502033444
0.000332650521068611
0.0003063472116961019
0.0004264922258536254
0.00688996417670769
0.0011751575443807987
0.0003678978761009083
0.00047626009098020156
0.0007945925510726002
0.005314805609122867
0.0005292023798105292
0.0002764506107745707
0.00020098595386705908
0.0002453927616646844
0.004096700725221228
0.00041190442646877603
0.00023331535741644946
0.00023946092802274187
0.0002593154832941098
0.004685401162879933
0.00036972278046621635
0.0006733360242232405
0.0006421758776516783
0.0003284389217940077
0.004329254764797984
0.0009268164830477714
0.0003933265577833155
0.00022407015141045816
0.0001725962494076125
0.0036314951495751992
0.00037370661222177855
0.00020803334225276085
0.0002162181566575414
0.0001687976989607052
0.0038497219116877257
0.00021018088818088027
0.00021499222931459222
0.00016426389023404072
0.00015687216264906724
0.0035232648598539007
0.0001875079318909707
0.00020055053959935773
0.0001549050269127102
0.00012247507731146472
0.0029965151543729536
0.00016919075550446912
0.00013842588839473635
0.00017531687704194136
0.00016535101198358654
0.0028563142042896425
0.00020481721288255288
0.00017885775253773827
0.00014611811374543518
0.00012529822306847169
0.0026008933396653865
0.00010689636490485193
0.00011473208295844785
9.51609761125778e-05
9.976913744733593e-05
0.001708155429855229
0.00013626827433207167
8.424205929941912e-05
7.14507571675784e-05
5.7972344653406604e-05
0.0012418841890027917
8.844982151090504e-05
6.129785687622456e-05
5.355925179508852e-05
5.350555491202672e-05
0.0011729442091853422
5.8449366907521654e-05
6.330187056516196e-05
4.278059541787072e-05
3.2979895373842476e-05
0.0007391156242553571
3.840808389145988e-05
2.873409875499255e-05
2.6697043795268175e-05
1.6078537233243326e-05
0.0004089149414807898
1.6916282960978865e-05
1.028767740971097e-05
6.586572571988666e-06
7.618180891646304e-06
9.801301266879961e-05
4.635216687109689e-06
5.35771008997965e-06
5.462235495110938e-06
4.793650114570815e-06
0.0001264458735113421
5.3120014357875724e-06
6.087271247568703e-06
4.437716087102666e-06
4.85187083493987e-06
0.0001163461366733656
5.732497793375681e-06
5.062536270747746e-06
5.1672990579497085e-06
5.427174732232244e-06
0.00011620114873726362
4.964756948772086e-06
4.655772847946597e-06
5.1745323180073e-06
5.27951294319182e-06
0.00013494258883862777
5.178908501530471e-06
3.937082928228222e-06
4.508194576372469e-06
6.6345980604996556e-06
0.00013632561315684194
6.067790286587959e-06
4.928195925979742e-06
6.019249976545681e-06
5.190452225416773e-06
0.00010511427946601116
5.297179563481244e-06
6.49343599334428e-06
5.611887474173626e-06
6.808884336234351e-06
0.00015016205183007727
5.252454001114041e-06
6.606348451172817e-06
5.879689787566808e-06
5.152632690831265e-06
0.00012038736939232589
5.155414661718094e-06
5.573523077589015e-06
6.721298142144618e-06
5.628663908412883e-06
0.0001408243110918481
5.840272915953363e-06
7.250158369016891e-06
5.739090510674709e-06
6.471268455248726e-06
0.00012426467383915474
5.221549837447932e-06
6.528674171995675e-06
7.888747141047508e-06
7.786333396268507e-06
0.00012735428399273708
6.378797462828081e-06
6.432793649838984e-06
6.120624322513587e-06
5.651344685140563e-06
0.00012658203339934194
7.486759299693771e-06
5.812966087941379e-06
8.119370035365357e-06
5.606501068090851e-06
0.00015085577773698831
6.6579763474079636e-06
7.446324845396991e-06
6.294369403322105e-06
6.191123984918002e-06
0.0001675748270920542
6.141931855948495e-06
6.0910818370450775e-06
7.931018417873174e-06
6.829878343054702e-06
0.0001285150926947944
7.359161677943531e-06
7.466299647212084e-06
6.521612677005246e-06
6.155100645101895e-06
0.00015929531288797982
5.7899179842326845e-06
7.581533070226056e-06
4.95038607218358e-06
6.11059931915281e-06
0.00016777446097647686
8.06386114220851e-06
6.062674878515858e-06
7.5407603142967806e-06
9.177858027186714e-06
0.00010264838097761981
8.443831422283187e-06
8.49884212513917e-06
7.973070663424425e-06
8.02796605353428e-06
0.00020100277464103365
6.605386645250418e-06
8.774207297941634e-06
6.397318413306422e-06
6.663401247494482e-06
0.00016953526396947308
8.465835117067155e-06
8.3092739277054e-06
7.093831807365409e-06
7.41339146561902e-06
0.0001567375710018549
9.218527417595902e-06
6.6242471079464525e-06
8.057153204223814e-06
7.847173538227984e-06
0.00011500717429493683
8.965207620681111e-06
6.049106647766569e-06
9.712870046416373e-06
7.857262005391993e-06
0.00017932496731221177
7.967429996035406e-06
7.331917387780223e-06
9.246899551780459e-06
9.46184632728335e-06
0.0001427717167421897
6.009710948326538e-06
8.777428199706388e-06
7.821871196980949e-06
7.82384615699862e-06
0.00021941900211132915
8.360293504877327e-06
9.37440744157507e-06
7.618640479712226e-06
8.260078428112404e-06
0.0001755246022188356
9.117324126151135e-06
8.053017655041256e-06
6.668094527974924e-06
7.363437841859607e-06
0.0001694076106649214
8.061133501072532e-06
7.5291767614148595e-06
8.812942099237467e-06
7.53296674676009e-06
0.00020327154466020077
7.0022257991183285e-06
7.4316937787152766e-06
1.0107497244102637e-05
8.665756013392765e-06
0.00018319317851717932
8.562977218734296e-06
9.689242440958922e-06
9.477438155298587e-06
8.033748599583724e-06
0.0002068190079842205
9.484407767590643e-06
8.78998276413014e-06
6.862184602201303e-06
7.989954321592015e-06
0.00017297783760330144
9.013215949786944e-06
1.0571673720799307e-05
8.48088553327325e-06
1.07378964310561e-05
0.00021339049800832852
9.29279518845923e-06
9.993551472861436e-06
1.0210928767808532e-05
8.654570658844512e-06
0.00015271082681060294
9.519258616475255e-06
8.01532616433237e-06
8.662963115416766e-06
7.911600618525707e-06
0.00015047247064172312
8.938464701302895e-06
6.786271652515315e-06
1.158251591747452e-05
6.627921168691101e-06
0.0001673545480996153
9.00314047869644e-06
8.412130551089457e-06
1.0355831773396278e-05
8.416133339174273e-06
0.00018858210852058848
7.124779941455899e-06
8.800105601267214e-06
7.182203040879966e-06
1.1072921235934622e-05
0.00020090402490691446
1.4266295757387375e-05
8.756387568524138e-06
8.21775848959329e-06
7.354479191474515e-06
0.00021049308857595667
1.082038773128173e-05
7.63019342215636e-06
7.902623227065424e-06
9.42038534573518e-06
0.0002084120517381565
9.803962458298629e-06
7.58499172856652e-06
8.670568783893118e-06
8.672614128620722e-06
0.00019847210084940857
8.188657559614105e-06
8.407551673761827e-06
9.711665006369821e-06
6.078010615028467e-06
0.00018476287435033873
7.221015914413262e-06
5.702154322778754e-06
7.115769495782549e-06
7.769446721399431e-06
0.00019909587115362666
9.566866635922237e-06
8.644821944668463e-06
9.245049276112642e-06
8.92084728031652e-06
0.00019465333676555553
1.0013365666345948e-05
8.165007174319638e-06
7.350211269572591e-06
8.98568254019255e-06
0.00019211157631251195
9.807035676361285e-06
1.1553146106971234e-05
9.157458242808042e-06
6.324479607097157e-06
0.00026985816231006436
1.778129573501986e-05
8.728865507167817e-06
1.0804252160768583e-05
8.405122540137188e-06
0.0002057284626583195
1.2066960601810448e-05
8.73813661421236e-06
9.7232989470869e-06
1.0435667253012753e-05
0.00026645510488214797
9.34694430625968e-06
8.091531403233375e-06
1.099153547868055e-05
8.368535422615688e-06
0.0002349816408630722
1.1327052892904685e-05
1.2095742895078298e-05
1.4233393270517354e-05
9.691836292510132e-06
0.00031932586057169786
1.1339409394256967e-05
1.2382864132365586e-05
1.013861681316968e-05
9.976371348168453e-06
0.00023549619904092707
9.651687065543839e-06
1.118966671577687e-05
1.1905332091009186e-05
9.328836322054698e-06
0.0002021888742567913
1.2572037362338249e-05
1.015871258690298e-05
1.1094714368226319e-05
1.0328076854955565e-05
0.00021498688162571828
1.176161255885203e-05
1.0169976590912802e-05
1.2481553281469088e-05
1.0669442628317097e-05
0.00026716690310671837
1.2379731595314387e-05
1.1336892603965359e-05
1.1669623705277268e-05
7.818201058364192e-06
0.0001942203588518406
1.3715208056125937e-05
1.0853350465099124e-05
1.21230823487921e-05
1.4220120632921034e-05
0.00019524732843736282
1.4998191394567126e-05
1.2243894405566097e-05
8.385044787172116e-06
1.340787967294264e-05
0.0002779132039222059
1.1150478802663794e-05
1.0214288597160219e-05
1.0823951195024958e-05
1.4803245534252998e-05
0.00023830787820440565
1.04440921942568e-05
1.1551775416683317e-05
1.122251375573364e-05
9.289630781412777e-06
0.00020638762227139724
1.5323343287974577e-05
1.4054023666975854e-05
9.408332129620253e-06
8.912167050987725e-06
0.00018790670108504912
9.802070717897567e-06
1.262908671430048e-05
1.368446905285025e-05
1.2080401388514685e-05
0.0002549181727070897
1.1919234601083454e-05
1.341887849893098e-05
8.596618644845675e-06
1.5477163445336405e-05
0.0002487476512481392
1.270884898285643e-05
8.326371561555478e-06
1.3713591040394631e-05
1.0440145424561841e-05
0.0002252587018735783
1.711111301234589e-05
1.0391122402920938e-05
1.0671195996522968e-05
8.894549775679454e-06
0.0002157638083279272
1.0511078092360566e-05
9.400770941093379e-06
1.1516945906240377e-05
1.1463686879743588e-05
0.00029648234188670144
1.1023147384713745e-05
1.0747050895081776e-05
1.3756853572551836e-05
1.3871119032194755e-05
0.0002147746225514245
1.175917936309721e-05
1.0423804580531889e-05
7.805545572510563e-06
1.0428101447024547e-05
0.00022308006042843527
1.2440748147541917e-05
1.1494742884921553e-05
1.2557535137797182e-05
1.3509109549835162e-05
0.00024149643177441164
1.1727596744017054e-05
1.1394859242766918e-05
1.1229560314666806e-05
1.4472885496062063e-05
0.00021660717185954939
1.129237800262654e-05
9.393622647219035e-06
1.2135887715858714e-05
9.789049342905867e-06
0.00023858529323564275
1.7291258832181953e-05
9.011174696173692e-06
1.0132547719401427e-05
8.846711352637529e-06
0.00024257266081271415
1.1426834037670688e-05
1.0364602629819028e-05
1.7539179192190236e-05
1.059295138289299e-05
0.00015131519807607769
1.8895183483165037e-05
1.418818433805026e-05
1.1498681493870558e-05
1.239856528963862e-05
0.00017541335312413315
1.2964650113558549e-05
9.03779431563155e-06
1.0723987634512352e-05
1.3983179414468682e-05
0.0002462619668099957
1.696604240993756e-05
1.3260782617676242e-05
1.247654606042942e-05
1.1579562499395728e-05
0.0002985170245180709
1.4395649814571659e-05
1.2486156957742233e-05
1.1475992673366246e-05
1.0409190921722603e-05
0.0002542114351717806
1.733642882399686e-05
1.7452439288030554e-05
1.1655987548477224e-05
1.261570402837452e-05
0.00024258742804731873
1.3916265212463904e-05
9.467103505871294e-06
1.0877946676530841e-05
8.794219987638483e-06
0.00025930825619790976
1.4887890798674437e-05
1.0378376427097265e-05
1.145216950632518e-05
1.0946520828915698e-05
0.00028926746624376154
1.1740845668277082e-05
1.0444572376341768e-05
1.0164209581935895e-05
1.4176047190536183e-05
0.00023434057240536425
1.2429870107857373e-05
1.107600069123286e-05
1.3621504070653669e-05
1.204125299356573e-05
0.0001899222935197044
2.397785622357134e-05
1.351820582752319e-05
1.0409214508227409e-05
1.1938811497539445e-05
0.00027220578666963235
3.0960490056447145e-05
1.2850602798000808e-05
8.323200638678253e-06
1.121274438261327e-05
0.00023926378770315482
1.0706783075646369e-05
9.688806306766986e-06
1.1730591495525177e-05
1.2412823296658825e-05
0.0002619059545695733
1.077293910272984e-05
1.0321183901040034e-05
1.037976732645497e-05
1.0324903144466272e-05
0.00023096131749592103
1.401730120870564e-05
1.0160141424627786e-05
1.4760303458214206e-05
8.29002928651579e-06
0.00022140560769310684
1.3064272928338601e-05
8.180867156011295e-06
1.3466725511143204e-05
9.661450279164763e-06
0.0001905338271415522
1.0176617759585195e-05
7.790239444097611e-06
9.384096708747042e-06
9.101417090641013e-06
0.00020611438552148816
1.291710807232192e-05
9.789173083507566e-06
9.44939082737386e-06
8.767857535296036e-06
0.00017989102930117458
1.1447810258866884e-05
1.697535031027864e-05
1.1964667993567339e-05
9.28853841656861e-06
0.00025710272629725643
1.1344053102481663e-05
1.2315311661197567e-05
9.124089672465709e-06
1.0950868472312783e-05
0.0002116266458876027
1.2381136101036461e-05
1.1070819920901845e-05
1.2385545714278702e-05
1.2159390774561755e-05
0.0002752113768342336
9.593925674487238e-06
9.938286666794608e-06
9.083196423665645e-06
8.799108021849671e-06
0.00025814954816402773
1.0002452601377858e-05
9.832693293600106e-06
1.0291812919998879e-05
8.406459523497855e-06
0.00024544830048635124
2.688607227090635e-05
1.5390103362565946e-05
1.1787594415197986e-05
1.12171462092055e-05
0.0002580414823138597
1.282345740104699e-05
1.311177374872883e-05
1.0594163646614206e-05
1.0653130852062607e-05
0.0002659715333158691
1.3635681852271023e-05
1.0428990209011862e-05
1.2952370123260715e-05
8.024945198222452e-06
0.00017830206570766406
1.4506663633072923e-05
9.060958920135562e-06
1.1471335255393794e-05
1.1587932212661732e-05
0.00022901584270001247
1.1304743579436453e-05
1.1134411748939447e-05
1.1308455458433591e-05
9.87504508359972e-06
0.00020848588047743267
7.408759830462305e-06
8.673720871735372e-06
9.36458315798678e-06
1.0170632763331616e-05
0.00023703549144018076
1.2818146540844966e-05
9.773387342221597e-06
1.0925041679034005e-05
1.4665022420518885e-05
0.00020252003464806136
1.679831869540115e-05
1.3118661399409039e-05
8.171759802284847e-06
8.806256655414803e-06
0.0002018707456373361
7.25459518149788e-06
1.2668756474022485e-05
8.869606645616134e-06
1.261526187469128e-05
0.00027695756271816025
2.0052318111357436e-05
1.1872012330295058e-05
1.2853731965796162e-05
1.1818115626252612e-05
0.0002722698777759539
5.564383287867805e-05
1.1245500286068227e-05
8.190066764040024e-06
7.498888722375103e-06
0.00018749783362430775
8.885562380513708e-06
1.056025987241475e-05
9.17656490010097e-06
7.561634391282948e-06
0.0002300309370257704
2.2574936520260025e-05
1.0393854321816597e-05
8.431685674150231e-06
1.0743139956429059e-05
0.00021597935375974433
9.012826291754662e-06
7.338399911014678e-06
8.899787468451987e-06
6.12670582517942e-06
0.0002139840884367402
1.0522367315260763e-05
8.326623847774513e-06
8.674826555517849e-06
8.039891279847156e-06
0.0002128746914083231
1.0240824264852016e-05
9.200781360443735e-06
8.507659816534341e-06
1.030333838582807e-05
0.00023258843496687886
7.932539828442902e-06
7.412568751575171e-06
6.660772365787609e-06
7.588647129009144e-06
0.00024990433847252096
9.445249222172137e-06
1.246034639647072e-05
6.4340481947307e-06
8.174232904765838e-06
0.0002703355638722254
1.5367477858798857e-05
9.279893058512394e-06
9.86137230857046e-06
7.310133213833928e-06
0.00021242506824633884
1.0620203026943571e-05
1.0215537391246607e-05
1.0275109974153745e-05
7.141433418064796e-06
0.00018582363612794627
6.79509709932405e-06
8.074009976804357e-06
6.680966258273723e-06
8.657497040908184e-06
0.00020043232963019595
6.9164963261489535e-06
1.1335406840830833e-05
8.66276299697879e-06
9.071128111077126e-06
0.00025137935994071073
9.888141849466419e-06
7.969901463512423e-06
8.90205177165667e-06
8.7288125532894e-06
0.0001843252120467232
8.091086306337026e-06
7.451907542785884e-06
7.80237129202494e-06
8.444130516907158e-06
0.00019680486715904373
7.223342487560705e-06
7.340928203275196e-06
9.498018089936908e-06
8.15905780132974e-06
0.00022865264737694508
8.336355505104736e-06
7.987763911784068e-06
6.181232332463529e-06
8.864949378222948e-06
0.0002443708837485549
1.03260409509782e-05
9.102272078815407e-06
9.803889529772779e-06
9.455138867974743e-06
0.0002164903563758044
7.998370434192998e-06
8.52507153469272e-06
8.993502136307154e-06
9.462106133991366e-06
0.00023555788972363817
7.011007632533459e-06
7.479511980542049e-06
6.896192203188472e-06
7.773957627722471e-06
0.00019186666511599284
1.607843093691239e-05
6.900115910252181e-06
7.485927333869435e-06
9.885153815040584e-06
0.00016235154278998318
1.5036472221287724e-05
8.19214848105279e-06
6.496075053895477e-06
6.672553341503504e-06
0.00016000486920450543
7.962348396301067e-06
5.445596471112955e-06
7.027505657142054e-06
6.559904993833104e-06
0.00024336277226502933
9.139469713906476e-06
8.671999321240269e-06
7.618332332987696e-06
7.853825076560141e-06
0.0002114921022731035
1.26631598312376e-05
7.739615868792403e-06
7.036947728614012e-06
8.621384846596532e-06
0.00016560757572558872
1.8654757344430764e-05
7.920497914180878e-06
9.212405624918842e-06
7.981204732337976e-06
0.00018846770125968243
7.454923686529029e-06
8.101693394818533e-06
7.750462356180482e-06
9.336990849925136e-06
0.00018330811134282645
8.223366366596028e-06
6.697069796978917e-06
6.169171007363934e-06
7.462742259270591e-06
0.0001416624092539456
6.641823894214201e-06
7.171779400768439e-06
8.172199412248364e-06
6.2916775864513255e-06
0.00022439705710049725
5.763986401226859e-06
7.5882794846864105e-06
5.294855812251472e-06
7.001895866274851e-06
0.00023537748966406908
6.062075297920102e-06
8.593944706559758e-06
7.829769738246088e-06
7.65416368841195e-06
0.0002482982913686852
6.301571664977119e-06
8.06940441728622e-06
8.60061005423097e-06
7.423413351444891e-06
0.00017819424374274594
7.5431802873126655e-06
8.074613198031893e-06
5.540981333730712e-06
7.074505627651318e-06
0.00016310939441142533
1.0437506667178517e-05
9.731131203898397e-06
6.606222873197327e-06
6.194133707042134e-06
0.00017193630299671114
6.785745285190418e-06
8.202919212399367e-06
6.5513816303154505e-06
6.2570694554779405e-06
0.00012105482130779697
9.564967562360932e-06
9.38897551219371e-06
6.37820788422088e-06
5.788348220413685e-06
0.0001748607211619917
7.56205582522293e-06
5.199541873092418e-06
6.55930560708944e-06
7.151111315203434e-06
0.000179284052713057
9.103558415465362e-06
3.606404572495324e-06
7.272802527151057e-06
7.155404444452329e-06
0.00016348613699641612
8.635763488441503e-06
4.850802334537357e-06
5.206353218171167e-06
6.272034960559551e-06
0.0001441839581413321
5.681663496377348e-06
6.806957468176438e-06
6.452569617454378e-06
5.506067064252072e-06
0.00018090112676066343
9.948621292820968e-06
7.580782715815408e-06
7.6408931836895e-06
4.976059820769434e-06
0.00014488171290699412
6.51778543663652e-06
5.274103140242491e-06
5.867400656757713e-06
5.097549915979337e-06
0.00017471410419313851
6.403070438280686e-06
6.581711983927815e-06
8.539427068489407e-06
6.1681101823755974e-06
0.00014659641899106795
5.339039698963585e-06
6.5855754894135685e-06
6.408344709134134e-06
6.468433894237545e-06
0.00016316618826340269
5.816948927188419e-06
6.826791535609583e-06
5.3433195622135164e-06
4.631410391531121e-06
0.00016706459783621068
5.701481815123751e-06
5.583328987444281e-06
7.425479815199411e-06
5.762843313221406e-06
0.0001534383101660098
5.764143261422378e-06
6.299666331635355e-06
6.12204808066363e-06
5.825532667684986e-06
0.00012232209416376206
3.805285446352848e-06
3.6867889626101322e-06
4.4008540511467255e-06
5.115082212456248e-06
9.920455551125318e-05
5.0567447069119694e-06
6.247273139646843e-06
5.176892328196646e-06
6.010619276484499e-06
0.00012746253511914177
5.416712773209915e-06
5.1196571020359565e-06
4.882078746263126e-06
4.763536840360304e-06
0.00011931802958539366
4.883707024271547e-06
6.552037773093401e-06
5.54006884578027e-06
4.766181274793824e-06
0.00016352165965012797
8.163823262641575e-06
6.138438718506159e-06
6.6159243152563035e-06
4.172670095766951e-06
0.00012993687094610374
5.336192180904428e-06
5.515661422465229e-06
6.380975104834352e-06
4.413501952169448e-06
0.00011873905681827874
4.175846818484947e-06
5.697666256782721e-06
3.908262284257582e-06
3.4909688784301717e-06
0.00011471607324345301
5.938910575197217e-06
5.49185370059906e-06
5.1342563253590174e-06
3.880973063837768e-06
0.00011021164636199177
4.598429594489576e-06
4.9274027830150095e-06
4.8084589214698316e-06
6.840088906818485e-06
0.00012576790925619856
1.2129339629755194e-05
3.1073328334112856e-06
4.900502468837286e-06
5.767618812872835e-06
0.00010817431460066973
4.931817916206501e-06
3.915953591944304e-06
3.886441294526958e-06
4.514699817758611e-06
0.00014242346622124355
5.7416628513516386e-06
4.755291076301516e-06
5.174505409257466e-06
4.337448335381556e-06
0.00013088811835588012
6.3129751056054525e-06
4.967113222114282e-06
3.77060139895297e-06
4.698763049130895e-06
0.0001006121841414848
6.6752658858681e-06
4.819828378784265e-06
4.520889458354629e-06
5.269877303482832e-06
0.00011877191812695697
5.42060852470053e-06
5.031763305374899e-06
5.152061909092946e-06
3.834467476945564e-06
8.683964240759268e-05
5.183490313689553e-06
4.464809168212944e-06
2.846962717824489e-06
3.6864179445474627e-06
0.00012991542970045337
3.7170967987163307e-06
3.3876802182169715e-06
4.317455809640495e-06
5.007535140977556e-06
0.00011858142791767804
3.808834991641107e-06
4.858977768257114e-06
3.5095948874621403e-06
3.0599384340387073e-06
9.947184529812246e-05
3.330555969708023e-06
4.171084440243619e-06
3.0610852159307516e-06
3.2414578132369253e-06
0.00011611326496365812
3.1219849580363193e-06
4.082972485628988e-06
3.572940422779735e-06
4.263905225517948e-06
0.00011706902048960073
3.2736060407341707e-06
5.0159861280050225e-06
4.6259557329679666e-06
3.7852264893274037e-06
0.00010601059018459691
4.777466367763532e-06
4.928149088770208e-06
4.477821545227695e-06
3.877132178498958e-06
0.00011849795799137697
2.94595755103631e-06
3.848133414785491e-06
2.9164347925619608e-06
4.90125430915723e-06
0.00013929466389592653
3.6991690192730013e-06
3.6694243292818676e-06
4.632313430267801e-06
3.2188487116738526e-06
0.0001072972702004257
3.881359769705987e-06
3.6710746041799217e-06
3.611217742346114e-06
4.69500382371946e-06
0.00010075621329982016
4.665745257232319e-06
3.5222065943956033e-06
3.6730534442523215e-06
2.6496585884798987e-06
0.00010167443064501662
3.52346948390839e-06
2.951546746025125e-06
4.548190442191641e-06
3.5846624523687976e-06
0.00011325466993281889
2.530800291475885e-06
3.826663704567822e-06
4.007808657692369e-06
3.5862550236576807e-06
9.091827670418505e-05
2.9237637641077254e-06
4.0996452540788305e-06
3.6779460227053475e-06
3.286320756181803e-06
0.00012948223716243912
2.9250300034198726e-06
3.4379634276688383e-06
3.0763423303075997e-06
2.5035175175192686e-06
9.166071756739031e-05
3.46930777324351e-06
4.012662514717496e-06
3.258678812124675e-06
3.379651048615194e-06
8.30700794337644e-05
3.1085945244370993e-06
2.988124018012653e-06
3.109115494977375e-06
3.230130073715493e-06
8.056900007350526e-05
3.774127354576155e-06
2.023099508625364e-06
2.7178183431961955e-06
3.8052520330162996e-06
9.935440774203368e-05
3.443403435791702e-06
4.017625959446083e-06
2.6887079492496406e-06
3.2025353445094163e-06
9.090452357404443e-05
2.538261573656906e-06
2.598902284114778e-06
2.9919960479056646e-06
2.9317845370490065e-06
9.284476355533548e-05
3.053152021245585e-06
2.9324659441695366e-06
2.1768449486554837e-06
2.297959750388355e-06
0.00010385556294386348
2.5100015244479137e-06
1.814599907939298e-06
3.296771731555553e-06
2.540829312168467e-06
8.387373110735132e-05
2.5714612873310003e-06
3.025473091714615e-06
2.662617229287773e-06
1.6037434883097237e-06
7.688632706027443e-05
2.2092570108274477e-06
2.5423494892783067e-06
2.300393633672726e-06
3.935172095973156e-06
7.264684166645075e-05
1.9376044149285395e-06
2.058857279710597e-06
2.8159958374131207e-06
2.1197238181555555e-06
5.6171308501093007e-05
2.3017498326234152e-06
2.0898991629711544e-06
2.7261545082598845e-06
2.0599128063143357e-06
6.691449566387101e-05
2.363173181692752e-06
2.4239395052569795e-06
4.030080398891904e-06
2.4848897490782575e-06
5.81213494989473e-05
2.151852340256105e-06
1.7882855957565862e-06
2.3340263977173102e-06
2.3341909716827776e-06
6.0323920659554464e-05
2.607380730825777e-06
2.6985228195124545e-06
2.6380659883400516e-06
2.5472762339127375e-06
6.922934517621112e-05
2.4869703981372715e-06
1.9715156032266004e-06
2.0323181661428594e-06
3.549213162193308e-06
5.842415670827017e-05
2.457483487758865e-06
2.27560549993824e-06
2.3667919427848075e-06
1.5476239859990403e-06
5.592601016166198e-05
2.0334232258147146e-06
2.397775325841732e-06
2.064045761594337e-06
2.0641826009927138e-06
6.495877303441127e-05
1.7608590660622102e-06
2.5503761531571318e-06
1.4878191186032015e-06
2.6418096870059796e-06
7.372484261203595e-05
2.7636340621724735e-06
2.0045256113985344e-06
2.065403805883145e-06
1.913661254073251e-06
5.986867709997586e-05
1.5797334297051737e-06
2.005176149559891e-06
2.187604993645919e-06
2.0965886224212528e-06
4.764403874627143e-05
1.6106275159787166e-06
2.0362040112307287e-06
1.702010950252165e-06
1.854093481265677e-06
4.5318965731840656e-05
1.7327313034416513e-06
1.854441595866772e-06
1.6113373452390287e-06
2.006696284693042e-06
4.8586101869549416e-05
2.0981676701736374e-06
1.6117357229028528e-06
1.7334826399164547e-06
1.2773822083286294e-06
6.0247806741093946e-05
1.946720688165763e-06
1.7947423721852166e-06
1.946955086970788e-06
1.7341121180150306e-06
4.146630072073177e-05
1.8560238486285368e-06
2.06913289456356e-06
1.6128025606192383e-06
1.8259207342246382e-06
3.694445386145927e-05
1.8261314664913094e-06
1.765362504102185e-06
1.369756477083746e-06
1.79600483898497e-06
5.062213939632536e-05
1.55265373030082e-06
1.5527403324636262e-06
1.3701424226511214e-06
1.157073733732e-06
6.1658215025428e-05
1.583535518336245e-06
1.9490735109519964e-06
1.4923416225804078e-06
1.7360835617831478e-06
4.2701435340828724e-05
1.6753486788977072e-06
1.6449753314625292e-06
1.0357808672751615e-06
1.7365479455860928e-06
3.5827927967341506e-05
1.3101655839062185e-06
1.3407050987502435e-06
1.401719532010947e-06
1.4627394550198475e-06
2.864564255284603e-05
1.7371810288006633e-06
1.6153562962428123e-06
1.4020796987211144e-06
1.463114160457779e-06
3.8680947383883165e-05
1.1279287317316319e-06
1.2804146494800876e-06
1.2499911967083403e-06
1.1585858959119114e-06
4.256228881208164e-05
1.1891900429666559e-06
1.2197414172590239e-06
1.1588107430294485e-06
1.0978740035878522e-06
3.293611162853336e-05
1.006480606628431e-06
1.159032849309015e-06
9.760745223137041e-07
1.3421664152138223e-06
3.080882374473261e-05
1.0067200393023503e-06
1.1593082322355538e-06
1.1288533982804389e-06
1.4645266027596076e-06
2.6727700204051956e-05
1.3731226019367314e-06
1.0680343691018757e-06
8.544676236419229e-07
9.460618694554861e-07
3.472957835179037e-05
7.935446001365385e-07
8.851479349269761e-07
7.325699628733543e-07
7.326033266784462e-07
3.440172725364357e-05
8.242531922639259e-07
1.0685241157192078e-06
1.1296334012935036e-06
7.938318532236657e-07
2.6410256559002483e-05
1.0687139398740928e-06
9.160808278878945e-07
8.855837681167918e-07
1.2826249395792038e-06
2.4797495770530572e-05
8.856989338903015e-07
7.941090304368552e-07
9.774066944661492e-07
9.469030238431708e-07
2.9689979796762925e-05
9.164339891681168e-07
9.470207567092984e-07
7.637580550125151e-07
6.72134870827593e-07
2.7282721308773833e-05
8.555130698259379e-07
7.638816001852871e-07
1.0389196409102597e-06
8.861727321166753e-07
2.432403774137253e-05
7.945622118069378e-07
7.640320833574894e-07
5.501246704753223e-07
6.724006960447496e-07
2.096677749921237e-05
7.030177587482078e-07
8.558799102671049e-07
6.419342052287498e-07
6.113888412854744e-07
1.7852716798318226e-05
9.171512231342714e-07
5.503112591054348e-07
6.726274503665147e-07
9.784027977917203e-07
2.1739046020337412e-05
4.892372992315367e-07
5.19833466150784e-07
5.504317494904378e-07
4.892902319199003e-07
1.7492340831777933e-05
6.422389747370406e-07
5.505099281712996e-07
5.199442509657123e-07
6.423063913431536e-07
2.049283744744887e-05
4.282337968107716e-07
6.423722108313315e-07
5.200333200643263e-07
4.588683700288839e-07
1.6427645445156917e-05
6.118650920685642e-07
5.812909192476467e-07
5.813098422150696e-07
5.20136360172033e-07
1.747060891313751e-05
4.5897333722909903e-07
4.89587184370027e-07
3.366018494925222e-07
3.6721358029262636e-07
1.5943288651221343e-05
4.896481345660797e-07
3.9785117519881463e-07
3.9786320526494213e-07
4.2848101033373775e-07
1.548663980438599e-05
3.0607598164841873e-07
5.509527871415945e-07
4.5914071570181356e-07
3.979335738056123e-07
9.734213722559848e-06
4.591803514401105e-07
4.285804899875026e-07
4.5920618862996295e-07
3.367606485018177e-07
1.2337797381098916e-05
3.6739521750623515e-07
5.204904379323879e-07
4.592686147310408e-07
4.2866208622856297e-07
9.277587342284459e-06
3.980642442007781e-07
3.67453425278346e-07
3.3684096032622863e-07
3.062268285814483e-07
6.461480466041169e-06
3.368663570619852e-07
2.7562478242868736e-07
3.6750872511652015e-07
3.0626479335518105e-07
7.809837142231744e-06
3.062795954144554e-07
2.450295000203681e-07
2.756647310408135e-07
2.75671215762439e-07
7.688269407006843e-06
1.531577779661278e-07
1.8379353908121488e-07
2.450636071782316e-07
2.1443549748070457e-07
8.424343042924785e-06
1.8380998018344604e-07
2.1444966105158823e-07
2.1445431257665785e-07
1.8382190745375777e-07
7.383596754636554e-06
1.838296007447795e-07
2.1447230300083213e-07
1.2255810633018746e-07
2.451211845432219e-07
5.178245473776829e-06
1.8384815515117405e-07
1.8385170423482176e-07
1.5321269712843555e-07
1.5321560797592652e-07
5.393251375524248e-06
1.83865575142551e-07
1.8386894459041936e-07
1.8387229162243516e-07
1.8387559369598464e-07
4.750173220429582e-06
2.1452905371571524e-07
9.194262351227258e-08
1.225922574162799e-07
9.194574575769225e-08
3.76981878787576e-06
1.8389757297500116e-07
1.5325046222638163e-07
1.2260233509633449e-07
1.2260427416890395e-07
3.586212722429863e-06
9.19560608193708e-08
1.2260993390588904e-07
6.130588775002304e-08
1.2261357956428898e-07
2.3296822920297216e-06
1.226170901247874e-07
6.130940582541129e-08
1.2262049563572196e-07
1.5327768229429714e-07
2.452466448572913e-06
9.196904530398238e-08
3.065674316065688e-08
1.2262851775231738e-07
6.13150220516411e-08
1.8701268059408349e-06
6.131650710272023e-08
3.065861542810817e-08
9.197690656093655e-08
6.131862765477466e-08
1.532979321396657e-06
3.065998781756044e-08
6.132062050581173e-08
6.132126350991752e-08
6.132188396525943e-08
1.3490921192599885e-06
0.0
3.0661832276895235e-08
3.066211432387723e-08
6.132478335027226e-08
9.812037542572745e-07
6.132584765506516e-08
6.13263553753133e-08
6.132685182101807e-08
3.066366567503438e-08
5.826135424102336e-07
3.06641264095494e-08
3.0664342677463826e-08
3.066455706779863e-08
3.066476205785208e-08
6.439635971671612e-07
3.0665151358434004e-08
0.0
0.0
0.0
3.373241126911543e-07
3.066599957895583e-08
3.066614816343352e-08
0.0
0.0
2.453323526581423e-07
3.066667480355771e-08
0.0
0.0
0.0
