0.9259173379724055
0.8064542696152286
0.5906411057465398
0.7042806342237069
0.01870719596435786
0.43246045942712885
0.2876850802402464
-0.32378435538983535
-0.07637478810381892
0.04503801760528269
-0.14432296481661003
-0.46775444657611226
-0.18428114207463558
-0.2240828586497375
-0.16293495117825282
-0.13605486409139503
-0.2997346033699431
0.03255181218866134
-0.13721630499034473
-0.25341415510725324
-0.3628563107421668
-0.3593255127927824
-0.2987640743910894
-0.42983097322741337
-0.17006080148517486
-0.31665716118438214
-0.42239129176293505
-0.2846331811835726
-0.3187176034016992
-0.30427007171627185
-0.5119114465112099
-0.6438543784338985
-0.7023951194395304
-0.8128767414671988
-1.045475069417985
-0.8451786732995457
-0.5186819299442574
-0.3899790864027628
-0.3722128167408999
-0.3920643824257059
-0.4348600036120598
-0.2430007133555563
-0.11075942482262391
-0.1919430994514744
-0.45807459624381414
-0.2382703893855747
-0.2482593288333595
-0.32647877962324445
-0.07103338065875163
-0.2849834320483175
-0.2286357872891758
-0.19561726391459233
-0.5692098853520343
-0.5076546045717648
-0.7204925164818345
-0.481981344564294
-0.4281316397485286
-0.423634647236328
-0.46908780554648866
-0.41765485867429
-0.2415861932738777
-0.3375809752320072
-0.5531193778324799
-0.46929996310888944
-0.23860907121059485
-0.3513382211806858
-0.355083216519592
-0.4141007332697041
-0.2655745812292501
-0.2838302065309991
-0.15728084800056621
-0.43538130573317346
-0.6019229405863141
-0.7246458412167924
-0.5449583828224076
-0.5540219906119945
-0.707593557282558
-0.7468050784714422
-0.4831997628270962
-0.46408485004747235
-1.1584588639348983
-0.4000709461850805
-0.06421269655424135
-0.09087980381867677
-0.07863451739757901
-0.43250855356254425
-0.23490514193079334
-0.10419533335269353
-0.2443281367820679
-0.22361618670044994
-0.2879152071573281
-0.3268539134365914
-0.36592588736072906
-0.3566085141726592
-0.4028565075642569
-0.47022220444227836
-0.43025330136780837
-0.43038829208119556
-1.0932031739494332
-0.34610804707693754
-0.24103782284663175
-0.16016938548280404
-0.26178910783821985
-0.3044900323142878
-0.20151952548379445
-0.416794920053174
-1.2032477640435078
-1.679232419151542
-0.4358383650923093
-0.7039146841876025
-0.5425917114732115
-0.2578069804111322
-0.1953667627348897
-0.2358050815713508
-0.4334848560975867
-0.23838594365521923
-0.43911218655279327
-0.16540793859419672
-0.2860473375776298
-0.15117371795854015
-0.5102054431567123
-0.5089185073531557
-0.17573015815255014
-0.33502770449109626
-0.5841877906030237
-0.7093716904165569
-0.32630305402155063
-0.3905743458991711
-0.42061169598464176
-0.38170801728152937
-0.26246043942296693
-0.4452888238272162
-0.3337897067649547
-0.506127017012811
-0.3602724102692312
-0.3906678042877423
-0.2786823853573021
-0.42669218155730454
-0.4554507017763771
-0.39736025782669016
-0.42951086562839597
-0.4081647569837344
-0.43417772671433996
-0.6562539770547117
-0.49147472475288606
-0.3112427098963073
-0.34110428917286656
-0.2137311768971677
-0.3754315070783152
-0.30200905676881684
-0.40023219507710217
-0.19195523558889493
-0.3124470956845397
-0.5011360870377689
-0.48565671928119897
-0.6924161962649054
-0.43132567778664077
-0.5427498811174705
-0.5757439920308642
-0.4581349473832451
-0.33370132693104176
-0.6519385926869161
-0.4960239814036392
-0.6679969296465632
-0.6475539170071369
-0.7902216662117167
-0.45978722610341716
-0.574233814749348
-0.2729452598406371
-0.252839203319792
-0.3631876022171703
-0.34087056221226886
-0.3220045893747337
-0.11669989873532714
-0.4847359602181732
-0.5938676347017269
-0.7409533300948796
-0.5374875630296807
-0.530855569687423
-1.0758916783902825
-0.5136349079959978
-0.4691475135233766
-0.5975650896405433
-0.5221525324076227
-0.9435406828846937
-0.7737476613159612
-0.8061688971562074
-0.31984640922991237
-0.3257487388096431
-0.33084189196854297
-0.2776450652568397
-0.47698692634284157
-0.2981232994827534
-0.3931517549496701
-0.2709564784302199
-0.32750215268107413
-0.39416509095010493
-0.28206651987069514
-0.20933838337978525
-0.18748262778610458
-0.1028073150649188
-0.2869663277132987
-0.25655270309775546
-0.2930566349448063
-0.27674073524825027
-0.41599214800962503
-0.2705458906856191
-0.4174033141660913
-0.5309057155948366
-0.44023454881865626
-0.4359256717804114
-0.14980824986859673
-0.22550594607567745
-0.42462161365838785
-0.27764469522867985
-0.7137624281096622
-0.43445462802979123
-0.4825017610598961
-0.5218904710462292
-0.3618440351342246
-0.7510528901509184
-0.45148748125163896
-0.31739035946479094
-0.6174380102612023
-0.5427956121888584
-0.5003254093827724
-0.48978971518809256
-0.526221935209408
-0.5160958341142692
-0.5581831167169437
-0.27625968097249015
-0.4013068408792457
-0.34541094605448897
-0.7806691991973588
-0.3640992531796022
-0.2604501876316918
-0.17102703917457424
-0.11104501170682729
-0.24764522201175967
-0.22864378830052914
-0.24142281533145107
-0.38383753924910047
-0.9749064021270967
-0.3568468920819531
-0.20612518272026864
-0.19041785949738665
-0.48095264557128664
-0.3200523231759364
-0.23657593058789433
-0.3257249730865447
-0.13740859934303862
-1.0370047705260574
-0.5379473619549886
-0.28813658350090476
-0.30595843611704426
-0.702098841917817
-0.9194988118486118
-0.6493022596996134
-0.5751467761674818
-0.5239751061919629
-0.3363353519658162
-0.3437039933940845
-0.28941523987007733
-0.2690628161270179
-0.3267253847969214
-0.211057851724718
-0.23239773297574728
-0.16299165623790282
-0.18527073588863002
-0.31822642046216915
-0.1466798292122678
-0.1614460383704448
-0.18727002864416928
-0.17868147648656438
-0.22356534662537542
-0.32232269531531177
-0.34956301426047903
-0.5915900456776985
-0.7770169733378186
-0.3903216480891101
-0.5005833172852802
-0.28193348797592105
-0.4316500815867905
-0.3407062973787693
-0.30033947088747676
-0.30324943579957686
-0.25964801875747756
-1.1068035833119043
-0.4900219516117995
-0.4429817230198908
-0.3638282563695948
-0.4887122545922447
-0.3223504618998655
-0.37250774416551086
-0.5639057188515868
-0.31987511806084207
-0.5261835342507822
-0.34752764873144343
-0.5788006584334806
-0.7427550254374964
-0.6153944988928719
-0.3519732938247634
-0.7422723521496868
-0.55994871283667
-0.3629723426512754
-0.8111810123527134
-0.5536003616381859
-0.7970412578827869
-0.28618463989140414
-0.3583883498408309
-0.33133421603479657
-0.20722179554692646
-0.1444054764254086
-0.2697854392423227
-0.5447165030239224
-0.6074781891884867
-0.3829426358229341
-0.6342198919287584
-0.7075820191909015
-0.573480409232014
-0.4494701274354912
-0.49375557337039727
-0.587456820128338
-0.3409544698483495
-0.4612643144171679
-0.3514376572883189
-0.3566174367819259
-0.6842847890117707
-0.30056078933399866
-0.22928602837731746
-0.5315274783082663
-0.6017859477104299
-0.4610917698881852
-0.42499467398527196
-0.35092753653699243
-0.4494622631938662
-0.298013888791096
-0.345709822597241
-0.28122122749299794
-0.27759467301594903
-0.44621269578917216
-0.9057157922013204
-0.4596485000350344
-0.24283732575991626
-0.5152433809680438
-0.22882146825135147
-0.4295814059574833
-0.47818003430827755
-0.2863345663574287
-0.13546831516395824
-0.44048658033776644
-0.45280862959537094
-0.3579112250780532
-0.5425635644131817
-0.299796867205744
-0.30093434629026383
-0.3591586251302997
-0.3778890797963415
-0.20902761502686928
-0.5782871269302329
-0.4356569590852065
-0.3972795306075322
-0.39464874676329126
-0.5339017204964934
-0.4236820483384443
-0.5168809857949775
-0.615803705586971
-0.4719059627219014
-0.5585742881339659
-0.5678838588438949
-0.4651201960638246
-0.34864319500912355
-0.3702278497775118
-0.2720187447866537
-0.2610197836156
-0.35887307137957225
-0.34714796145485016
-0.6360740555232236
-0.27210233590299565
-0.3250648579950082
-0.3738336071789191
-0.39623162765567244
-0.4026050335236774
-0.46169053482725847
-0.408674902514139
-0.5590354920828504
-0.5304897728574925
-0.2891685354141305
-0.6129142814996325
-0.24812252732293133
-0.6679619638687444
-0.5269403601544873
-0.5550213028512943
-0.5707607086700136
-0.4095802878077354
-0.716732891313553
-0.43840815290395335
-0.4924047115226253
-0.4846065291562667
-0.25817629834903133
-0.3928319904011167
-0.35192494174575584
-0.4276820554897239
-0.39809938854795907
-0.5340304427262133
-0.518454727341989
-0.24359389863107497
-0.2222588979738406
-0.16461188199554197
-0.24488301095953371
-0.17201675815539247
-0.21945021747138824
-0.12747046071157833
-0.4113937721761201
-0.3559526149219755
-0.38801875435673516
-0.3393054946829606
-0.22164184004642035
-0.21448233848827183
-0.3242966316793694
-0.2318601179094254
-0.33712199851597935
-0.3376079724512889
-0.25671091527788503
-0.12776841504474343
-0.5081926419345695
-0.47788708044358214
-0.38286594164822796
-0.4563256564859161
-0.41355047277406776
-0.35085077162968137
-0.5531742025221891
-0.3591473737838492
-0.5902317855625885
-0.22917443428562764
-0.48683997606536805
-0.4732706160697777
-0.26389290429712975
-0.4806594460777058
-0.6150395361885245
-0.42716446786323625
-0.3063380108081948
-0.23920589949864135
-0.2517071168369076
-0.10375970696628342
-0.07536465670508395
-0.14421634396963195
-0.08725130119676988
-0.09140121217926292
-0.7371652632322183
-0.8158918706574023
-0.8655770616972526
-0.5746499246164823
-0.8892918570029659
-0.7368056451245679
-0.8145616933875234
-0.5675186240276193
-0.5690124128431189
-0.8476147235434154
-0.4839819742413575
-0.38670119366760375
-0.3483949361121548
-0.5277916171990784
-0.3713893260688413
-0.37792876410744186
-0.09518671457875676
-0.19052773381911756
-1.0919213966225088
-0.37147518865304086
-0.2871179929868028
-0.1850085851187442
-0.150549009183336
-0.10303598858462523
-0.09377521249837839
-0.14342177510289483
-0.12484891330986002
-0.24969356574498128
-0.21591399663252384
-0.12520645014628268
-0.16030110946911746
-0.12948663678247216
-0.1448791347188369
-0.17350327730764764
-0.17258218237291229
-0.13769474618143332
-0.2984737609318317
-0.20056775912919192
-0.2730249414674407
-0.27363496922436653
-0.3562159411397372
-0.35097646105388436
-0.587158702907917
-0.34042340847291536
-0.24423362237073332
-0.5928407306714001
-0.49975516665665864
-0.43994751980361635
-0.41999720166398086
-0.33734072646105734
-0.25555216034372963
-0.4173474645076123
-0.24283328525817247
-0.1289837849129287
-0.4175685773651189
-0.28934188318651743
-0.2771450820466909
-0.2612179142741322
-0.17643556340317829
-0.2997226456699893
-0.25739315657237105
-0.3359649126297821
-0.22070569357903813
-0.6976890796929333
-0.26935369116557684
-0.33532411267413753
-0.47190867149417753
-0.4159035005432927
-0.4629502403259102
-0.30463501892992983
-0.23548011517450423
-0.32560555323879153
-0.15437839765389932
-0.3120439356392692
-0.2815231251722542
-0.2140882885658539
-0.13149587327948029
-0.15999774844513381
-0.21861176910925165
-0.223753036023677
-0.18814051566027118
-0.5243177376625675
-0.24559593063232407
-0.23668230110856855
-0.308883336095915
-0.2704245743192867
-0.314607089332603
-0.2748886395458759
-0.25837393229999056
-0.27192289130310776
-0.26119356636884006
-0.15110937512418993
-0.14393307789833582
-0.2076247869415881
-0.1428700370951504
-0.16682776579688263
-0.1915847598050731
-0.26328625654306287
-0.17465315712020865
-0.5655492267580541
-0.32709539765329537
-0.5076226328603237
-0.4912505390831775
-0.4192815122899454
-0.28936837895326134
-0.31658446503264676
-0.26183741525574133
-0.1881122891257233
-0.731222197374808
-0.4911650807762788
-0.3081646798550227
-0.45255678793064424
-0.46645006753905416
-0.4662480416203628
-0.3727258309550305
-0.3838838918966091
-0.4311500942326777
-0.8228129431668114
-0.43875356323053183
-0.4288145528356131
-0.24903964015722505
-0.3191513236851775
-0.2931399647380944
-0.2223877847034015
-0.33919103432690473
-0.35280973759887313
-0.5613426458391815
-0.2405523373858229
-0.35408405602635357
-0.6478069889548549
-0.46263119235074257
-0.4138699652548234
-0.393569352029325
-0.2692978457694596
-0.23624683443872613
-0.5605669786950269
-0.4451060026296323
-0.286238898476881
-0.38801071044519053
-0.3131503677525497
-0.4592656131711525
-0.3843076994549076
-0.4035618531286222
-0.18605025485563925
-0.3967999553692421
-0.19155641757974434
-0.21969849948654288
-0.15383953312903983
-0.19223671655050592
-0.2662989204151566
-0.2175249621489941
-0.31608387114128417
-0.2704155951988091
-0.4363741238592072
-0.32423052935457086
-0.27565952537020616
-0.23735427137114015
-0.47176313662484753
-0.4911659532204435
-0.33422182344675333
-0.4853440565275462
-0.4033501069314987
-0.5146398005683752
-0.4010826744171832
-0.2998743037490639
-0.2204742455765392
-0.26771268207039955
-0.10600790600767868
-0.2711963845880568
-0.09321032592187907
-0.37457127434182647
-0.09841922927759562
-0.38198917426485207
-0.19777415134962184
-0.11082414423404183
-0.13195908774451895
-0.10663221104916916
-0.11479584206680596
-0.08409598714809356
-0.19044587738931562
-0.44417566832844474
-0.23056234005134188
-0.4552693821047949
-0.29183070870498407
-0.3413244645610442
-0.26518353687357726
-0.29235372664281767
-0.25358010169653966
-0.2928246010300526
-0.3833982388321562
-0.2606476886848075
-0.2839412772426603
-0.28904979577693146
-0.2807546324217795
-0.449539628505254
-0.18070512728979987
-0.19902370587252288
-0.2425325628140665
-0.4741226761109945
-0.40437881240687207
-0.29104286723947537
-0.34043502307736906
-0.3011037804105097
-0.18105013952082194
-0.3851568726958181
-0.2560094793720369
-0.23395394905058403
-0.4203577032068482
-0.16998819038859897
-0.1532584265139662
-0.14571983730378957
-0.16774757798762785
-0.12166514775568603
-0.12269541657427553
-0.19448130779459766
-0.17399822900271233
-0.499164560751346
-0.1825390603289741
-0.426673730320669
-0.42053532316062464
-0.43672950040319214
-0.499041543202088
-0.25394420350187685
-0.4035986338799398
-0.2922141514652489
-0.5943595563608615
-0.3451569409833025
-0.5343425152948608
-0.6054965493878308
-0.47336958816564384
-0.4872972607789154
-0.78594780543153
-0.8076624490515539
-0.5423462402052368
-0.7146818342287016
-0.40995147571089785
-0.23248147383472603
-0.20510851256179205
-0.14235453440200474
-0.23946828130138265
-0.3351523108510627
-0.07696855635080982
-0.11381850827040303
-0.21580945689956008
-0.17095020349421783
-0.13075337826639882
-0.1511196818275053
-0.10895344253255873
-0.2662919255677074
-0.11263844982207341
-0.288950083364759
-0.2783270977156895
-0.3309132456827698
-0.22664257664983795
-0.26251614576982457
-0.3151986453497474
-0.4467447698332424
-0.3609383021132453
-0.5631928806131072
-0.37764506699624606
-0.3398627507170175
-0.43718060414199705
-0.3598673050668906
-0.3547998708314515
-0.5225576219797029
-0.4110491607333394
-0.575256674165455
-0.38479439842693614
-0.4214468030676126
-0.24288466295211067
-0.49438760675211757
-0.6376042764056641
-0.23641256012702055
-0.48380149449395854
-0.26212446149939456
-0.23094250453253598
-0.530551363946735
-0.2116536792021702
-0.3922846227616804
-0.20782979745986782
-0.3813389286120732
-0.6155160975176904
-0.42928506206918043
-0.5434811315503647
-0.5913777662111581
-0.270647154445531
-0.39312210874593106
-0.37553113379168085
-0.2965528698804981
-0.6916872401074868
-0.29013118416636463
-0.2492313756161328
-0.3232982121185904
-0.389274091398164
-0.31055845405171484
-0.32316807872218706
-0.35804693125189907
-0.6890897151066784
-0.22245362422909817
-0.37689836915957764
-0.3067163696703346
-0.39689468043909854
-0.2532975731827079
-0.370879571447635
-0.5802598938153752
-0.5444658335370466
-1.5723996878461965
-0.5540842043853328
-0.8084197332054603
-0.8010278049596162
-0.7067507819664001
-0.5582082295256715
-0.6636374528431918
-0.5912694938720645
-0.7540061479470876
-0.27207716486820466
-0.3168944848146333
-0.46511906900085115
-0.38823182286856417
-0.31530875417456167
-0.2668792147548492
-0.36672264972992386
-0.45899573467381366
-0.24825620089677888
-0.5442007494537501
-0.4303690109276292
-0.4744350498042208
-0.47099333275794736
-0.2781676152693585
-0.40007854727276054
-0.32250523062876213
-0.2338603953640661
-0.2791419765686925
-0.5575124969083488
-0.33458999529578864
-0.26069665845887485
-0.31720355314287696
-0.2707124486596938
-0.3043887064730773
-0.2542400331879558
-0.22884746822711635
-0.13730140554403103
-0.14078576296061027
-0.23496243744868087
-0.1366201714610555
-0.15399645195222342
-0.12270100904795628
-0.10873587195758938
-0.21270350589201834
-0.39122204508731
-0.27775104864463773
-0.6206997645424419
-0.3030451119938968
-0.508930260623516
-0.33985103856253696
-0.3853601166334828
-0.34589551844418714
-0.29130589180369504
-0.29587312962366774
-0.413130872558442
-0.4218924144284537
-0.41635833858379323
-0.4042177017255726
-0.33609615700485124
-0.3907342983915231
-0.3934130917471467
-0.2636180786034227
-0.569929366899244
-0.40033661175627955
-0.7391905211832712
-0.6002530386076389
-0.3456087518905304
-0.38890509915848964
-0.30525273713433065
-0.33303655704478946
-0.2241473296573466
-0.503673277322313
-0.5092722116758966
-0.6222864499914791
-0.45130323004832135
-0.4390055064302542
-0.4089389289111937
-0.5266647456707131
-0.7161259239549811
-0.5874283629122373
-0.5578070454683117
-0.5438198469362142
-0.36753096959072706
-0.22265163014662376
-0.3248437963600367
-0.35214242852070277
-0.1262460773351428
-0.19369645335009508
-0.18038512735383486
-0.2670631603985863
-0.29979628114639423
-0.2460812639156575
-0.3444321644031953
-0.38846951304333105
-0.4005171919283594
-0.23848618441245878
-0.19869139901083657
-0.2338932220743486
-0.29328996319185824
-0.4849616951437213
-0.9183967597139295
-0.3523236855059051
-0.5355163220129799
-0.2420954154624225
-0.3186245916818473
-0.30594532148602877
-0.20060904780514605
-0.26640309080625174
-0.3031413398561544
-0.6025245029385192
-0.30203799990056546
-0.2769965194577967
-0.20963527823563646
-0.18939665700315167
-0.2458598033791931
-0.2576267499662013
-0.25870262261408455
-0.31362997154285516
-0.20834851293177847
-0.18634958850520458
-0.17944778433836503
-0.20205798520912926
-0.23393464273764972
-0.3048717303751977
-0.3254143015600202
-0.3269076107861081
-0.3629525912401873
-0.4446522440441876
-0.3622234248258495
-0.3073248024456355
-0.1913518257124326
-0.17369801132357648
-0.31702007453897807
-0.40521580127942647
-0.22727536305373902
-0.37994983421554385
-0.6678092654806193
-0.18001257332723783
-0.14391968833201854
-0.08729325160572417
-0.16609911927834364
-0.16310241451427368
-0.2190726934790289
-0.16060697560612278
-0.15226346618482536
-0.7019970060995735
-0.24144976322207984
-0.20747890796070295
-0.23125502867850994
-0.20031473722739657
-0.2312332638161246
-0.3138474816821347
-0.36873362493991063
-0.3302195347996287
-0.8067450437055352
-0.3678531799773743
-0.3286894644112172
-0.2963747070748426
-0.32055769272694723
-0.2826044402203867
-0.5527232141912614
-0.4172405776580459
-0.5376621627409743
-0.5281183171727418
-0.36906074163482855
-0.31860955354708476
-0.33328793902408044
-0.32061856577672865
-0.22092271900802937
-0.3495477762672651
-0.5339867962771809
-0.4509356560543353
-0.46706718078072645
-0.29388121117058585
-0.2871781360887549
-0.29509271570969964
-0.45548336293458397
-0.3326085852452973
-0.2854956503014079
-0.5418310606007155
-0.3990116219502553
-0.6815340376658342
-0.435083402900409
-0.45955436069401584
-0.38568893801393994
-0.5020618839345136
-0.15190958248736633
-0.23678598122739347
-0.17820410453461458
-0.23489049862034792
-0.4009147778934578
-0.3703390042963155
-0.218577035739594
-0.1485704102218798
-0.1938495693196977
-0.18947490039760922
-0.389706159319455
-0.12549847791856997
-0.15410483944906547
-0.19142970689806385
-0.3619768782049903
-0.34105187531648185
-0.24009147440718717
-0.09010383120918844
-0.30137237927548344
-0.16906368420929835
-0.20783264628591322
-0.4173221209410593
-0.4032042504900494
-0.1501779318796138
-0.12354185465731415
-0.17265969185638252
-0.1246321233148721
-0.166100140107515
-0.1488429383258245
-0.15978765093386232
-0.07972098415819485
-0.4555140906966416
-0.27282423329933186
-0.385120350185261
-0.2849263889259775
-0.5351892167333133
-0.3687487335738193
-0.43707059936133913
-0.299155150588162
-0.40287659877038096
-0.6907459867289539
-0.5685281679966043
-0.5634179389873425
-0.48944088551639225
-0.7364082150153043
-0.6504677163470179
-0.4641731995129171
-0.7171633951326839
-0.4770550534756568
-0.517918008203683
-0.4162167576849575
-0.5092426989443576
-0.7711349853045658
-0.5874841777865175
-0.5599733276634261
-0.7246059469334348
-0.8461128762191593
-0.6846491886337632
-0.6049975218862549
-0.3281825622911609
-0.4307320873400095
-0.31448638279779234
-0.23693503681550776
-0.29888403468267516
-0.2861755802050129
-0.3536233672110994
-0.3320622031135881
-0.35735894902423243
-0.23956246383123217
-0.3719325257378833
-0.3225674670532115
-0.3277550413153043
-0.478434253837236
-0.22758187850916634
-0.1321756555867041
-0.22693379365895802
-0.9974442123552669
-0.6778917203820024
-0.5411642663982177
-0.5403020113639302
-0.6913376867436904
-0.5595412970657014
-0.5282085064858745
-0.21625774264375117
-0.3934166560200303
-0.4826749987275033
-0.2133800795268496
-0.424773157309698
-0.4121127898809992
-0.1713683652163834
-0.34040820558329904
-0.26247587990121574
-0.15488758783272924
-0.1939580962680649
-1.0306052420295642
-0.5478446234485898
-0.8743315181775828
-0.635603496510916
-1.0067796555897024
-0.7616628117911501
-0.6142068789872664
-0.6276879004160861
-0.4213065598407551
-1.0195606830390236
-0.7307298127284697
-0.551289132593882
-0.49743363713008865
-0.16833279988619892
-0.1845863050735366
-0.13158163504150358
-0.20836686763282866
-0.18938524034397294
-0.4412956614900392
-0.39776051501585774
-0.314245648782786
-0.37543398564921315
-0.29040064443644714
-0.2994136698978043
-0.3242242441900185
-0.25952293559941136
-0.3351392977569855
-0.2703252169252763
-0.3713795126971273
-0.19416732505489917
-0.14761561352898214
-0.17002918895174218
-0.2315653254915091
-0.09081806008479225
-0.22049281145316652
-0.265384820527969
-0.20121941442636998
-0.16292853231699322
-0.29672568408250327
-0.19336738087742908
-0.38384454480638347
-0.2547729720859608
-0.265556303667847
-0.21182009336161575
-0.19662398041110712
-0.5049082361703011
-0.37058180392620205
-0.24981309960274634
-0.30738718385987357
-0.35179250650997007
-0.25867121301497237
-0.19221233439958751
-0.15240469821268574
-0.3651881140781868
-0.19157410008433245
-0.2532192775505741
-0.0783447859758668
-0.36762353240977746
-0.49012544443338
-0.2449794468296556
-0.3170066619788449
-0.6039540264071721
-0.14992270915260847
-0.49720784599417994
-0.32614889130470753
-0.2564076037613346
-0.3345878175903654
-0.15716572704381665
-0.2308399885517037
-0.18279646861187823
-0.30543679086728687
-0.11418535206492479
-0.49113183454500176
-0.12172434267784243
-0.3824896362249776
-0.36554653845176094
-0.23334958065738284
-0.1514614630865444
-0.17532346854663886
-0.173242782310891
-0.4709714505521525
-0.8128639286437411
-0.5351420223205394
-0.6284459621990329
-0.370556980246697
-0.4275277161293774
-0.5279821958662088
-0.2920798048947497
-0.3047192935808361
-0.4280905817073951
-0.5972391242288096
-0.42920142899578073
-0.3279907277340948
-0.5023728538084625
-0.4003934822615769
-0.35782470647728204
-0.45562184583687393
-0.34360120602383054
-0.2264970835281226
-0.23639156507118417
-0.46724610701774705
-0.5267692011905482
-0.29339147758800255
-0.37176958915376745
-0.69971948098993
-0.45146253462721686
-0.9313281558616935
-0.6226463022824047
-0.6450100095105211
-0.44991848946559665
-0.5481746174714861
-0.41410154252029835
-0.17423438470061492
-0.19577899275869567
-0.29838934456034505
-0.23335309125625034
-0.09949068783948666
-0.2934939506588243
-0.2868060700526191
-0.3588884164012455
-0.2446294156611009
-0.19881102000154874
-0.17779060710481928
-0.220387156484896
-0.20360190784885562
-0.11837317305572756
-0.48299752051001166
-0.24373254094680705
-0.2714303969631646
-0.3007093671849393
-0.1900884596716842
-0.20341352660738848
-0.24269936614654505
-0.2993275188773256
-0.2334649206565785
-0.7276309529001533
-0.3624048609078491
-0.3556594467983181
-0.4342126062468038
-0.5298407421809751
-0.4142912627134555
-0.3165505995159018
-0.4635601480069307
-0.3570049341999205
-0.6333974751644518
-0.3635504008294113
-0.37040501254806607
-0.26511079046293023
-0.35973323393607126
-0.27354155471833763
-0.2982760318399213
-0.31223973797384763
-0.5004339245040516
-0.5731359755693549
-0.2163879259519643
-0.4008100181018029
-0.282913986830438
-0.2873909586071849
-0.20743799184394746
-0.2785030468589698
-0.4811864221794272
-0.4326171181218358
-0.40399555329734854
-0.27803503244283373
-0.32122442395128337
-0.3100887566526601
-0.3328188676582228
-0.5746973258196831
-0.1808371080130878
-0.29682111324366844
-0.23873764562741187
-0.30834669946800036
-0.07175217592447433
-0.23819022988496982
-0.2842001168016688
-0.16907962986118935
-0.3135264290773351
-0.2350038654849808
-0.4017539210527386
-0.3397763697208201
-0.5979260644209241
-0.4294199945632242
-0.3554422594635907
-0.2984533110924445
-0.09913296670781158
-0.24380193063833402
-0.24466250126819525
-0.190290546824516
-0.1444997391692328
-0.3815694282875209
-0.5877722368027011
-0.3437411618455731
-0.6135202021065709
-0.5115224876447513
-0.4374418355643913
-0.5027547299081072
-0.3411739062088546
-0.40623104198749993
-0.5363389960229297
-0.465695233339208
-0.4177352162335597
-0.4383080573393455
-0.3272919205643185
-0.31721833122689397
-0.3522311520932379
-0.3155487662200666
-0.2334494569711973
-0.888323965574409
-0.37453378691431927
-0.4996374889210277
-0.38897307851106144
-0.3646561875006388
-0.342595780144569
-0.389845387338785
-0.2884924363239824
-0.24790375942966225
-0.5217091079921515
-0.36750966425970605
-0.22196817899639726
-0.28589087664736973
-0.2576495596124617
-0.3333734610026825
-0.31377674265576244
-0.3548134834274076
-0.6271302365358106
-0.248413259146095
-0.2640424956320353
-0.3255888282896041
-0.214893705134298
-0.2602501851804382
-0.21111795246642062
-0.26593304218359914
-0.2845053106605468
-0.25250243515577314
-0.6931229217752273
-0.2901071296899948
-0.22062681080053959
-0.28838088693930974
-0.17614736601034037
-0.2650181896828176
-0.19036852941220042
-0.15875501013652768
-0.27613855395604814
-0.9246176238762095
-0.46517541868878326
-0.5070290308319242
-0.389351296897121
-0.529672940542278
-0.321680946180342
-0.11002155057429887
-0.27491664686107486
-0.27838011571635274
-0.7546830969668699
-0.5103869742531079
-0.4639069436926663
-0.3171812097036828
-0.3093235220875014
-0.2294394279659046
-0.20828047887974707
-0.18579427289986344
-0.12276715716991259
-0.3641885183027519
-0.2073041818963728
-0.3238985832548027
-0.3391717275737314
-0.35540693104952037
-0.4284008223682842
-0.28466773159469166
-0.3441001366593368
-0.28078747072627275
-0.21654698198349448
-0.15799336101181466
-0.20791317032178955
-0.13930001242068998
-0.11913744156667347
-0.15284370274975212
-0.21820846313067843
-0.16040972334240808
-0.24113532167703705
-0.9931119080232529
-0.49840727187722667
-0.7044137277154985
-0.33904200834889275
-0.4609908861811388
-0.39448999512970884
-0.244983047393127
-0.41947387916497997
-0.26009988519626415
-0.7446337116966388
-0.3752467818634744
-0.48440556856248135
-0.6410416620064303
-0.4653960143616497
-0.2124948969694712
-0.5897544830365593
-0.5063841199752683
-0.508489567468604
-0.46729605706068
-0.3193673318980709
-0.4163101016234258
-0.3937006257651382
-0.5203921058259094
-0.3442831415710261
-0.41043342018987616
-0.3606761846076228
-0.3579064753715604
-0.6738413557026312
-0.2515358720807271
-0.1885503931401702
-0.1538163143672878
-0.1549721082244341
-0.17397364648787675
-0.18706397208310482
-0.20927150504579226
-0.3212460709524702
-0.3295586162352828
-0.31988144259719314
-0.22651796708563268
-0.27390311145497476
-0.16428874230638393
-0.27995890705526655
-0.12317078450290592
-0.2959543592641702
-0.4696546422857976
-0.262170172519307
-0.33448538482953416
-0.4047714528553331
-0.21534505821058011
-0.25596842734029657
-0.18509006635842642
-0.4036841681478965
-0.35827318229268396
-0.4095526551167351
-0.8430890678797334
-0.71798035219601
-0.47660006154894574
-0.3958358065560028
-0.43308301832117624
-0.3026683901762284
-0.3239606940458314
-0.23913001185549143
-0.22627841832266476
-0.4713430369996354
-0.24113140540421957
-0.19247773894571402
-0.18189319500583048
-0.1412662594047208
-0.11345930783184545
-0.14957994954616516
-0.18143366963515697
-0.15199893721586713
-0.33836519727831416
-0.23276369137254693
-0.3375190661543358
-0.3390627899743445
-0.21123551536818164
-0.22128816467191578
-0.19663096501545155
-0.28093685133449753
-0.1922682518376596
-0.5394391831370752
-0.3519749422630644
-0.41632629952666017
-0.29984151706030987
-0.3768606152083021
-0.2502217584156809
-0.19642664372910054
-0.1356801074672242
-0.2336259788436089
-0.45535380603282877
-0.5044026451390287
-0.2843847096179203
-0.23521654032505832
-0.31544228567375054
-0.3035477126084782
-0.2747639588811745
-0.2620289843116167
-0.17434764772651834
-1.6627135730903029
-0.7449364466650789
-0.7035618637617511
-0.7670116522615076
-0.5413274219547677
-0.39411634625405456
-0.43271116004727206
-0.5090930144117672
-0.6147071506974142
-0.4205726022509301
-0.44163015707650954
-0.2039567881835275
-0.25096947901495303
-0.35600611571582813
-0.3618751408970122
-0.5236711691442069
-0.5161698651597002
-0.5260698118321728
-0.6126081045795793
-0.62430182639763
-0.6986366735258256
-0.6849814854478412
-0.626455618965436
-0.35941403566795904
-0.44611060972618505
-0.2376016466383315
-0.3792727911286448
-0.3068949387145786
-0.4570993614754004
-0.2825909706353881
-0.19093852647236517
-0.2241960751444201
-0.18827945788334793
-0.2629654534803231
-0.24236061117815616
-0.1276231448521797
-0.4968668805496054
-0.42744996275402053
-0.3763988001557966
-0.3176933454618704
-0.317183178459845
-0.3448832121928275
-0.37307075212838947
-0.4680834361423194
-0.3619159484481847
-0.2721964529363296
-0.2856809599417707
-0.20293001931466625
-0.2438267217992965
-0.2079137041792294
-0.22330546798943204
-0.2597272084116139
-0.24730133605609644
-0.21407362354733425
-0.4159463512823756
-0.2226633270773533
-0.18932207143920554
-0.223905441695208
-0.2294268907644714
-0.19920498696335642
-0.2877527163900158
-0.231435585788235
-0.270235486040715
-0.1491120109017693
-0.2847564431957251
-0.1674473131009842
-0.15857936691070992
-0.19961503063261818
-0.25734983317284993
-0.17530848311467156
-0.19355265232874846
-0.2497171278162279
-0.5702944001688165
-0.2899977971241021
-0.30440133318466855
-0.32155667611169114
-0.3480251309946327
-0.38694878530505183
-0.3261890766059116
-0.374377795646313
-0.39753095328721183
-0.5494004825719517
-0.25279541777648024
-0.31215271449447685
-0.26656265894433223
-0.42021564074039064
-0.37340061636457617
-0.31653289044028354
-0.4063571599924856
-0.4472988896850486
-0.28081825883414624
-0.175684843696396
-0.18914077638574808
-0.16551962740861775
-0.1710505028729134
-0.20420023479857202
-0.1412019650061814
-0.20690679920378016
-0.19416766139060815
-0.26307494841940476
-0.318032755648482
-0.2782364107639519
-0.28132424326796646
-0.3589216542606731
-0.21442019568286502
-0.4448236303037253
-0.3943621793565563
-0.35882050671324
-0.6906317729334701
-0.3926082062573503
-0.367371156380089
-0.17909069343410705
-0.2758090095678619
-0.37308900497063174
-0.3829032243598157
-0.3536154903637507
-0.5263699310668948
-0.42759089948700596
-0.3437540283931704
-0.27170972010819483
-0.20564226452126208
-0.24245739248644593
-0.329388558267465
-0.2256086575174117
-0.3559641147786692
-0.4106903758058502
-0.5425558027319606
-0.2449244331034394
-0.18797475504043556
-0.30717431840369713
-0.1978026199165149
-0.3101941972530262
-0.23354591348711823
-0.17214500653328596
-0.2166161232218665
-0.7574206562533726
-0.5401895633862736
-0.37989823779039106
-0.37211540766125634
-0.21713879660565436
-0.3318456880722073
-0.301977885526998
-0.4413827728850316
-0.38996433369026934
-0.5709962709512169
-0.2792522607171382
-0.34482370976132903
-0.3817125616105999
-0.10895822705315487
-0.2972787878449281
-0.20691925392538132
-0.37259413125719465
-0.4628633894984332
-0.5632744098797906
-0.47577267904901965
-0.47530083241263205
-0.4282974408801772
-0.1974837140304552
-0.18775977979241876
-0.23072618837130804
-0.39148229150666625
-0.39836962318072056
-0.6967061310086167
-0.3600559244617057
-0.7771351244824625
-0.6675780462731522
-0.7697070913894135
-0.599381457774137
-0.614487899542867
-0.6432744994145616
-0.4688167579526301
-0.5329228275763076
-0.28206509160927434
-0.4181769325413806
-0.31941265671288105
-0.18319722638065747
-0.41779493018779923
-0.24888372243664234
-0.4894269850625303
-0.4106425748447358
-0.6779079223512109
-0.404531808789155
-0.8854563388927891
-0.5059559036979999
-0.7079600501826632
-0.3439119950839369
-0.5407854343125966
-0.39008981475040183
-0.32873837282774837
-0.5555046833024285
-0.38505237817049404
-0.32257747230368383
-0.2992510312534247
-0.5414448048174882
-0.2682902463486435
-0.45748083570755893
-0.38350978387319207
-0.3227330664968461
-0.751474752456442
-0.49207325916937567
-0.42301457830616673
-0.3117676590625964
-0.22834392200647988
-0.36475244905615206
-0.36093789791073094
-0.33060231881897084
-0.40557846795636504
-0.20405124118133958
-0.1924726647269795
-0.2652424678081985
-0.3055052523153221
-0.35551422250506887
-0.32614286950694665
-0.2597020916076714
-0.2958985531727064
-0.14198590493986052
-0.20168633175591674
-0.08412815725714129
-0.17034289975048245
-0.12042849638773499
-0.2610285411918047
-0.2703984977232082
-0.2549000821347075
-0.2847848639814735
-0.15891550336201912
-0.13021356506505644
-0.21598744801476788
-0.16208919857329662
-0.17796173022944944
-0.21274389096565777
-0.15425484859158609
-0.15816483357187247
-0.2062789514991785
-0.18302101088300993
-0.2669188199556062
-0.09833587006504904
-0.2534830739156657
-0.11895343043608315
-0.13989939059976478
-0.29203036922648473
-0.22387342216130232
-0.33483177146233406
-0.18040296739774728
-0.3547150677654474
-0.17452717691615657
-0.12406798028347756
-0.1253713462461648
-0.16265077919131424
-0.1333974040214214
-0.08585558554393344
-0.21084866919212197
-0.1275538177818415
-0.11033860047992275
-0.2173128090417508
-0.13148094128029683
-0.1215573987373804
-0.18883318746561067
-0.16656630293811725
-0.36848063811025594
-0.27006816646447157
-0.27869712635943494
-0.1744655438457252
-0.1536826657465203
-0.1848766436375402
-0.36051815768447615
-0.17785497427921088
-0.21727499260963795
-0.23139659663758744
-0.41369078520687946
-0.30877543749943126
-0.3778025460062509
-0.3114392305819657
-0.36312522050956275
-0.3015070555041835
-0.18559730904428695
-0.10227967804670865
-0.2562610442883377
-0.24100266234785087
-0.20261806923270878
-0.32673665843075317
-0.37792511409508406
-0.3978688650456513
-0.3095984587545887
-0.4242210470663728
-0.47174988759135167
-0.38820838539981023
-0.3451915821548283
-0.24420397409201844
-0.2800793434797388
-0.37323184254817926
-0.23040326868527253
-0.28703019161643745
-0.41583116641176066
-0.4757277708165798
-0.33509798776152167
-0.3338043497049014
-0.3693560083850153
-0.2828523852248982
-0.332454067347662
-0.4879246617014903
-0.261717251514013
-0.3797714371657332
-0.32944955188078157
-0.22441447119500255
-0.18213879711795203
-0.2969860147606373
-0.2534021274066308
-0.1877698184461508
-0.15106807273343217
-0.3536139873295908
-0.24124825320236357
-0.16791415256701295
-0.09524566054326486
-0.09285301382439512
-0.3333801872970382
-0.7423478382146785
-0.48460760109786294
-0.5452187501499168
-0.4801123171555959
-0.5426229473979437
-0.4017098534857082
-0.4626894274719218
-0.4277875647350253
-0.502340924961423
-0.4491251157294151
-0.5110321092997718
-0.362967921241141
-0.37121398957523455
-0.40032050880029146
-0.4493719712000484
-0.4579122966625229
-0.6017973690156607
-0.46038508941499656
-1.551430963335996
-0.7051229850271046
-0.6375847457419292
-0.6785467023235489
-0.8188528586025013
-0.5491542770067341
-0.382572530091691
-0.5385325525088457
-0.5843864790004675
-0.619751733201404
-0.5730303658771899
-0.5060693357820332
-0.507515445929838
-0.38075648304929866
-0.40008919277835664
-0.5504508913710507
-0.3582290203049054
-0.3935526945691714
-0.6040107906547291
-0.453072950021502
-0.49321624132219133
-0.3088344248834135
-0.2662841714752338
-0.25200220595270145
-0.31252073166327926
-0.2775174868344491
-0.271730808716054
-0.6925924574465859
-0.36560324566647184
-0.5722379852977254
-0.5867623699043968
-0.5871305326610312
-0.5549481474727816
-0.5208072332935982
-0.3710873912938845
-0.4352657151426322
-0.25776349176307944
-0.4807126807719234
-0.2882337687337576
-0.1845219669247896
-0.12664533478997778
-0.14514052026281532
-0.16599484363215303
-0.10266649999803801
-0.16734912163440466
-0.3075641095348455
-0.27974166029465924
-0.17510447222557238
-0.1240268749266082
-0.15245231772270518
-0.11259954920460462
-0.14318551127395318
-0.09396315228939046
-0.08539307218913642
-0.22966713363139818
-0.20863959729881013
-0.2449170699151759
-0.29125853236909
-0.23024371631526522
-0.1926256392915064
-0.2284626195484462
-0.20015930144152455
-0.25758564876610607
-0.34880735617944686
-0.3551340836939061
-0.4397026122532641
-0.20966617483239136
-0.23226738668892102
-0.21959629621055832
-0.3335903147263147
-0.2108057951796025
-0.2883569959286977
-0.262380377943712
-0.21906893907881117
-0.200438426064414
-0.13510645592863246
-0.12684488789493573
-0.10412125563706502
-0.10849268155946115
-0.1282491347438447
-0.10789479230057834
-0.2616553375283458
-0.24496492928726293
-0.2672746266402799
-0.24134328315513473
-0.24204559465768763
-0.2371189203859612
-0.15528993806571842
-0.17726317543878975
-0.12165906210389262
-0.29897717224157155
-0.1714936808387696
-0.1949031568131861
-0.20520209009565185
-0.20986127507278232
-0.21920720147161607
-0.16755254170582193
-0.13762207225628467
-0.1253686893796759
-0.5166325855187688
-0.2628636363411311
-0.12157009016814568
-0.21395359609624243
-0.32027785672550885
-0.16940922955514004
-0.27840658931877926
-0.2981327643780922
-0.448789204084622
-0.9435815007137934
-0.6219468234543934
-0.5183548615155557
-0.3759179572331832
-0.4177516045277027
-0.5153522288963939
-0.834971427315628
-0.9263619252190198
-1.0322254076281367
-0.9425234206423064
-0.508168567127353
-0.4703555330111456
-0.5183101503911213
-0.5416878973820015
-0.30282820430624363
-0.3308383711736093
-0.14506238330459223
-0.2536845766219854
-0.3819293737663896
-0.23029778864706865
-0.2292330308125925
-0.2742057518105585
-0.21344804599987666
-0.2578264177074805
-0.31690068596480153
-0.21025074213385142
-0.16818496176796457
-0.32390951757626985
-0.41942069277619154
-0.3388106378727685
-0.2233362108636738
-0.19192362877096997
-0.3512648646985611
-0.2215628652050717
-0.4167636650848184
-0.26156487472475276
-0.21921725107811268
-0.3272209308959561
-0.11977800521454304
-0.26733137857146555
-0.24477596658613646
-0.20325940661264283
-0.1341091419557359
-0.42679621204173457
-0.3906587996325417
-0.5105311506174458
-0.4389667671011224
-0.4377801136800572
-0.4080139873252553
-0.44062298014227874
-0.3998797334997281
-0.5786495350267531
-0.5334674378270711
-0.4492810279713016
-0.7208161109681239
-0.4704838282647893
-0.40975197081194437
-0.3895861712537236
-0.4430012945336755
-0.40525594639238344
-0.5402615182999565
-0.5450668706175223
-0.4265926561836114
-0.43433583823106103
-0.4566055711827755
-0.2873781854837714
-0.23722584848416528
-0.4341843784658564
-0.28649019763360933
-0.45884168367197875
-0.4828142821282561
-0.4056786425276299
-0.4505829863665102
-0.20626841043532695
-0.13485584463111258
-0.33301243065426067
-0.22220156507550592
-0.28420992690175034
-0.25187363585028566
-0.21733205212533827
-0.2704898442469498
-0.3323343821100706
-0.4441609140570701
-0.3309114085747473
-0.16750590172474406
-0.1576339912046344
-0.1862258613837695
-0.15078501888310217
-0.3679740400136612
-0.20733745197728776
-0.6220103452843625
-0.4772377874784399
-0.7501429669536088
-0.4880984751379243
-0.5012962489430701
-0.5098737880199091
-0.44039311488273164
-0.38412845419517927
-0.16025529258707313
-0.6185477943310349
-0.6661526754807496
-0.5336959524300589
-0.4490418400561435
-0.45561894544073067
-0.3277817066245799
-0.43533619518139416
-0.41422672329356136
-0.2778206951528611
-0.29860954594834566
-0.216176996575181
-0.3360672405624797
-0.27478934323137666
-0.17069045431129037
-0.14562032886068332
-0.2839832373357952
-0.17355022819237628
-0.2840563801442653
-0.1874040030803498
-0.13509390931946866
-0.16711680998373202
-0.06233257991994848
-0.12761852556100775
-0.11407938088580204
-0.10614658442444812
-0.2040852070147889
-0.042319955217884425
-0.34716006518193676
-0.1554137329285688
-0.17942143151219772
-0.19714489139000066
-0.1944440171146465
-0.22496779271664538
-0.265139670811207
-0.12214779701683103
-0.24131786693166854
-0.5937896027427751
-0.31193351664187113
-0.24523999137131947
-0.101476511295663
-0.1775616879634739
-0.21961338682349926
-0.13624881704145364
-0.31816184830100624
-0.17534095184164852
-0.5151552047471625
-0.28906298390908697
-0.3277840918115501
-0.31772316923309973
-0.2839252584787109
-0.21726499262369223
-0.35823544216396447
-0.1938732992619911
-0.15776856397510727
-0.23590410771835996
-0.3664592192334778
-0.4298678827178314
-0.37535375683544164
-0.35479680279858444
-0.43123350339568045
-0.2525191860115508
-0.26177649229989014
-0.1518740507359438
-0.9272600062887313
-0.5209347247659791
-0.41133066137262936
-0.2691541730433381
-0.33407158779544366
-0.28923663785241915
-0.23337839033522542
-0.4916060717518406
-0.4438405495053321
-0.1826495894049989
-0.37895344599353864
-0.15832924277572644
-0.44405613534881766
-0.47007735390570926
-0.41386869788271335
-0.37902092519901537
-0.2651737201258958
-0.25599473404173817
-0.3728519610030313
-0.3120490662240088
-0.5479159945006549
-0.582024954442891
-0.4309851182990708
-0.43826025305880173
-0.2761141949038139
-0.2544672810029817
-0.2045799401166244
-0.3790729006321426
-0.24269618108079052
-0.18768381535592635
-0.3272181451018506
-0.39016981463516215
-0.4634739746276291
-0.4274291279063019
-0.4880312574743417
-0.40704934157446715
-0.7110498131143346
-0.5586969712459922
-0.42222024856107115
-0.47216456638192167
-0.361178521064324
-0.5261072474697827
-0.1978110470975868
-0.2657469433653308
-0.18981230145131522
-0.23003333146556024
-0.41026745181173463
-0.24422999752384322
-0.39806624598854806
-0.5064203648873785
-0.34191840161440995
-0.4760351803624448
-0.4068905950248736
-0.4047883126412808
-0.7272297944709816
-0.5353076703075718
-0.6276217931984669
-0.5109045228122765
-0.4339716741127605
-0.7035592789946332
-0.5162540936419596
-0.4316617191405218
-0.36757677703016195
-0.49349003848022116
-0.49104205207036367
-0.2919598732551179
-0.2063032323741366
-0.15029362445779798
-0.2003381310108596
-0.1782298070842064
-0.18024497358643873
-0.26712718015429154
-0.6907260385738
-0.47611149469221303
-0.44904130414080734
-0.544862976752276
-0.6369719889217784
-0.528086131263693
-0.34983984980363525
-0.2822474253109244
-0.3172092176249122
-0.39484550484507297
-0.4777049116223088
-0.2504105043277784
-0.38044461062569895
-0.20267841949340132
-0.27234124560023354
-0.266430522626976
-0.16229434005687332
-0.30593504146975764
-1.231428058561778
-0.7018787179761631
-0.6167491700060402
-0.5659818244472643
-0.5034580150483723
-0.40097144156625425
-0.3349391371882868
-0.3966047639804053
-0.17318233329650146
-0.5192940619716712
-0.30236937627484883
-0.2522822525107977
-0.4580406592308399
-0.30929110521499764
-0.3058938542248868
-0.5113228033315561
-0.3506009632020034
-0.35676911551219564
-0.3044955696784855
-0.25522805425481704
-0.19471358114978343
-0.11281963200533153
-0.21752178841485875
-0.14296494165166038
-0.15335278956972873
-0.20126917135846834
-0.21414202463278567
-0.3309135952980539
-0.2660552281713219
-0.2808407383429866
-0.433409936194459
-0.36472461395719086
-0.31437021174887775
-0.29003321420785283
-0.4558113808353894
-0.2581514105951687
-0.5576253948737895
-0.3357791526277694
-0.45443632106191867
-0.4189759986057568
-0.3927706971316127
-0.2875578976520601
-0.3538802784038616
-0.18137774808026597
-0.1422489819753309
-0.3619514166498276
-0.25853463942788124
-0.2537233895685775
-0.2839450687147209
-0.31851761073648027
-0.3823899285621649
-0.28859745707153006
-0.40294844753132975
-0.37675140383724876
-0.5091954194447267
-0.30060278854274786
-0.19450534866728422
-0.2858887467749769
-0.2683225504718816
-0.22578441362910076
-0.17284073952001666
-0.21675479481487586
-0.28832061222155814
-0.27488828247172215
-0.19947882329439673
-0.2265883836463664
-0.25192665070959464
-0.20842024343808305
-0.12487629219585898
-0.14558520048849768
-0.11787934936442934
-0.12230309062262007
-0.4618156155866874
-0.3642666146612868
-0.526094266980144
-0.4659035769053583
-0.3321150420929166
-0.39987159472939654
-0.27463501295149084
-0.37550839137271047
-0.4701741084038725
-0.6010446832387121
-0.3588853475351061
-0.37848284314900027
-0.5195155383687193
-0.5614561663501404
-0.6053238139157918
-0.4296354230333785
-0.5299155840506069
-0.41864416429685913
-0.32839802734459483
-0.23702484390346612
-0.26695060636455586
-0.24438727086415118
-0.2259708069290299
-0.12415820690964563
-0.2238210089598928
-0.26573173293812347
-0.26217337886136427
-0.37291858781014653
-0.2335895006067427
-0.21495225706534016
-0.16024516697984403
-0.1397385115170781
-0.3485911969322623
-0.18961718436608443
-0.22679849831547966
-0.1434170155736701
-0.4622735023710137
-0.398537403480825
-0.48920406756235435
-0.47155610832670686
-0.3885062877953997
-0.312535361132671
-0.4377008578220461
-0.6949701643495935
-0.7860188834242253
-1.0974304588411559
-0.7316008468627503
-0.9536688522180049
-0.6202149168475687
-0.5502021621020063
-0.5167197640172048
-0.3870693289295089
-0.7458037481242286
-0.53339835507989
-0.9818346292003663
-0.5913695522822687
-0.553927453658971
-0.4312335665175907
-0.4465942977014644
-0.6590895244603862
-0.22323179828843479
-0.24605766628097708
-0.31182100515637545
-0.5280359115597245
-0.33010338462469985
-0.21266955298523965
-0.30005863631796026
-0.2491105292566939
-0.18000469199891875
-0.1714387573052672
-0.2806600033642116
-0.33999111465485654
-1.1387327706454469
-0.8217330294486801
-0.7529409157228546
-0.8144697076737966
-0.567288293423393
-0.7429659667523387
-0.8102134896648513
-0.5314220654926914
-0.8376522238804326
-1.1584145035090885
-0.6925208878272706
-0.8129927884738429
-0.4078072665686629
-0.5351073879125852
-0.3658049916804028
-0.572366765304641
-0.45803047256738305
-0.26417145954990956
-0.5420860122939114
-0.3883863799281325
-0.33337408745601643
-0.20936377997823225
-0.1735921154258193
-0.26724868221902803
-0.36097387413834664
-0.2853152954715205
-0.34534110773594
-0.19370303663320856
-0.1430761720298647
-0.19207981064682597
-0.2196187844162217
-0.26812823423153404
-0.27295402100740784
-0.25834406977338975
-0.2980498029064187
-0.15774608664560694
-0.2702544676885418
-0.1593142328686196
-0.2526809949197706
-0.19926669760048624
-0.2556013185793338
-0.11397329751322575
-0.15767881658033564
-0.10445507825456489
-0.18814560305068154
-0.3273905586586699
-0.2200782374721593
-0.15681656445116124
-0.2616254310794098
-0.2360690034573388
-0.19438835241269714
-0.3588738959815127
-0.17813414108088022
-0.35526712683823886
-0.9734525584191108
-0.7070438638774672
-0.525116475465383
-0.4797721895239838
-0.30482174674569384
-0.35831330260815114
-0.3156486112092385
-0.21514301682187073
-0.6014015265398895
-0.5984660900748795
-0.2706177895373535
-0.4278199403319315
-0.17945384104274675
-0.257562893626745
-0.1403647887239354
-0.26827431586250694
-0.13394004929579295
-0.11649814793934975
-0.2727308967925613
-0.29850548828317974
-0.29774361738390953
-0.2807812730247803
-0.2573423772051914
-0.2547572329444132
-0.4655739518073083
-0.2984750826390952
-0.3914485484022504
-0.09356899549288873
-0.2657573917312673
-0.18227538163353482
-0.2139766431040756
-0.19775632987054956
-0.2283008414347114
-0.14566496923637848
-0.16152262040149706
-0.21857380111855737
-0.26987055491610495
-0.2836863508496841
-0.1943416111366864
-0.16127487343732003
-0.16033856353978168
-0.16029973552757742
-0.1370738845225488
-0.20913112713850318
-0.2402075028278588
-0.7281990490051957
-0.4382397915884594
-0.5095723357091347
-0.5069873346343837
-0.4107463870897852
-0.3875975495115028
-0.22213460919665515
-0.20980638683444325
-0.1326593669024302
-0.7195684581347239
-0.2848330613687906
-0.3254027826659956
-0.24353095953190795
-0.14409677325511525
-0.18677907380638864
-0.1995414946777908
-0.2087790274267823
-0.13668218885666145
-0.3815976231317426
-0.28011621090693645
-0.22444618151622392
-0.20711699272535034
-0.23654646347801156
-0.15464069637054567
-0.1805199684771906
-0.20654867074183825
-0.19019975730808486
-0.42690669996104885
-0.21945945855185897
-0.34618197143654367
-0.29116744843483794
-0.1299985232453041
-0.3623078579845929
-0.23326336049162666
-0.28927052835180117
-0.2596080579052454
-0.34697093427709097
-0.44664633077182225
-0.5932581636728127
-0.4501696208012124
-0.39551690794016897
-0.40034430387303865
-0.2878274848989201
-0.1982871305451585
-0.41804085935527413
-0.7739993791295614
-0.29402813315084586
-0.41570344602902204
-0.1617245509192358
-0.20639882414417665
-0.2992297446832136
-0.23714691755747547
-0.28935919090250367
-0.1350605670709937
-0.5126904363744986
-0.8758302190252918
-0.4523264302677255
-0.7360166220006891
-0.41977200367998374
-0.35264711711282737
-0.6442341561636736
-0.49002335922283136
-0.5043017798677476
-0.5257145182538977
-0.2500548662142987
-0.1494091909421386
-0.19843843266305958
-0.15073745999796312
-0.37112589954765496
-0.24997999342022995
-0.4056949868074794
-0.45226491593006923
-2.0050425785867407
-0.7487158512802388
-0.8923250103588243
-0.5184693835587375
-0.6181431227212768
-0.4802037405915996
-0.4521801353792112
-0.43073095487240554
-0.4730527217789186
-0.3716327402378146
-0.21149655951579724
-0.32054453167532326
-0.33000220268267844
-0.2536036455521405
-0.2664132623906993
-0.2820849935886494
-0.3657154348307753
-0.295833485133552
-0.26705741779171466
-0.17853281752065933
-0.2546850918542464
-0.23977893936050385
-0.2837721074187361
-0.3166328232040457
-0.22915153074949904
-0.375779346988338
-0.30756312887424386
-0.2606261522948204
-0.2637046890976807
-0.2870662686795041
-0.2914472279980971
-0.3009693250160134
-0.3097285131938285
-0.221533815761068
-0.150322831020644
-0.12681333626557278
-1.200908710805045
-0.3583600787780789
-0.4852922941744509
-0.3839478045912267
-0.27003644910312263
-0.18993501740701532
-0.26994323916012275
-0.16098017342826512
-0.3247152943828213
-0.25599450613524244
-0.31324036478417105
-0.11919645914926053
-0.2673669663467583
-0.20513111881906626
-0.1237309502356976
-0.20522090422091568
-0.28385067540860337
-0.2899952870734669
-0.8542227974094658
-0.47911985060115125
-0.6116166503692619
-0.5537581319928824
-0.36344119254379625
-0.3241534933331671
-0.29895969627229757
-0.2587907877866051
-0.1416027316641398
-0.6886260657322109
-0.23417706278274708
-0.3817569760234977
-0.15237098809114216
-0.19894658820739827
-0.21495257020773115
-0.18679264957718836
-0.1755278340651431
-0.12695771989733445
-0.3140830751366243
-0.29954702043204884
-0.34286658406457715
-0.2484290031911542
-0.24338241572651445
-0.2528469368656179
-0.2858139570890446
-0.2685105490314697
-0.18798740397746436
-0.32516192800857957
-0.23081784777553027
-0.22246262309436193
-0.09297308000870252
-0.2618978343794413
-0.14637273812814458
-0.16968575863888688
-0.14180327806261567
-0.2519485108573708
-0.5529763667213585
-0.3297130994579676
-0.46773643009893745
-0.334833919468028
-0.2961282689564912
-0.5152461260334752
-0.20108941231377805
-0.22558145672716992
-0.32832831578214156
-0.7633513942728944
-0.6408764691416119
-0.4913334572453685
-0.4302072867943078
-0.3813274462959763
-0.4282362935741837
-0.43560887080291155
-0.5028955388339209
-0.5344109166650478
-1.2361319317954271
-0.7454725043985193
-0.8252088265573009
-0.6153786034986878
-0.5429531714613842
-0.5261728590136459
-0.3924622920280303
-0.5058030308092936
-0.43013681836785267
-0.5576727531386764
-0.39087838931417657
-0.22910619230285506
-0.1660998080562009
-0.1680485234657504
-0.19833390176801324
-0.28504552235692737
-0.20581946640729745
-0.28119964933772784
-0.24150688205373477
-0.26334989769513933
-0.09134128130001337
-0.1761000847451685
-0.19038336715052537
-0.1342834113019952
-0.20530047643118765
-0.22811038772865871
-0.19594695030779144
-0.4430353072451004
-0.26540240687480904
-0.350482334853513
-0.44124791363948745
-0.47542551098882485
-0.3702570092426985
-0.25816072598100087
-0.35888949380243773
-0.26127779446983723
-0.21741198105293358
-0.2422041854673031
-0.0995267199587742
-0.17513399879563735
-0.19642951567430308
-0.24422329475234142
-0.20409249272831737
-0.25640477688533364
-0.29501118468985854
-0.5605175679429173
-0.5415441686384074
-0.45263962552172077
-0.3912640086493654
-0.7022762580725478
-0.44994415310443203
-0.5958565267190111
-0.5437405105664459
-0.313547095864358
-0.9884227242442206
-0.44779556832171685
-0.5148255877024362
-0.344752410486266
-0.46214711180388723
-0.49051165132346414
-0.4229880545500227
-0.3232137069644335
-0.41430116513060744
-0.5631977388142402
-0.20557166552784936
-0.3006102640843823
-0.4138151068547644
-0.25442082458041626
-0.3432893719144331
-0.4809002734699124
-0.2595611170138034
-0.46255055717208093
-0.6007112946218119
-0.5667455901978716
-0.4317153292111489
-0.41308365789467333
-0.30242305674970377
-0.3322998506408424
-0.45334549223225856
-0.18176248399894976
-0.4731514386877977
-0.21641660861262352
-0.18123693920514383
-0.13320549729385042
-0.15888523853293526
-0.22036646912887917
-0.13726160721608574
-0.14925211714060793
-0.18772199023182198
-0.17532189355575523
-0.6025843584762126
-0.21160764988390812
-0.24539230194287268
-0.13157302423926318
-0.12729233616970065
-0.17569104706977687
-0.11803714906555132
-0.15454568128854868
-0.15710237636594238
-0.5195689858226961
-0.41867091037429777
-0.5209584046563589
-0.5770971758955428
-0.5243995299156943
-0.4408586409600922
-0.3406784098432849
-0.6004632872405402
-0.5407341037693335
-0.7348854854899787
-0.31757526909296735
-0.2427926953396739
-0.22256723862608302
-0.3059132723699861
-0.2685174162665069
-0.21283540588190886
-0.21654083149272593
-0.3635121137394669
-0.585532030707939
-0.5902520801412457
-0.3933418586856752
-0.3877407637535543
-0.6931967086328324
-0.6118021978923733
-0.3727022295640974
-0.2607176058170717
-0.48058398191108204
-0.6073661339708543
-0.2762540938956545
-0.3088602393460119
-0.25914474697686135
-0.28959145600327396
-0.24884314071650956
-0.2937969902789449
-0.2829303358212462
-0.3912829707399823
-0.3715745306929277
-0.4225358234240665
-0.3451661252699753
-0.4047183833743816
-0.4776172983703745
-0.7128037174096068
-0.5014895208220462
-0.47196441908066916
-0.6548643584409467
-0.4425873532028408
-0.4053606944792076
-0.23014483725704415
-0.28989225535591295
-0.1665372214680362
-0.21096333526380048
-0.2577593470773838
-0.18816039788955144
-0.24593274475582094
-0.5030369988540841
-0.2889317839702929
-0.2596153849198623
-0.25462607261442616
-0.30747224389582906
-0.27785146401287775
-0.3287173111775273
-0.3295065838060795
-0.3065421588312311
-0.5660039739220712
-0.5153416507865309
-0.30927745412383956
-0.3223765556376555
-0.23070896659930967
-0.12757671663490747
-0.14751907106651402
-0.15600599496824716
-0.09545597859081097
