-0.2965997242813098
-0.19992193662838578
-0.04442189062612466
-0.03343654833942525
-0.12609585652357175
-0.10507046346616566
-0.1409246729558229
-0.05323170581242835
-0.032026512088633864
-0.10305935475433274
-0.0071479247862655726
-0.03531356436510372
-0.016551047572278474
-0.017882855099483154
-0.033837290738746216
-0.014576561977618148
-0.0295648221585325
-0.005610579644146016
-0.007979314184299821
-0.008070414457401585
-0.008574916811556409
-0.013745360038037644
-0.019321147378166672
-0.008967741058838739
0.0004784929939771133
-0.0003151917853254599
-0.04460466338305564
-0.014851016587073558
-0.010190054783680092
-0.004454091840656416
-0.005831252766489394
-0.026932024116994482
-0.028885975776033822
-0.021123203984986873
-0.03295078775932041
0.015641302857836922
-0.0426255892255576
-0.036924505344719125
-0.049059955799557194
-0.014354493884333937
-0.04923807237376676
-0.04854870596385907
-0.038528219563462245
-0.022730163239784832
-0.05993452100014747
-0.10292648536399776
-0.10533990735444754
-0.11116670445623128
-0.09960475814685643
-0.10542527270573247
-0.10150907419569918
-0.03529210816837092
-0.10955215367493715
-0.08422026451523579
-0.04324641125496079
-0.04531543433867615
-0.1510246857269274
-0.08212892701599919
-0.05788845547713997
-0.05116973589907976
-0.05044638613630351
-0.048231550461282684
-0.13170619191845342
0.009099347225328005
-0.03653119247445342
-0.0052431982428351115
-0.038085663323083
-0.0320924941565392
0.005569590031241487
0.010265947729971336
0.02272340169021136
0.0032161051349185307
-0.012581023739538098
-0.012527498588096438
-0.02149811291083403
0.021472868864068507
0.011317962648601555
0.021859056930994915
-0.021396275898444832
-0.035378513711462174
0.023922496256227655
-0.05828734743042568
-0.04211184745561904
-0.06203221546702824
-0.06800654976840552
-0.032743626393832145
-0.0379812872789972
-0.04733130398911511
-0.08854609670167342
-0.20021767213437786
-0.18249826356308335
-0.08635841824429114
-0.06445279774174069
-0.09582434235801866
-0.14011006556556657
-0.074221878125209
-0.12827076077327823
-0.18573957720505346
-0.252790309524782
-0.18349179652975176
-0.26026647950882936
-0.16162580018359493
-0.16868566084079942
-0.20010489368863693
-0.31906802064848355
-0.2044504867775636
-0.2666107848535737
-0.39347168632332036
-0.09292952516536523
-0.17196367978050103
-0.11738395791356765
-0.18416872240408885
-0.14147332561138415
-0.09343554063671587
-0.11739287334404006
-0.130423270524929
-0.12087673586961183
-0.0936964894680422
-0.14322905322310095
-0.1297201672438828
-0.03535603711219193
-0.0286745619409618
-0.06632036770177872
-0.10105399434317484
-0.12721211546406008
-0.29358096681151064
-0.035574272333168955
-0.04793109916957652
-0.03182405568030227
-0.08726861134856496
-0.07494706007193698
-0.10057403695434083
-0.19715281327867418
-0.11399519678831618
-0.1433273487513386
-0.17334970920734108
-0.20339738037537144
-0.3218965729102922
-0.20923907247718596
-0.23566573994637727
-0.08338027848868344
-0.1835188329776794
-0.23041846479485673
-0.14544568961930043
-0.10867738946430615
-0.10021532015054045
-0.16438184292901084
-0.1452583319216387
-0.16922342857720546
-0.20825929804886223
-0.17976913633514974
-0.19646553474440773
-0.3486141138213278
-0.21797508717161126
-0.2677870635233299
-0.2836479426061569
-0.2995791418739017
-0.2916876744111889
-0.23253256208311504
-0.17991577659353297
-0.28085981555571565
-0.16066442884209392
-0.25544877227792473
-0.1226929189681399
-0.13619587200951383
-0.051896039627051714
-0.06433238716936655
-0.22559899025077357
-0.2058024825523782
-0.28320987865902947
-0.24571025560697649
-0.34161453909102807
-0.22541202010692704
-0.2230653051797008
-0.07578751327295237
-0.035685626622954665
-0.014062537040334227
0.02013877108366152
-0.027944484336517965
-0.3015256121326128
-0.16342973483422635
-0.08512263133086266
-0.08959904849927128
-0.10818643792271365
-0.1938464448339043
-0.17601531045688812
-0.16292808740283168
-0.178769146280227
-0.11795676734694675
-0.1561325827556094
-0.16456744079407437
-0.11152877860589054
-0.14224685518829994
-0.19766715209419253
-0.1651420130943308
-0.16554702887684994
-0.12927858136029086
-0.052628989617991666
-0.07165442109531862
-0.04056665818247263
-0.11383807647149666
-0.050072497940814774
-0.04603313268888035
-0.012891211318036359
-0.0804282675975964
-0.2738253559828027
-0.05992607442747832
0.03168773286502485
-0.0531578901475965
-0.05894653741108705
0.033833990054955757
-0.07821590539298345
-0.11052345284537261
-0.0769970884746641
-0.07667404443581366
-0.2274499113412682
-0.12393090734046577
-0.06814378939840249
-0.10469164270605207
0.007296716139576641
0.028329661154266425
-0.005306030600744182
-0.032100709402884155
-0.03908581464149018
-0.011276054473735852
0.030614651012555998
0.018546603101529807
-0.020520090240221823
-0.021561177074717008
-0.024890602332473397
-0.06691299347069747
-0.07353695186280226
-0.05857589142695871
-0.04153701993895095
0.00468330698830548
-0.040768501257293754
-0.005138635600984291
-0.023249544156608327
-0.013593203120017399
-0.01109615386045925
-0.04946789892568044
-0.04924795772848162
-0.048219571248060644
-0.06778969203318805
-0.14633658781058745
-0.1391678491368019
-0.09382067084284292
-0.1009856905517574
-0.12032015391048537
-0.07527275364223807
-0.06292153187511636
-0.09175657827982532
-0.07443760547148831
-0.05213892836447664
-0.05692555551076956
-0.04827270596432726
-0.03059993828768352
-0.05320493822909177
-0.03873058829476512
-0.09808072710055407
-0.0987221726118777
-0.1347900014049713
-0.11541790687345543
-0.13016267149393448
-0.12768795979658995
-0.1156472341186705
-0.0933725565036928
-0.07748375300648082
-0.10191469403845456
-0.05139820398485274
-0.025099600597780686
-0.04169508016376981
-0.025858657270188226
-0.016922646986079013
-0.04419432895655661
-0.050679191168022636
-0.08906150742995177
-0.05836993501942791
-0.071040821544311
-0.08638919840875203
-0.06713359427248324
-0.10531627695738141
-0.10167590255558209
-0.14764699556631186
-0.0926430852461545
-0.12875417544108564
-0.029896331123470832
-0.050198356177987194
-0.006136142508838327
-0.06383764713367668
-0.036854616345384845
-0.013278741513400883
-0.08761574752597226
-0.07657880814983327
-0.06569151671997918
-0.043504051585816286
-0.1460927522350307
-0.11771280590628991
-0.11967415740971676
-0.06836344041307121
-0.028659326197850745
-0.01551360705014025
-0.0031546199750910235
-0.042005290588232005
-0.021710222915842504
-0.12141344768042987
-0.031892460327621254
-0.001583526486259033
-0.01343659013886742
-0.0029286316673637577
-0.03255223922019707
-0.02322093102191493
-0.01737363642237574
-0.010953612467802984
-0.08892875685096276
-0.10035895943884311
-0.08048035943821653
-0.07739535832886896
-0.07369687334263733
-0.06102670396900879
-0.050867150972213934
-0.021856917563793637
-0.03053517337651551
-0.14474441755944875
-0.0694113422133461
-0.10122169880661644
-0.09599550106716954
-0.10596449962182217
-0.08727645423061686
-0.10368376796395802
-0.07364913660894977
-0.04979111178385003
-0.017741164855222046
-0.02640709856285569
-0.030848341498925444
-0.024187127664521926
-0.02006295841315219
-0.055476745447677535
-0.06264155411330917
-0.03481329249042088
-0.023897185651366483
-0.0656148330590606
-0.04867375322539787
-0.03307858056500146
-0.018622865864402247
-0.01906768702710365
-0.03149571368092683
-0.02479824767416686
-0.0009402871242705896
-0.025180659381206616
-0.09287697361630938
-0.05576603530629747
-0.048833506623770236
-0.032542419936085074
-0.02171462455014984
-0.009368678765856224
-0.005901522128434512
-0.01978173016770372
-0.029651260034207476
-0.08760268235603948
-0.058970565312197847
-0.07667945674719127
-0.08101270527653602
-0.0739765200148871
-0.04139038875653323
-0.040088286198709355
-0.038815725618679624
-0.010672338378748146
-0.01936645826204297
-0.03707704451699098
-0.004924076039939751
-0.02563112374538438
-0.020565524005804983
-0.006802669915185555
-0.014118200024794258
-0.019956107179250487
-0.03904536556782433
-0.14619236630580806
-0.07146539555430562
-0.06002422950638191
-0.05536757217418209
-0.03906117285093167
-0.04094297942785858
-0.032861132259594854
-0.038499522353600116
-0.013785937954691999
-0.03846055868636098
-0.010343599172044703
-0.016081752877256748
-0.012840483603406807
-0.004814474275388253
-0.020331522486038374
-0.03200780102766957
-0.021262152616979203
-0.012235958526590185
-0.05070391638403196
-0.018033295351147362
-0.02002652675048297
-0.023183473725619526
-0.01682240640930278
-0.03171456497752683
-0.03205989621611115
-0.01974670679409281
-0.03562302816449063
-0.013785098890092154
-0.016991918781833537
-0.01937583024628311
-0.008446720774760694
-0.01176891900807524
-0.0015309002985716411
-0.01094851028793816
-0.0048053634145723365
-0.008374232628711198
-0.01269590082116163
-0.018965965900286784
-0.008800709216085468
-0.012955124815098869
-0.009592576307242475
-0.013030015934714366
-0.005394463832473723
-0.005616096718515544
-0.01088085509328607
-0.03338932067351523
-0.02784165829152829
-0.019885911038075677
-0.018450521507321807
-0.021357730340428312
-0.010719201896762828
-0.02028846642779248
-0.009739993587790869
-0.010738667541436823
-0.021459184064072476
-0.01201110253325568
-0.011985278220482851
-0.012239410372710705
-0.004348937857578332
-0.004474477328259607
-0.007258955635882206
-0.014361764066088212
-0.011087265610643856
-0.021370152168222446
-0.016763135370114486
-0.01424187141923281
-0.015241473910331487
-0.02555160857985244
-0.023446684371701068
-0.031243780137952867
-0.01737256728478478
-0.005959357983296245
-0.01953514238024754
-0.01467256398003832
-0.021952953150390492
-0.015369551102422026
-0.008204841861033511
-0.012770135747383345
-0.005988196769946732
-0.007397430169594169
-0.01040442120597805
0.0006249747310536226
-0.006157168969840211
-0.005353013065096847
-0.009400082999447876
-0.00940363425948771
-0.0009006417791856798
-0.003446700699049271
-0.0052251907032603625
-0.005213401759060518
-0.010960172896455359
-0.010256967836328446
-0.01872268914247539
-0.010603584641228191
-0.014973755507274922
-0.009877415636348903
-0.014045899438511502
-0.007126667913959343
-0.004941509395417251
-0.017119788699271873
-0.022877903681871467
-0.017970766749178777
-0.027965079712542407
-0.027107630605732878
-0.013317729253643034
-0.009614103289965148
-0.013325806739896941
-0.011757326074475027
-0.016454104034095002
-0.013728592624159533
-0.007970996163385874
-0.005906556253723945
-0.0014226431987636383
-0.001258882259112942
-0.0017753231736914287
-0.0071690609819078845
-0.001873252385296571
-0.0217150088832855
-0.01085635811952798
-0.00393181097154961
-0.012150496682033513
-0.006843360360302362
-0.006830046187266627
-0.00594854533748359
-0.005542214251666952
-0.008814069704939986
-0.013654978880942435
-0.028582248986684145
-0.01161108103806579
-0.020261447880013467
-0.016596649752037798
-0.01895600378327596
-0.007130578069499971
-0.010176206299883417
-0.005916981242749498
-0.008522427778280708
-0.013520835388074564
-0.0031352530102470694
-0.015428388489136913
-0.012251469089478802
-0.011045464723757333
-0.024357791353863397
-0.016243344461737416
-0.03374613419539997
-0.029849799696918776
-0.016580088696270794
-0.032905168364829304
-0.010541563136209539
-0.0166936557215767
-0.03574952236065446
-0.02263643340560891
-0.019707444507672037
-0.03166085922498142
-0.047467971891325664
-0.025328800079656405
-0.036690038016495764
-0.0265444495902641
-0.03811485067391244
-0.028038170705702154
-0.03738814336310397
-0.016398165867515465
-0.030277759877725574
-0.06318922799400488
-0.03142684494274291
-0.03283348438832718
-0.021151771848512094
-0.040297508984546974
-0.03007597197992443
-0.027389135109003954
-0.03132790317325456
-0.027698283624975128
-0.04420169935551581
-0.030556658315295134
-0.04482400301767812
-0.02753548288281028
-0.019352410737682117
-0.016355067016315464
-0.011013138171277458
-0.014423688242556543
-0.015311254422798608
-0.07523847186307595
-0.03838407408606019
-0.031604692715048045
-0.032778227091918084
-0.03331661969131289
-0.03940940437503078
-0.020844821196110305
-0.032629636140505694
-0.02055554573298106
-0.08294922557564481
-0.04889032340047848
-0.05270671665129405
-0.0512800334459398
-0.05898701014190527
-0.04719968763345314
-0.04056700379988097
-0.022617774553652225
-0.02392406341820678
-0.03360468227549943
-0.014740521038757242
-0.005818791266174005
-0.006966293727802979
-0.014577713555110896
-0.005436182744536911
-0.008943155302388562
-0.018235881313155625
-0.009729693332487232
-0.05173894950827268
-0.016971810162870835
-0.020853362665608447
-0.019151785633165185
-0.009011187610853396
-0.023086508616186233
-0.031079599173589087
-0.03475709829178082
-0.029789709075743548
-0.054765626111097275
-0.03205722221677117
-0.03874820594068308
-0.04267371754757129
-0.033022444377806964
-0.034860030181667306
-0.02882531775706325
-0.04047079826229316
-0.0388358128776559
-0.07115934077268078
-0.07599105241299747
-0.055958929349677305
-0.04712546090226001
-0.03844489022378801
-0.04885454582120107
-0.016415056109598158
-0.029509864144936598
-0.04132099858313033
-0.054003054716697654
-0.0356424555643888
-0.040650531877910324
-0.0315393572620514
-0.0211998521554473
-0.007145130030836721
-0.029935855833850333
-0.041850143666543146
-0.05043812290090899
-0.028448991516579352
-0.01946117099406757
-0.022322968494203618
-0.013741224853030212
-0.01915505130498552
-0.010116988165603674
-0.01291247701812697
-0.024818149766316994
-0.03334055775933922
-0.015331312043153801
-0.02865117415982292
-0.0062335299910089206
-0.022793024680267383
-0.025708406716570306
-0.011730304281456319
-0.002917551866587836
-0.0037678179430364373
-0.024345023549923715
-0.038575756791340225
-0.007461565544704916
-0.005885717395971874
-0.018709948493666927
-0.03964485675662311
-0.036296763870348386
-0.004321407654417243
-0.031818786145078444
-0.011465246000741844
-0.1350639151989766
-0.04075543406247166
-0.0319362295204575
-0.015853928904495645
-0.022152246403868037
-0.029645567120573712
-0.01575382710921298
-0.0455535445661261
-0.009869558553249159
-0.008992378274083819
-0.03751855191087957
-0.0076820708238193895
-0.022926963064606346
-0.029665312461236076
-0.019771527249314483
-0.014489815068311027
-0.016369014302002292
-0.02627191281920049
-0.027102514490585993
-0.02147040703289993
-0.023609142151165455
-0.03482452101073269
-0.009658502547250165
-0.013895808582284026
-0.013905135690382564
-0.04453619382621838
-0.023490558420597142
-0.012641639843220588
-0.02012059964501428
-0.042043323605938064
-0.025319531586191876
-0.05159396895068085
-0.05520189021275522
-0.08055448737633226
-0.05700147488566132
-0.06475756291913369
-0.03217159627294848
-0.03470237058015614
-0.039783333021461226
-0.04167035096020541
-0.04660404317812955
-0.07252692537223396
-0.08278746532067169
-0.10562378116336125
-0.09868157927332111
-0.04915547698338162
-0.020381164950959783
-0.027667677664221114
-0.02103467538112874
-0.02506561354569264
-0.025307747398712263
-0.018652260274029837
-0.0066797198210126665
-0.01826679469727144
-0.008996180868128
-0.02962052458350512
-0.04565067303740756
-0.019035874920872154
-0.035663941377511485
-0.04654405720774031
-0.058424958209188915
-0.02262949114681613
-0.04584528354081548
-0.031257145443004154
-0.06513372279905044
-0.06365534859384286
-0.08805578378830396
-0.021370297345604045
-0.014452114527743188
-0.004122877322380105
-0.07694835959122448
-0.011624867885710129
-0.06987759680342089
-0.04436026580049205
-0.014332516488307292
-0.030895010069362697
-0.017634626828612308
-0.013507791678356354
-0.00806845481106896
-0.01616971466406866
-0.025647592692612558
-0.13514657293770574
-0.07286251573112476
-0.11360537946771246
-0.09962769309514896
-0.07084562235421372
-0.09985499261982692
-0.051371112439877666
-0.11071112896200948
-0.09096397030745319
-0.04664809140638204
-0.07192741632913466
-0.031794570588623096
-0.06163085898252029
-0.07007049314236224
-0.0540192859994533
-0.056945124363322115
-0.07611198905912508
-0.07397999337087899
-0.07540066840273783
-0.09516317832848804
-0.09276463273449728
-0.09271443436160845
-0.09055139087517279
-0.06882267455519621
-0.05091678685433383
-0.03698350102308185
-0.07482470554535516
-0.028509999781077794
-0.005379898820420975
-0.026073090820815163
-0.04658175909589543
-0.04125039040319484
-0.029062605049533258
-0.036203130859732806
-0.02650408024520573
-0.05136298888673279
-0.05836235375811224
-0.017250090679087858
-0.0635713246888321
-0.0169104928142575
-0.022520205020199874
-0.03485248834135905
-0.07685707500870567
-0.06013247476225408
-0.06053319547921647
-0.054107595728352165
-0.023772645832070456
-0.019454538573370577
-0.07955297857660365
-0.04599577737976029
-0.0291110051266186
-0.06904694753090232
-0.04964094003713164
-0.05850299902800499
-0.02670387369839168
-0.034737679347837246
-0.032641771230355256
-0.0255064486858752
-0.04018300417832038
-0.025387280005837173
-0.05043194323091235
-0.02523461970654486
-0.020572797997764777
-0.061798539703721934
-0.1346701085908481
-0.11156670784490995
-0.13391200674886677
-0.06350287899830497
-0.012965621175253333
-0.04076799553420581
-0.03310866380872895
-0.08603561409088374
-0.14246189417351854
-0.08278367880070427
-0.07617874371780471
-0.09115181569342284
-0.06728783927091685
-0.055811700708067555
-0.07418336394754273
-0.020317166126793153
-0.07059002332330293
-0.07780144151249682
-0.06597477941759004
-0.06930728578208609
-0.07696940650421377
-0.06403013352074977
-0.04586607559322524
-0.05211689415579766
-0.040934578634552514
-0.036975010780752306
-0.1172445907343596
-0.12410884387130837
-0.09568256406655928
-0.03504521211965076
-0.08084435616189625
-0.06439426332282457
-0.06206968669452649
-0.012090843843236035
-0.05079974651898536
-0.0421611112099311
-0.07065497359162212
-0.07648801363850047
-0.05627119068299885
-0.0339233101937218
-0.041991926494988514
-0.06313541945170434
-0.08664981307174702
-0.06116435455546742
-0.08524154590890232
-0.07607644000035466
-0.11388374539492957
-0.09866436441139277
-0.06162467580994738
-0.057497645221462924
-0.08169539792044947
-0.044185372807850155
-0.008546883143859006
-0.07799670300959705
-0.08554589738036085
-0.07293072625912533
-0.06439824809633794
-0.03461387555969449
-0.08819033980580479
-0.05428633961282895
-0.07320395043500012
-0.034881421748176426
-0.1120261028823038
-0.06085497364864036
-0.02321220031011112
-0.05048945087160377
-0.0875464843725823
-0.02735591300071626
-0.06058767356246425
-0.03997542558858682
-0.052794221388484726
-0.11793880824221087
-0.10885733258032507
-0.10670544139466152
-0.09812211824555021
-0.0691957439764331
-0.07467064628366776
-0.08309763660968253
-0.14202233347045312
-0.13690339989495323
-0.3346974735425803
-0.1171332321574235
-0.08350522283683195
-0.06455665196910827
-0.0698182772834457
-0.1173846568715197
-0.09288676018447725
-0.040814161150492675
-0.1218931672589815
-0.13494978340586977
-0.10941675508569783
-0.16253402018584226
-0.01313545412240633
-0.20111263206457838
-0.1774761467203624
-0.13868757412230912
-0.06944727564412877
-0.07141321085742827
-0.11999681835963183
-0.09997848922211516
-0.07787725559162822
-0.15405960142829928
-0.1964395914664021
-0.0860596280547926
-0.07220142068930484
-0.12543478189412133
-0.1436097676232886
-0.15143976276326135
-0.11567747225259166
-0.16946979315514546
-0.11463722096062166
-0.045917320549527296
-0.11822747752004628
-0.12977008989869535
-0.10748423291311701
-0.08991574314529172
-0.050988792351095394
-0.11099345991834858
-0.11394043793694167
-0.09079858328906926
-0.11290578669869825
-0.1326537386568398
-0.1082437317028648
-0.207408755991292
-0.15277751716970148
-0.27115333874901515
-0.07707818285052204
-0.10657694170063998
-0.09547652941523087
-0.10471635037309913
-0.1102097466299379
-0.15443399797169868
-0.09629352605529139
-0.08710193300542238
-0.09018201380865765
-0.07881976809905827
-0.0579134488488202
-0.08578995459451842
-0.08842306357691944
-0.15284063972319029
-0.14383042898829185
-0.052125613608226117
-0.12087451520031992
-0.11004562176484713
-0.06855075884649507
-0.10668396109292057
-0.07951653568257634
-0.1640010222408095
-0.08905327181242625
-0.06935538461749496
-0.036674313469658174
-0.030351840290834972
-0.05182749107385027
-0.06110801920860165
-0.02348190442664459
-0.05392901969156208
-0.11143621608537377
-0.11812681466704641
-0.120134230549456
-0.15592437002639373
-0.18847754367083422
-0.07794982630611327
-0.12721514318232613
-0.15335545078947563
-0.09243214005927008
-0.0927602882369607
-0.12721778187267282
-0.07498152066619039
-0.15353907600467165
-0.0772163540939843
-0.18639270987864326
-0.05866908205620153
-0.08091800276410122
-0.0797560692918143
-0.0588722881944882
-0.10947149470862427
-0.11724512566397567
-0.10087358509452451
-0.04838179837942549
-0.06938757790882345
-0.07461125232492265
-0.04317164237861794
-0.017369066897840995
-0.01205845680594695
-0.011172601867886132
-0.004478541884949813
-0.02461912391198709
-0.06346587279010597
-0.08945502198156333
-0.05612786444936221
-0.06962723519307769
-0.04292365384047748
-0.087641675032147
-0.05003858934360449
-0.06056254849176291
-0.055275802062550734
-0.04584550248194596
-0.06627366694166828
-0.08176977661859725
-0.06681455421959492
-0.028114938897001247
-0.026745238346714807
-0.0439227737620883
-0.04827044506619403
-0.02711129866519986
-0.024174480448514456
-0.03359514171189761
-0.03835634476088404
-0.05498376464620572
-0.04509969830494866
-0.025239633632979812
-0.060054043706865845
-0.03241465042980337
-0.06650572730973094
-0.020083486958450993
-0.05970935403994551
-0.04482956412525701
-0.04034623074770064
-0.008192209888599523
-0.020090700913647258
-0.0510740960518789
-0.0069805230985501045
-0.01908442540660914
-0.014025402466547206
-0.08122442567506567
-0.10255870168027723
-0.1339590005324409
-0.1015722535543277
-0.10034404129069537
-0.0804699357479934
-0.06265646058145095
-0.09985765414823998
-0.059473276648516066
-0.029848201108046316
-0.0504012714745609
-0.019643726840033553
-0.03468631120597855
-0.028770799631829214
-0.0349450867884562
-0.029030045226672664
-0.019500141470481507
-0.06103498886611416
-0.2781542488662105
-0.1319008604263375
-0.07699923044730504
-0.09435629483758222
-0.11294144868268395
-0.08160122193192137
-0.14871380853073857
-0.1129797972738323
-0.1030413800869021
-0.171588923161238
-0.0682586448344713
-0.051579066385477094
-0.13108953832704362
-0.2395025711737866
-0.2282657500063153
-0.19487684647082454
-0.0215078926628044
-0.11138652740320147
-0.21755600694443678
-0.18467815343086716
-0.268362423568525
-0.17650386125596607
-0.17023219691690208
-0.2311226112329261
-0.15443072139912803
-0.22204998161740683
-0.09555990139324819
-0.1347963655890731
-0.07059412302318765
-0.09118728174558198
-0.08532404100570375
-0.02859207803852365
-0.07271743650592102
-0.06075004551723878
-0.06912888279992388
-0.06666407465575472
-0.07830377342441555
-0.05459752441371046
-0.0013085377716741424
-0.03624173301869073
-0.02453914235164087
-0.051967643697532
-0.04297510194844441
-0.03838456163802027
-0.08821334273324816
-0.22405726138358384
-0.08878520363441962
-0.0945548793085151
-0.12142996021243994
-0.06610807658926954
-0.03428708887664374
-0.09985132088055756
-0.05117749064258298
-0.0904433324062348
-0.08539319223881113
-0.08498201019394672
-0.1117491270591881
-0.12687852350962636
-0.06317559369809411
-0.07671756644409261
-0.03828118361102723
-0.031165265077767106
-0.047274918711669014
-0.14667053819360223
-0.05015379747932374
-0.12620306522023594
-0.04750608537968323
-0.06728314423667572
-0.037559030822128234
-0.06037201769434259
-0.025366342105419142
-0.05894143565544211
-0.08504317292682846
-0.104845020837108
-0.07481912899578289
-0.03453998388363165
-0.04951643712715044
-0.0313430942890291
-0.01535842430892287
-0.05137705879273395
-0.04311569344974449
-0.1167684924738883
-0.041394238348722474
-0.09284390191216238
-0.048733552324524795
-0.06140410432401034
-0.08279123416049804
-0.06304260069854468
-0.017144345840020336
-0.01703574197274837
-0.08811864770740888
-0.09275217020875282
-0.04047412698217506
-0.05586023009416306
-0.08046919599079269
-0.13069797173291423
-0.05085714255257048
-0.06269987166293156
-0.020113370115105084
-0.10700724150957024
-0.051364302675776206
-0.022999045103774988
-0.006835585548417071
-0.033616593480891646
-0.015645378314915564
-0.014155129406811242
-0.043279473203790275
-0.02591797743412249
-0.005898630509255172
-0.08285298162737044
-0.08687119025095465
-0.13860528543121856
-0.09753997696164002
-0.03692595177334758
-0.06587023204499769
-0.05295428152472623
-0.06706191685418539
-0.03962347658091468
-0.06678524509671567
-0.03250700693473449
-0.04091216436667348
-0.01176022376034166
-0.05677748841396086
-0.03573276167341674
-0.05543012860274994
-0.058090549095820634
-0.048677178895125586
-0.040757412183179235
-0.034700095765475135
-0.02851729111541242
-0.07348835332852735
-0.047266880513878715
-0.043435398466497445
-0.0755590795981358
-0.031966343514564635
-0.0663645075299904
-0.07333932840522574
-0.10506177137821861
-0.02733213596278048
-0.03289044419014221
-0.0363073179237883
-0.103515124941943
-0.02595330876532947
-0.024799040867893644
-0.0425589657222421
-0.06391055499791014
-0.0663920326484741
-0.04332369850148622
-0.07700707315631396
-0.06551820257571893
-0.09328175765447701
-0.12385138541348525
-0.1669950883866901
-0.09016495204858238
-0.09974322630337334
-0.0915697466178185
-0.07308701309777162
-0.15228819174161143
-0.08520944616159248
-0.10792179610985407
-0.1699610075518901
-0.1513895702944544
-0.08957487730869414
-0.07467912137834416
-0.18186278707174652
-0.15998927009216515
-0.05636105743877886
-0.05663693368155552
-0.02530090048962713
-0.05112414621081902
-0.07130604757904639
-0.19232780889834458
-0.09389411329213922
-0.12275691218481152
-0.1703375365555425
-0.22438533878484596
-0.16852508343582479
-0.1586280315247118
-0.16082390875548588
-0.10305891198133475
-0.17052168157085879
-0.1094665378924366
-0.13725003526463503
-0.13589423338227166
-0.0852409731648094
-0.11296870569691393
-0.10157441215083801
-0.13321711337096043
-0.0829252224583083
-0.18923781099019876
-0.07921717106415081
-0.08709185971266374
-0.12369275314311044
-0.04551380971869588
-0.17584852231333506
-0.07286558530305767
-0.046592461948553675
-0.10292513532542097
-0.08842778784055953
-0.1100869944234971
-0.09178898207496719
-0.11226444113095661
-0.09985433438468337
-0.045075134834768965
-0.06804206773795071
-0.06888574414465813
-0.0733551532648088
-0.056732923058500716
-0.043727203408368685
-0.031548716385873234
-0.048916707594439966
-0.029900621679915765
-0.03551648910165343
-0.04648456462245107
-0.042617726879630606
-0.0592554661109298
-0.24299999768707925
-0.13686343189322822
-0.128911285125098
-0.17764018739505402
-0.08547096800668053
-0.04972516300404305
-0.10801528213781231
-0.07289565819166238
-0.09142882901525667
-0.013739667185464434
-0.042025634649561404
-0.04196008240488277
-0.030845418138758445
-0.0314792623577245
-0.03574157150707423
-0.026372326765432986
-0.018529680126506562
-0.05861856400553291
-0.05948907625252138
-0.015174925715061113
-0.018231214094334706
-0.019302265704264045
-0.006238427159863117
-0.009236948654036362
-0.023838132985341088
-0.03420197058839594
-0.04313712910738096
-0.03815400296153976
-0.04071236991265167
-0.03649144269289321
-0.030585906111386726
-0.04380270863348266
-0.02105349963008517
-0.013362687977338396
-0.015513878149150864
-0.058001042984621325
-0.009104215253022133
-0.016920521604113906
-0.03368695791865566
-0.07172906501105525
-0.06350490231456105
-0.0700907208765183
-0.05785857284264353
-0.0828761546053344
-0.012079808859742306
-0.17640317464768732
-0.043997582762513227
-0.10413909341626858
-0.05444006238960516
-0.026716794772804777
-0.02290497741055005
-0.03427205408044182
-0.04856327611644449
-0.06630239571063007
-0.2258944756107909
-0.10839287375752532
-0.08154461271196771
-0.07509148980376612
-0.07610127621348647
-0.030851115707519954
-0.045601807205033186
-0.03426393223045014
-0.016753786810362055
-0.09971976096171122
-0.06592901310763154
-0.01964005592472661
-0.0532815609398623
-0.015421525239760819
-0.03821277600378271
-0.04006431395731176
-0.033077255203380986
-0.03593824990404349
-0.1047836131478647
-0.079110019762174
-0.036329418787237354
-0.0075424856827607375
-0.014004624576308314
-0.014865411592427444
-0.018195778123734893
-0.014268352145056945
-0.0069603886931394925
-0.03997986711986252
-0.04922104886604968
-0.01956277532589431
-0.0231796169269195
-0.016708781148712406
-0.034700429461943426
-0.016055924992144685
-0.0018646677957241476
-0.017351470950570595
-0.052784584527360866
-0.026494295339085667
-0.015993789990638038
-0.03604351192246466
-0.015466740829394423
-0.016237127653082297
-0.02715908701041845
-0.04257386355176384
-0.005331076157989463
-0.053692866713738456
-0.020301465866319403
-0.007810188931222843
-0.01131960146937572
-0.0020938170771949236
-0.035935496779907844
-0.04932711225292615
-0.04170772084017858
-0.011377515895541947
-0.1044154016948296
-0.04851275944596884
-0.06381506047833314
-0.06954126814787763
-0.09068455411470182
-0.05871736139125713
-0.10439360938733117
-0.08842391205936531
-0.07343672506588309
-0.059672763654094414
-0.0567714593003386
-0.0572316432473943
-0.08327199816017207
-0.044183610366602614
-0.022630021685259745
-0.012305600178914276
-0.021263951162274135
-0.03717560651067109
-0.0705797596187325
-0.050471055581406625
-0.041077805980379134
-0.028632009368189562
-0.03440094274844559
-0.054814734448817924
-0.024376686342387145
-0.0031880509895721044
-0.014490772098365993
-0.09880428147932926
-0.06593516460603797
-0.09848401206815217
-0.08428041305818978
-0.06526818665533596
-0.05605790888479019
-0.08066723101616437
-0.009362101818439765
-0.03103849058326531
-0.07224278737114329
-0.10809950515431527
-0.1921904988399646
-0.15944992679873116
-0.1254734756094739
-0.168874117634483
-0.14524806899882822
-0.11688162617765463
-0.0869226655493167
-0.05880302262964332
-0.05264489574457746
-0.08316484291667213
-0.07829001048013795
-0.04485753490908479
-0.10456574621865027
-0.08152755763553819
-0.08934231848063535
-0.0611501538505427
-0.10686686975688812
-0.030586657717635718
-0.06204529961944467
-0.012386296337974416
-0.040551786207496644
-0.010476129721496929
-0.047413992899277564
-0.03168693509735496
-0.04378743140638241
-0.12434283971518852
-0.05565320950220906
-0.04177199987940371
-0.026748658179375655
-0.040854113894943034
-0.06287613188571152
-0.04923854862507594
-0.04409518864022379
-0.07187215632972596
-0.06701616136545649
-0.06071102284150764
-0.07233599620286447
-0.01942980169119784
-0.023262870269409926
-0.043839364775673045
-0.009650157291393308
-0.03199068728617257
-0.063313732437146
-0.12187272714449685
-0.12148759745573763
-0.06699049420031802
-0.06479038663883696
-0.03587114512926523
-0.05830330623081272
-0.08060668625759787
-0.07878374316437844
-0.0850489871793972
-0.09960321700554328
-0.02701237139009751
-0.013265463107560512
-0.03337517073881658
-0.02226186737102616
-0.02462663243069909
-0.03159964590519171
-0.029105608548039587
-0.04347857691349102
-0.0428478755681029
-0.028960419175828787
-0.037229556390109664
-0.03480301583598093
-0.03196162089774498
-0.023716592563285458
-0.05227013218292593
-0.017299141241498294
-0.032985821815144395
-0.12326162806469579
-0.0917463846870804
-0.05228381136011453
-0.03276466849216281
-0.08241241284349965
-0.09676483174338381
-0.08947304174850364
-0.049402882465818934
-0.06713301188317934
-0.054948310250911334
-0.05649456434186406
-0.044242497132114
-0.03205426466010023
-0.02589221571473924
-0.03070552228500339
-0.04624280701829348
-0.0477404026024956
-0.043472620141345834
-0.1586213471383069
-0.0963688820573832
-0.1467860603465464
-0.08543390231829272
-0.10453598097969037
-0.09529511678828846
-0.06898153427021615
-0.07739450057912255
-0.09529086507031269
-0.0873749827451402
-0.11660705600964778
-0.021298016635202872
-0.08907976536806957
-0.14291242224840534
-0.10196176941986294
-0.0879124339821262
-0.042227706958316825
-0.06516764234308126
-0.057109184343382434
-0.0959401693804062
-0.06979263772786605
-0.03409220366867242
-0.03568022706729351
-0.051284232507359515
-0.09875513023876556
-0.05426669063620011
-0.06594266680157274
-0.14437961732635932
-0.0977116969245273
-0.08147062981803407
-0.04951734512989922
-0.02346653257037319
-0.10658025887911354
-0.13588198352366218
-0.12384932342923353
-0.18572719152209155
-0.2624304276101889
-0.0656068406208331
-0.06594997456786246
-0.07093103311018054
-0.12602210280964518
-0.08159975300795218
-0.07596149930106826
-0.09628091230801045
-0.03555031691056469
-0.12106910005152528
-0.08295111504368609
-0.048853116006860126
-0.08884397737388977
-0.08681690089263128
-0.04319976559932507
-0.06944598362626216
-0.04290258199579319
-0.06882358484326441
-0.05814461195468221
-0.05702941387054349
-0.014929122186119163
-0.023788716082235033
-0.05929197754738553
-0.048644206490452584
-0.049355166555202355
-0.08034950365028579
-0.05397770662244152
-0.027800483473902914
-0.042416021531618484
-0.08985844465744604
-0.033976367459045254
-0.03666149279076535
-0.04886849600083648
-0.060496984701200775
-0.034354875956904396
-0.052404565217365015
-0.10596985935917855
-0.07023099850467532
-0.11713980171068063
-0.06195422040734209
-0.08391285008221035
-0.1484049372804986
-0.016682722939699732
-0.08169996725351239
-0.04801080455224751
-0.09627696613465606
-0.0433664682787277
-0.04096050013008513
-0.03907867250104573
-0.02902150227332342
-0.020361223379470446
-0.04963483221546386
-0.05952871315337167
-0.02654631236398747
-0.047585780995313104
-0.04606757441899107
-0.03948284450419473
-0.016216299397768474
-0.060744242679350684
-0.03540859716134873
-0.028755601695264525
-0.011522633309329976
-0.05423667398847986
-0.0371671818709576
-0.0971402838603422
-0.14572105781952244
-0.1279838434211416
-0.14686294455154872
-0.07404496706160918
-0.14819636819136292
-0.1487642527192818
-0.19278843057366848
-0.18169203384311425
-0.12559810136738772
-0.1029559444893803
-0.05810835644567255
-0.07170159563958915
-0.09582191509042826
-0.08578197304747211
-0.09803246583788924
-0.07896941886685369
-0.1140030087081294
-0.07853373682291687
-0.07039682118275951
-0.048884894593062965
-0.015909916420157412
-0.03209530373723218
-0.03832304110788168
-0.037781331428267
-0.0712993032358393
-0.12389301939884867
-0.09494132093757401
-0.11366845109602892
-0.10642507175187119
-0.16578495822348135
-0.08724292446922594
-0.0698486068975331
-0.12181754295457814
-0.16421829595610768
-0.11624866314555882
-0.14890671346995127
-0.13786757893932933
-0.10051346497273278
-0.15302601576934144
-0.14830780723100595
-0.045149042630199594
-0.02599296579480831
-0.03467429235932403
-0.06551756176829344
-0.10570616866435667
-0.0703066194147897
-0.06059886161289132
-0.06722811679514863
-0.04875368065644642
-0.056315789446094354
-0.09055142716566723
-0.013789220716071608
-0.07006832584665126
-0.021009113329278257
-0.07719205369979582
-0.04853848717226684
-0.05812767936453693
-0.10373176843809123
-0.11794672339411179
-0.05438371506557571
-0.11641528742178509
-0.12616647852612137
-0.05927531361122146
-0.0704148528492443
-0.04869736980085789
-0.04980006128656405
-0.05723379519561072
-0.0420866574590522
-0.04547388007810989
-0.09447652704362637
-0.12996142740297298
-0.06992069999384941
-0.07780414928378705
-0.0249366777310358
-0.04792892431257608
-0.03360187048984466
-0.05903603506978882
-0.038435350638887804
-0.042241773744956364
-0.015183925524348071
-0.012533754992440464
-0.04940195529677679
-0.06077516966810614
-0.12579772635987463
-0.07889770830547392
-0.08883300479098637
-0.09572349851328713
-0.10517277934653091
-0.08245166584045036
-0.057609211209794564
-0.01493618176076975
-0.018025442147399692
-0.06972823364136133
-0.012762340274591872
-0.0395351443945249
-0.055199402435574314
-0.031052229438399227
-0.05186380889863629
-0.04209391862456557
-0.031367218092543676
-0.03988145966793607
-0.01673547500596629
-0.008639241336078596
-0.031917300111045974
-0.03994546072438298
-0.028897936277972908
-0.05826082038601669
-0.036752037226295935
-0.04155187484766693
-0.01481065941015696
-0.05617021052914226
-0.054321935178526085
-0.06305682321048013
-0.06189308162955251
-0.08302239949183869
-0.08685546415150269
-0.058343408083872166
-0.07652249695081528
-0.06051185752104938
-0.06849580883913588
-0.07516999927412965
-0.06407652675409677
-0.04237711657420711
-0.04712769871966198
-0.044952291217035645
-0.050990914707660394
-0.04537431608300703
-0.03393203648967102
-0.11210857764636036
-0.13499081349550152
-0.1372105551364009
-0.12271835172634941
-0.0871214149623773
-0.28620651733765967
-0.10345724596714274
-0.10101051698923283
-0.1144657328564243
-0.09017459859947216
-0.07358997645003328
-0.05991609843134114
-0.06069158148936966
-0.015500096456973507
-0.10741121183254095
-0.11833847530169603
-0.1964354508654211
-0.16588785176048226
-0.14510616502425655
-0.06459832187094745
-0.16205170435602032
-0.06984050169711688
-0.023483025038190095
-0.238220902689873
-0.1426992686351183
-0.10738199509620426
-0.16405694500388887
-0.14781815868686735
-0.18892581371187517
-0.14310647864883927
-0.17245969470437522
-0.11555184777355829
-0.0241295627496543
-0.014485025911982368
-0.09914143641907314
-0.1213379713547129
-0.14115026510305165
-0.06964587345905561
-0.09527759097901232
-0.13048312924089622
-0.14207504284850547
-0.11152645646691627
-0.0866120311152223
-0.06912381011773162
-0.136224422426696
-0.08387399544453582
-0.054360264363809335
-0.08743210828832286
-0.06598186153359169
-0.0910457403930901
-0.10176145776494462
-0.03965242678728541
-0.06412505809660952
-0.07378849679857101
-0.0579097812819963
-0.03611002632029089
-0.0848823346265577
-0.035797317377928156
-0.08091395120379237
-0.1229513467562978
-0.02777929519096714
-0.014685034172664988
-0.05912571783534054
-0.06782331223545604
-0.039786351476720896
-0.08655530573616371
-0.05605082786958144
-0.05272842293068255
-0.09863891356170874
-0.04276698126035883
-0.10276378373759429
-0.02199212101994009
-0.052731896824019506
-0.0341061623423284
-0.002009106447781307
-0.013794270863797654
-0.04300792022002888
-0.037609194031331804
-0.05110161901871097
-0.021264315313632397
-0.04379193986217512
-0.041533029176213404
-0.03855351155869243
-0.025685243789234858
-0.022190324271797842
-0.019896743702295733
-0.05811531086919036
-0.009761816650612671
-0.012426382245662565
-0.02470843305645454
-0.015043631627029734
-0.008056504277889304
-0.03322453703193724
-0.036520599607821454
-0.04605930359262695
-0.09430019684409331
-0.05240456203540789
-0.02563649016082819
-0.015970996337368818
-0.017675837927538032
-0.015540863814911998
-0.038725059079514526
-0.02333725851757609
-0.03508550436255495
-0.02840712224018503
-0.014610889211416888
-0.01913703948198614
-0.043507268019547636
-0.025348566668570494
-0.015976323478258083
-0.04245330325303937
-0.04817087927818537
-0.059581541148209134
-0.07074042662319484
-0.03618350974037305
-0.04685822865210078
-0.042597571260345225
-0.03935774828701395
-0.047393587152468705
-0.04112868637498974
-0.03093597558122573
-0.024028987889838364
-0.08855518031356847
-0.06546169705460596
-0.05198968758889639
-0.07211834443667235
-0.08083257464181683
-0.08881830875296101
-0.06290951126778045
-0.04033638023225083
-0.04013747244226326
-0.06627218583140485
-0.027967922122172497
-0.044566597655346284
-0.033755344968215265
-0.03869193119523705
-0.043921879527765814
-0.04462396265277246
-0.05149701218219325
-0.05160237503130721
-0.06309052384804086
-0.036809373189884774
-0.057176956898338425
-0.03081595250669773
-0.03911629523467842
-0.029161969100322704
-0.012013247076585968
-0.015455738849441236
-0.042327330307073766
-0.028917573689459616
-0.040918633353182673
-0.03349523092200695
-0.01327439183043466
-0.018077957594299105
-0.02982262280017077
-0.02151539085875867
-0.007866874299958745
-0.015209425455134543
-0.03696504052033695
-0.02527320457856607
-0.014575308103989913
-0.04354738875000467
-0.025017334336409652
-0.04539182911939885
-0.05393915370235407
-0.0639127765080986
-0.028503002030102236
-0.0698463358279641
-0.056177569064815934
-0.07826867947655865
-0.08043207007403387
-0.10766803373115567
-0.04477508324170378
-0.0677022958588521
-0.036588820432753175
-0.04373692897765044
-0.05884693807747098
-0.003124553427467467
-0.022313445369062403
-0.027184491928511162
-0.004552393389507564
-0.025617386062026
-0.11134454043979877
-0.0653982298418462
-0.02146082649276171
-0.08645071169028969
-0.04340516389966986
0.00030145993437739486
-0.03108656775422414
-0.023710703631871752
-0.026572558249154745
-0.00414427527953174
-0.010146896858433707
-0.030505923883716667
-0.031529602141079194
-0.004709307653773926
-0.04858952501383755
-0.02691588743956643
-0.01223132736550877
-0.03485028881275517
-0.06806385754138652
-0.05261560789259833
-0.06531178561451778
-0.14734615122521158
-0.08973999824648773
-0.10223807787558825
-0.0631543435876009
-0.05074474538703317
-0.10185385641127923
-0.03213959875624598
-0.050174409650663124
-0.05859843539571819
-0.05306522961374126
-0.11232030619470054
-0.0699322905616487
-0.06613539792299193
-0.08423633760535937
-0.08206054175423545
-0.0646494350297665
-0.03489360369374931
-0.014544896736262825
-0.07661779262159403
-0.08507922294533322
-0.04636248441688365
-0.05256478550359633
-0.055683580767718205
-0.08891185014259467
-0.03664256921298085
-0.036613988811858414
-0.04863672985686045
-0.056313164151271085
-0.0790592141956434
-0.044619530951075695
-0.08168049328824258
-0.04570442911117492
-0.04948775843652348
-0.012066370666857099
-0.017756590272958873
-0.014489250159055873
-0.04249301646283644
-0.019255152082697433
-0.011613868839364069
-0.02143094199998934
-0.0267554913958116
-0.0034554881755918666
-0.03221793025018294
-0.03635510549545496
-0.05070522371855522
-0.023416872167509328
-0.031486621388340526
-0.026952197917453662
-0.02422062259722967
-0.03968259378150943
-0.03739890744591774
-0.04520330668149399
-0.02375967273875596
-0.03691164785126782
-0.03899386551271467
-0.005536100240233518
-0.00566660658030219
-0.0274442997378194
-0.012033899567637079
-0.00533345116863596
-0.005784668967282356
-0.018808223699623053
-0.053921089238774624
-0.05063945703691211
-0.03924815236516813
-0.05374174388363965
-0.04061275541231843
-0.05622599088591827
-0.05294543084193028
-0.036816650587460906
-0.046630336518586224
-0.04348195918940011
-0.06882291912297461
-0.0957493152351889
-0.027257104558614766
-0.06842934101295889
-0.06069484331101664
-0.024665271759941966
-0.05549110687239999
-0.05730539824426214
-0.034095248557146796
-0.07470422220301473
-0.09224319295582341
-0.06823508707870271
-0.062124898454744025
-0.06128610187237806
-0.049297981501505043
-0.04753357882409645
-0.05193499365106397
-0.034400912249922186
-0.10325754472499876
-0.055111083505708584
-0.055318851585242614
-0.04553018744090543
-0.021797618312864083
-0.017031320314386887
-0.010279490059912211
-0.027950363469082275
-0.018315508996239238
-0.020071515816832242
-0.03881819764767013
-0.025839265460283818
-0.050069586566950874
-0.04603207150869131
-0.02162922396108024
-0.02850096206653665
-0.02936202292766616
-0.03214366377305114
-0.19392384964212056
-0.0994641670538977
-0.14317743946259462
-0.09306592423384258
-0.07549515691423563
-0.05072168190129276
-0.05103627576219513
-0.09766753460509893
-0.09342111741156182
-0.0725598874827583
-0.0866079571978436
-0.047137224226421026
-0.0995409686802019
-0.041324882560787146
-0.0447908349280791
-0.04700789458396146
-0.05935604702039352
-0.03670969204533614
-0.11227020208545298
-0.06657545921265458
-0.0603814813278331
-0.0511709489870722
-0.07674617603563538
-0.03824671148035246
-0.06043266895361135
-0.03806039978107981
-0.03843975025968411
-0.05293170283982532
-0.033848460349279644
-0.030954168360152145
-0.03496110702283586
-0.04342378803578685
-0.04905826945411081
-0.0403678834149301
-0.028921834510966315
-0.034476542486135395
-0.07211783832307367
-0.03495270447552329
-0.042822617872605974
-0.08282411317252249
-0.09092751339417124
-0.12254362876997202
-0.055723103231735883
-0.07372166332580492
-0.059827063711954204
-0.07746760259694803
-0.08475554829426939
-0.07145148216932277
-0.029696400676597536
-0.07352242105638057
-0.06270601197751628
-0.05906319789017292
-0.04921656119370054
-0.05162138843616579
-0.02058909205724837
-0.04009506810911725
-0.03742089660927052
-0.059841108204380225
-0.06450781696748711
-0.07354804186973075
-0.06430066647054987
-0.04467416316350757
-0.03256973707968804
-0.11778604107185424
-0.05021857772143974
-0.06145460616460678
-0.04748097826484717
-0.06051222184382625
-0.04046548822187226
-0.034621227339065475
-0.029132897965674878
-0.032222034708714396
-0.0740847384446928
-0.021073863658896776
-0.04838312840531155
-0.05503404684027092
-0.0860725982400161
-0.06210803560760618
-0.05399350457394355
-0.0491715374386197
-0.06866269139962919
-0.058237822598880475
-0.04132180628924478
-0.023489852878430372
-0.08928964693964865
-0.11397390355182438
-0.08044002912500457
-0.08795684521469103
-0.05945540733775953
-0.08655403531456728
-0.10489628262473756
-0.06663103000760075
-0.09785056281268169
-0.046223110440368774
-0.04636335774862157
-0.035552255241444
-0.07933076853048984
-0.05940883397403605
-0.03132158332168939
-0.07338589249258508
-0.06899257033275068
-0.05490862626053509
-0.0445118430349821
-0.027718643440485007
-0.03553355813263428
-0.025562605256367242
-0.019184497709599797
-0.03576372500677863
-0.10244763898343376
-0.07169540698205802
-0.07886443123872343
-0.055184351705535296
-0.08506900071831289
-0.085474502761661
-0.013470340898095496
-0.016863668596021817
-0.010393996551608678
-0.050616614633938954
-0.04035361699073072
-0.043379561948018515
-0.047959637228341526
-0.044212414562794414
-0.03917316500794798
-0.054939219296121646
-0.052427988386652746
-0.029820578852903765
-0.04215131044285968
-0.046771178080906396
-0.028705222867072226
-0.03908085908919004
-0.03169065521348756
-0.009797212868751634
-0.02452850422183274
-0.03153447356867498
-0.03338843276803073
-0.07087365929211194
-0.015903076604830667
-0.07091765915625207
-0.02701298692822742
-0.06580418443282288
-0.058473765141538785
-0.032341379569665124
-0.042766626100005325
-0.05037347899774185
-0.02100555161171453
-0.0370201254211224
-0.008428603558324033
-0.05622878530499124
-0.02697912141921143
-0.07994263672692063
-0.06845746110914692
-0.06842548104412358
-0.08820163506997729
-0.13642645608641701
-0.08199598787845473
-0.10834749311368687
-0.13849422411481957
-0.15174738941369256
-0.08414270658169534
-0.09039761436731207
-0.06580784613408729
-0.08774476935565637
-0.21349645158099134
-0.10958168756741393
-0.0894763188810076
-0.11729043389884976
-0.11062613373818021
-0.07858211283076208
-0.06487221454029608
-0.09098652580477615
-0.11725709045719976
-0.13407483087943028
-0.14517807605977434
-0.08447264695501061
-0.09344911664356387
-0.10389995492651817
-0.040023996933037466
-0.030437264923244497
-0.009942006583487763
-0.01820649556109928
-0.08139031006894151
-0.0818226531781901
-0.06407772443868288
-0.11711844977485873
-0.06653580531707325
-0.09556729767102291
-0.07970379472634542
-0.10484576635466812
-0.0497899902372583
-0.026538415117463358
-0.09607421163445809
-0.06593498880337285
-0.07309180734162878
-0.051857837397613196
-0.08379325487345457
-0.04428386677622627
-0.05531792448559516
-0.029718433098223387
-0.0650797200003063
-0.09715077601869081
-0.1488017716941539
-0.12984039944432668
-0.160953046466229
-0.1762928149357295
-0.004764154839345236
-0.0676134483080296
-0.06648103909940757
-0.1608996759573525
-0.11007212185095214
-0.08400153076847758
-0.13066497965678506
-0.14986521071898387
-0.0771640445219152
-0.14190353612456855
-0.09926694345924553
-0.07832916103688774
-0.05126453405149577
-0.05763433511166448
-0.05155845936388134
-0.0956122444857383
-0.055208094485684985
-0.035773406910554154
-0.0266541817616845
-0.03619304756372496
-0.02463214132448185
-0.026141631671013937
-0.008616516395125591
-0.052057945838408885
-0.05360467572307899
-0.0641498654858194
-0.045308126741626965
-0.03574284851507034
-0.05139666552778908
-0.05213366203915803
-0.019895264183085605
-0.06206601638188166
-0.05591786220182263
-0.06463455507276258
-0.035354432849957866
-0.07602921279775322
-0.043798795045506045
-0.029717669692005795
-0.11802401305974339
-0.074058389125238
-0.11769218949952688
-0.1042150897848071
-0.06281879441953694
-0.09413113088343043
-0.042524990756545124
-0.06239961788039447
-0.0802787461654175
-0.20196699591263173
-0.32259853291479706
-0.16482661418608907
-0.08743392634007086
-0.02289904224549766
-0.03458222288693208
-0.12606467682017425
-0.030856419087772233
-0.021017800360308606
-0.02855461365016571
-0.12773430018339987
-0.07448180930617196
-0.036276267321347096
-0.05956397212172124
-0.0573882589212328
-0.13602357719586305
-0.15519300070210248
-0.09657942402627263
-0.14452362426933435
-0.10720164135381499
-0.003636486674670433
-0.004516721891328118
-0.009850192519689547
-0.008681458417673545
-0.021554644775968506
-0.04262741442419242
-0.02912261396396555
-0.09760564481128008
-0.1136901107133622
-0.1141942761407378
-0.1000101171872925
-0.08450549332579314
-0.05207236561826876
-0.08585294583617853
-0.019817851454394148
-0.0900242103308701
-0.06308624154780645
-0.03412035469498288
-0.10388504353829457
-0.07338930900216535
-0.0900390227829101
-0.04916935943464514
-0.07359749993690964
-0.024574492272294555
-0.03801198643335911
-0.04842211505880086
-0.05442168763713201
-0.041239164297730335
-0.03811896130759317
-0.06528315424076592
-0.11238638211690984
-0.0635538281714821
-0.022794897170303356
-0.025696114256335223
-0.06192781244536614
-0.14675414016657942
-0.08934501742146118
-0.10107645730062921
-0.1018560176656368
-0.11211354243523276
-0.053123275284636444
-0.061616969320929076
-0.06504842467374491
-0.010815486017821856
-0.10469417463702915
-0.05844362237354114
-0.09476283305453255
-0.05291812500108917
-0.03627117574355513
-0.040531225685484173
-0.01927689168522219
-0.03556283167780044
-0.05868980380205514
-0.11035290517288167
-0.04064961649703326
-0.08526960805916337
-0.05404836704812051
-0.11285496090794389
-0.112875513577193
-0.08989232632808797
-0.056897716332794904
-0.12097704960966744
-0.09434664273907888
-0.05588761034228877
-0.05785266392577572
-0.05088423632827899
-0.02291764151770655
-0.02513126322089998
-0.057300206385583856
-0.044377299441983
-0.03106375079041994
-0.14171274023950975
-0.08316074683746938
-0.055231193133038314
-0.08627329353889883
-0.054793713114001066
-0.0794488556549063
-0.062100769251233257
-0.022884163483286573
-0.0360125194377229
-0.1077117734655124
-0.06607268645307983
-0.03971122795637839
-0.01328269011993296
-0.03418035888831269
-0.031844079716706
-0.04197430965969758
-0.05625461535392301
-0.03533810074088863
-0.013019973560721602
-0.03479967204400829
-0.036104799043382506
-0.030852195446517086
-0.033316155518455313
-0.01339894404405157
-0.034107994854634206
-0.020760130942214388
-0.05965618461409485
-0.06022769931203391
-0.04364652939019664
-0.04317232801045391
-0.0345673542593423
-0.040359157654255504
-0.0358212489407134
-0.06337704452597126
-0.05715580096201719
-0.053175092658136185
-0.05251871338363197
-0.03352528817749688
-0.016582213386579215
-0.022730964756709462
-0.02292558634374497
-0.07931397822522863
-0.04995611333528749
-0.022957508992145034
-0.016679791883990193
-0.01151294841424111
-0.017276685357957566
-0.005230447659383697
-0.039822878599290915
-0.040287866532327604
-0.0405936088476609
-0.07500555277339122
-0.12361480954878357
-0.07036604706101023
-0.09949538945932952
-0.06402325132289713
-0.04124176533717315
-0.02781139876860035
-0.032227129634136306
-0.03018035899927553
-0.0435556705918113
-0.0620583802188895
-0.11254983810113697
-0.05342029593960594
-0.06869411567364865
-0.06444270487817373
-0.05979933854654502
-0.06500981736585151
-0.04128807062254177
-0.023863980063664168
-0.03939328794129562
-0.016351362236637905
-0.022946787617278558
-0.004383248236437323
-0.020122790517371123
-0.031212998891504848
-0.018635664991662432
-0.021654307660181654
-0.011506779029472006
-0.03854523603701394
-0.026904473740921007
-0.004923300192424257
-0.038896568919661166
-0.018222413742567087
-0.03408230159494725
-0.022895260231115308
-0.014446521727594966
-0.03358945030037926
-0.008126425350085046
-0.025840753036456516
-0.015608328747359925
-0.026552412992396055
-0.015421585336566838
-0.014884087961705863
-0.020082978826468197
-0.02039871971745661
-0.02393133437478685
-0.03660750190954228
-0.033591801871875326
-0.08568132034242903
-0.028496979467978727
-0.030718927405492306
-0.05316527840086358
-0.05057486431078462
-0.05442674901125729
-0.05595574720017164
-0.04582052806278499
-0.03760623578110216
-0.07389106670413066
-0.05261210485519413
-0.03829244322058116
-0.03849365145281991
-0.04434389132679987
-0.03806625221955283
-0.04735366908047852
-0.033867876300480666
-0.05672561602374027
-0.02191788438604307
-0.03508257550485226
-0.015420440685796255
-0.026158322308131622
-0.02473843056455998
-0.013399109857570788
-0.01838800030004245
-0.02242486883802557
-0.013770687324021423
-0.06874651301699317
-0.029092555645028675
-0.0324009037331746
-0.024263718873411298
-0.017606901468008522
-0.007042512223873858
-0.019921782968491016
-0.040100126479126905
-0.026485364655627487
-0.031121829934798697
-0.043329484307489674
-0.03938945782922387
-0.013032102172116637
-0.007928022698811226
-0.021151803094082555
-0.015489666641842719
-0.005405097093180306
-0.007776035778601904
-0.05252741971241497
-0.02421664940438722
-0.037901691803217945
-0.0460563802900608
-0.06868176779464516
-0.09595478554670793
-0.09406990015513389
-0.0816687507153303
-0.06154977819697222
-0.04773662956953389
-0.05529541113173733
-0.04238291507564166
-0.013177965938765517
-0.03203032783966041
-0.03012434394582536
-0.03411378293937115
-0.031231116027648585
-0.05969695539274471
-0.1455432765180856
-0.10541537226714524
-0.09351128748826089
-0.12636286602404959
-0.17859808696418825
-0.051534499526816824
-0.14890505889672928
-0.05859018474661657
-0.0754614045541449
-0.07115449369349654
-0.08657651586715116
-0.018937176000283773
-0.04361108033548553
-0.058747870300579826
-0.09732809764872173
-0.05962275219183746
-0.05564631529711548
-0.1078095622246563
-0.16188058779414435
-0.09890261172332881
-0.06978013040855388
-0.05176752962659289
-0.02456087821911661
-0.020942577442241712
-0.015216086401973934
-0.06498976403510273
-0.01233071533985412
-0.056484055439770045
-0.030101769280658438
-0.03455077776094921
-0.0425516618229902
-0.0420212386950146
-0.04058388302531793
-0.033158071054022825
-0.026845386079111706
-0.05756791819184809
-0.008293834641951102
-0.06194160078192849
-0.01635766724263708
-0.06346013847327438
-0.07083941337866152
-0.015343124246076425
-0.07501921998734645
-0.06644861150138347
-0.024817927096537334
-0.02425142552391678
-0.039273479760077036
-0.007586049845171982
-0.024405708170977723
-0.02004570194115959
-0.013830967301635544
-0.026537433273135905
-0.010890634152403775
-0.04897260060523588
-0.06253702523419827
-0.06323401390327257
-0.08245831301160744
-0.08613144024667099
-0.06793590202607148
-0.05929331160127405
-0.08136218373682705
-0.09319188460240492
-0.08405132698755789
-0.02706007365653911
-0.009879615821143516
-0.006185121336263722
-0.025132048054681454
-0.04355516557428899
-0.04179610802346723
-0.031937585037698855
-0.03362639181744509
-0.056019224225614096
-0.029604795316542573
-0.014311908628734684
-0.060005648129680435
-0.09071938265658872
-0.06561946933727458
-0.10165118785045066
-0.010756130108357895
-0.09322434106691585
-0.06788742880270465
-0.18564860236155833
-0.06608712837158734
-0.0774903523763822
-0.08324293734272645
-0.08125349319616038
-0.046126081541043557
-0.06223401906656135
-0.06169920087216285
-0.01945092536582841
-0.04226292016800548
-0.02182808559720422
-0.07791503972087838
-0.04614231835067785
-0.010119244522401604
-0.01512176759257828
-0.08459876287077678
-0.06386644763256115
-0.04810313795441699
-0.054504683419423515
-0.03517524343314087
-0.03611749225476824
-0.018125784392262586
-0.03477950771015756
-0.03763083379388824
-0.032409412762833545
-0.05661629357758335
-0.052458555939722554
-0.10066492113232575
-0.05709780104184716
-0.08358283754862246
-0.028210520442214376
-0.06739024709475934
-0.03887861659763784
-0.021819432574033397
-0.011999789593327816
-0.07591969032227226
-0.06973876730550002
-0.03059239399467334
-0.04385201824113784
-0.04238890153524218
-0.06503968991777428
-0.05862582019989257
-0.044735879669832015
-0.07733163150236647
-0.04674501725805466
-0.03835271224619644
-0.055663902441592195
-0.0718112293415521
-0.04777687312953555
-0.02314567079544893
-0.052977074875031074
-0.026401999324769283
-0.039805127448398384
-0.06449834113372313
-0.12459594961586067
-0.09530900002255603
-0.09371458971390655
-0.07764234986971617
-0.06310838292078343
-0.07063360821187373
-0.0636388329425905
-0.0903655143377417
-0.06084528552739294
-0.07432421572423585
-0.07936825359243956
-0.10020169634930098
-0.09085495286391043
-0.06665457664075304
-0.07329126806838397
-0.027663129163587707
-0.03882995808468295
-0.08257900879951174
-0.05429640526815494
-0.03122244692342674
-0.013907216511192418
-0.040119924587056
-0.03901322859513331
-0.043908785590072906
-0.02043604631049496
-0.03011222309175286
-0.02576368470499303
-0.007379466692840294
-0.03230129935058344
-0.04935806982601317
-0.02260351500482887
-0.01657477630512249
-0.019499349077485628
-0.026213747230435944
-0.03222750776512324
-0.024115102571098085
