-1380.5052096951079
-1060.126886818839
-682.9807861854864
-457.91558344818304
-237.0528553600243
-196.22126072606858
-158.07300958551727
-110.47271914673942
-94.67659271979852
-70.13654021114245
-56.767365895357095
-48.623248154817446
-43.32506364541282
-39.024321387804136
-35.5443639030004
-32.0766368213434
-29.688775675062367
-27.93486079056114
-26.444394155090613
-25.456168470327775
-24.188708807200786
-21.168393841046594
-21.6547627296519
-19.155832932445733
-20.002814970197615
-18.067092396516422
-17.63052783586091
-16.965750827281585
-16.166470205698857
-15.676464641008836
-14.520373648126341
-13.772741557783121
-13.146697869347577
-12.73311788327844
-12.753844674850491
-9.763834578448835
-8.64934477272182
-8.131117643762897
-7.564989742507872
-7.100745290190473
-6.580802164508791
-6.376745308288026
-5.98134126343649
-5.847766440878302
-5.707381816984006
-5.484115600520363
-5.375031121977023
-5.220827064822597
-5.148571475778267
-4.968980516814414
-4.798546895877226
-4.588851980831758
-4.465569338563728
-4.360218295580234
-4.297315716559561
-4.204618668346928
-4.136865315810501
-4.049100614800231
-3.9825787803917754
-4.051468007765515
-4.081629519877959
-4.048142772723043
-3.982527486811403
-3.91494963184901
-3.8385296865534477
-3.7423059499610947
-3.6793164536686382
-3.618593406688372
-3.54121915708792
-3.4884745488243882
-3.457998831273323
-3.3795053794936094
-3.3595401102287266
-3.2903698395910497
-3.243579839377975
-3.2233531718841326
-3.1934113800186132
-3.1580053347922714
-3.1913020593303396
-3.103406713928396
-3.167615266996557
-3.1435560674135425
-3.0961451529756157
-3.0557059035883833
-3.0175678866056193
-2.943333924959538
-2.8922232566974273
-2.830740794051361
-2.809475581348782
-2.7784227540037114
-2.754382642267142
-2.7705001122731123
-2.7882447046263126
-2.7981501735221657
-2.7616944081371164
-2.802172647060013
-2.7612229968244284
-2.717110574570309
-2.703975211465881
-2.6165745827583513
-2.5923951170153146
-2.5521304158131612
-2.5182570275393226
-2.5039306278016515
-2.440261599918605
-2.4135197267753754
-2.335655824051137
-2.3352905478911055
-2.264837739610588
-2.2169845722949892
-2.207272318741407
-2.21244688200507
-2.200652083797301
-2.1929592314249704
-2.169372460771445
-2.120846631081725
-2.154169370236064
-2.153948902463163
-2.1594674412215613
-2.1528818302117068
-2.160445139310266
-2.1308842229406584
-2.1134064434695397
-2.071840310334505
-2.0528640984445428
-2.0255404694781554
-1.9973941100048904
-1.9766635372785653
-1.9634866300130125
-1.9485949464394559
-1.949017077088599
-1.9443616677337026
-1.9386445951928761
-1.9308803090798647
-1.9489254172468495
-1.9274282686134512
-1.9136599381046433
-1.8977886686500376
-1.895292207945289
-1.890335650760688
-1.9146527315892767
-1.904772537022504
-1.886248254425875
-1.8817383071976577
-1.8599671795908248
-1.8743927491365222
-1.8593365653550047
-1.8688009419989826
-1.852336590543045
-1.8339586301314614
-1.849723424374823
-1.8341425576940802
-1.8350706237592087
-1.832926709491287
-1.8414881903167872
-1.8274687179750158
-1.8585831423486017
-1.8488068413453684
-1.840501880568666
-1.8244398315691324
-1.8293664056270957
-1.8293395986766543
-1.8277036983823072
-1.8279859541540955
-1.8330076155846573
-1.8235578899921936
-1.8283775662975943
-1.8302856432039785
-1.8320286970755475
-1.8126620207198934
-1.8307344358995612
-1.823397914305463
-1.8267110104863202
-1.815045558655341
-1.8126546642252577
-1.8064983390137626
-1.807041137405375
-1.811935324071549
-1.8074174871059692
-1.805137580632544
-1.8042725778065638
-1.8060793632493721
-1.803440443220753
-1.8024629379573482
-1.7979910297951534
-1.800179221180522
-1.7973361558044096
-1.7974530109304234
-1.794223638829909
-1.7831302854593876
-1.794455594157699
-1.7897143779141693
-1.7934263494784293
-1.7914972195142864
-1.7878375897345395
-1.7845884525269486
-1.7798800936106158
-1.7754002079181133
-1.7759167873498676
-1.772666549129536
-1.7744367195052508
-1.7745072175870746
-1.7744777643738399
-1.77252147397843
-1.7781390074425618
-1.778704718883241
-1.7784664310297458
-1.7802685510739962
-1.7796744248563834
-1.7781703127981743
-1.7781199730667183
-1.779262757379079
-1.7799182381755263
-1.7796501575027928
-1.7822334549157528
-1.782838463517904
-1.7835891689160877
-1.7836377610935386
-1.7842454659834575
-1.7795475800924332
-1.7798161026821273
-1.7800355193098276
-1.7811692450356855
-1.7819174392108514
-1.7823372905345614
-1.782465007551925
-1.7821395865505136
-1.7820727469241024
-1.7820956582880176
-1.7814199416656593
-1.7814767844676938
-1.781852353896032
-1.7822614277045736
-1.7828413100998417
-1.7824044661394731
-1.782263640279016
-1.7823031514618703
-1.7825638111171775
-1.7829923501219507
-1.7825966953729901
-1.7824458804471848
-1.7825478437190172
-1.7824662721683586
-1.7819660983288546
-1.782464533321225
-1.7821228366698
-1.7820945522086398
-1.782147645567573
-1.7822511551094828
-1.7827559165956854
-1.7829570788004174
-1.783074128015936
-1.7833111206403431
-1.783379477346843
-1.7835295007109198
-1.7839279447390297
-1.7841032404992234
-1.7844956034314525
-1.7850805872527435
-1.7845475723831448
-1.7846128547457452
-1.7844018134725605
-1.7842242415876337
-1.784019784653189
-1.784783847453261
-1.7852589639310992
-1.7858189018047126
-1.786338070041421
-1.7869652517671426
-1.7871136544175743
-1.7870207012651251
-1.7870180002069849
-1.7866836087443239
-1.7862304340952047
-1.7867406291253851
-1.7867263339804997
-1.7866402502777436
-1.7867677905308657
-1.7868329177323397
-1.7871536987555963
-1.7872507978355179
-1.7874879482814634
-1.7876982891639221
-1.7878965922966832
-1.7865791072987147
-1.7864738241325153
-1.7862299578587804
-1.786252023746477
-1.7867669963260029
-1.7876369147519726
-1.7879406479619977
-1.7885368056835356
-1.7887227188929633
-1.7888666371592177
-1.7886892898668159
-1.7885726164385658
-1.7886650943988114
-1.7888024760448218
-1.78878130229509
-1.7877078296064064
-1.787321205239951
-1.7873615767731237
-1.7873394834640723
-1.7875222862690436
-1.78741752773976
-1.7876216513038843
-1.7883249945012822
-1.7882977857321125
-1.7883778232478416
-1.7875847657137307
-1.7875114760195547
-1.7871778533509726
-1.787398771059497
-1.7875504253256935
-1.7888570843443645
-1.7893068141321986
-1.790344252090714
-1.7909769636320119
-1.7914375000501361
-1.791673047790592
-1.7919275089335793
-1.7919037050469584
-1.7918818188099415
-1.7913038642302956
-1.7914735867369163
-1.7912666668865018
-1.7911831780448353
-1.7909092998998644
-1.7908089308092605
-1.7915869658754482
-1.7919108940735755
-1.7920110671792977
-1.791964573962365
-1.7916818321245984
-1.7905595726950605
-1.790352066525456
-1.7904838058362649
-1.7904319690483261
-1.7903053404108402
-1.7910321835794631
-1.7910875665421366
-1.7911959483003697
-1.7910281935847385
-1.7905243203694123
-1.789989165995386
-1.7893123893973906
-1.7891758850360067
-1.7887309967495912
-1.7888055009071318
-1.7887657009055096
-1.7889333504937446
-1.7888354316750859
-1.7889046902177077
-1.7886695514095226
-1.7883059005415378
-1.7880117459791889
-1.7875078196412313
-1.7874532936871608
-1.7870340477899065
-1.7872337928155873
-1.7871018957067848
-1.78719263247142
-1.787162597741087
-1.7872646245855732
-1.7878259805244936
-1.7881539589783293
-1.7883565004262916
-1.788352044975564
-1.7882904665554074
-1.787094268517659
-1.7867080682949075
-1.7862032890243038
-1.7858979241456878
-1.785419295522229
-1.7852188458911054
-1.7848215685134017
-1.7846649889944382
-1.7844032392596205
-1.7840664999616982
-1.7834597082214843
-1.7832054312338532
-1.7830374298513534
-1.7827636649280418
-1.7826115569251137
-1.7839534372843446
-1.7842929851183122
-1.784250851358236
-1.7840915213703104
-1.7838810783579844
-1.782542310528969
-1.7818381368629155
-1.7815323676039965
-1.781839558556018
-1.7819218626572229
-1.782580411190823
-1.783334538551529
-1.7836678357545293
-1.7842155302280451
-1.7847161754298415
-1.784927608101186
-1.7845076447484007
-1.7839271530567404
-1.783202899904687
-1.782703261345633
-1.783557514198654
-1.7833239371236524
-1.7824961492535831
-1.781792485923773
-1.781171612746797
-1.7809927893514848
-1.7806238921463498
-1.7804276720824006
-1.7805546423463934
-1.7807463149926428
-1.7802411138546357
-1.7799659999978745
-1.779938887361742
-1.7801583342662675
-1.780155811580648
-1.7804700986405095
-1.7802802200328067
-1.7798391136684664
-1.7792537793844418
-1.7783433773662818
-1.777790318287876
-1.7775008702247301
-1.7772074305984344
-1.7767056486704733
-1.7767303069712972
-1.7752716196255607
-1.775118906024828
-1.7752255205545138
-1.7754571377084283
-1.775771650409266
-1.776110287862342
-1.7764069763567394
-1.7770075636376368
-1.7773496589168427
-1.777659339617435
-1.7781995740769625
-1.778150019251022
-1.7778359216342292
-1.7777950357669368
-1.7777352828820054
-1.777983440895124
-1.7780708945727008
-1.7783469963486251
-1.7784779190055013
-1.7787051911154281
-1.7789496836447174
-1.7794049998034585
-1.7797877337919108
-1.7800843910107977
-1.7802958314466533
-1.7799486604260728
-1.7801882917045826
-1.7802986699149506
-1.7801148189414056
-1.7798285537583962
-1.7800683103484465
-1.7798206733101407
-1.7796499999247373
-1.7795757837623425
-1.7794738451123946
-1.7789377172175862
-1.7784011254943946
-1.777886245283381
-1.7775200485491587
-1.7771433174304638
-1.7770557978528514
-1.7767551230223733
-1.776287347166175
-1.7758910532323162
-1.775640812140784
-1.7762377418868778
-1.7760975748557972
-1.7759043909440428
-1.7757783967899328
-1.7757641196262786
-1.7746411793765389
-1.7746933594412233
-1.775087394476171
-1.775172682047232
-1.775141168589321
-1.7767053345564066
-1.7767998879055082
-1.7767303069712972
-1.7766403153355625
-1.7764597313552855
-1.7754480412434153
-1.775141168589321
-1.7750413049721754
-1.7747367668179392
-1.7743676368194583
-1.7742323067409764
-1.7738878094480761
-1.773381484759156
-1.7728763873147546
-1.772285933773377
-1.7713902963310928
-1.7710960613976612
-1.7708206461980884
-1.7705192700641965
-1.7706034952999927
-1.7690354137038184
-1.7684980870192009
-1.7686397028671754
-1.7688935788028017
-1.7692191634169145
-1.7691121790688018
-1.769460431797183
-1.7699172930165739
-1.7704628124478634
-1.770721736095192
-1.77133175374037
-1.771317391882556
-1.7716102949478896
-1.771712115499769
-1.771946878328634
-1.7730298101489264
-1.773100509320906
-1.7730481100574895
-1.7728879595689984
-1.7726051081548126
-1.772830412553773
-1.7726213669296338
-1.772441286375956
-1.772344383166545
-1.7723787669634719
-1.7727234600914086
-1.7727616112435263
-1.7724820826705656
-1.7722081114210726
-1.772094515558696
-1.7723983038060835
-1.7724008045530315
-1.7721473272293646
-1.771872990836296
-1.7713804609054093
-1.7703319756266354
-1.7700686452423808
-1.769627598185976
-1.7694781907527901
-1.769348745484185
-1.7690365036319502
-1.7686960442686255
-1.7682169456239767
-1.7677709124308982
-1.767295422730886
-1.766384639775916
-1.7658897256165627
-1.7655740504407664
-1.765504725605672
-1.7654799126700844
-1.7652332169858334
-1.7654485873349977
-1.7656958085738736
-1.7660321654216664
-1.766190614028289
-1.7660585456850797
-1.7664613305045047
-1.7668110252624905
-1.7667030895968043
-1.7666105394427716
-1.7669460022264676
-1.7665881797861402
-1.766453102232939
-1.7662603031710413
-1.7663180453348635
-1.766205048076226
-1.7660833748882412
-1.7659704076519518
-1.7658824335651064
-1.7656785907993353
-1.7655920416680282
-1.7656210455391375
-1.7657832986703488
-1.7660697187401064
-1.7661496412421054
-1.7658960868170153
-1.7654526192464886
-1.7651350850764655
-1.7649275402534146
-1.7648365707180844
-1.76483052707777
-1.764623518648913
-1.764240928828931
-1.7642592026257753
-1.7638515391720437
-1.7638058764990934
-1.76371858224059
-1.7634564418549437
-1.7635421627800625
-1.7631642178026201
-1.7615489113763407
-1.7615073817566191
-1.7617599862137312
-1.761642630390019
-1.7615027503218854
-1.7618401368731622
-1.7617939605546276
-1.761835658127573
-1.7618838444479061
-1.762107203929791
-1.7628997681534824
-1.763281157677896
-1.7635382943277187
-1.763943645655339
-1.7643103093216077
-1.7652149230062837
-1.765627404804021
-1.7661144123739876
-1.7664925365329192
-1.7671599262572457
-1.7683862109741542
-1.7693341042514112
-1.7698686662818544
-1.770405734650842
-1.7703157588218492
-1.7700480685482756
-1.7700179837884351
-1.7697823292408146
-1.7696874305515689
-1.7696975588263495
-1.7699637402773527
-1.7700276482111885
-1.770030142272902
-1.7700502509022442
-1.769858691897298
-1.7694875377147123
-1.7691525108042738
-1.7689826316488488
-1.7688323990890304
-1.7687453848527865
-1.7678612517459635
-1.7674483473763372
-1.7668835592263321
-1.7662048928701548
-1.7658152564347322
-1.7652629842714802
-1.7647095080199677
-1.7641645856196617
-1.7640825201675385
-1.7642163062606862
-1.764412841378947
-1.7646548147112777
-1.7650165042006063
-1.7654161776385515
-1.7658053276850398
-1.7644988102182957
-1.7643104641948828
-1.764203608097887
-1.7645607749370191
-1.7647116772295854
-1.76492676534554
-1.7650874958044063
-1.7651694997645002
-1.765324537520233
-1.7655543535693061
-1.7656719209408762
-1.7658749864257783
-1.7663559212776003
-1.7669722544572213
-1.7674202159583121
-1.7681055717659868
-1.768439735438232
-1.7685190945310238
-1.768670052071119
-1.7687502101049988
-1.7685399469252072
-1.7685586211284043
-1.768655888979663
-1.7684921738836628
-1.7686295866973138
-1.7683165095525284
-1.7682754380734051
-1.7681203482164016
-1.7681141265229663
-1.7682902173631891
-1.767707478292348
-1.7681761898750379
-1.7684854827516634
-1.7687240606663386
-1.7689367029250052
-1.769466039849917
-1.7693607390149784
-1.7690961403182637
-1.7686316099220283
-1.7684924851003367
-1.7687126983536126
-1.768667250562505
-1.768513336867024
-1.7684235532818058
-1.7683317562689957
-1.7675492237461554
-1.7674197496992592
-1.7670628228738734
-1.766963866085666
-1.7668743950778125
-1.7671187531195442
-1.7671007307648787
-1.7673002400751485
-1.767275842827732
-1.7674091812267125
-1.7672676069663504
-1.7671335130803687
-1.7670409178258677
-1.7668830932503845
-1.7667010707819404
-1.7660588560458104
-1.7658757621665275
-1.7658022249736587
-1.7658028455150627
-1.7658093612261363
-1.7650154192204004
-1.7654096648287885
-1.7652924424695564
-1.7653046911676165
-1.765173375376502
-1.7646686039227373
-1.7643367930468528
-1.7642163062606862
-1.7641032680701174
-1.7639936503461864
-1.7643750487203491
-1.7643104641948828
-1.7640814363352948
-1.763908040328016
-1.7635957039033998
-1.7624715589397157
-1.7618484766670055
-1.7614376040540058
-1.7612638013359485
-1.7611100932359083
-1.760736737525255
-1.7604449514867118
-1.7603427258772786
-1.7602127638518643
-1.7600908359131826
-1.7595977473177435
-1.7594732861314788
-1.7593933506708233
-1.7593784117082298
-1.7592686104180897
-1.7590779922048667
-1.75871026814637
-1.758326084600174
-1.7581327485415925
-1.7578782619190993
-1.7574919828844617
-1.7571218492666083
-1.756865351653117
-1.7566993592871032
-1.7567268433676053
-1.7569707062803426
-1.7569654843248248
-1.7570204700020378
-1.7571597926968296
-1.7573519928925847
-1.7577817146748203
-1.7576764164765626
-1.7578196866090736
-1.7580747713924858
-1.7584322298700015
-1.7580724646884613
-1.7584203840379629
-1.7587219639907037
-1.7590479712922462
-1.7595295071354378
-1.7610903415299552
-1.7617513384089016
-1.7621971197890725
-1.7623471544769627
-1.7621796611810057
-1.761215031603184
-1.7608132471196725
-1.7603536725468745
-1.7601184262182645
-1.7594893049008438
-1.7591848441767037
-1.7585653141459516
-1.7582724015101983
-1.7582094934072905
-1.7580761554178062
-1.758822462327085
-1.758749665295179
-1.7589152757387303
-1.758773058187435
-1.758907733321385
-1.7583217775264481
-1.758205955921499
-1.7580320214613503
-1.758077847007268
-1.7580178744599828
-1.7579586748046596
-1.7579509868302514
-1.757848743164696
-1.757859197610167
-1.7582713248055368
-1.7582219516227657
-1.7580455535887554
-1.757776026712587
-1.7577431294910046
-1.7579223881557806
-1.7583673105162387
-1.7585807009104322
-1.7586870308119598
-1.7586936480035953
-1.7585993192554665
-1.7583493123972165
-1.7583493123972165
-1.758428383803141
-1.7585303871898843
-1.75874135481221
-1.7577944742915763
-1.7578988641371842
-1.7583842321607683
-1.7584777685805293
-1.7586861074868532
-1.7593767176150856
-1.7597629012205158
-1.7600912983134034
-1.760215538641234
-1.7605103327616196
-1.7611091673647943
-1.7612358664433665
-1.761464310353531
-1.7615096974831188
-1.7615103150112137
-1.7612412681490663
-1.761248058911813
-1.7614971926323526
-1.7615130938929988
-1.7616860193399346
-1.7607035751497684
-1.760408870504166
-1.7605374735850916
-1.7607910339718036
-1.7608908432774808
-1.7617476322328207
-1.7619738919764483
-1.762332474363526
-1.7623573534365913
-1.7623993867583794
-1.762164520367384
-1.7620772340157485
-1.7620948450788316
-1.7623140859348982
-1.7625208619648236
-1.762833281600406
-1.7632393916560758
-1.763520190196319
-1.7638289397231488
-1.7641537463487362
-1.7641997367431497
-1.7642655520844828
-1.7641319133645113
-1.7641989624742411
-1.7643937899593405
-1.7642015949913032
-1.7643425235481736
-1.7643578566942204
-1.7645051614017886
-1.7645033025140826
-1.7657626663592967
-1.7662131188295216
-1.7665054229260018
-1.7667867968284794
-1.766931711399174
-1.7668660076353675
-1.7666622483166614
-1.766491139224486
-1.7664779425316421
-1.766293830419427
-1.7663582497697023
-1.766433230496971
-1.7667285581190273
-1.7669171101404773
-1.7670260040613817
-1.7665968751409067
-1.7662315887155666
-1.766242608747538
-1.7661428126292273
-1.7662568884301264
-1.7663840188255344
-1.7664847737362628
-1.7663050064517423
-1.7661654714114134
-1.7661432782147917
-1.766058235324458
-1.765778799854654
-1.765465335395668
-1.76519476906101
-1.7649780657153906
-1.764240309384824
-1.7636921170713644
-1.7633792382630706
-1.763204897507734
-1.7629245086162806
-1.7625466737394353
-1.7624483766525016
-1.762398459531125
-1.762255678177512
-1.7620508180811585
-1.7611303083312275
-1.760440325637065
-1.760021632752674
-1.7596621413276456
-1.7594885347610267
-1.75908645982703
-1.7590051740192818
-1.7590936958596572
-1.7591232564410668
-1.7593084945751838
-1.7589215867907053
-1.7591258738320898
-1.759469897583028
-1.7597310080796862
-1.759901888691719
-1.7605348519917676
-1.7607089735908845
-1.7609846465704226
-1.7611215123930248
-1.7613286260476178
-1.761313345507182
-1.7612898849914358
-1.7614042609092455
-1.76144717500466
-1.7614794391368478
-1.7615816424192663
-1.7619604537678326
-1.7623842421687326
-1.7625684675030386
-1.762671879301395
-1.76300476527223
-1.7633812494933305
-1.7638208907442245
-1.7642345795474565
-1.7647696280892866
-1.7649469131714293
-1.765195234146867
-1.7653967944174727
-1.7655267476701961
-1.7656925511313142
-1.7655393097981453
-1.7653833039468116
-1.7652349223761297
-1.765043164133303
-1.764788222754535
-1.7646255327185152
-1.7642835166542532
-1.7641037325809845
-1.7640616179233757
-1.7640766365227945
-1.7646168567591365
-1.76478496865983
-1.7646486173830604
-1.764624138362147
-1.7647150859983305
-1.7648029438090922
-1.764991549993348
-1.7649917049862465
-1.7651650040758986
-1.7651712050316843
-1.7648856962019093
-1.764968921322292
-1.7650437841413205
-1.7649814755133422
-1.7650440941454926
-1.7652260853893869
-1.7653298092826566
-1.7653837691320229
-1.765208721743337
-1.765203605734206
-1.7648688041655174
-1.764623053864273
-1.7643163493994825
-1.763941013908037
-1.7636063815682503
-1.7627867439970923
-1.762391505357817
-1.762123579674348
-1.7618160445788908
-1.7617300281093806
-1.7620953085326139
-1.762391505357817
-1.762467695182829
-1.7625122066887042
-1.762540800335058
-1.7630152811365987
-1.7632726496240876
-1.7634095619138497
-1.7635941564264672
-1.7635299385285763
-1.7628512170137838
-1.7626296784024729
-1.7625106611126282
-1.7624259676878804
-1.7622932255770956
-1.7621445905093678
-1.7621744082161923
-1.7621584950139284
-1.7622116431425496
-1.7623610621784511
-1.762202990903141
-1.7618836900003612
-1.7616906517384407
-1.7615078449014319
-1.761473727218733
-1.761116574360964
-1.7608575208291355
-1.7605875937824378
-1.760537936220018
-1.7605319219849391
-1.7604796461339698
-1.7605821960856107
-1.760667792034185
-1.7610437416044888
-1.761371690815363
-1.7617501030151421
-1.7620795512407788
-1.7624406493589513
-1.7629022421685139
-1.7634825904957039
-1.7634237958238728
-1.7637079032170737
-1.7640345231588952
-1.764199891597013
-1.764257653984243
-1.764528707651745
-1.7648474183814455
-1.7651305895631628
-1.7653609753449704
-1.7654946452664717
-1.7659038444405668
-1.7662786188249209
-1.7666661304864095
-1.7671610138755722
-1.7675374102015775
-1.7681709010987774
-1.768333000910519
-1.7684619863868867
-1.7685874112976545
-1.7685713820607392
-1.7685551974949623
-1.7684370902577988
-1.7682647037967583
-1.7680778860290576
-1.7676145119719011
-1.7671290073819714
-1.7667204826544305
-1.7665547966299766
-1.766314164694766
-1.7660101307468932
-1.765052619302898
-1.7646012092623724
-1.764349183366748
-1.7640995519919869
-1.763765478613847
-1.7636206186558459
-1.7633840342812643
-1.7631506067614635
-1.7630780696432713
-1.76304806669545
-1.763121993326105
-1.7633091574892332
-1.7633925434100046
-1.7636617837022341
-1.763760525743773
-1.7637425718229331
-1.7636676645800196
-1.7635539229794062
-1.7635110609035174
-1.7634265807461893
-1.763369027472523
-1.7633260196830745
-1.7632177359792565
-1.762963321616474
-1.762759842981685
-1.7625188526967195
-1.7623695614374213
-1.7621915577170946
-1.7619596814632212
-1.7618741143054604
-1.761422167255985
-1.761275068145607
-1.761256547438886
-1.7611932712963863
-1.7611525300401634
-1.7610355637262505
-1.7609952926413646
-1.7610323234558822
-1.761063029353977
-1.7611107104838584
-1.7609099734009932
-1.7609769321066953
-1.7609323438306999
-1.7610261515453107
-1.7609800178840753
-1.7608860608115477
-1.7607754542511007
-1.760739822460901
-1.760633398427594
-1.7605410204590748
-1.7608422484617894
-1.7609047280031862
-1.761020133974156
-1.7609982241907487
-1.7608146354600231
-1.7612114820128906
-1.7615126307454259
-1.761710262495316
-1.7618447700822166
-1.7620330534243736
-1.7624100499419295
-1.762457494946044
-1.7625275080381129
-1.7626517833832236
-1.7627901453333714
-1.7623233573635535
-1.762139492246008
-1.7620375331736138
-1.7618507932904186
-1.7616664091227856
-1.7621731722290228
-1.762314704027107
-1.762435703926639
-1.762453476703364
-1.7623735792974708
-1.7621685372925793
-1.7620602412184132
-1.7619701848639426
-1.7617507207118053
-1.7616119042769252
-1.761543199007665
-1.7613704559539867
-1.7611982097585615
-1.7611962035049624
-1.7611642583904121
-1.7609144474414642
-1.7608246624275605
-1.7607540133041073
-1.7608249709514494
-1.7609925153930568
-1.761124752991614
-1.7611945059093335
-1.7611875612340204
-1.7612168835690172
-1.761179690668207
-1.7610945078685585
-1.7610925018512147
-1.7610574744388068
-1.7610017729214829
-1.760867548285102
-1.7611995987060383
-1.7613503896992981
-1.7613823415666023
-1.761543507783403
-1.761675828148975
-1.7621918667201724
-1.7624125225826315
-1.76266585047783
-1.7627593791782747
-1.76290935500041
-1.762643590563456
-1.7626571937776547
-1.7625659944247405
-1.7625043242790566
-1.762363998276827
-1.7621867681832488
-1.762160348964449
-1.7621761077013813
-1.7622467164832636
-1.7622260122278535
-1.762501078601459
-1.7625482193786721
-1.7625607391563998
-1.7624911870863191
-1.7624343130288016
-1.7623219666430363
-1.7622145787430812
-1.7621413461565438
-1.762150306779125
-1.7622386819383247
-1.7620639487098786
-1.7621041142007983
-1.7620761526461535
-1.7620603956969128
-1.7620603956969128
-1.7619635429930478
-1.7618776665672309
-1.7618012188791452
-1.7618064696192688
-1.7618481677843443
-1.761936667096508
-1.7619148889541485
-1.762019459841973
-1.7620829498485144
-1.762108285337498
-1.7618667009357314
-1.761984086616273
-1.7620018502857089
-1.762056070309163
-1.7620806326145453
-1.7619085564038577
-1.7617863934289142
-1.7616935856034286
-1.7617122699202596
-1.7617219982751757
-1.7618140369174438
-1.761752728228952
-1.761827164017448
-1.761888323438487
-1.7620733719875747
-1.7622447078401604
-1.7623848603101537
-1.762381151468131
-1.7624149952302715
-1.7624153043117143
-1.7623601349915228
-1.7623700250357228
-1.7622678847697513
-1.762309759301577
-1.76241654063857
-1.762681927432316
-1.7627807143877654
-1.762904406937363
-1.7629818782363582
-1.763025487830808
-1.7630389422901065
-1.763038323689773
-1.76306786234023
-1.7630554900101492
-1.7630666250994078
-1.7633490703597032
-1.7634739257714394
-1.7635672307625623
-1.7636391891155523
-1.7637012482388397
-1.7638893094067312
-1.7641374876920881
-1.7642505302682117
-1.7644809961671024
-1.7646007444894847
-1.764286614030845
-1.7642108862907901
-1.7641512688197978
-1.7640767913550481
-1.7639594363040656
-1.7639693443064361
-1.7638608267846965
-1.7637230705644338
-1.763609321817507
-1.7635930731942304
-1.763561814780065
-1.763384188991963
-1.7632748153027218
-1.763204897507734
-1.7631617430522337
-1.7629156947467821
-1.7628117905081424
-1.7627346433500013
-1.7626496192347512
-1.7626236498675816
-1.7625601208915966
-1.7625400275216068
-1.7624941236182885
-1.7624935054002187
-1.76246738608301
-1.7629133753220882
-1.762981723596245
-1.7630010538206393
-1.7630706461384291
-1.7630888956998922
-1.7633801665226205
-1.7635099777733556
-1.763622939941922
-1.7637218324038504
-1.7637928746789029
-1.7637780156905418
-1.763793493808851
-1.7637671811693594
-1.7636696764682656
-1.7635670760197435
-1.7634980634293886
-1.763442671580698
-1.7633810947831476
-1.7633342188479864
-1.7633184393908954
-1.763305444755929
-1.7631971635789814
-1.7631895843946284
-1.7631396252791562
-1.7630636866594147
-1.763359280919128
-1.763477329760103
-1.7636031318304781
-1.76374938188781
-1.763820581169579
-1.76374829846488
-1.7637962798989968
-1.7637267850566147
-1.7637295709360177
-1.7637376190815084
-1.7635321048392694
-1.7634081694784691
-1.7632864172431348
-1.7632132502269926
-1.7632203655687813
-1.7632922956178858
-1.7633761440716293
-1.763490172199283
-1.7634952782812872
-1.763546650206043
-1.7635277722232054
-1.7635186428519034
-1.7635321048392694
-1.7634969803151928
-1.7634975992374275
-1.7636817478941336
-1.7637617639586838
-1.7638256891651247
-1.7638549446186598
-1.7638535514798184
-1.7634867681610404
-1.7632403197683981
-1.7630506957789234
-1.76295899179471
-1.7627882900574103
-1.7627162465278825
-1.76260077272573
-1.762556565877395
-1.762515452407287
-1.7624497675725368
-1.7624417311759693
-1.762428131287197
-1.7623990776825196
-1.7623581260898582
-1.7623738883643874
-1.7624064955330758
-1.7624247313477988
-1.762472331693126
-1.7625273534776997
-1.7625828424080519
-1.762883687225034
-1.7630070849374095
-1.763148905396095
-1.7632400103975154
-1.7633025055198184
-1.763204742828494
-1.7631902031011126
-1.7631770556817428
-1.7632429494252846
-1.7632758981440337
-1.7633257102821178
-1.7633800118126277
-1.763431222302931
-1.7634401960485833
-1.7634570607487239
-1.763628820560663
-1.763702641137105
-1.7637821947557135
-1.7638549446186598
-1.763910362370766
-1.7640051069283977
-1.764039167916552
-1.764101410029095
-1.7641353198938445
-1.7641328424166611
-1.7642983841610795
-1.7643242480252588
-1.7643420589115446
-1.7643798501568668
-1.7643511968101682
-1.7643151104057775
-1.7642990036459685
-1.764240619106823
-1.7641949362868719
-1.764144920183656
-1.7638631487031422
-1.7637650142810959
-1.7636667360177618
-1.763603596077998
-1.763527308015604
-1.7633957923717327
-1.7633504627017529
-1.763319367586436
-1.7632672354507763
-1.7632333589497953
-1.7631461213507558
-1.7630721926967827
-1.763021930939107
-1.762986517452368
-1.7629180141775793
-1.7630607482292162
-1.7630972473201285
-1.7631230759797267
-1.7631243132997796
-1.7631786024267861
-1.7630544074395287
-1.763036467891377
-1.7630356946431982
-1.7630377050898736
-1.7630356946431982
-1.7630112603501154
-1.7630043013399266
-1.7629979609562507
-1.7630029095444812
-1.7629995073870885
-1.762942136619675
-1.7629478580649756
-1.7629439922194872
-1.7629255910273829
-1.7629186326934894
-1.762860803332664
-1.7628488977587502
-1.7628155011629048
-1.7627669546645413
-1.762723357858971
-1.7626644592167102
-1.7626049462140787
-1.762582996978197
-1.7625578024024473
-1.7625593480612023
-1.7624010866775461
-1.7623091412128369
-1.7622712841040222
-1.762228329844203
-1.7621892401974666
-1.7621696187755687
-1.7621362479119573
-1.7621153917640235
-1.7621164731817804
-1.7621186360212766
-1.7621118385435959
-1.762117554600865
-1.7621257425312893
-1.7621388742766966
-1.7621722452397837
-1.762209789084095
-1.7622269392736618
-1.7622433172437715
-1.7622753015159773
-1.762313313320247
-1.7622922984615441
-1.7623092957349813
-1.762320266876496
-1.7623368011083833
-1.7623689433067318
-1.7623286112164276
-1.7623230483143602
-1.7623249026111472
-1.7623269114370699
-1.762330001947432
-1.7623568898449562
-1.7623785243811427
-1.7624017048307836
-1.7624156133932656
-1.7624431220855152
-1.7624564131096738
-1.7624578040423937
-1.7624683133827925
-1.7624867050300739
-1.762513752267491
-1.7624621314026736
-1.7624412675399417
-1.7624425039032237
-1.762446985734662
-1.7624440493597655
-1.762434158484733
-1.7624336948526897
-1.7624412675399417
-1.7624488402922696
-1.7624610495606114
-1.762493350845769
-1.762513752267491
-1.7625290536437357
-1.7625360089025846
-1.7625494558920134
-1.7625205528463554
-1.7625132885935701
-1.7625120521309745
-1.7625074154116918
-1.7625129794777588
-1.7625462100481928
-1.7625585752314858
-1.7625768141935318
-1.7625795964412634
-1.7625834606887956
-1.7625910346631093
-1.7626010818723374
-1.7626108200459776
-1.7626222586730782
-1.7626312241872928
-1.762644827210616
-1.7626516288010137
-1.7626590487776772
-1.7626664688168105
-1.762671879301395
