0.0006618420601926126
0.000783748735483686
0.0010825565812704267
0.0015258424287859507
0.006091621603900327
0.005466014429690226
0.007627801079307989
0.010055932711008063
0.012502922543235132
0.02565761254673007
0.016831732695882038
0.019263036953843984
0.020390129879268835
0.021452826179389237
0.02771803769860596
0.02486393031226488
0.027174670835420658
0.02812532369851114
0.028598800412963858
0.10344934351919383
0.08029875518621031
0.09617175219849369
0.10702050023155195
0.11702417774748736
0.12366632868514858
0.1284019216046006
0.13327606112403353
0.13552647247795102
0.1373599069138412
0.1327079410769833
0.13320584525382356
0.1302550636402597
0.12594605807080161
0.12348931328383164
0.11045177913020712
0.10414271850529735
0.10001073617777385
0.09487584557593452
0.09128784792392242
0.0886964717343679
0.08425715687041387
0.08148798650457943
0.0790916348646004
0.07689457124355667
0.07555201635181233
0.0735527021621925
0.07137156726207633
0.06933159323639518
0.06700895975243219
0.06421964425025282
0.052891848572189336
0.0502488757664334
0.047565876468787543
0.04607782055028011
0.04580266133223624
0.045532089219689806
0.04247855877793627
0.0408210870261289
0.038332205025125826
0.03945095789998946
0.03688174048415994
0.03579798852536313
0.032720823357231775
0.030033994905294577
0.035018859168428416
0.030723405147472696
0.027280697655522428
0.024877013489534062
0.022599779949877982
0.02795579471955643
0.023456394431231258
0.022635625366180048
0.023492867686479797
0.02262568932454727
0.04515328408462405
0.039112604293235
0.04355626942709168
0.04402914024414392
0.04507504209332316
0.04964983687480951
0.049346384853993015
0.04914718824953506
0.047451069545355565
0.04529797823270624
0.047242974365860654
0.043546897353705566
0.043912779447094874
0.04287246653279973
0.04273402686005743
0.044945881822172226
0.046377108554259854
0.045751716278611375
0.0446804080513258
0.044359292084222644
0.0484176833201082
0.0465596844472381
0.047274156142118086
0.04819255575313158
0.04772677803842854
0.05936268529959273
0.05885786078886885
0.058031804076927936
0.058298887324631225
0.05846365883324091
0.07245944423618492
0.06795019495395331
0.0672848551736334
0.06593408981649748
0.06590763049503195
0.06808832705002622
0.06868960327857282
0.07208769452652528
0.07526674387163017
0.07710757260977623
0.07752930937218984
0.07663577234236815
0.07788534921922835
0.07833284831513662
0.07994545991482284
0.10018851656524216
0.09537819421121967
0.09437122280866075
0.09319366650912982
0.08919400537763382
0.0967361204134399
0.10020932988185383
0.10309298763374522
0.10747655931461121
0.10880751144917565
0.10494813935267909
0.10340199610216305
0.10548357308002734
0.1052696393412836
0.10424596997363138
0.1070058752891843
0.10812987635846169
0.10829537999111691
0.1075879626073083
0.10644192947442277
0.10668789243396808
0.10648080916513718
0.10478432162943124
0.10525046431669183
0.10406625965036212
0.09936361928165985
0.09287825239874134
0.09060655553475372
0.08893646469988017
0.08615602057139372
0.09434347890280602
0.0916297812131436
0.09015828301816443
0.08917947797063874
0.08649716887932819
0.07869711140018708
0.07424641203722189
0.07254529558305967
0.07114276006122296
0.07267886300469967
0.07854968533686854
0.07805611468473986
0.07937966714501433
0.07938580564927238
0.07979687005391076
0.08058685499091651
0.07779257134173359
0.07705985649552263
0.07879901805921677
0.07904245865758736
0.08195117123770347
0.08171149739953437
0.08198136446630462
0.08248381152993374
0.0816103550988963
0.08263627528881837
0.07834099901475854
0.07770532502094288
0.07693490491528904
0.07645913406443754
0.07776301227395935
0.07785922783720707
0.07743334909486879
0.0769500363071057
0.07527082637548312
0.07429998750646748
0.07070126318640735
0.06838524427147882
0.06575442620489641
0.06347156520933571
0.06164746020365344
0.06019046809142206
0.05986653913201115
0.05897991982861011
0.059476713478776616
0.060502759027635494
0.06088218985643032
0.06198813118431448
0.0627885907811101
0.06378576026404414
0.06519570041129137
0.06579163298783619
0.06691181450351864
0.06725434222221081
0.06686863692443934
0.07005189923963638
0.07047113038267569
0.07102291781272395
0.07102853375556381
0.0704308393655421
0.07016971652043118
0.06876083702454394
0.06771346414959184
0.0668651180437116
0.06628211492242383
0.06636451674461592
0.06628210460180647
0.06562642168130361
0.0652558113393745
0.064922734057875
0.06455279726290275
0.06430619758229844
0.06390426787298822
0.06349682375635933
0.0629593876435652
0.062370026442439996
0.062043333754419346
0.06163883930486161
0.06121143382479095
0.06081159098226844
0.06058772059503189
0.060300147089491905
0.05999369722945315
0.05976440483258071
0.0595607249795755
0.05913971523056861
0.058937322345289964
0.05866167219182941
0.05830369432910423
0.05804314955095082
0.057621955599378084
0.05738358500887396
0.05700685031157081
0.056724445206538694
0.056475755070488166
0.056385914904036175
0.056072365459671224
0.05579101262065877
0.0554654061381678
0.0550638381115515
0.054507335560684114
0.05420579486229654
0.05373525025795182
0.05339289100107996
0.05299324394572791
0.052579087215940165
0.05219168049046738
0.051749602926154915
0.05144622480600676
0.051191571152765215
0.0514032288594384
0.051323029408709885
0.05115302307473192
0.05096661857331656
0.05089777938309155
0.05040368719947113
0.049891608614420116
0.04926214055378565
0.04882156038318541
0.048406722394497836
0.04801113516168166
0.04767503953868714
0.04737531220778723
0.04719630743138704
0.047071802185133564
0.046828530580945806
0.04665511131115897
0.04656487335247258
0.04646659885599347
0.04645381639016003
0.046415238514216986
0.046327659997596415
0.04639461674159023
0.046300870910611025
0.0463195887594841
0.04658716737479878
0.046697013429928866
0.0466307916934168
0.046683070366635375
0.046700424870100544
0.04677848634815693
0.04675694979154699
0.04679134471292692
0.04671433063841292
0.04657974242010426
0.046291802656629806
0.04616597950454277
0.04607505795025526
0.04597917740313524
0.04593070668702858
0.04581159796979253
0.045874249283301444
0.045778367155345744
0.04582214145862659
0.045824652496025096
0.04574124200656087
0.045605160578689054
0.04557017495698664
0.04545994290546587
0.045459078598248145
0.045585793417288474
0.04555677481126936
0.04551318452613498
0.04545880719202484
0.04529510198456831
0.04542562121805378
0.04539355301898028
0.045379434787626745
0.04517446678114656
0.045020959693821395
0.04485070695771104
0.04476062039585721
0.04478722101643075
0.044734152513408
0.044676982336951394
0.04472311511796298
0.04467343400095361
0.044470800038686226
0.044285228164381865
0.04407106568920582
0.044075969593528726
0.04393621900647485
0.04381991406512785
0.0436665010045125
0.04360432244000036
0.043459445473603954
0.0434165929131878
0.04331374630260919
0.04319284418685623
0.0430854569586937
0.0429938933862806
0.042917790489232895
0.04277789468060395
0.04278196028055064
0.042841795245302475
0.04296436809308546
0.042904366490274404
0.04291180232518799
0.042949462805525356
0.042934384544400815
0.04319361694355851
0.04322392227225659
0.04310948109768217
0.04298546994250815
0.04279702152206961
0.042239941377844106
0.04201340847256881
0.04177295964102897
0.04155372657470865
0.0413967395204469
0.04130596294897234
0.04126775483079058
0.04122894760764833
0.04123354499501044
0.04117915748292388
0.04094019944233074
0.040978522975108095
0.04092920603283873
0.04088156846074601
0.040808242435167105
0.04087948149496765
0.040979890877578695
0.04098861220358624
0.04090117104710562
0.04083332691909851
0.04077638006561251
0.04064593199063825
0.04041156825974553
0.04011564212211216
0.03996841179108904
0.040087536371543254
0.039935391786384056
0.039664569165565614
0.03955212318125982
0.03933704004272088
0.03947221446996065
0.03948393770490573
0.03952350806548614
0.0395409005942912
0.03954064780132602
0.03959877520689417
0.03961942897076606
0.03968019451650986
0.039551161791573274
0.03959089792965508
0.03974016884892758
0.0398052012143858
0.039753109519763
0.039627874062018884
0.0394733155231273
0.03951396673422081
0.03940667630851097
0.03928868985085279
0.03921477160749413
0.038976775648671004
0.03840750462167555
0.03807718963062359
0.0378631636169424
0.03780261442790698
0.03790502052281961
0.03773758640416745
0.037663493487463416
0.03765745101464841
0.03769023659782342
0.03768705597043388
0.03814639580300745
0.03822276587943378
0.038206523061811125
0.038089839340134775
0.0378706832496667
0.03761017545312541
0.03740165328599206
0.03725641454913958
0.03701921691356988
0.03677103779330155
0.03618382559088751
0.03582762987386989
0.03556011175930501
0.03538781041363584
0.035203280365289226
0.035171503691177546
0.035096401022494825
0.03500992186381201
0.034861868432126596
0.03474385131157701
0.03430909807603388
0.034022813031174444
0.033811265752295934
0.03365213036617441
0.03344914531455482
0.032949966128948266
0.032713846549617155
0.032537571347647155
0.032520076007849584
0.03243362786790767
0.032335653245928464
0.03233064612157238
0.03252535878900237
0.03257748091461796
0.03257461800127543
0.03286075057242488
0.032789082395942686
0.03277722512775081
0.03259752296899449
0.032458784462471905
0.03218596605775146
0.03204507801538011
0.03196181407283682
0.03180195455315157
0.03172943510780725
0.03164805277042726
0.03160598540638017
0.03157895934010214
0.031529890280622384
0.03158064377792637
0.03171835806478267
0.03178147343951952
0.0317034357121935
0.031580853944863985
0.031507362574209975
0.031603584088566526
0.031546896631693064
0.03151415708309268
0.03145414042173027
0.03139626419202772
0.03164225866216036
0.031740640346312944
0.031733998514952004
0.03178504287743354
0.031783031736244645
0.03186658616857876
0.03187668265493501
0.03195598987455501
0.03185258113859745
0.031754246929311544
0.03167078876031147
0.03150547875871097
0.0313120886797356
0.031132099685834975
0.030977508696542158
0.030610819843593002
0.030406869990574924
0.030320562389687025
0.030286250287776647
0.030237159035312693
0.030105259149459312
0.029958439705633333
0.02979908306853586
0.029662200749301933
0.029567061587412676
0.02937825721412203
0.029195190728168625
0.029133322930183572
0.029131637554814092
0.029103678602584927
0.029027022638927334
0.02892085230674335
0.02886381263745111
0.02884168595882134
0.028813801499682563
0.028699139720725325
0.028699646248286022
0.028694478215455788
0.028723657867112208
0.028718856571915443
0.028622719739527448
0.028520795505001938
0.028320960545400526
0.028130750697900643
0.0280173428061203
0.027674294269348393
0.027549184922525304
0.027485147380889478
0.027365719672977348
0.027210227681517228
0.027194785891665067
0.02704973532248953
0.026893497737660105
0.02681903159180253
0.026789145856705738
0.02694412204428678
0.026980459320219932
0.02696893672027564
0.026872738440020142
0.026797446993374885
0.02703666014674279
0.027017014404565318
0.027031586915105564
0.027028958380270033
0.02699156674238797
0.027013044312678227
0.027045273546683367
0.02694209256289135
0.026895400182679288
0.026809655735832136
0.02679959132795777
0.026826782928729875
0.026809538692113746
0.02679174865634094
0.026756317561362025
0.026825108318660175
0.02685514909308077
0.02697053932228511
0.027046774910912435
0.027081464775488295
0.02751832427827315
0.027631707911661463
0.027668658672113267
0.02770414523398465
0.027636799578984964
0.027396005237444943
0.027166659721418965
0.027067340743625053
0.02693566787397387
0.026868090801300912
0.026826121996063067
0.02676800205025337
0.026700734471677385
0.02667896821656226
0.0267336187812728
0.0267775805938982
0.02672472135994859
0.026630810700136936
0.026620269077119025
0.026595138109341592
0.026574005193241088
0.026581883308574233
0.026536024461840568
0.026563544618727883
0.026598335182560714
0.026568682493546342
0.026525623967424312
0.02647839265757395
0.02646748296890823
0.026429704631521254
0.026353234246707546
0.02632856238173896
0.026248006602017076
0.026209439890269786
0.026168815724454276
0.026071960660079604
0.02594924318119277
0.02586092497294665
0.02576874461373455
0.0256218075938619
0.025289449445098068
0.025163720312324757
0.02505998793991895
0.0249701982997935
0.024985492510150368
0.02508607429178824
0.02506409653602539
0.025125560919165745
0.025133171109121777
0.02512908029601404
0.02513757672323205
0.02508002571182261
0.025000116166063874
0.024958679538934592
0.024894886390271626
0.024682063296995866
0.024528264864052025
0.024405083736579243
0.0244361450976165
0.02444068485557707
0.024541880417715916
0.02462370407825899
0.024699357492507165
0.024741956518413395
0.02479847956803633
0.024695093372906457
0.02461794993411201
0.02458663197525846
0.024504178233262158
0.024398578729074676
0.02403904077306023
0.02387059734471549
0.023663514632708417
0.023528544132769225
0.023383131143140855
0.023233869022017788
0.02302580194814936
0.022859228893751145
0.022725838851168776
0.022583724323263898
0.02260646436107803
0.022565105701205318
0.022539004706297546
0.022468422656780063
0.022479107878138248
0.022440659782388725
0.02241359480755058
0.02243946013413886
0.022442205302983298
0.022383335662093672
0.02230677845327312
0.022294265090350714
0.022294679733586637
0.022311693227981103
0.022346117208104786
0.022523776594167214
0.022585513946110244
0.022709239976661112
0.02274497464904508
0.022809778571962817
0.023023344781938966
0.023112907207112038
0.023142254721304024
0.023158012949003524
0.023149893163132006
0.02297067773911915
0.02291435409617187
0.022838939035153195
0.022794201817058803
0.022726989037850403
0.022669299375000406
0.02259723376283546
0.022512390885263186
0.022471064377489268
0.022422811620644696
0.022230446049577156
0.02209529795413879
0.021988603114367497
0.021940671478916034
0.02187498214238371
0.0216851641768441
0.021558535988933567
0.021523652352094646
0.021508514805705706
0.02149992792692705
0.021422466576145563
0.021407860133737522
0.021393882789007224
0.021400039084386667
0.021431529984967966
0.021520248171677928
0.021513523664447483
0.021514837042698125
0.021480221263230386
0.021416105188521866
0.0213618718710703
0.021300618981929413
0.021285524540521947
0.021233778559013455
0.021221859897655036
0.021127903161761916
0.021061823679529804
0.02097932504846813
0.020920330751572604
0.0208405583640828
0.020742916188703504
0.02066870739026373
0.020638744712072592
0.020621539940462615
0.020629343428930802
0.020690913141259377
0.02071115739310114
0.020748683364568535
0.02067362220235987
0.020694791268324936
0.02081210215383865
0.020816200225776547
0.020854857217883088
0.020889119417026463
0.020884610328848318
0.020823667554715965
0.020802756207332792
0.02073155691938412
0.020650760296927015
0.020633015572699216
0.020519345700599188
0.020480673160829466
0.02048407578995444
0.020497632184863408
0.020526304712924093
0.020382596778708507
0.020397773675701295
0.020401405189483288
0.02036663088044748
0.020314084877863823
0.02016772793197295
0.020070596347372852
0.019968327660103848
0.019923560046907932
0.019798210653967845
0.019804987491031566
0.01977964194469105
0.019799515271408732
0.01978546028439059
0.019768539450076443
0.01971625637988965
0.01970404846003878
0.019690485849471126
0.019674847891017
0.01966624045107277
0.01972617748355461
0.019720732290988703
0.019718802965837414
0.019711354270290422
0.019696383385897714
0.019609299817640643
0.019554736072980153
0.01953295487646142
0.01948603678725714
0.019423901215128856
0.019523186427500987
0.01953704939981775
0.01957711103529948
0.019625899176353236
0.019617008649651775
0.019465509646904872
0.019455166527804164
0.019375457041304424
0.019324953457356516
0.01927546083890696
0.019184416985811966
0.01917576321614016
0.019141776050532147
0.019146191014696553
0.01909498902335542
0.018947745500626653
0.018912734535492116
0.018867667011797953
0.018828671969203233
0.018837227765685614
0.018912041489227167
0.018915306967565004
0.018944186137449862
0.018910868146196608
0.018917446755212834
0.018963273429632
0.018916087750843188
0.01888893017547703
0.01886046695234617
0.018790582209272648
0.018650317023061577
0.018545809306162495
0.01843580084218403
0.018358110715393828
0.018242300636781006
0.018067136096344968
0.01797270343454492
0.017892368959110023
0.01778181524650719
0.017695990889333584
0.01765663127549984
0.017572194503380593
0.017510759386360618
0.017415062092451448
0.01732745897425774
0.01734044315740863
0.017316167445025406
0.017283883183236124
0.017247092883859057
0.0171817360178739
0.01715807567210052
0.017074740784247727
0.016994993446904538
0.016916288859915175
0.01684129535825558
0.016819236657076922
0.016779369234706555
0.016717299970502232
0.016602991402919976
0.016522406983732675
0.016442720483166803
0.016420211792381133
0.01638703166024607
0.01636008854224689
0.016346920697116053
0.01627284217152174
0.016225789318861518
0.016189837314434463
0.01615136951227084
0.016104576284987997
0.01620208605227936
0.01623554556640547
0.016274255801005843
0.016272936329482377
0.01625903069224014
0.01623843783417394
0.016227929473120524
0.016200079383881596
0.016173597682418075
0.016128179016970952
0.01593209375609695
0.015786293829088645
0.015679876224230276
0.015583435945079847
0.01551346819033714
0.015299290208681074
0.0151463453339287
0.015062651502153166
0.015000463159007906
0.014926834009117285
0.014987989278967787
0.01500427754245457
0.014976705381306141
0.014968613231312577
0.014953985411860153
0.01485209784868959
0.014803969592901702
0.014759170758121758
0.014699490946530348
0.014639592079865864
0.01480782224998849
0.014840038253244233
0.014863813204857499
0.014880003845642559
0.014902769650650061
0.014902997770002278
0.014885228817435172
0.014868450160782847
0.014818217837379303
0.014772125262537293
0.014870104164451808
0.014869285962503365
0.014837520576972884
0.014805130293380498
0.014802884624269735
0.01481126515229009
0.014820776658828834
0.014823227244442386
0.014841184901967598
0.01486746632453109
0.014885550552553606
0.014912404555350364
0.01496477128724519
0.014952941961598312
0.014919108411562876
0.014876738521888462
0.014831617054645646
0.0147630003640724
0.014709678065206051
0.014671052543806025
0.01447699010294468
0.014401228485240882
0.014311283551189052
0.014245212889962326
0.014171131118494851
0.014169151665457385
0.014156399127832677
0.014149624686387946
0.014115419801149269
0.014056142716353252
0.013994211891815605
0.013915816161718345
0.013841808070373648
0.013786338234208018
0.01372224203635577
0.013692857601888245
0.013620760625754126
0.0135746924143386
0.013517431313449105
0.013452531677642281
0.013384558638023496
0.013316921108646988
0.013248523743477535
0.013185016353101656
0.013134878008723695
0.013057788351389028
0.012963879543917707
0.012918119506653836
0.01286531016285107
0.012820373437681944
0.012597427763954437
0.012504936060382301
0.012422048264151121
0.012375280973830997
0.012326501271365172
0.01234918935070225
0.012358017545700057
0.012371573436262365
0.012384218032135217
0.012385955609554666
0.012441787473490933
0.012430378037865982
0.012432307899834431
0.012449181419130933
0.012404191208825627
0.012455290460738238
0.012430842776381104
0.012403652406884237
0.012380765452842984
0.012323323976089227
0.012323843615091493
0.012264291191779481
0.012212283771157465
0.012141400103924551
0.012045183294110015
0.0119778254664154
0.01191408858988246
0.011846901463620031
0.01179027803831459
0.011717547685582266
0.011657506368216223
0.011602672301388464
0.011576374647988039
0.011541238681462786
0.011505108569542339
0.011598147428972617
0.011598453673514605
0.011596638546159119
0.011569190284394154
0.011565598978329842
0.011474709970233848
0.011412564894448238
0.01137124056627948
0.01133728197498523
0.011295157519259878
0.011314506484870963
0.011277778838602717
0.011219041145329126
0.011160673433531507
0.011124920091214408
0.01109022236699085
0.011028626014706052
0.010961186887556316
0.010868287556765334
0.01078666455447769
0.010676120472488929
0.01056906169667506
0.010509353150420253
0.010419767584448205
0.01033864211376492
0.010284635315261338
0.010226796783721523
0.010161951308569521
0.010103342916303115
0.0100395976490433
0.009959243680027197
0.009906260594466185
0.009851032710804947
0.009808046196264016
0.009815955752380687
0.009699702820098941
0.009637577587996214
0.009570583817993682
0.009485804624429212
0.00942008796198507
0.009380108979899606
0.009336578856572395
0.009291254727570355
0.009251484260734716
0.009214392479967297
0.00920931057703313
0.009164628827220892
0.009099845569828357
0.009047127484966073
0.008999393960680415
0.009122927010330899
0.00911833729064699
0.009118378168692862
0.009102314048502534
0.009088490929060626
0.009038135788223566
0.008976190227742431
0.008942168785487033
0.00888694120386066
0.008837878117717688
0.008823733360769869
0.008797410035696337
0.0087641386226166
0.008737354487294485
0.008715854171010737
0.00866094050057302
0.008613360640758662
0.008572796823135078
0.008543651539801108
0.008490951054759709
0.008453547732665706
0.008415468539352187
0.008378843279390676
0.008368214073199464
0.008353440400239238
0.008323075020249222
0.008315687876002419
0.008294361714290958
0.008277165767539642
0.008251036371961848
0.008259663491300199
0.008251485576228752
0.008253418964916995
0.008262618531191483
0.00826577051982244
0.008241508328949067
0.008203824651693042
0.008164083003989256
0.008127179909772218
0.00808310685745671
0.008048384657874798
0.008001826435909461
0.007954448773201932
0.007908723425405155
0.007871236096181854
0.00778885686493988
0.007744468518165558
0.007678640663623662
0.0076252392426697955
0.007562147317705685
0.007494766179256704
0.007439412898616895
0.007383295130182101
0.007347486919733334
0.007311132902512147
0.0072660764284123245
0.007232272527619825
0.007221821918315823
0.007212673967290655
0.007205436197638216
0.007191934185276238
0.007196108381561527
0.007193731580489021
0.007196479551671858
0.007181615999744625
0.007271066843858791
0.007320844900774806
0.007354712611687972
0.007375181542710003
0.007396092468883449
0.007446665541664541
0.007459482957070019
0.007468857026680392
0.007458742264493181
0.007434016963227855
0.007409485744109845
0.007390518043521955
0.0073787683848715825
0.007360273723636903
0.007345249872988145
0.007308721514829065
0.007281836201205117
0.007277392397294544
0.0072633418688772995
0.007250296821704191
0.007223597669033003
0.007204079627296132
0.007181883218272076
0.007161217801007433
0.007154584830397042
0.007191456717937036
0.007215107065127389
0.007215620750150177
0.00721322329126519
0.007198310853007555
0.007212577145641943
0.007201544171249936
0.007187893138491074
0.007160094007846999
0.00712715871576221
0.00707722520528486
0.007045407538027214
0.007020097190485994
0.007009399395204365
0.006979676566268605
0.006970581589491474
0.006925671007283687
0.006897375163819482
0.006851015496129396
0.006832675958357778
0.00676384519471193
0.006708419320046173
0.006644733725593979
0.006601968990585117
0.006557069664941352
0.006577017400890033
0.0065697121439030545
0.00656633740064274
0.0065613624998161835
0.006566144791816998
0.006639496961346606
0.0066812685918755475
0.00671832179686741
0.006734003642285193
0.006727989922053448
0.006807848125060819
0.006830597892862443
0.0068499603085854415
0.006849984426980903
0.006842017583289987
0.006831408937683042
0.0068121098578514646
0.006785511166952475
0.006767089508774288
0.0067353591381520824
0.006754842286256656
0.006725840536456271
0.0067081024726618355
0.006691120969534255
0.006674985714110103
0.006622051220472396
0.006583869453389612
0.0065416122880978846
0.006512001411572455
0.006472078638879653
0.006468046024805056
0.006447290079445713
0.006434035921029709
0.006415624443255379
0.006413354886791316
0.006372429839092461
0.0063448447593683266
0.006314792686466518
0.006283348761665409
0.006256185005932523
0.006203719478577471
0.006162694247331301
0.006130979633635599
0.006089809146420243
0.006046963351413617
0.006043918785064956
0.006014572293097766
0.0059922990193631365
0.005974101289564442
0.0059459069235129215
0.005943720759150446
0.005912001426241604
0.0058872516709493035
0.005859743009181876
0.005825684056693669
0.005801518218703048
0.005770075663069293
0.005733633694210008
0.00571135541164452
0.00567932149035574
0.005661844506688584
0.0056307457563359265
0.005609320936539187
0.005599056615708186
0.0055829472576194635
0.005559962960849568
0.00553388161527893
0.005502540146265242
0.005476620681924524
0.005446159164033496
0.0054166841801758245
0.005379209467532743
0.00535396376111417
0.0053248477002896125
0.005293697068704403
0.005254595944135889
0.005219096247705609
0.005177388307462669
0.005135097541579509
0.005087619294484638
0.005051480842738684
0.005010523616239611
0.004968877888905348
0.00494046678335106
0.004909629016804161
0.004867853853134583
0.004838216158424167
0.004807896016899893
0.004786007168361967
0.004760171879281279
0.004747988627690166
0.004713350288553644
0.0046970235598486725
0.004674859377434681
0.00465356615729618
0.0046467161849933795
0.004628904264777685
0.004610831972923775
0.004593982754610744
0.004590920165951657
0.004562361220464786
0.004549892635298463
0.004534988557543617
0.004522812733533722
0.004500094749184174
0.004496958458843769
0.004481206034197012
0.004467089042936532
0.004452116257679862
0.0044292826951112625
0.004416197169457572
0.004396810248409358
0.004371773119977257
0.004354101577375803
0.004330668684360011
0.0042897032578883415
0.004256428588078709
0.0042258489483524495
0.004200378888703413
0.0041811409526350774
0.004168924261743781
0.00415137843798929
0.0041356669334562226
0.004121419010416051
0.004102172677768747
0.004094009704490244
0.004086030261863245
0.0040752070542035305
0.004066630439700018
0.0040569909548204405
0.0040642570723757755
0.004050139240125165
0.00404279939848928
0.004038092756467278
0.004028762419099637
0.003995138331939473
0.0039807366570352685
0.003973265116037271
0.0039654309670496875
0.003956587228160919
0.003933311046456313
0.003921846570405172
0.003914607507525143
0.0039040457720219066
0.0038974354417502994
0.003879715469163839
0.003860648721591078
0.003847935766823975
0.0038346049451409734
0.0038158361577047455
0.003820007103128612
0.003818928711807448
0.003819938266016265
0.0038194996562758623
0.0038068111203978764
0.003807949541916839
0.0037994362203734944
0.0037930576179849283
0.0037779725072286906
0.0037625439694264884
0.0037535349848368572
0.0037460320435775047
0.0037354221502441474
0.003726056853398651
0.003714345950826153
0.003728793762980528
0.0037285181033247356
0.0037201487385709487
0.0037146034843079353
0.0037138279808191996
0.003699189830556012
0.003686677465206729
0.003664843782277773
0.0036505994413948213
0.003639396625962676
0.0036468593579885183
0.0036422005674311766
0.003632025513660634
0.0036317382944561763
0.003622290324195313
0.0036357598315533753
0.0036334717431540276
0.003633516820954809
0.0036346013532673133
0.0036379953316357664
0.0036346344211140164
0.0036252508842355147
0.003617312355482681
0.003614706610298635
0.003610200052150628
0.003615232276693273
0.003611869952476466
0.0036068724213769053
0.0035988907367151602
0.0035864476066460715
0.00358246551837599
0.003574017428850106
0.0035654601152609417
0.0035534604374608814
0.0035408922864303516
0.0035505595783463855
0.0035505109864878487
0.0035451894457143337
0.0035375278916903387
0.0035329575792495556
0.003509995274591547
0.003494590963109388
0.00348186965494569
0.0034701928350617337
0.0034531298824349408
0.0034448279889277636
0.0034324622693605905
0.0034180835849171795
0.00340701223290546
0.003398069382123765
0.003380142219696197
0.003370157413477042
0.0033547563365701727
0.0033372023996035807
0.003321738664655104
0.0033325459942757625
0.0033319010282830677
0.0033275966089554836
0.0033219812066883165
0.0033123312956735546
0.0033198449636293805
0.003319431450856584
0.0033130288776154694
0.0033047092975041236
0.003298261945490664
0.003284321811520388
0.003272347391805002
0.003261689446131294
0.003249825686945582
0.00323383779413238
0.003231314463465142
0.0032213236684162884
0.0032122794825320948
0.0032033898604316726
0.0031942445985675564
0.0031906862889132686
0.0031839863766290077
0.003173136042326967
0.0031628380942828062
0.003155248796759406
0.003152845753487179
0.0031463060011931994
0.0031381625411283655
0.003129291070834239
0.0031217351888797556
0.0031100782893912285
0.0030984943766748548
0.0030847831566983655
0.0030717535137520287
0.0030621287113063375
0.003038150209401414
0.003023870068348486
0.003007404559020504
0.002994219391082861
0.0029805996674317947
0.002971245510221939
0.002960241955586849
0.002948148409316388
0.0029369288925108084
0.0029287643947952784
0.0029229874058707755
0.0029159323001484534
0.00291034895650626
0.0029047119118262546
0.002900349681599816
0.0029035392227171083
0.0029014638110368505
0.0028986925505640406
0.002894184267385661
0.002889041594229712
0.0028956354889572277
0.0028937870239181987
0.0028939507731096307
0.0028929671544364022
0.0028896486337581856
0.002872056765687237
0.002860092571384228
0.0028465025679892163
0.0028378382809718166
0.0028295015980973745
0.0028091699396585405
0.002793266201436563
0.002780545526360883
0.002767566970412895
0.00275868544397901
0.002743540681727333
0.0027331423169663226
0.0027228862763537314
0.002712958768685148
0.002702419325206161
0.002693714608770016
0.0026839805387323477
0.0026750374390341687
0.0026660207957551877
0.0026574789759286404
0.0026427718058404533
0.0026319022957726175
0.002621446659723164
0.0026126716094800563
0.002601839383582998
0.002594709133545874
0.0025864026129328085
0.0025784573867515706
0.002569136288998608
0.0025605448265691843
0.0025499421619125857
0.002540230542510518
0.00253103813336474
0.002523297850531769
0.002514457273488639
0.002498046467581017
0.0024873479889626856
0.002475450154287484
0.0024658299267837913
0.00245479646311035
0.0024437340133798124
0.0024311308508075547
0.0024205484770458696
0.0024117324647723207
0.0024009915839572644
0.00239434614538607
0.0023860429934601255
0.002378031715454538
0.0023707909372439498
0.002363260218324181
0.0023560960445650897
0.0023480179160681983
0.002340801335378821
0.002334099553598183
0.0023273312867761174
0.002318955562977657
0.0023118924501992523
0.002305557202553451
0.0022984495216153596
0.002291022714961213
0.002287383318722661
0.0022818226653469895
0.0022756996455866787
0.0022700480599102822
0.002264060179767729
0.002258514199742814
0.002252121251049845
0.002246154536325581
0.0022408499244736873
0.002235891857283941
0.0022303704234106895
0.0022239894549849035
0.002216724693652945
0.0022111991653349294
0.0022046508455096933
0.002193567713723987
0.002185341112851994
0.0021772827541722784
0.0021695869745978437
0.0021624728364481034
0.0021600853947382065
0.0021552472273194765
0.0021495317743798915
0.002143820713085585
0.0021383451833156186
0.0021323483541644222
0.0021268235888149416
0.00212117856048527
0.0021147384890223206
0.00210857277596618
0.0021023371114215284
0.0020960163092094324
0.0020895098870580215
0.002083463386300674
0.0020770047415106167
0.0020702323888888608
0.00206387112384707
0.002057349738966411
0.0020506578735323953
0.002044006419637246
0.002035924782220578
0.002028550102364776
0.002021571817381336
0.0020147352275482616
0.002008268169882535
