3.4861037950825923e-05
3.610471071636484e-05
4.648294995769206e-05
6.046628717822639e-05
0.0004309396463344796
0.0001923878469420119
0.00012225479475185485
0.00013837855349764345
0.00010782217414523145
0.0010681718064867805
0.0001988861874895869
0.00011348229913694847
8.727921034467475e-05
6.035552549912971e-05
0.00017777371158255942
7.409737964875978e-05
7.073573352877298e-05
7.085394931283824e-05
6.556842418751853e-05
0.0002995467688186794
0.00010356433307248943
0.00011690714524588578
0.00010295580764760655
0.00010956891479556735
0.00031443464750031903
0.0001061312122132278
0.00011964435813828897
0.00010605093650929218
0.00011617882978779953
0.00035180825675923465
0.0001494687787090536
0.00013231530455821264
0.00010105321160449479
8.629719006914363e-05
0.0003014292985185698
0.00012671501470729998
8.982875953427804e-05
8.393641826630216e-05
7.268690569235075e-05
0.00015133499083734664
6.220754007511711e-05
5.533100982952978e-05
5.29522770776668e-05
4.7281433833775724e-05
0.0002303112144306813
6.93617443771325e-05
7.235895993500545e-05
8.020238860290501e-05
8.42162243788952e-05
0.00034679107964076544
0.00014395935844548457
9.954367281725013e-05
0.00010030724969584518
8.782821834856503e-05
0.0004605659103297019
0.00016824302044538206
0.000194011285932025
0.00017211418991546252
0.00015811549600363523
0.0007054689343702175
0.00020273237802494556
0.00016351338935931143
0.00013992712957983203
0.00012708949728315364
0.00027453528715371504
0.00011583953473287266
0.00012847676322356424
0.0001587606373260741
0.00011064932752739777
0.0008068041460227352
0.0002447974928227101
0.00023419198739976134
0.00021594893441603745
0.0001868859816483605
0.000907353755262298
0.00029859211094151577
0.00025316323766162263
0.00021198471629868033
0.00022201380080971768
0.0006245107928572276
0.0002341584774958823
0.000225879362789359
0.00019241098663622664
0.00018546578696743
0.001009096436098017
0.00035619728098424655
0.0002832225171190101
0.0002633963078413295
0.0002491980052123242
0.000980177371244999
0.00045240547866040744
0.000320025866491339
0.00025023223516602394
0.00021598246451724957
0.0005431991628322435
0.00022582145798671026
0.00021156198592943372
0.00020284397438857156
0.0001697625765624097
0.0007912465968876715
0.0002671795850481932
0.00025647166550540364
0.00022769603449149646
0.00021478930116355753
0.0005758505984925661
0.0002587965724951997
0.00016058302644316052
0.00021901564242691936
0.00020587065226447765
0.0010747067064331881
0.0003341793835311213
0.00036566787232046024
0.00039852379852393927
0.00026969892565408877
0.002018305793779561
0.0006700340097478771
0.0004975954733376337
0.00035977222846008734
0.000320111684932255
0.0005703921792809482
0.0002629923644710707
0.0002603186317564865
0.00021418803437007499
0.00017830607435197045
0.000847675681232702
0.00027165604718923316
0.0002067027720049588
0.00017564030061816422
0.00017758380461508068
0.000562361782914686
0.0001996703228839919
0.00016447247334445348
0.00015049594691381722
0.00014520813981499164
0.000688465385096977
0.0002459324510454729
0.00021942599543502554
0.00017054524548540314
0.00012911296122478599
0.00038848235475980654
0.00015291891069282282
0.00013246884385515004
0.0001085599332162834
9.82393304032483e-05
0.0005467861558152053
0.00017274159029338047
0.0001685978956411363
0.00015578592489636902
0.00015098048406087607
0.0009968119229011425
0.00029382392019458396
0.00026122960200947686
0.00022862503888874171
0.00023407911290790294
0.0018674854634056991
0.0004719801124844676
0.0004794388011560792
0.00047537666162634487
0.0003668242176573608
0.0019396214161469616
0.0006071622262811286
0.00043070457400191286
0.0003317080666218436
0.00031994817291952497
0.0011136491652564606
0.000393848208412417
0.0002846833016137834
0.00021100011163134933
0.0002036598546110728
0.0008630522657867935
0.00027694128537095815
0.00020701875023292537
0.0001732728101165514
0.00016616387962170408
0.0009212549134213489
0.0002500635983061644
0.0002144781754804662
0.00019581057683296026
0.00013814785549100603
0.0007135098289075596
0.00018860469020501612
0.00014793103726329463
0.00012566361370554264
0.00011587500651862917
0.0006013056037228768
0.00019304339705623986
0.00015282976628533935
0.00012508176772184633
0.00010212012546325524
0.0005497119019879801
0.0001454317913806944
0.00011677429699330545
0.00011479928501982649
8.472441421482624e-05
0.0005548847488881426
0.00015084257851507782
0.0001387155879809894
9.909828836991113e-05
8.275375162044568e-05
0.0003902578315248106
9.712049738596849e-05
7.713271101227266e-05
6.291458233335495e-05
5.5994222848662015e-05
0.0003080092721546939
7.73983569936509e-05
6.597933199868463e-05
4.763258305321489e-05
3.9043649942558695e-05
0.00028902059910979896
7.377059975580044e-05
5.499695750685202e-05
5.254197948533778e-05
4.393089827769165e-05
0.00018445515466226036
5.4925572047363445e-05
3.9134508982494994e-05
3.3638806383432385e-05
2.5780090740992703e-05
0.00011095247113852635
3.774016637287569e-05
2.6952501731843984e-05
1.865339831136921e-05
1.4856825861607364e-05
5.826334347108459e-05
1.529029900163423e-05
1.078381218863776e-05
8.32469667507684e-06
5.326175827995491e-06
1.4465384334040541e-05
5.297663276118513e-06
4.815733880162233e-06
4.180991882767929e-06
3.3552522587444214e-06
1.954325996062213e-05
5.926186631888929e-06
5.536407063867713e-06
4.5432887704433446e-06
3.8057568736667668e-06
2.395767308719171e-05
7.1902161879573155e-06
5.9529927817645205e-06
6.258494708749494e-06
4.689340997385978e-06
2.094146183291964e-05
6.515342966429611e-06
5.882267144942452e-06
5.026312519169721e-06
4.4453536146537226e-06
2.1705894180746692e-05
6.675874693859802e-06
5.885654368667534e-06
5.39409897189757e-06
5.051499813024334e-06
2.188407719219819e-05
6.534574462857464e-06
5.750453611592384e-06
5.291982736804401e-06
5.507699084560879e-06
1.4788135391263421e-05
5.478774806179874e-06
4.805005328957077e-06
4.327498084713298e-06
4.1751454673230075e-06
2.0593270728595657e-05
6.091589170174466e-06
5.564670341088932e-06
5.192346978890005e-06
4.537222088150597e-06
2.499776192350422e-05
7.172802021241437e-06
6.349283513751582e-06
6.237777808133919e-06
5.251177406734549e-06
2.3438705486149505e-05
8.104685384606563e-06
7.245374658251146e-06
5.332087353162292e-06
4.649396242709679e-06
2.6633382660086178e-05
7.916709589103225e-06
7.20159058291263e-06
5.823088473231326e-06
5.784441036130278e-06
2.3008282092974577e-05
7.807984229831074e-06
6.57904386625686e-06
5.445667653893618e-06
5.10416507516408e-06
1.725697314778619e-05
6.204474757898605e-06
5.2782854931890354e-06
4.972657979995527e-06
4.163952126480972e-06
2.5279037812323422e-05
7.285294663286458e-06
6.533890379932262e-06
4.999682415655408e-06
4.619847442564544e-06
2.0748457737261013e-05
7.373572901661127e-06
6.030605047876356e-06
5.214627004966489e-06
4.036853170109128e-06
1.7597402487434367e-05
6.186085084807636e-06
5.274706777453509e-06
4.69399212545883e-06
3.4410664642501414e-06
1.6671430455520963e-05
6.0841792519009385e-06
5.137222166595677e-06
4.208539025507697e-06
3.5136585977588153e-06
2.108598084633583e-05
6.162071597430989e-06
4.721878043593568e-06
4.567474476416049e-06
4.833665247031025e-06
2.505692220389799e-05
6.93513164969293e-06
5.944048868464235e-06
5.212397967933445e-06
4.079712937769762e-06
2.5119797455511234e-05
7.278031488907595e-06
6.850277347389363e-06
5.668805549006394e-06
5.98481373306651e-06
2.2603973712399613e-05
8.670110985875167e-06
6.975779809214515e-06
6.934495560182269e-06
3.929916185637406e-06
1.5164176437620293e-05
5.1763852289010765e-06
4.417852643175742e-06
4.22536940693067e-06
3.888811215851136e-06
2.0179811595668713e-05
5.848954141101805e-06
5.49172775993892e-06
4.554712277203339e-06
4.133661097147451e-06
1.671480840090312e-05
5.38917141284699e-06
4.884492984838826e-06
3.8467096759591644e-06
3.4274644736684094e-06
1.6375544679729334e-05
5.257290084159046e-06
5.204215137752906e-06
3.8096222660828585e-06
4.011810830446194e-06
2.485327460304994e-05
8.082235612307059e-06
5.80916288810221e-06
5.370591645491347e-06
4.470642922935319e-06
1.8692843797285085e-05
5.404154975155015e-06
5.128193643830608e-06
4.075965805679538e-06
4.113036904324357e-06
1.622648706622858e-05
5.4540803002903325e-06
4.949131532573225e-06
4.136723260904992e-06
3.5560665183269145e-06
1.9018710616558835e-05
6.2855633264864965e-06
5.0472399075027045e-06
4.199702098392208e-06
4.098394032894408e-06
1.512545489074874e-05
4.602915552075917e-06
3.815947528268876e-06
3.561392563679368e-06
3.371964754078697e-06
1.9003595191809007e-05
6.902393168753935e-06
5.911347556946566e-06
4.77032316055255e-06
4.224583117568631e-06
2.0649666447150102e-05
6.1662940732085985e-06
6.014252593136211e-06
4.657810977139246e-06
4.079569839000071e-06
2.5711349427408637e-05
7.178308289978832e-06
6.2475676292825e-06
5.7307040876096335e-06
4.691667049662241e-06
2.1609927739366246e-05
6.426055586105009e-06
6.802105523951124e-06
5.646780434269585e-06
4.999454387309853e-06
2.0576549915937166e-05
6.647689232914362e-06
5.182691315386478e-06
5.143022832927757e-06
5.084419978080248e-06
1.963783732557236e-05
6.513139723299611e-06
5.573885872634289e-06
5.328574751883933e-06
4.5972123538901e-06
2.148783614643858e-05
6.940755333460062e-06
6.161670866794222e-06
6.058388260008179e-06
5.052860288757994e-06
1.7529669793778317e-05
5.6317833718911235e-06
5.0383997721387875e-06
4.532889301599283e-06
4.110548462744082e-06
2.0168943882718852e-05
5.758780336925817e-06
5.940197968638237e-06
4.943706987885768e-06
4.056197288171779e-06
1.68646884252459e-05
5.22255701149608e-06
5.01464147307414e-06
3.94728955801144e-06
3.601517175883302e-06
2.037752233576875e-05
5.956560960845143e-06
4.92802587100778e-06
4.618378573617819e-06
3.514674154576501e-06
2.3211254143093857e-05
7.887661209742614e-06
6.4128490003128395e-06
4.550616015070212e-06
4.504133373180404e-06
2.2519147179732437e-05
7.720676017962792e-06
6.004640427110785e-06
5.065951185538045e-06
4.338842251977765e-06
2.2014759653501493e-05
6.3670584382729985e-06
5.321952778440679e-06
5.463084323705753e-06
4.051339617188946e-06
2.112582602683639e-05
5.994285099730155e-06
5.745966531476126e-06
5.0651240604981516e-06
4.884198284379314e-06
2.4333311449781806e-05
7.335898159441354e-06
7.012185261501088e-06
5.303474757193839e-06
4.796426703245877e-06
2.4262798859707747e-05
7.164538365419233e-06
6.644019571957905e-06
6.05674606537806e-06
5.276283079913509e-06
2.476298251318102e-05
7.315502230136049e-06
6.216125606613688e-06
4.349081861259002e-06
4.772812640578032e-06
1.716012276210097e-05
5.1386877709481085e-06
4.5447175292497166e-06
3.6633760376144586e-06
3.415306919350535e-06
2.4496035648213657e-05
7.013290436849479e-06
5.3133198003919715e-06
4.820561189529338e-06
4.187351180234374e-06
2.1420128018692443e-05
6.030021614626154e-06
5.946841828384892e-06
4.539319730757108e-06
4.341525967424626e-06
2.1642724302977774e-05
6.269630518339839e-06
4.8838365078497825e-06
4.9906516059374495e-06
3.650260694741685e-06
1.990100211598067e-05
5.983631736015814e-06
5.00511657861744e-06
4.744941671327401e-06
4.197564538868472e-06
1.685426280931864e-05
5.5299113208265735e-06
4.88419889010138e-06
4.582004443879332e-06
3.337576364448131e-06
2.190522637847983e-05
6.034894935309161e-06
5.289905245995244e-06
4.457919583434789e-06
4.1372155497873226e-06
2.478081992398579e-05
7.449426917890466e-06
4.9604149693916184e-06
4.656982842429372e-06
4.149830773712616e-06
1.6308410975955538e-05
5.24223740306941e-06
3.581547842464823e-06
4.107305947752667e-06
3.0198555183335123e-06
1.7214722410581793e-05
5.496418566997877e-06
4.387431820029329e-06
4.342159242417563e-06
3.245997957807894e-06
2.3392038261819662e-05
6.166787605997211e-06
5.904826459521145e-06
4.7086279158709394e-06
4.181924078347968e-06
1.9538479654104028e-05
6.776122105387529e-06
5.487887368277283e-06
5.129385815874795e-06
4.943844098014039e-06
1.5596017355362845e-05
5.4380245507910845e-06
4.655388965899919e-06
4.047870242034416e-06
3.9662047953196516e-06
1.9799565529268985e-05
6.391672065559527e-06
5.0272244932442425e-06
4.703321465706894e-06
4.0937426537896294e-06
1.5694805588556196e-05
6.617283090735526e-06
4.73817446090001e-06
4.1216294555383965e-06
2.9734902130864007e-06
1.671384145660539e-05
5.468829238678734e-06
4.779172374893464e-06
3.2258542081821763e-06
2.7758441759450364e-06
2.1024778552882276e-05
6.041054507787134e-06
4.618975215410446e-06
4.151600913769879e-06
3.5698037218109302e-06
1.4835172152738795e-05
4.743728089882259e-06
4.095447955832882e-06
3.930729267463079e-06
3.519189035641179e-06
2.3229920063620503e-05
6.444938325075065e-06
5.5514425634022935e-06
4.3567355394928745e-06
4.19944987951325e-06
2.423121650123041e-05
6.898493711683598e-06
5.879818941970325e-06
6.13049940707671e-06
4.964499254991648e-06
1.985369636180035e-05
6.900399091250302e-06
5.465122763143209e-06
5.1322314093974555e-06
3.888567428567472e-06
2.110149901712369e-05
6.546079992754071e-06
5.562310312880003e-06
4.65392439081221e-06
4.824599821129776e-06
2.0985017052253276e-05
6.0193975884552875e-06
5.339816271441543e-06
4.521016315498434e-06
3.331728491303393e-06
1.987327513330129e-05
6.231556174715621e-06
5.710637041186068e-06
4.253145188223361e-06
4.020545575868712e-06
1.405011974218256e-05
5.614724315247135e-06
4.6937447190495164e-06
3.903582006135592e-06
3.54577120310096e-06
1.837507281520894e-05
6.531595419393235e-06
4.38209852116227e-06
3.947438036139304e-06
3.650947788240395e-06
1.4996714987076374e-05
5.2888529664257045e-06
4.776125130034739e-06
4.198205459244133e-06
3.925099778529021e-06
2.2779166376785114e-05
6.838668904173707e-06
5.864008123016466e-06
4.893918846601989e-06
4.3525121229287055e-06
1.5954110845968102e-05
5.373192306142549e-06
5.149145136513288e-06
3.9905226182231795e-06
3.881366631383666e-06
1.7946867395551023e-05
6.432912676634254e-06
4.418026867094628e-06
4.355382653834579e-06
3.4762863532183816e-06
2.069335837687858e-05
6.060196088149521e-06
5.484452962392256e-06
3.89408709472817e-06
3.8841271718903004e-06
1.745883087819605e-05
5.525271578266937e-06
5.398862344893914e-06
3.987723378690925e-06
3.25061660381428e-06
1.7694103881265633e-05
5.237466097691497e-06
4.9560829063993755e-06
3.7776317568620327e-06
3.4463522012638426e-06
2.0490370396694512e-05
5.9186319200182e-06
5.18999255167882e-06
4.5408960807260396e-06
3.9741567942372715e-06
1.9326287262544126e-05
6.608722127572102e-06
5.000504754910442e-06
4.621125776135872e-06
3.208478075351537e-06
1.6896986837817245e-05
4.942050543007136e-06
4.285605687194737e-06
3.386888495864303e-06
2.911593104613876e-06
1.0795512858875448e-05
3.377246289011618e-06
2.743470749483208e-06
2.552685042202755e-06
2.1626238271113086e-06
1.6468676513922927e-05
4.339299926553071e-06
3.8524750190561245e-06
3.148432883939316e-06
2.19329595607989e-06
2.0899175248971284e-05
5.9217604805770814e-06
5.025768715045523e-06
4.117980369058196e-06
3.7757592379405278e-06
1.7248054425801395e-05
5.19053785546118e-06
5.024468984713202e-06
4.44799817376816e-06
4.016415456090135e-06
1.7503471603430886e-05
5.9784356538545816e-06
5.214357840056902e-06
4.701143879266345e-06
3.412029404658838e-06
1.2495228147914169e-05
4.010680799821101e-06
3.915871432984849e-06
2.685107912098677e-06
2.9093433573785956e-06
2.258524294154517e-05
6.582634589327552e-06
4.817491983472577e-06
4.989480381680463e-06
3.639187940927953e-06
1.4613003160300042e-05
4.584228784007164e-06
4.146917360706788e-06
2.8673463318451687e-06
3.2118942875237275e-06
1.6062717207642366e-05
5.181760171595755e-06
3.9852089459655415e-06
3.6423201426465287e-06
3.222827454831404e-06
1.5463584580830555e-05
4.432546402808356e-06
4.2128939194212485e-06
3.593071897627924e-06
2.8552889266753646e-06
2.1052276767372212e-05
6.418481164728689e-06
5.241422592885254e-06
4.506263221651904e-06
4.031344646734185e-06
1.7740694629975772e-05
6.204608306576337e-06
5.183557497199131e-06
5.014480218684481e-06
3.973290978261181e-06
1.3707962660229896e-05
5.362096957702744e-06
4.487009885401438e-06
3.7666928101146995e-06
3.659467411020048e-06
1.4854611152397692e-05
4.719514521524984e-06
4.56047380747598e-06
3.38958404662182e-06
2.9330443664204624e-06
1.2221099567117962e-05
3.7569169948222903e-06
3.47678930578025e-06
2.895493418246945e-06
2.6067844344232694e-06
1.7307207316464247e-05
5.400198722881562e-06
4.792861889214465e-06
3.5725230640172565e-06
3.4700252009251694e-06
1.0683686060880934e-05
3.2985664524807093e-06
2.8768189053901044e-06
2.4471250592469336e-06
1.8638753129189173e-06
1.4363711113736524e-05
4.165177805435903e-06
3.323526284115399e-06
3.2651073110690084e-06
3.0667210357594383e-06
1.2906770993710728e-05
3.6974042776197343e-06
2.826436117714697e-06
3.2607028414501476e-06
2.397070779542506e-06
1.5774613099549436e-05
4.514492549297458e-06
4.078027145688724e-06
3.3199290771502227e-06
2.767596940278437e-06
1.2147933919918916e-05
3.5173573843560647e-06
3.321889947732666e-06
2.9698693926387463e-06
2.926979035102884e-06
1.8078178844259435e-05
4.68863367807086e-06
3.916798972850488e-06
3.5893476993088596e-06
3.0949171837554737e-06
1.171872581225879e-05
4.2161064582297175e-06
3.2423799183699347e-06
3.0114144462632182e-06
2.273787022004038e-06
1.5333323664544395e-05
4.350505479217394e-06
3.467277476508313e-06
3.21471583935327e-06
2.958368915513958e-06
1.1777614112008105e-05
3.7750956617428414e-06
3.606306143682815e-06
3.199979883596744e-06
2.8139210781585153e-06
1.3793991185840112e-05
4.188514816390451e-06
3.5877902088898736e-06
2.7970755823750726e-06
2.8691265248579023e-06
1.189931997054052e-05
3.7688381360669568e-06
2.996343515940198e-06
2.455315348290324e-06
2.594512744109655e-06
1.0074531490765631e-05
3.5961535717460486e-06
2.8917383440897062e-06
2.5761309405146706e-06
2.5590468756960373e-06
1.1071616619946734e-05
3.3650213715679785e-06
2.790759034275891e-06
2.43277558051726e-06
2.3391404336015075e-06
9.284819491942563e-06
3.3777627885476815e-06
2.7535659563650504e-06
2.7116325838053447e-06
2.2819943835713178e-06
1.1671456621429159e-05
3.5296232557524882e-06
3.3120697556374136e-06
2.850231613887404e-06
2.2155734605554477e-06
8.205925640694048e-06
2.6786967580568263e-06
2.314890602791902e-06
2.0995165544949752e-06
2.0302782706519706e-06
1.3001901969294982e-05
3.7488156015712523e-06
3.222935261719738e-06
2.998215359997079e-06
2.547420254979681e-06
9.791418339493184e-06
3.1873802222414326e-06
3.027486002626653e-06
2.1829352003039663e-06
2.211619413971614e-06
1.2032220938233555e-05
3.013314323419203e-06
2.720226686318867e-06
2.655921390529886e-06
2.1891484198082587e-06
1.6970030270487595e-05
4.562518111606651e-06
3.967387368562514e-06
3.4383250282877328e-06
3.3907966093917837e-06
1.3926853001547328e-05
4.6597407860413504e-06
4.549408885372318e-06
3.943410783701665e-06
3.5034350151704834e-06
1.6079337787081326e-05
4.773067655139649e-06
4.0983015176606e-06
3.940100749688872e-06
3.2204310955088867e-06
1.1720436677721169e-05
3.958910155908604e-06
3.340373120632256e-06
2.480857172690357e-06
2.3912778287222954e-06
1.0516890942237142e-05
3.214195516977789e-06
3.106600812122323e-06
2.5417351723160562e-06
2.4400596285053973e-06
1.0820080574642219e-05
3.878069738598151e-06
3.753885066103247e-06
3.1447457142912863e-06
2.4265303055260554e-06
9.879681373509259e-06
2.850739557609142e-06
3.149906169679015e-06
2.569540068333004e-06
2.2535925659245982e-06
9.505773183985889e-06
3.26249846778511e-06
2.528770138464633e-06
2.45467202214375e-06
2.33088977649814e-06
8.532036194779755e-06
3.4876789441050392e-06
2.670284050908291e-06
2.2086160844982356e-06
1.7578715545089265e-06
9.577986539525725e-06
2.685562939582796e-06
2.0201687955649483e-06
1.8983965688561304e-06
1.8634255527249083e-06
8.31399954757613e-06
2.7202175281704487e-06
2.1943225874991046e-06
1.6917886325405086e-06
1.238674686936589e-06
1.0509340246790353e-05
2.964648072179055e-06
2.7826214190653225e-06
2.2113091438709296e-06
2.0133645369671665e-06
9.658110807399236e-06
3.2571626548267353e-06
2.3743883845340804e-06
2.2714632644537144e-06
2.1971631830415096e-06
9.934504756764953e-06
3.027454234692817e-06
2.595343151819063e-06
2.3352121358465194e-06
2.0796545105566003e-06
7.541357898663504e-06
2.453799888203563e-06
2.091371864744817e-06
1.5853526478170086e-06
1.326652709805214e-06
1.0633563866011198e-05
3.0052071789227493e-06
2.5322288839770618e-06
2.062956906766516e-06
1.6858567668446074e-06
1.0123100691687682e-05
3.2687246489837485e-06
2.3024350925034014e-06
2.2257098270766932e-06
1.753363857947913e-06
7.446988570649982e-06
1.9538980527936103e-06
1.6988072909411242e-06
1.7502496997182271e-06
1.267679504909273e-06
1.0216945223908755e-05
2.8192616636866606e-06
2.512409981350123e-06
2.3523740162324118e-06
1.8626846588234922e-06
8.832140264684334e-06
2.9699004639522296e-06
2.5532855254129443e-06
1.7805832544641236e-06
1.7652666958907056e-06
6.727833303950197e-06
2.004758508531897e-06
1.7204461519556286e-06
1.4552015741777275e-06
1.3392119644817021e-06
1.0143262156701357e-05
2.873133119083432e-06
2.2029104080358907e-06
1.8510830366470053e-06
1.6382680771913195e-06
1.0641572348839235e-05
3.1452917675097233e-06
2.663809796264899e-06
1.9834679607355464e-06
2.0555492358018497e-06
8.554252307074647e-06
2.9242893934971834e-06
2.504631729968861e-06
2.165947467854257e-06
1.7505740560083788e-06
8.180763709383134e-06
2.7345566987069755e-06
2.038411365916048e-06
1.9337267846294395e-06
1.4805275790867663e-06
6.730779845187823e-06
2.179889840820028e-06
1.7733503836084807e-06
1.372915876293767e-06
1.3243440519943663e-06
5.32668120060716e-06
1.8860189783005466e-06
1.8028163747036525e-06
1.470556267046495e-06
1.4557788626431543e-06
7.556995589397706e-06
2.136391393259134e-06
1.7311739202941297e-06
1.514693533218948e-06
1.3158988303283133e-06
6.999199255096584e-06
2.4789444789738044e-06
2.2280974696760707e-06
2.149014506693963e-06
1.8362683187574022e-06
9.423446338146203e-06
2.536944506882141e-06
2.1890794372162685e-06
1.933829929803548e-06
1.8474352082651075e-06
8.072814456474488e-06
2.4685371523404275e-06
2.0757467934264804e-06
1.8963507767421615e-06
1.4420470535556039e-06
6.574793863606491e-06
1.9315224569541138e-06
1.8354348159609045e-06
1.3187945551631074e-06
1.1479168932923096e-06
9.946759764577872e-06
2.2282507201154666e-06
2.037773801587619e-06
1.684687655260207e-06
1.6307575470037714e-06
7.091459725636221e-06
2.1264780427761304e-06
1.8075843254361106e-06
1.4968526022183043e-06
1.3882228699527422e-06
6.614798552276992e-06
1.855284001046404e-06
1.6447409141230064e-06
1.2263990942088556e-06
1.3163769809702503e-06
5.222496121805626e-06
2.0349519367599644e-06
1.696006303003464e-06
1.6938910721749193e-06
1.2892781007931465e-06
5.385881643455932e-06
1.8144499780480678e-06
1.6376203084815058e-06
1.3322016899396137e-06
1.339147780413687e-06
8.187501540417524e-06
2.508560705988506e-06
2.3138437405463215e-06
1.8039097819209455e-06
1.5188057862123564e-06
7.006927493124267e-06
2.0928085144212336e-06
1.8980842514264834e-06
1.542401916315721e-06
1.3683900702416912e-06
4.790002741163125e-06
1.6953216530840369e-06
1.213600343165444e-06
1.3180403266469897e-06
1.1009639065528881e-06
4.803740154020775e-06
1.3650622293982499e-06
1.173721110634277e-06
1.1037696120623145e-06
8.536207696775829e-07
4.445156953407774e-06
1.3446911412100601e-06
1.060119933695227e-06
9.95741291455416e-07
8.360794918656487e-07
4.0186106145656695e-06
1.3288792394368935e-06
1.1316299070251546e-06
9.127625450938578e-07
9.347936848086316e-07
6.301870376164395e-06
1.8528372272705835e-06
1.4623878886365824e-06
1.1374730995484715e-06
1.117134053062295e-06
6.0692871522141634e-06
1.9829426852255228e-06
1.6984461508415196e-06
1.3682827507276784e-06
1.374716356884882e-06
6.565763407066644e-06
1.9911167157301196e-06
1.5156466177950257e-06
1.4338727225713156e-06
1.3129802440572792e-06
5.706187621215802e-06
1.8018598776879634e-06
1.8006842159948222e-06
1.6966075393762121e-06
1.2918723585409512e-06
5.0240378718908774e-06
1.5157545548515953e-06
1.5304015872183252e-06
1.1583185236174203e-06
1.048510716813373e-06
4.898027997715036e-06
1.5352039223539985e-06
1.433528949586446e-06
1.1494412440383804e-06
1.08401504103935e-06
4.2773222535464504e-06
1.4612984735668395e-06
1.3586112141432983e-06
1.1082818187184148e-06
8.638056447714805e-07
5.47162696036538e-06
1.4359885496210678e-06
1.176333015878837e-06
1.0734588625344374e-06
1.0475575970686795e-06
5.116567821087148e-06
1.320571620771601e-06
1.1911302302324266e-06
1.1298662334408548e-06
8.828334756829761e-07
6.00301051750302e-06
1.6851047565119152e-06
1.5526785151211262e-06
1.4007924308162717e-06
1.053592503030036e-06
6.050550663809938e-06
1.6431515018329567e-06
1.4183237985863587e-06
1.2421079284138422e-06
1.089735609408593e-06
4.1460672948401255e-06
1.5067811602551667e-06
1.2437863068039613e-06
1.0210033429098746e-06
9.683194990886331e-07
4.846049524169497e-06
1.5099186707028039e-06
1.425297591209281e-06
1.0986921293959374e-06
9.026748336147457e-07
3.585452473767279e-06
1.1429995562084313e-06
1.0915135813921317e-06
9.297577930787609e-07
9.332263687033795e-07
4.690901438452926e-06
1.468326159762413e-06
1.1663773085834435e-06
1.20635402029318e-06
8.774437719769193e-07
3.570372454281708e-06
1.2447541903813946e-06
1.0542362411739188e-06
9.863819911029363e-07
8.976627119519866e-07
4.287380448484922e-06
1.2421860851922227e-06
1.1756683554243177e-06
9.161523245792353e-07
7.53456615645544e-07
4.411372517675265e-06
1.3722370844012431e-06
1.088428781394518e-06
1.0498411859351183e-06
8.798194778824601e-07
3.979162451589239e-06
1.3345501901605717e-06
9.700216588224322e-07
8.951759984759764e-07
8.542804965846162e-07
3.7000065492415595e-06
1.3192490338181115e-06
9.019907823649951e-07
8.644021608136637e-07
7.87630974126679e-07
3.276499346843407e-06
9.522231593910963e-07
8.150157387557888e-07
5.955186423145113e-07
5.451683130729601e-07
3.262176091045482e-06
9.970671001315135e-07
8.212044370347584e-07
6.896209926084537e-07
6.658288665113545e-07
3.3067221011617745e-06
1.0227944413158125e-06
9.030783693159947e-07
7.03688982672362e-07
6.04288252857546e-07
2.9960099940564033e-06
8.653036486373245e-07
7.791677833617192e-07
5.693154979708489e-07
6.034317851146327e-07
4.6544120085452125e-06
1.2026363111371023e-06
9.842091351162566e-07
9.38675500380912e-07
7.321288287587423e-07
2.5393514306101924e-06
9.133431034239262e-07
7.459963523665098e-07
7.3770067041719e-07
6.12271849885418e-07
2.5152089056494393e-06
7.455306373925235e-07
7.137661849783091e-07
6.030623491290098e-07
5.525761956199919e-07
2.4630018127820835e-06
8.50895269308998e-07
6.954871175797106e-07
5.402425190402086e-07
4.96372611745431e-07
2.6588777018466712e-06
8.224895115944768e-07
6.521835413013313e-07
5.125351013976823e-07
4.293375507682459e-07
3.391487878000488e-06
8.091528305584484e-07
7.321998220090322e-07
6.396013186998411e-07
5.338994683722751e-07
3.3890439979720333e-06
1.0433601282022747e-06
8.411095845239782e-07
7.10476053675711e-07
5.086181917280609e-07
3.2583353757288133e-06
1.0199571163067452e-06
8.028020163870084e-07
7.6649713962032e-07
6.709755821239645e-07
2.691540419407722e-06
8.640022958594975e-07
7.799018244206864e-07
7.114774785505541e-07
6.292174993830174e-07
2.821343513071962e-06
8.005645976978977e-07
6.793491800251613e-07
5.915062201586932e-07
5.709819514221967e-07
2.351792568006235e-06
8.174243085074204e-07
5.977040697393425e-07
4.769044407405672e-07
4.801778948240381e-07
3.7009969424025773e-06
9.775326817823188e-07
8.627909286863551e-07
7.4757736935954e-07
6.192960873289813e-07
2.0606238876982492e-06
6.793365140318291e-07
6.066745765573622e-07
4.60859938555999e-07
3.9803790422582666e-07
1.8529077224106339e-06
6.611311628642705e-07
5.51078838820796e-07
4.6784991356726516e-07
4.073010061950168e-07
1.7562684672042496e-06
5.95581075656211e-07
4.917160657686611e-07
4.046955741591742e-07
3.996441463002541e-07
1.6634141660795306e-06
5.344994043662325e-07
4.529539211463533e-07
3.937669768667985e-07
3.268920906689033e-07
2.0225896351173248e-06
5.760075974925306e-07
4.955645748634295e-07
4.161494286896506e-07
3.481386622672718e-07
1.965378442995115e-06
5.355525757953657e-07
4.805910445650167e-07
3.7583856927747254e-07
2.983665750640475e-07
1.5468652530770245e-06
5.056719335067598e-07
4.080431661513218e-07
4.4910846880454776e-07
3.8742451428572256e-07
1.629955038385407e-06
5.286853186678889e-07
3.8903996837576355e-07
3.5960706090195303e-07
3.2026384165414295e-07
1.788115664062264e-06
5.548515865646826e-07
4.4370796271387774e-07
3.566609140154499e-07
3.3202111744125854e-07
1.1643294620222951e-06
4.0143456627894797e-07
3.100184295263496e-07
3.004619170500873e-07
2.7099658381466827e-07
1.6500557416672677e-06
5.091601242408342e-07
4.299648561121057e-07
3.4896637823909387e-07
2.8887084483768404e-07
1.5539927673456671e-06
4.884102840010573e-07
3.8281851456293814e-07
3.421121600799829e-07
2.9827437910885653e-07
1.4315301263259901e-06
4.0704699604756735e-07
3.764130888602107e-07
3.072554539777841e-07
2.5585811390602763e-07
1.5735903560695192e-06
5.005197072579816e-07
3.959419167406199e-07
3.197502957714644e-07
2.8312113201815296e-07
9.596193606820115e-07
3.007753915597479e-07
2.651002102840518e-07
2.489776321684123e-07
2.2615961219782407e-07
1.4421840536455058e-06
4.00800480551192e-07
3.0992952973892445e-07
2.2674108836970588e-07
2.113570430604474e-07
1.3185357021654826e-06
3.5723853318881197e-07
2.5342818392200737e-07
2.3042981479876392e-07
1.747758991465946e-07
1.349306324484593e-06
3.82606099382209e-07
3.2307509070799565e-07
2.804185247525641e-07
2.667308435471144e-07
1.2555321689204748e-06
4.2953749114218827e-07
3.6330089977749515e-07
3.153971201146043e-07
2.482329476073754e-07
1.0492219407516355e-06
2.9506299072236774e-07
2.514078817505006e-07
2.0671241010064817e-07
1.8668269368555377e-07
1.0045647857746478e-06
2.6886158426082015e-07
2.680087660681091e-07
2.0987014713674234e-07
1.9686279193293005e-07
9.585834266341427e-07
2.630330707893944e-07
2.5333915628391504e-07
2.1582871873892685e-07
1.7401509521293467e-07
8.220457026135848e-07
2.978685737013578e-07
2.6509134701832997e-07
2.431865742624828e-07
2.1559687558396491e-07
8.58722467493656e-07
2.898137492474223e-07
2.4341290869249686e-07
1.9622178885356274e-07
1.7200053470500994e-07
1.0316035293964362e-06
3.1210532776981943e-07
2.671006789278581e-07
2.0159899703513113e-07
1.860353282936327e-07
7.138066534942216e-07
2.3169321011398861e-07
1.825883245982612e-07
1.6236462718893682e-07
1.3997091382126245e-07
6.472970413005536e-07
2.0281501146773688e-07
1.914278887093878e-07
1.648619367543497e-07
1.197016345450545e-07
5.194081669211531e-07
1.676641454883412e-07
1.565259812276951e-07
1.1660716650187148e-07
1.127087890692068e-07
5.742831877068508e-07
1.6732227559492882e-07
1.426246559596657e-07
1.3159706513290099e-07
1.171733781593894e-07
5.363170808402857e-07
1.4660446759726692e-07
1.4727583256992008e-07
1.1243394016510017e-07
9.513688944492906e-08
7.735476921119442e-07
1.806065488033061e-07
1.7373507531290884e-07
1.416152887627628e-07
1.062939656326263e-07
4.824238413809203e-07
1.4399359619632408e-07
1.2058098634587298e-07
1.0158263814251523e-07
9.520750717741359e-08
4.1868093794031467e-07
1.3583690987351185e-07
1.1120633041906333e-07
1.0259074207648981e-07
7.626769409660836e-08
5.836941635442145e-07
1.5711474040511497e-07
1.4198939832782754e-07
1.2224802802420144e-07
1.0048264832773936e-07
4.877517502624816e-07
1.5525229065727966e-07
1.2132596036519722e-07
1.0227349443775859e-07
7.637896037194082e-08
3.8816457266680373e-07
1.2682776528053755e-07
9.443943973396851e-08
8.583133020624653e-08
7.159029752945567e-08
2.9720673520797784e-07
1.0065096377744235e-07
8.575910754134491e-08
8.3004289989716e-08
6.017852168196836e-08
4.151355355440585e-07
1.1584050378883405e-07
8.90297925701095e-08
8.556141250503055e-08
7.466087255165972e-08
3.2312394957680125e-07
9.624946334003423e-08
9.542926321275804e-08
8.093228711574894e-08
6.271045608196284e-08
3.4707129735626814e-07
1.1288558815420903e-07
8.390340518813749e-08
7.437680711000286e-08
6.774570624345517e-08
3.248111565381457e-07
9.152412992964784e-08
8.08917954383328e-08
7.400982112732562e-08
5.6558657417669204e-08
2.934589758544305e-07
9.794301339860043e-08
7.54720118790566e-08
7.16212078699907e-08
5.528622719229436e-08
1.9743218587353658e-07
6.449367527273981e-08
5.103442266692693e-08
4.317863422185949e-08
3.941940198729271e-08
1.3876206875565884e-07
4.7442640003484344e-08
3.5830712282339136e-08
2.8559314924253972e-08
2.6386047103121352e-08
1.28829479635909e-07
3.8759298178785804e-08
3.0672538765010655e-08
2.3405559413444143e-08
2.4036296555798326e-08
1.4480884750202267e-07
3.8549040873308475e-08
3.505197147571291e-08
2.52424930432471e-08
1.7982908977551837e-08
1.1397399242648124e-07
3.0062413109390094e-08
2.439972037122804e-08
2.2667335764138453e-08
1.88028375855907e-08
9.599405291959415e-08
3.185286988175989e-08
2.6906645871219808e-08
2.2186579364711916e-08
1.589894634862206e-08
7.840261256118213e-08
2.22207809757629e-08
1.871965800336222e-08
1.78435801009247e-08
1.4566647950741285e-08
6.957034947614586e-08
2.0478991444005054e-08
1.816973909526055e-08
1.4371155768045995e-08
1.334313734601698e-08
5.8525399425469064e-08
1.7867716221155386e-08
1.4853167754919923e-08
1.1420252538468071e-08
9.861635484643755e-09
5.298895538539092e-08
1.3731936618143459e-08
1.2394630744376527e-08
9.174419965570774e-09
7.58941370252739e-09
4.019093660791786e-08
1.0940620325690824e-08
8.613406257488567e-09
7.59318468122199e-09
5.6716377122771815e-09
2.0004029065808373e-08
6.56557066085081e-09
4.856761630099213e-09
3.983165686842256e-09
3.771419655469957e-09
1.3179472473734245e-08
4.076580517549436e-09
3.295073204168012e-09
2.3240838390751937e-09
2.304892756063567e-09
8.66746332876079e-09
2.2676700516582236e-09
1.7696316373391406e-09
1.3541455413289712e-09
9.932727675174885e-10
