-5189.067056543383
-2612.942078584647
-1519.8073776021652
-989.9310391878404
-686.297373403565
-555.2971789063478
-476.22037182299584
-394.4313383920597
-338.69392103010637
-284.3323087873024
-229.19099660277374
-189.52325754506768
-159.52641660832919
-140.07257737971247
-125.382595436521
-113.40263417014603
-104.21851249652133
-98.78683677768154
-92.40690529837201
-86.13792005852214
-81.82406181992499
-76.93326541425795
-72.99659860100977
-70.25427346999244
-68.13396461680668
-66.44624033930764
-65.12668573780451
-63.42280553995717
-62.30863017120257
-60.69448292503205
-59.395733497466324
-58.18686566373316
-57.12716074177648
-55.97138016621854
-55.154127135007556
-54.23425218211449
-53.292313086987726
-52.09775163816565
-50.89108938821689
-49.742052759474355
-48.51378286873788
-47.40063588344805
-47.01628819709485
-46.04616604359043
-45.31260804706032
-45.29308309304706
-44.48119060825918
-43.732279793197186
-42.8216982631709
-42.360251807375434
-41.726156677839285
-41.096206701753616
-40.62842190058627
-39.97301597973339
-40.61230487297753
-39.72291309681756
-38.33060321755998
-37.261634611046674
-36.70490406053071
-36.378186728562724
-35.65830365759267
-35.141715491367606
-34.446482588261276
-34.05045713143605
-33.4454409901376
-32.71246672459003
-32.001418948495854
-31.39305735745166
-30.767738139632844
-30.116454608209466
-29.896966502873717
-29.64601477667602
-29.21866848363341
-28.660737618122848
-27.81683056594307
-26.99749842666092
-26.549967285589425
-26.346439424146496
-26.254289484510274
-26.069372500895334
-25.347843570756297
-25.501615272874595
-25.370034953213697
-25.02257363181556
-24.66092052569295
-24.424428210514094
-23.993770365912894
-23.814796753826176
-23.474936852282887
-23.28677910119241
-22.867200092434892
-22.710047963416546
-22.238372294706714
-21.864371655772814
-21.48914380611757
-21.315608062760106
-21.117289762704925
-20.947538575101227
-20.587687070212258
-20.642064718814844
-20.376574179287278
-20.234394802156935
-20.021271667962495
-19.883645585132136
-19.651645542902855
-19.4078620479858
-19.33528294932356
-18.81004590462397
-18.539247349607827
-18.26820254289256
-17.98797999976592
-17.915862437669396
-17.797840617793042
-17.704479791830554
-17.513118471262498
-17.370801906504017
-17.227095218110563
-17.1061458742655
-16.94291055607715
-16.760875297985844
-16.43429189014237
-16.215804157986057
-15.986196274030933
-15.861463183847192
-15.636816034487632
-15.51729488176509
-15.522518594629041
-15.468737136315626
-15.315320390845141
-15.197401524744311
-15.086739778663167
-15.013418198408093
-14.863860427609476
-14.740251196455349
-14.604595094489063
-14.447158828937972
-14.301817328031726
-14.119143706059667
-13.961033647483188
-13.833782886139854
-13.644628722771706
-13.524836689667154
-13.385530106983785
-13.16499634788428
-12.806766855361818
-12.524348170546048
-12.321142769333822
-12.114207960449944
-11.92783536635974
-11.673433681894458
-11.475457898288365
-11.294723250671503
-10.893155781806286
-10.590568985949925
-10.405424539125503
-10.141185357126453
-10.008525658862382
-9.831025587531787
-9.666024917705517
-9.508554242145486
-9.432707082864443
-9.241627200273967
-9.283796504971003
-9.169175176334754
-9.047518954051965
-8.890176909149783
-8.660922605565414
-8.560376986679895
-8.411376422252804
-8.316626440964054
-8.172365855752037
-8.103849821833709
-7.952484352974359
-7.86473742286343
-7.774124702742156
-7.62019216371943
-7.496932669445696
-7.402863996913428
-7.298177810396609
-7.167419439246798
-7.139388041670552
-7.041828235058891
-6.902397004524335
-6.814684054460599
-6.6849451936724735
-6.5906883859976055
-6.483232318951812
-6.381582748901321
-6.285843556575649
-6.186571109968182
-6.088835226758456
-5.987292642753548
-5.891508721639292
-5.820068352961043
-5.724907974886957
-5.654866227360541
-5.574299102681136
-5.510762103909368
-5.450901455701478
-5.398769985220366
-5.341856843111929
-5.287124997299262
-5.212566432373306
-5.159910014500639
-5.073491452577507
-5.0260941537791
-4.997581827906106
-4.990567914684039
-4.946299000332142
-4.892991937097957
-4.83088143728835
-4.787479356155849
-4.74615010583116
-4.698583928474187
-4.6496334778761605
-4.617522256416968
-4.575140536493091
-4.536059451218419
-4.498893614140831
-4.446830323545006
-4.4187850971224165
-4.357019084775983
-4.332878892919021
-4.300238530152154
-4.266826062266638
-4.2621926898754126
-4.229345208180019
-4.205616575551767
-4.181715597367257
-4.138109084454859
-4.1070583525497675
-4.074312651077559
-4.056469003191289
-4.060368245850005
-4.0294600425904035
-4.018973893679933
-4.009201665297833
-3.9943491970203064
-3.975079374370929
-3.9485615802529965
-3.9356982885003022
-3.921169249691938
-3.9084930811408416
-3.889749952679754
-3.870013990039393
-3.849464252085018
-3.8286649288027803
-3.8139207693817596
-3.797525990478835
-3.767946122491651
-3.761890385971923
-3.7773313132741366
-3.7796510998960384
-3.7567133328933426
-3.7388973400045646
-3.736271306245118
-3.730165811015303
-3.7077833666069853
-3.6948140493887562
-3.6900129819603977
-3.690827257966497
-3.6882910957079664
-3.688933118766665
-3.688310340820337
-3.7017348139232977
-3.703754222372379
-3.6975396393500253
-3.6994702807557998
-3.694710881397185
-3.677339621115906
-3.668039808173301
-3.6505149243081085
-3.6360310054549005
-3.6120546164569443
-3.5987299675006232
-3.5904371064221117
-3.5820751335125607
-3.570470940036019
-3.553814517036746
-3.562401968369688
-3.550339112103213
-3.544925232662677
-3.5405108351031656
-3.534816340017624
-3.522587702047364
-3.51297298877243
-3.497593037605887
-3.4895523323052435
-3.4774021335435865
-3.472724147610451
-3.4671637385789156
-3.4704044550319137
-3.465731165322617
-3.45654898191388
-3.4494848885143723
-3.4475950652654306
-3.4462457993014817
-3.4487734548931748
-3.4458913963166298
-3.4442489247843158
-3.447156786710096
-3.4510346569667067
-3.4454944503477316
-3.440623534571619
-3.441075628569193
-3.4433621099392515
-3.438932109261036
-3.4397932834228246
-3.429353107930104
-3.4245603984106197
-3.411649970531773
-3.390580276179765
-3.375846558385915
-3.3690671912938184
-3.3803877873825514
-3.3729496261163434
-3.3739640529353316
-3.373822479263501
-3.3723841279406113
-3.363768252291944
-3.3603658442112914
-3.3555019713812233
-3.353659978177816
-3.3463148420771684
-3.336394011922585
-3.3228970807966833
-3.3147236367175474
-3.30343478719972
-3.301745699225286
-3.2999328468438445
-3.2949629773627267
-3.286862149981181
-3.2799245232468293
-3.2815810636880185
-3.2814061997508803
-3.2780339405516843
-3.273413886002222
-3.2683037263635493
-3.2577538758408133
-3.254649052213017
-3.2486467946417728
-3.253445458971145
-3.2572670249776623
-3.2517707902057564
-3.25015892484704
-3.2456213821485256
-3.241284271169709
-3.233161290714855
-3.230169953808349
-3.223914842563132
-3.2252590926935056
-3.2245846588685207
-3.2223888175186093
-3.2153685349987673
-3.204983133644035
-3.2005791622871396
-3.19532768935562
-3.1891241678902
-3.188401409746945
-3.1802510817317393
-3.1730803798733103
-3.1680730136571107
-3.16641232907773
-3.1616461302883816
-3.156728998555425
-3.1540980215785908
-3.149949198690936
-3.1499518032666054
-3.151625900967546
-3.1483556405180124
-3.1462992612706717
-3.141628941715619
-3.140455330714631
-3.1385814493926
-3.1350203978721822
-3.1342273208781086
-3.1325645956314565
-3.1287470893935554
-3.1262894888169677
-3.123374136796407
-3.118901978845088
-3.11570912159355
-3.1125563173959954
-3.1090833107726765
-3.105463756491025
-3.1014053267160717
-3.0958743407575566
-3.093547857861279
-3.090017531096427
-3.0877613490464833
-3.0858633670048103
-3.0844476354480967
-3.083329741539967
-3.0814356651963166
-3.0797932289127736
-3.0763370859444974
-3.074693747532649
-3.0743074928650707
-3.0750520351583193
-3.0741598411766144
-3.0735344501752446
-3.0737346895344073
-3.07412238605591
-3.0737297761396016
-3.075006935665202
-3.0750706673752632
-3.075309804941722
-3.074284025224973
-3.0729028513509142
-3.072018913013321
-3.0711638610320113
-3.0705582126059245
-3.0697111819570915
-3.0676576896731262
-3.066027162214667
-3.064651294628743
-3.0636221142438806
-3.062301583917126
-3.061563470876473
-3.060390731797362
-3.059721078872168
-3.059014450123188
-3.0597983805522535
-3.059237688428322
-3.0592409322690512
-3.0582911632457415
-3.057917261787442
-3.057633035677081
-3.057309354881863
-3.0568638836279307
-3.0564337729381728
-3.0573794525204843
-3.057098815443873
-3.056868705023001
-3.056240264538784
-3.056221211035254
-3.0552918920525625
-3.054621702150852
-3.053578992565473
-3.0528355862176264
-3.053220707684508
-3.052532147454653
-3.0518408160380837
-3.051133874226081
-3.0503062172450206
-3.0503892171734748
-3.049264118681302
-3.048477519595669
-3.0473688069812814
-3.045540113230511
-3.0449527400058405
-3.044069326871525
-3.043067205595598
-3.0424342841665823
-3.0416975575617577
-3.0412963207676516
-3.0408860865164895
-3.0396516261283413
-3.0391509078057695
-3.037731129795909
-3.036661130459138
-3.0358048565441518
-3.034946247860376
-3.0340982005120294
-3.0327571603327925
-3.031499378319813
-3.0302386692021233
-3.0291018127521143
-3.0277702484553393
-3.0271807442680476
-3.026526048374479
-3.026480639582614
-3.0263952773252583
-3.025563472743027
-3.0257327414706845
-3.025154042557028
-3.0250413435805585
-3.024957851205236
-3.0249300350554336
-3.023960588327639
-3.0233026264055978
-3.0224965828651955
-3.0218237978385165
-3.020695547967116
-3.0199981027286964
-3.020684756639789
-3.020275396348544
-3.019897738352442
-3.0189280776059766
-3.018185282637619
-3.017072322029684
-3.0159967039996087
-3.015036578704062
-3.0136051625473437
-3.0127023164656013
-3.012079428334542
-3.011032916852071
-3.0103801624877926
-3.00916863370674
-3.008148070951626
-3.006742389246767
-3.005912095737885
-3.005243149977208
-3.004059111893442
-3.0035641480953092
-3.003145947042478
-3.00264794935302
-3.001425353770525
-3.00101298583217
-3.000388625686295
-2.9994458203038667
-2.999104061894692
-2.9987565731062817
-2.99882658464362
-2.998449515278
-2.998482161505616
-2.9981606232941562
-2.9974046433138346
-2.996698508140647
-2.995928980148455
-2.995009139852833
-2.994348301287145
-2.9938775213382582
-2.993513790470036
-2.9927257831543765
-2.9924550967053336
-2.992264262100947
-2.9917785878616545
-2.991205560300899
-2.9903992431881665
-2.98954930492168
-2.988490031187299
-2.9868776590280395
-2.9856745786255763
-2.9849545360387855
-2.983874638306049
-2.9828328660362597
-2.982036402624406
-2.9811771334395587
-2.981618180578591
-2.9811158805807993
-2.9802031559258007
-2.9790593693871474
-2.9780766052714127
-2.977001018299523
-2.975844348649928
-2.9746623961414738
-2.9739085004564325
-2.972270019654713
-2.97127240701784
-2.9704247990882733
-2.9691323723965146
-2.9674710129575717
-2.9662385878632542
-2.9647569596698538
-2.963151992035768
-2.961592375770577
-2.961744628964106
-2.9616532432855402
-2.9608763490938887
-2.960745749898998
-2.960144450150047
-2.9593632994523675
-2.958623351287145
-2.9581704510284537
-2.958033759107307
-2.9579524894552236
-2.9574956318687464
-2.9568200624565697
-2.9566311869408364
-2.9563651056307196
-2.9560891584977176
-2.956500635821744
-2.9563857320151525
-2.955587402455854
-2.9558047719875837
-2.955346537628296
-2.9549805807374625
-2.9547243033230473
-2.9538436939394934
-2.9531563079175767
-2.952554134167644
-2.951098789113696
-2.9497712531909475
-2.9493075279084433
-2.947890474609733
-2.946861923813712
-2.9457478669683557
-2.945158059432805
-2.9450790709743435
-2.945404259831074
-2.944609884367572
-2.9434577924669023
-2.9437124559520655
-2.9429058781751385
-2.9419147067484186
-2.941530131745182
-2.940381006255116
-2.939934520408052
-2.939237005240373
-2.9387635660223723
-2.9383895759707768
-2.936165650560775
-2.9359438509943288
-2.9348681513398347
-2.934483837954071
-2.933034355774745
-2.9313689735178734
-2.9301904008716093
-2.9287914399869788
-2.9274964848025533
-2.9250285373128087
-2.9235519777214476
-2.9223759104785563
-2.9216896844448463
-2.921247631572454
-2.9203737624137256
-2.9198587321872216
-2.91875093058367
-2.9186170349426517
-2.9201863357744666
-2.92023603902624
-2.920536948619304
-2.9205720272186704
-2.9208191727677555
-2.9209086608960346
-2.9212971097431435
-2.9205732119131884
-2.920132253841836
-2.919947050544788
-2.9195538332546516
-2.9193316304401744
-2.918827951378219
-2.9182836344612726
-2.918430739582676
-2.9177353163502557
-2.9169839736758085
-2.917085948515612
-2.915575017816972
-2.9143581518455663
-2.9130534880902426
-2.9123464624957016
-2.9110816828023087
-2.909947412560929
-2.9086647791143703
-2.907644328592963
-2.9071686258988416
-2.9067867045970024
-2.906057928798604
-2.9055042776327444
-2.9056454012735333
-2.905468477894381
-2.904387394879146
-2.9038469575332075
-2.9029280077074535
-2.902629874092188
-2.902078911060377
-2.9017705735775774
-2.9017525655240655
-2.901115148915748
-2.9001718102832523
-2.899509263928417
-2.8989110817160366
-2.898676143739243
-2.8985341498086763
-2.899657178827997
-2.8999198745259642
-2.899823889884942
-2.8997651536259386
-2.899429895142266
-2.8988686197509765
-2.8977413578724307
-2.897122457716204
-2.8959412497157864
-2.894184127359497
-2.8933475933693957
-2.892399870842854
-2.8911102994895606
-2.8905332390349034
-2.88995786200382
-2.8896212092531277
-2.8892204363921925
-2.8885858043545136
-2.8878017047461535
-2.8869334423830906
-2.886183906089351
-2.885325370952396
-2.8851544137252274
-2.8850308408739034
-2.884826346484546
-2.884227480783447
-2.8840457215955606
-2.8846181943368654
-2.8843911973864724
-2.883499013381419
-2.8830582057483918
-2.8828690921816142
-2.8819162635373154
-2.8815000841310487
-2.880465704266708
-2.8801194635082377
-2.8812054783888508
-2.8803099137060304
-2.879787614222224
-2.8789354123424724
-2.8780575075946553
-2.8766191856799184
-2.8749128964303434
-2.8739918555205426
-2.8733471466477054
-2.871253183685429
-2.870124036638405
-2.869750409495927
-2.8696043037481935
-2.8695371127328904
-2.869574097593823
-2.8694236798263937
-2.8690093940585726
-2.868552973892979
-2.8677226657523294
-2.8675424967049246
-2.8670954065137817
-2.8666264459776576
-2.866496240651534
-2.865868114562708
-2.864644615723681
-2.86350676530238
-2.863035902708141
-2.8614122515158615
-2.860716964262563
-2.860144523131118
-2.8596258228343236
-2.859079836791248
-2.8590450100888223
-2.8584685939907333
-2.8580403381494017
-2.857880192059785
-2.8574886867791225
-2.8575766917661847
-2.8573252589417764
-2.857348249848134
-2.8564493171026335
-2.8556451584363076
-2.8551334665583648
-2.8543683136586306
-2.8532301307907026
-2.852694876138915
-2.8518476018470524
-2.851167034904985
-2.850066303607976
-2.849201066006797
-2.848326813751628
-2.847196617991869
-2.8471740254618405
-2.846386127770753
-2.846348296959184
-2.846266629292054
-2.846019132844207
-2.8459235162641696
-2.845370905219839
-2.844946863993558
-2.8444897788550687
-2.8445510059828356
-2.8439778487642093
-2.8439994796680748
-2.8436089425544395
-2.8434152377442006
-2.842774580322878
-2.842464310476906
-2.8422071161366196
-2.8420481889033327
-2.842658163237979
-2.8429441351714657
-2.843360565709327
-2.8432567477362203
-2.8428129829013566
-2.84259651828691
-2.8423347053207983
-2.8419240575176272
-2.8413455930392733
-2.8409759676762065
-2.840580405573906
-2.8407212636373886
-2.839526596299444
-2.8385627454887965
-2.8382783925690753
-2.83825745113133
-2.838073837635389
-2.8378529873435734
-2.837701567997531
-2.8373886295622524
-2.8368988066254106
-2.8359884857623454
-2.835263063079796
-2.8341491499098397
-2.8342657187038554
-2.8340680274878407
-2.833339272763633
-2.8325888402929102
-2.831952011866674
-2.830163886697104
-2.8293202158464945
-2.8281954897720647
-2.8271945971239054
-2.826308212031984
-2.8259074012839847
-2.8255291176489146
-2.825679961350726
-2.8258253383054592
-2.8255001838248313
-2.8258998548392924
-2.8255779390709472
-2.825299544308451
-2.825109431350065
-2.8245254897769323
-2.823735544350477
-2.8235005553843378
-2.8226840662576054
-2.8216558788374533
-2.821102395224724
-2.820535086357566
-2.8200600106969884
-2.8197784050768
-2.8195317562980593
-2.819092927199184
-2.8186783245735585
-2.818432465514154
-2.8177306729666722
-2.8174009748974385
-2.816570814427287
-2.8160855383722216
-2.8156511836792157
-2.814996528021828
-2.814916334241069
-2.814512554951079
-2.8140474029168825
-2.8145272977526474
-2.8138291358536835
-2.813143629757077
-2.8124540396776014
-2.8120655239298964
-2.8114929746869515
-2.81125334632023
-2.811197208061621
-2.810088336705568
-2.8097851973385053
-2.809177975381229
-2.8087691050655152
-2.8088600765161535
-2.8085324888733627
-2.8081148950853643
-2.807670922326545
-2.807245177269808
-2.8069968610946043
-2.8057506809539254
-2.804969741801692
-2.804119979795765
-2.803344163438902
-2.8024069894679435
-2.8013123140913594
-2.800877971650567
-2.800039634163013
-2.7991042961035735
-2.7991381100010893
-2.798606818052556
-2.7979317868300573
-2.798101212053187
-2.7980591908391967
-2.797338838150975
-2.7968627240406376
-2.7966166687895497
-2.7968574386984315
-2.7966809210960166
-2.7965530912121292
-2.7962882795383446
-2.796125880681502
-2.795584826552644
-2.7955042933797785
-2.794871568334803
-2.794614115549299
-2.793795253927187
-2.794428216457943
-2.794513554820452
-2.794464586981805
-2.794345798406205
-2.793949519756832
-2.793432598125447
-2.79337051501928
-2.7931571789150746
-2.7929054890983576
-2.7924601237016207
-2.792132031270385
-2.791952549503032
-2.7920662811175188
-2.7917278075062253
-2.7913931127519875
-2.791124291106288
-2.790781154765036
-2.7902309531421574
-2.7891956016458614
-2.7886593604361085
-2.7879772765530686
-2.7875022559692866
-2.7870646767973546
-2.786206943376671
-2.7856722542210735
-2.7853702443512525
-2.7852035453175104
-2.784065288614433
-2.7843599569462243
-2.7837214140977133
-2.783051257906328
-2.782651842911811
-2.78206709309666
-2.782244412514794
-2.7815869556101633
-2.7816152752246985
-2.781846909488465
-2.781851869474809
-2.7808654118115332
-2.780244384685913
-2.779630387389955
-2.7795214367434857
-2.779188463173566
-2.778826818705448
-2.7785273275771774
-2.7786335213622513
-2.7775713154989052
-2.7771482074836973
-2.776398341169208
-2.776017004308874
-2.7756694962509894
-2.7755200349248152
-2.7752686451579316
-2.7753697818530974
-2.7758799435142754
-2.7754875022787715
-2.775477432562785
-2.7751810164931285
-2.7752199488278597
-2.775018983870102
-2.774460493526167
-2.774211566543058
-2.773647788750976
-2.772706988947854
-2.772359489548421
-2.77228040644593
-2.771645150961917
-2.771128110537565
-2.7703795357886305
-2.769539279135661
-2.768743682275968
-2.7677939236451494
-2.7665710047347467
-2.7653776512933703
-2.764675807004078
-2.7643234949912387
-2.7640844992124656
-2.7639556330372486
-2.7639038646564678
-2.7639109555715367
-2.763188393756015
-2.763622212362111
-2.7632538611239488
-2.762871733451431
-2.7628165877436137
-2.7625798458056847
-2.7623520951295637
-2.7619829148306314
-2.7617434274857766
-2.761827650663929
-2.7606514909414437
-2.7603981480019897
-2.760036615277566
-2.759765444510265
-2.759548371012213
-2.7591592344165843
-2.7590083748772063
-2.758727234430352
-2.7582015654707694
-2.7572874371565765
-2.756258983606612
-2.755199334187746
-2.754478768151264
-2.7543203964663894
-2.7537577909897353
-2.753358096959314
-2.752953765108508
-2.752754079142544
-2.7529919845734385
-2.7526424524933755
-2.7519488029401864
-2.7519739995187864
-2.7517911433829285
-2.751574246163421
-2.7510910147153016
-2.7506984937694967
-2.7500365015529766
-2.7493979454860806
-2.748803409923068
-2.7480710836638584
-2.747646864599533
-2.7473322201418426
-2.7468545185826714
-2.7462799100057804
-2.745824197030231
-2.7453495317158207
-2.744761647295726
-2.7438886879679347
-2.743203959577815
-2.7430651869476836
-2.742412155916845
-2.742477127039975
-2.7417442477522975
-2.74159033268536
-2.741059816221055
-2.7412193471915747
-2.741265416887522
-2.74112587536192
-2.740694467140678
-2.740564984953708
-2.7399136247522318
-2.7392093777965454
-2.7387338355523934
-2.7382146087060835
-2.738222478709165
-2.737991815252817
-2.7375566923528414
-2.7365122360830068
-2.7363278565618407
-2.7357427779552665
-2.7352477599648326
-2.73461796977811
-2.734266204626083
-2.734013055177156
-2.7336030107211453
-2.7329994041454517
-2.732328516660357
-2.7310756379463914
-2.730359411436293
-2.730044796102782
-2.7297470435790894
-2.7295061631047255
-2.729478134822304
-2.7293258848181106
-2.729219481650646
-2.7286220025745647
-2.7282210027510736
-2.7278431964859067
-2.727485999645272
-2.7272537273171285
-2.7272951426875234
-2.7269826444707603
-2.7267274171436156
-2.7262684680128633
-2.7257142117041417
-2.725278913553033
-2.7250345779468574
-2.7242861464679033
-2.7237933666611465
-2.7235040882849826
-2.723195698556495
-2.722826181007482
-2.7227925918034868
-2.7225565638066875
-2.721990623348587
-2.7214196225700733
-2.7210675447535837
-2.72073887261434
-2.720828965610428
-2.7216555652356895
-2.721693668141123
-2.7214913072847624
-2.7211268806622106
-2.7207059133432
-2.7202658341530417
-2.720431685561106
-2.720526696750472
-2.720155984942878
-2.7198897245027203
-2.7190457019590273
-2.719357175281013
-2.719240222903236
-2.718767886081274
-2.719158965465043
-2.7190443475315833
-2.7191733448955953
-2.718777263592158
-2.7192227116093624
-2.7189070615508832
-2.718841607369673
-2.718376584786441
-2.71784831534359
-2.7174531374460145
-2.7168592804769762
-2.7163676650368096
-2.7158511231062166
-2.715316190330814
-2.7151182463459116
-2.7143561509387224
-2.7132133319508993
-2.7130711730098263
-2.7130146523522294
-2.712591294784219
-2.712071292141341
-2.711717304977643
-2.710748806395796
-2.7105239631617755
-2.7097721469623397
-2.7092351005703783
-2.7090208695308666
-2.709002643839575
-2.7089568387868592
-2.708858385494093
-2.7088918033671208
-2.7091772129888954
-2.7091816513811633
-2.708966844162709
-2.7090714774316877
-2.7090647212045336
-2.7089619064829833
-2.7083184029197205
-2.708042161371792
-2.7075977403855003
-2.7071814667938323
-2.7069963156217964
-2.7062988476912997
-2.705930605858231
-2.7048532200914317
-2.703723333229216
-2.703085248867083
-2.7022706272062873
-2.7020481746491276
-2.7017196721472807
-2.7009762831373836
-2.700191855260433
-2.6998670651809804
-2.699300911842501
-2.698591582924899
-2.6983822672846465
-2.697848137481852
-2.6972892629768137
-2.6966826960421493
-2.696531371912635
-2.695923189868835
-2.6953482871452072
-2.6952769761956406
-2.694703279982785
-2.6942099940667497
-2.6941972704848007
-2.693502391691451
-2.6936320151189372
-2.693466275939728
-2.69290680735239
-2.69256588739305
-2.692619130999658
-2.692332476069674
-2.6924297628859053
-2.692001588051238
-2.6916401084020873
-2.6910556307677567
-2.690888546362477
-2.6908111621556765
-2.6901047907559286
-2.6897494713987014
-2.689699010453835
-2.689574210318474
-2.689005992069503
-2.6887843771275093
-2.6881460208261725
-2.6875831567162773
-2.687186997713145
-2.686695106515752
-2.6862322236925333
-2.6859802186720074
-2.6857806204962458
-2.6853962620038176
-2.68459536237056
-2.684131549196299
-2.683756790746462
-2.6835846235856744
-2.6833445145209875
-2.683219588531193
-2.682865536194875
-2.682363222970181
-2.682029928194618
-2.6813925621507373
-2.6800419912270534
-2.679328155820582
-2.6784906702292823
-2.6782007472602882
-2.6777244929967905
-2.6774902933779208
-2.6765749974148436
-2.6762110517661113
-2.6758407940112745
-2.6759671648013694
-2.675901549542372
-2.6758089980718647
-2.6759680810322592
-2.675641776137028
-2.6750442611017364
-2.674201894433141
-2.6737042025016517
-2.6730202102500193
-2.672121087784853
-2.671613379146117
-2.6710376576659325
-2.6704879219774442
-2.6704024989281963
-2.6699763655734547
-2.669845725928833
-2.669661281164461
-2.66917630031893
-2.6686050008579087
-2.668500840028611
-2.6684056914300847
-2.668244862558219
-2.6676136693693344
-2.6669796805272536
-2.6665960475478183
-2.6662140723834233
-2.6655877497129943
-2.6653112445825853
-2.6649380985769997
-2.6647945873955825
-2.664655452927125
-2.6642470477294626
-2.663939489093412
-2.6637247193554985
-2.663464393880179
-2.662837821821406
-2.6626314797439754
-2.662438141757449
-2.6621241042917756
-2.6619146996973533
-2.661689186423134
-2.6615615311101326
-2.6613656318859773
-2.661129787521239
-2.6607228279702104
-2.6605066672931628
-2.6606097628041967
-2.6602842022623534
-2.660338455734297
-2.6595348304712356
-2.659071710305192
-2.658990905410602
-2.6584992131740255
-2.6581227264146037
-2.658282697014088
-2.6582119678038043
-2.6578792195446894
-2.6578905285562886
-2.6575311915913495
-2.657155148078421
-2.6566416408227633
-2.65589107061444
-2.655049983622336
-2.654745808478105
-2.6538449775956496
-2.6536438852052404
-2.653101022483047
-2.6527326204253416
-2.652771798584311
-2.65242267212368
-2.6522361270483734
-2.6516617996541303
-2.6508528806715104
-2.6501222055442666
-2.649704588159818
-2.6489359315925496
-2.648392564476027
-2.6477443467828135
-2.647486334842755
-2.647427041905671
-2.6468204519458687
-2.646223495174478
-2.6457009116539068
-2.6452648974574533
-2.645276005400981
-2.6449514064937087
-2.6442953007306294
-2.6438953514929895
-2.6438147503776026
-2.6435826351227347
-2.642844172417282
-2.641992029908826
-2.6418751816720247
-2.642027130224935
-2.6423795141352433
-2.6425121240595058
-2.642664860986609
-2.642649398357668
-2.6423412432958213
-2.6415084003834517
-2.6408486699989897
-2.640556891805061
-2.639889665203972
-2.639491773484144
-2.638769137601108
-2.638462679864711
-2.6379785128142696
-2.6374409217499544
-2.636152123662344
-2.6358006038693538
-2.6353500657286215
-2.634669848023009
-2.6345656392669987
-2.6342372749798066
-2.633509960074158
-2.6330865737438276
-2.6326635607870266
-2.6322712987947003
-2.632262067959453
-2.6316423816032692
-2.6312026567879965
-2.6307577678738956
-2.63034711171246
-2.6302143867192793
-2.63035773950656
-2.630375090679718
-2.62941593414416
-2.629128925739413
-2.628601609982817
-2.628059035762185
-2.627973153347219
-2.627876084448849
-2.6275129761790783
-2.6276264284675293
-2.6279392714333585
-2.6279114363834046
-2.627489120057251
-2.626893928097967
-2.626167938750669
-2.6259055405494034
-2.6255437353120206
-2.624915694541319
-2.6247378552772878
-2.6244257644915887
-2.6245488297493536
-2.6245593146923887
-2.624355601650696
-2.6244798032435095
-2.6241461916080118
-2.6237747898644974
-2.6236930797113676
-2.623624690570383
-2.623335653379389
-2.623138034333537
-2.6228974679659696
-2.6225346860734984
-2.621991180819608
-2.621854638728621
-2.621494251668037
-2.621305966007961
-2.6204781970012805
-2.620400360203241
-2.6194862004855484
-2.6192136610229078
-2.6187881770076613
-2.6187819367032636
-2.618631151179587
-2.618391064575639
-2.618430723865018
-2.618143130783243
-2.6179496247951946
-2.6167395603081482
-2.6164971899923217
-2.6163103204435654
-2.6161477896574405
-2.615855297260249
-2.6156666891206517
-2.615591669766814
-2.6152479506669586
-2.614818844398734
-2.6144554077224615
-2.6142431142761176
-2.6142987396095947
-2.614325946244559
-2.6140448430009027
-2.6132532958712806
-2.6127359074714867
-2.612299695638752
-2.6118327866829345
-2.6121562001819134
-2.6118270254325644
-2.6114017600939228
-2.6111982427689657
-2.6110656110677066
-2.6109416310364724
-2.6107558146937215
-2.610685856344505
-2.610552234525106
-2.6100517876823197
-2.6099716625461253
-2.610021799285896
-2.60998578458513
-2.6097264500893456
-2.6097435320160516
-2.6096622978748014
-2.6098313094463643
-2.6096778120764705
-2.608548883464753
-2.6083885712435517
-2.6081270524081805
-2.6077027252428935
-2.607202730742621
-2.607088860173186
-2.607126008770824
-2.606934208620408
-2.606557304465725
-2.6058695303406414
-2.6055822479028317
-2.6048119654598736
-2.604401734354859
-2.603784766881437
-2.603151349285517
-2.6026778373805572
-2.602108998520273
-2.6017883469817122
-2.6019784094921428
-2.6019396840423274
-2.6017004791695735
-2.6011023889117073
-2.600790256243438
-2.6002298609225383
-2.5999558387186665
-2.599578890880151
-2.599518352628501
-2.5995236173016485
-2.5993943279294376
-2.5986099915737495
-2.5974666891187144
-2.597135170968511
-2.5967621258102858
-2.5964194796882634
-2.596191209209268
-2.5961945726464757
-2.596166881653644
-2.5959938922167867
-2.5960146460497198
-2.5954212031777635
-2.5951070381102896
-2.594981103890337
-2.5945918890463946
-2.5941565266316626
-2.5939578413985442
-2.5944884060371853
-2.5945139923227805
-2.5942554830979994
-2.593826965893047
-2.593459601472328
-2.5930614574540085
-2.592699395200218
-2.5926321220003925
-2.5922431845556453
-2.5921400677343867
-2.591874119947194
-2.5914221468218384
-2.5906798805544247
-2.5902406119411996
-2.5896133269218167
-2.5892850036049966
-2.5891156392778516
-2.5887062432661216
-2.588516952048862
-2.5880388156023275
-2.5877420709570096
-2.5877215889694387
-2.587421075214311
-2.5875441183397374
-2.587326574528792
-2.5871641482525565
-2.5871524980911236
-2.58668951442042
-2.58661195739566
-2.5864480375952836
-2.586262440912248
-2.58587728168053
-2.5859006444835453
-2.5855751436866523
-2.5850642171484353
-2.5846556478377396
-2.5840001396206906
-2.5838562440507964
-2.583744592181014
-2.58365572371717
-2.583555517823772
-2.5835045221698447
-2.5839314365181973
-2.5840814932234752
-2.5842571218028296
-2.584111577089813
-2.5839860398194268
-2.583926138745882
-2.5835957020887337
-2.5835920177584493
-2.583343691113162
-2.583180486548054
-2.582741435318874
-2.5825603748698156
-2.582821168815445
-2.582910559330241
-2.5828209127333706
-2.5824186040551504
-2.5823101291128765
-2.581953802522418
-2.581447701656273
-2.581100897308196
-2.581040875404526
-2.5806938381137385
-2.5804398639457085
-2.58014138127578
-2.5799891664522137
-2.579407693851219
-2.5792683114636157
-2.578876896402816
-2.5787210599847987
-2.578598600903902
-2.578360115898678
-2.5781674181323657
-2.578021267422034
-2.577808222863287
-2.577236507125039
-2.577388014130616
-2.577422852533031
-2.5773249149181607
-2.577088605629927
-2.5767879228049373
-2.5767382128785217
-2.5767895364112174
-2.576874174799306
-2.5766374355321897
-2.5764373560101985
-2.5761609468683044
-2.575635217467874
-2.5750183084031155
-2.5748577620079667
-2.574723366885121
-2.574413735948097
-2.5742110317028235
-2.573511057406746
-2.573097153907039
-2.5727518256808555
-2.5725318500962584
-2.572329117907957
-2.5719162562735445
-2.5716927852239637
-2.5714197612021827
-2.570812650576304
-2.5705726263192132
-2.570260526625864
-2.5698410747570857
-2.569350619168028
-2.568964234375421
-2.5691896803887255
-2.5692175577095084
-2.5692358899312095
-2.569164004431121
-2.568968793958266
-2.5686928942332967
-2.5684090186133144
-2.56813238889861
-2.567474521006952
-2.5667745790255463
-2.5666833507152154
-2.5661185872224515
-2.5657651046133756
-2.565315365999505
-2.565086139409411
-2.5648690708382604
-2.564652292634877
-2.564319746526123
-2.564051988985395
-2.563897942274635
-2.5635711466516082
-2.5635069700741715
-2.5633391114295616
-2.5630589513288564
-2.5629199178032396
-2.5628067831230146
-2.5626740350990307
-2.56235695674593
-2.561990565322785
-2.561597659316731
-2.561229467307724
-2.560625311107361
-2.560650822313616
-2.560439958854036
-2.560122011607978
-2.5599509042225206
-2.5597055242084767
-2.5595643273242157
-2.5596751716991673
-2.5593299983025064
-2.558997574930947
-2.558802907046761
-2.558603407694588
-2.558846814737313
-2.558957012789242
-2.5587799541741894
-2.558742742236479
-2.5584896354453335
-2.558373868972189
-2.558438954799243
-2.5582237677683533
-2.557886200741244
-2.557811580978981
-2.557558657528484
-2.5573614524478403
-2.557311393157005
-2.557164270699172
-2.5569803308128742
-2.5569257758942534
-2.5567564346728213
-2.5564948550497104
-2.556071019616372
-2.5559779617534977
-2.55626912109625
-2.5558787245478065
-2.5555661646462884
-2.5551807543219005
-2.5547783109511184
-2.553935933775033
-2.553312088213366
-2.5532629443928014
-2.553396710940321
-2.55416641772576
-2.554374337668298
-2.554514878141828
-2.554688512430157
-2.5547032974950796
-2.5545512055472774
-2.5538006169967984
-2.5535135997704117
-2.553028875603336
-2.552696891833879
-2.552453913166109
-2.551993005182322
-2.551675475780884
-2.55135678553872
-2.5511301195326967
-2.550852788666143
-2.5504274990365277
-2.55042377204732
-2.5498502965950456
-2.549708733733782
-2.5496638923075503
-2.5495237457681053
-2.5492104938819113
-2.549176978342399
-2.54930988341592
-2.549161098182412
-2.5491074595162377
-2.5493388287498973
-2.5492056700933903
-2.549115936474712
-2.5492456749741157
-2.5487642949386853
-2.548859908428382
-2.548861487494925
-2.548739117271642
-2.548614488162457
-2.548279689837787
-2.547988851024691
-2.5477623736535895
-2.547453792530537
-2.5472310642358322
-2.5468270677422877
-2.5468792847966006
-2.546883429451661
-2.5469177983961506
-2.5464324073830618
-2.5458926064991485
-2.545756491257747
-2.545361832498977
-2.5450273062954283
-2.544752787958947
-2.5442719439110495
-2.543756335186133
-2.5437545960465853
-2.54284465375215
-2.542494324232278
-2.5420718927260992
-2.5418669726812206
-2.5416648965879998
-2.541541963668445
-2.5414572331903793
-2.541282758683879
-2.541167781085166
-2.5405002784608572
-2.540673420332511
-2.540423958288037
-2.5405296844742953
-2.54007933536584
-2.5397457877898306
-2.5393791538922175
-2.539128535821355
-2.5388370029322362
-2.538861229155578
-2.5386401645112042
-2.538831200637075
-2.5386879208629027
-2.5384718654020144
-2.53805626227788
-2.5378729281753425
-2.537284846652514
-2.536857719212601
-2.5370125735721225
-2.5370391787926048
-2.5370360486897905
-2.536958206937299
-2.5368763333831987
-2.5365749151843513
-2.5364575784232484
-2.5363832301737768
-2.5366438390653654
-2.5362468977186
-2.5359643931715787
-2.535880277500691
-2.5353636244441775
-2.5347843549087123
-2.5345462376159804
-2.534200003006826
-2.534165976034867
-2.5338739920043567
-2.5335423970978326
-2.533439963053232
-2.5332112213907685
-2.532973154974462
-2.5328249530170863
-2.532498064618162
-2.5324422512304974
-2.532132041948319
-2.5319082061709324
-2.531974581915219
-2.531227532134544
-2.531038448547563
-2.53065989202734
-2.5303297931936783
-2.5301938639488624
-2.5296960712441345
-2.5294170291326363
-2.529243273635567
-2.5284672719906505
-2.528291453160152
-2.5279708078136425
-2.5276212945540975
-2.527480523645605
-2.527109806389503
-2.526844195153613
-2.5265536515805174
-2.5263737867515177
-2.5263985216406795
-2.526122295083405
-2.5258635112489354
-2.5255964669468796
-2.5253973076830962
-2.525011699092857
-2.524712617729235
-2.5246174783512974
-2.5246179681348226
-2.5237946968097633
-2.5236235244614136
-2.5234536784503065
-2.5233116590055022
-2.5234032111314533
-2.52357908689072
-2.523465902535249
-2.523333473921324
-2.5230277695164753
-2.52272572281102
-2.5223849067189326
-2.522103447442591
-2.5218846411788083
-2.521717875875061
-2.521451536000437
-2.521042737104086
-2.5207282417558146
-2.520621388733809
-2.520106457959934
-2.5203003240611803
-2.520102822687747
-2.5200122580331477
-2.519878254077671
-2.5197371810320366
-2.519523745105727
-2.519496931499691
-2.519381492235835
-2.5190970476824797
-2.518863253709002
-2.5184720187751495
-2.518283465002923
-2.518460900670698
-2.5186411114615095
-2.518493038936618
-2.5184591891155055
-2.5183461202092436
-2.5179862835071463
-2.5179871789221444
-2.5177478274173177
-2.5176667017929732
-2.517547160952015
-2.5171228202274043
-2.516884036414626
-2.5167529499991543
-2.516628443301114
-2.51657097617713
-2.516208653944624
-2.5160419023636496
-2.5158318428187343
-2.515655753869328
-2.5151814716921583
-2.51479930592699
-2.5147097112434627
-2.514675074593276
-2.514593112425967
-2.514287164149559
-2.5142236524521953
-2.513933087039794
-2.5138122588609093
-2.513574428173935
-2.5134348747597794
-2.5132957398899136
-2.5130707806780825
-2.5129416269699245
-2.51274913394528
-2.512823880761503
-2.5128169315036173
-2.5124237716307514
-2.51227699497295
-2.512007719750761
-2.5120619938090796
-2.5118660793814898
-2.5120993056610237
-2.5118752842933487
-2.5116350127384877
-2.5115280290205337
-2.5112984623782806
-2.5109570963584655
-2.510702387118921
-2.510406597909852
-2.5099911326307427
-2.5100777233560887
-2.510146346756617
-2.5099403560145106
-2.5098101136080677
-2.5095472661841582
-2.509378577323199
-2.5091675375540756
-2.5089479036868823
-2.508710351245942
-2.508556520519474
-2.5089171340468286
-2.5088706512525434
-2.508727589215026
-2.5087124457680803
-2.5086688709779104
-2.508505221575717
-2.5083645347036443
-2.5080126955182207
-2.5072223437959944
-2.5069272050359745
-2.506593137864144
-2.506093970756332
-2.5058878266586984
-2.5057768425218687
-2.505757881453569
-2.5053967247868263
-2.505302016064494
-2.505410622618432
-2.5052897259729288
-2.5049773750251125
-2.5048659149878767
-2.504708298152683
-2.5045177926551605
-2.504308609228034
-2.5040176806666095
-2.5038376231290784
-2.5037566703075207
-2.5037568308175144
-2.503606331834251
-2.5034840846880906
-2.50322888298227
-2.503098651531827
-2.502700431172099
-2.502300654464492
-2.5019852038731543
-2.501950674890305
-2.501929367682397
-2.5017789263842563
-2.5014482366162105
-2.501297221633065
-2.501071429158036
-2.5006314388375754
-2.5005089211712512
-2.500440665264672
-2.500340972316012
-2.5001816813623057
-2.4999730760095837
-2.4998282303512642
-2.499682454054554
-2.4993869040285523
-2.499167462628075
-2.498973077509657
-2.498817879350459
-2.4990498052393155
-2.4990095223977735
-2.4988110064249573
-2.4986909052007205
-2.4985108154041975
-2.498419261796016
-2.498308863550734
-2.4981479177519885
-2.497883498256315
-2.4978176220074086
-2.497519187416118
-2.497402322514814
-2.497330244976567
-2.497386769559407
-2.4971825948323243
-2.496946470225291
-2.4968375530810105
-2.496736636147803
-2.496997378346246
-2.4969171032346185
-2.497061850047597
-2.496772933575242
-2.4964492984985727
-2.4962499164562715
-2.496126948225803
-2.4960000898818047
-2.4957577272991407
-2.49554179791626
-2.4952894825131122
-2.4951086855733404
-2.49507785204837
-2.4951146615110336
-2.4950651129194235
-2.4951419267235995
-2.4950810386893565
-2.495054448576287
-2.4949475272391264
-2.4949711807929917
-2.4949158898339574
-2.4946774878628792
-2.4943380813052567
-2.4943434041484114
-2.494143081641728
-2.4938014374868613
-2.4936078854922505
-2.4933170488589096
-2.4931297776687877
-2.4929841325796707
-2.492836438350884
-2.49268526146619
-2.49281806727057
-2.492755247520578
-2.492882328320156
-2.4928473325492195
-2.492607650539762
-2.492503570227052
-2.4924298671343754
-2.4922907447310125
-2.4921259612682714
-2.491990847930899
-2.4919073210072344
-2.4916619438617924
-2.4915658019190143
-2.4914578367286717
-2.4911868079033455
-2.490981035925574
-2.4909991422414164
-2.4905670530387507
-2.490352731858401
-2.490205903051243
-2.4900806759836427
-2.4900656824286806
-2.4899165852011924
-2.489768458868591
-2.4897494960230837
-2.4893373568391874
-2.4890397501236734
-2.488933268483276
-2.4889581650063124
-2.4889885292567673
-2.4889791731301463
-2.4891594030185598
-2.4889594423904318
-2.4889325598344665
-2.489044031691866
-2.4887551397798053
-2.488406560584095
-2.4882837311437225
-2.4882834205154833
-2.488365349806359
-2.4881295440438653
-2.488068620904494
-2.487955010687359
-2.4879714133721236
-2.48785743228128
-2.4878076163287135
-2.4877298130235346
-2.4878092624368167
-2.487575846601347
-2.486936040347671
-2.4868393183629376
-2.486717753933531
-2.4868145786802853
-2.486645105126425
-2.4866428901588353
-2.4864717316744684
-2.4865180991473377
-2.4865290187578557
-2.486178138653546
-2.486106630249965
-2.485930166710922
-2.485996998501499
-2.4859733529755896
-2.4858205512045592
-2.485563954121612
-2.48562199020201
-2.4855626918349176
-2.485806555247278
-2.4858783003044733
-2.4858854855005545
-2.4858272840793125
-2.4857603015906133
-2.4856516422161663
-2.4855026046057658
-2.485248703466543
-2.4851184439789007
-2.484820893742423
-2.484818570996246
-2.4847271900507395
-2.4846557332393893
-2.484623158941078
-2.484492429740227
-2.4846233642102993
-2.484510050019732
-2.484447737374375
-2.4839980927995278
-2.484038828216904
-2.4841606846458415
-2.484301903380204
-2.4843713341503464
-2.4844490656072074
-2.484308222264098
-2.483899542366031
-2.4838154013460203
-2.4837947657969126
-2.4835748147737604
-2.4833655588694077
-2.4831361403643415
-2.4829134718955634
-2.482497514081752
-2.4824144761449682
-2.4823478606963048
-2.482224682825284
-2.4821130172961388
-2.481871823244753
-2.48169551313281
-2.4814657788298744
-2.48148673850202
-2.4814739929821004
-2.48135123702129
-2.481298623974493
-2.4813398642751245
-2.481478069200141
-2.4814878989278126
-2.481347152979211
-2.4810958100271168
-2.480851296125012
-2.4805939116882136
-2.480450749412498
-2.4803036688706515
-2.4801964483554046
-2.479839083661098
-2.479750385376533
-2.4797025473544365
-2.479572884335953
-2.4795650942468903
-2.4796897628735115
-2.479594130467584
-2.4796499048539995
-2.479570029584705
-2.4792403939112475
-2.4790000321664802
-2.478921376038368
-2.478790904214261
-2.478719811533806
-2.4785215882424287
-2.478389672249302
-2.478192924388253
-2.478257379379329
-2.4781500266604874
-2.478243621380951
-2.4780337735357088
-2.4777983459830697
-2.4775212488325606
-2.477496976365816
-2.4773728718407204
-2.4771034827018807
-2.476774095920763
-2.4766113590847665
-2.476468815966231
-2.476571092061523
-2.4766020264189375
-2.4767012438616174
-2.476831722710596
-2.47701199874591
-2.4771166749105147
-2.4772544243894927
-2.4771707841905033
-2.4771063882161704
-2.4770153755642883
-2.476906389341101
-2.4768031452454258
-2.4766922144678096
-2.476602961715596
-2.4766097890244327
-2.4766550832491476
-2.4764565710951008
-2.476301566573256
-2.476111350759716
-2.4759491707165093
-2.4758769929977475
-2.4758977044148343
-2.4757970536055933
-2.4758027802016276
-2.475704570409267
-2.475600012102837
-2.4755609527148845
-2.475331483748047
-2.475226645495114
-2.4751465918292745
-2.474878709854157
-2.4746273445950835
-2.4745034438667
-2.4743629445440183
-2.4740595152970695
-2.4737772193272236
-2.473726080614716
-2.4736444830278685
-2.473612688819018
-2.4735873163501276
-2.473463127947258
-2.4734583479970675
-2.4733611851469424
-2.4731358813149718
-2.4730285663732894
-2.4728060615327334
-2.4724799340147445
-2.472240316907708
-2.4720289014368984
-2.4720698829065046
-2.4720021553936147
-2.472035861906105
-2.4719938674258257
-2.4718979113444783
-2.471789219620653
-2.4716953904009964
-2.471663490697849
-2.471480083399075
-2.4715412944802124
-2.4713534494290137
-2.471093506677014
-2.4710398139561027
-2.4707262569342046
-2.4706232917892685
-2.47072102205348
-2.4706591486985574
-2.470710089071501
-2.470635964437246
-2.4705992580488862
-2.470303253206488
-2.470091190477647
-2.4699550907732846
-2.46976764079744
-2.4695474409797438
-2.469521450590981
-2.4696706140978906
-2.469625338505547
-2.4696831779412642
-2.469523712136428
-2.469512863494949
-2.4694847660808827
-2.4695082585277888
-2.4694497252819936
-2.469414606227532
-2.4693293065858217
-2.469331804502856
-2.4691822163107346
-2.4691409397534363
-2.469015328691488
-2.468903923042746
-2.4687302065770202
-2.4686358310905314
-2.4684439047212834
-2.4683051057316385
-2.4682571547998986
-2.4680762792958575
-2.4677309735613937
-2.4676866289437234
-2.4672999090915937
-2.467187256031994
-2.466903103289942
-2.466994231169492
-2.466910035153032
-2.466796718637073
-2.4667386240979248
-2.4666963406248827
-2.466440638892471
-2.46648626276332
-2.4664123054825886
-2.466272651323119
-2.4661763653744946
-2.4661733182231167
-2.4660004500018013
-2.465985976541654
-2.465972977662233
-2.4660587432874754
-2.4660551643927118
-2.4660530620101815
-2.4660709641227143
-2.4660041088693077
-2.4660147709329734
-2.466047536534095
-2.4658622372976695
-2.465939435693036
-2.465680078657579
-2.4655421355204235
-2.4655564522827706
-2.465639698077691
-2.4656603204384515
-2.4656517577876724
-2.4656532356308984
-2.465620324633925
-2.465676578214133
-2.465699608554524
-2.4655901410351584
-2.4656093546393225
-2.4656289607908364
-2.4655213635002875
-2.465654558483512
-2.4654773360901756
-2.4654354797109024
-2.4652921971507316
-2.465115336210605
-2.4651310425984527
-2.465015168205076
-2.4648552190037085
-2.4647724895501772
-2.4647760659823295
-2.464772333750507
-2.4645459493821473
-2.4645000852622987
-2.4646254743383578
-2.464471091473265
-2.4643218584555058
-2.4641826688758623
-2.464097110332049
-2.464009460350776
-2.463868984725229
-2.463814601412695
-2.4636506112099994
-2.463476701389337
-2.4633609044608944
-2.4633245602873832
-2.46323417156097
-2.463165992698772
-2.463097043293655
-2.4630563588000713
-2.463081359344304
-2.4630849313436176
-2.4627731573575034
-2.4628503943278908
-2.4627812296031406
-2.4626679043100657
-2.4627366744206824
-2.462731473989721
-2.462854431628444
-2.4627979189880316
-2.4626012334475305
-2.46252610700596
-2.462466663434198
-2.4625034462549698
-2.462629174229936
-2.4625307634886533
-2.462517803019132
-2.46246945475653
-2.462415521282652
-2.4623753247677396
-2.4625339544255893
-2.4625108965733182
-2.462473723670639
-2.46241490307996
-2.4623733165133364
-2.4623617498350248
-2.4623597348261876
-2.4624529286131667
-2.4624315159854886
-2.462666447749317
-2.4626286487886473
-2.462639916854741
-2.4626591056153027
-2.462567507491525
-2.4625345583662632
-2.4624470957813527
-2.462430597760896
-2.4623794522567604
-2.4622894279310925
-2.4621970172088643
-2.462183285099399
-2.4621805689919976
-2.4621039165790943
-2.4620927449380208
-2.4621946896283946
-2.4621278149522805
-2.4620131655384494
-2.4617874523243497
-2.4617977655024252
-2.46169951601522
-2.4616434321312566
-2.4614963130060428
-2.461407135536059
-2.4612225295880608
-2.4611867123632063
-2.4610665542601726
-2.4608527181816635
-2.4608065289324994
-2.460628516918364
-2.46044155677106
-2.4602490414828893
-2.460087851139054
-2.4599849946976864
-2.4599135841621838
-2.459881522230825
-2.4597430654745613
-2.459693665898444
-2.4596080310360646
-2.459690413317918
-2.45957985159201
-2.4595217082591656
-2.4595593345254105
-2.4594785868313633
-2.4594774241697666
-2.459489268797736
-2.4594091453763802
-2.4593377743946414
-2.4591492260062626
-2.45903507462286
-2.458825989866612
-2.4587732215779496
-2.4587296626417787
-2.4587671092806964
-2.4587573615097877
-2.4587784830706267
-2.4586902055841007
-2.4586783686492764
-2.4585216360389692
-2.4585602377259614
-2.4585658071624006
-2.458462460584554
-2.458438017714602
-2.458620038515108
-2.4586520645705914
-2.458668233928308
-2.4588203462957585
-2.4588279283833607
-2.4588766721976456
-2.4589563729123096
-2.459018517008653
-2.4591329076032293
-2.4591449171251396
-2.459125248935641
-2.4590320601632367
-2.458853535497478
-2.4587038223961963
-2.4585813584778036
-2.4586806891241393
-2.45857640515071
-2.458471975226403
-2.4584102512386155
-2.458288278422764
-2.458239785470802
-2.458170725198374
-2.458206299248392
-2.458228727607816
-2.4582035145429373
-2.458193306252168
-2.458272654825043
-2.458173508943532
-2.4582745878958043
-2.458191527680726
-2.458200653081173
-2.4582302727911634
-2.4581046839459417
-2.458007562397518
-2.4579407570690854
-2.4578172091560324
-2.457470991193312
-2.457293939478425
-2.4571751730478133
-2.457071085155973
-2.457068218199289
-2.457044803949409
-2.457002390283696
-2.456919104025771
-2.4568148918818853
-2.457002850780797
-2.457062033931674
-2.4571019023436778
-2.4570818128288954
-2.457083821770299
-2.457163948074043
-2.4572218247028417
-2.457216956433334
-2.457149421747785
-2.457230324837998
-2.457318497821169
-2.4573877423319552
-2.4574355820943787
-2.457453899395995
-2.4573965527980484
-2.4574295537193036
-2.457374063130593
-2.4573813278827537
-2.4575093173756573
-2.457584523329497
-2.457530417238657
-2.4574389827335636
-2.4574206658023607
-2.4574469436253716
-2.4574422289827327
-2.457380864069406
-2.4573655620061423
-2.457188520394577
-2.4571202913141463
-2.456994661241306
-2.4569448300279246
-2.4568732930532606
-2.4567853838462366
-2.456778663237701
-2.456699025292961
-2.456768389537271
-2.45676970302491
-2.4567307716664653
-2.456696013920292
-2.4565616217128836
-2.456600007275438
-2.4566102017098266
-2.4565254008771715
-2.456433037000876
-2.4563904876036187
-2.456437902506078
-2.456479913170975
-2.4564986805414932
-2.45647466142651
-2.4565121942757076
-2.4565503460414053
-2.456559614076631
-2.456598539191479
-2.4565983854305458
-2.45652926526114
-2.456526331296998
-2.456505552978152
-2.4564992988196592
-2.456408408415127
-2.4562936616186506
-2.456273274843223
-2.4561690440294726
-2.456166962502847
-2.45618494124193
-2.4561812354039594
-2.4561658712390737
-2.45604883042596
-2.4560131645400114
-2.455936279404191
-2.4558800072843763
-2.455790701331683
-2.455734667186208
-2.455766003001245
-2.455791242104871
-2.455780590627981
-2.455804208372128
-2.4557947147543997
-2.4558278270991547
-2.4557734896200936
-2.4557157581390148
-2.455634259840964
-2.4556779410069396
-2.455629089218548
-2.4555866445871652
-2.4555953648577225
-2.4555645740325596
-2.4555173476269774
-2.4554391801533235
-2.4553604777283624
-2.4553407259149376
-2.4552514603084763
-2.455207562878882
-2.4552182091814005
-2.45519684005441
-2.4551127531518318
-2.455020572888303
-2.454908654702007
-2.45484618279695
-2.4547838681660057
-2.454772762280931
-2.454802454087539
-2.454790345722519
-2.45478749269429
-2.4547656673017384
-2.4547945102900823
-2.4548187264634285
-2.45480831498242
-2.4547485476792787
-2.4546864684883447
-2.454625858751073
-2.4545853766866923
-2.4545168316897357
-2.454472730957181
-2.4544459001662036
-2.4544260046252933
-2.454440575789774
-2.4544212265864083
-2.45438252189515
-2.454314218001323
-2.4542580964555163
-2.4542661147168
-2.4542553985768505
-2.4542512362350406
-2.4543295588369203
-2.454378513030206
-2.454399174373849
-2.454485216756631
-2.454512202779777
-2.4545320183954007
-2.4545344086909946
-2.4545995653693726
-2.4546644923094814
-2.4547127648593827
-2.4547835593037326
-2.4547992927976683
-2.454757493055439
-2.4547389074171146
-2.454722096230852
-2.4547016600726295
-2.454679451047565
-2.454674130260758
-2.454660944435801
-2.4546671130612805
-2.45463788814751
-2.4546508421519766
-2.4546900941548238
-2.454678448789866
-2.454630870410935
-2.454611594038393
-2.454594552230633
-2.4545671016698805
-2.4546049625458406
-2.4545817518704145
-2.4545110471195297
-2.4544947002613196
-2.45445900273308
-2.454458462775553
-2.4543942402851737
-2.454397632637482
-2.45439663019715
-2.4544347162229716
-2.454445510103264
-2.4544389567101623
-2.4544210700781397
-2.454481053620091
-2.4544749625355426
-2.4544933135256644
-2.454469873934375
-2.4544110478681365
-2.4543647905700223
-2.454331871223568
-2.4541938072767913
-2.454129598574134
-2.4540765694423556
-2.4540278582285397
-2.454012906123748
-2.4540132914825805
-2.4540088984399344
-2.4539655079850147
-2.453969669537826
-2.4539960275136163
-2.454003350552589
-2.4539815382952685
-2.453994948718182
-2.454027087850214
-2.4540551422939703
-2.454044814314606
-2.4540284754262967
-2.454033640028152
-2.4540347954469675
-2.4540605377894305
-2.454056992130756
-2.454034409396001
-2.4540680137886097
-2.4541070145870796
-2.454111099692475
-2.4541460166299207
-2.4541690638069857
-2.454158195344014
-2.454150795552394
-2.4541487144423275
-2.4541544184532222
-2.4541339150893697
-2.454129213320255
-2.45413167971976
-2.4541161869283803
-2.454057300369078
-2.453982771456167
-2.4539378404823826
-2.45389761196245
-2.4538483685846244
-2.45384806033639
-2.4538323399409077
-2.4538400460273584
-2.453832032013626
-2.4538284868913416
-2.453782945034348
-2.4537480384838806
-2.4537192971957467
-2.453694178015752
-2.4536817727304614
-2.4536469461126673
-2.4536301495479056
-2.4536142007401613
-2.4536147400660155
-2.4536192858680934
-2.453626759480434
-2.453617205628436
-2.45362475622603
-2.453625064404267
-2.453630997106027
-2.4536175137617793
-2.4536230611747047
-2.453616204120248
-2.4536170514835502
-2.4536200563165176
-2.4536289167883583
-2.453637392070677
-2.4536497969566957
-2.4536588887788455
-2.45367406773752
-2.4536871663730295
-2.453689709012835
-2.453685856436789
-2.453679769393067
-2.4536490264294946
-2.4536653609384267
-2.4536596593323137
-2.453655421588689
-2.453646175663083
-2.453641090452126
-2.4536298413558875
-2.453636775689021
-2.4536241398261702
-2.453616435115288
-2.4536202104110414
-2.4536355429117727
-2.4536332315223426
-2.4536160499162136
-2.4535981750894527
-2.4535808399192014
-2.453579761308535
-2.453579684219357
-2.4535700537012035
-2.4535534892970357
-2.453555569467425
-2.4535471718024398
-2.453538388986103
-2.453527140891028
-2.453517279606909
-2.4535198991028873
-2.4535121180887822
-2.453499175290286
-2.45349439879565
-2.4534813792310874
-2.453477219109936
-2.453476987983117
-2.453468051494357
-2.4534629670328862
-2.4534658174070927
-2.4534482529920645
-2.4534333850412926
-2.4534256044588627
-2.4534139722133252
-2.453405498474859
-2.4533926338939582
-2.4533902458775234
-2.453383158874323
