0.7717913412395716
0.49826020554376066
0.1269786763940244
0.14504026147408552
-0.12522220972506595
0.1555705453337115
-0.1920137605985725
-0.1088463703200202
0.27735641624101914
0.10267784324498541
0.08995323317539791
0.09034005417405037
0.02548866210287852
0.04018276274507661
0.03169609695398339
0.059148011387560366
0.02762278050411533
-0.007629178903562715
-0.02012596328071629
-0.04399606412129498
-0.0610671056379072
-0.05826599479252009
-0.045546732728605155
-0.029882866939051917
-0.008201598692148036
-0.026136438775749494
0.017061028818144443
-0.00669896974354614
0.0032573241616885274
-0.009038228475114778
-0.0023280681493741333
-0.021652066811014985
-0.017285993913351526
-0.019498751794318776
-0.0017227082966300446
-0.02027718204186176
0.009572610475818191
0.0012460831927550422
0.019263079563765727
-0.008290723974473975
-0.01971350644225421
-0.09441488347183372
-0.01402111407783231
-0.0006905749376310076
-0.03049821833045152
-0.10167742047264829
-0.12664138999855398
-0.11529355896504735
-0.05532359383963984
-0.062336983463283126
-0.03429721291405395
0.0226897303669555
-0.022927163592992354
-0.12731780434056364
-0.04239000469212407
-0.05473134532742549
-0.07156709004450455
-0.10401303106312358
0.022067648969380713
0.038385710131485146
0.0069706760033814395
-0.0023346697244422576
0.0281696320462075
0.022455684808770214
0.05178224961385921
0.06390126122784937
0.022311756746032783
0.03092582521763221
0.03708245725951221
-0.0017065370410029096
0.05895272318017592
0.05038405391081827
0.040159508081063194
0.02635984473663978
0.008158983055527133
0.007304500649978114
0.004974078215058076
-0.03774517992817873
0.047026672328450134
0.02845485774032095
-0.03215284028844068
-0.1443597479431114
-0.10845340389827225
0.01300670010026393
-0.010972898381552203
0.057566827059579835
0.06524063279428823
0.045592562102049386
0.03545921084067142
0.042680010937877835
0.030413410733999953
0.013566400213113994
-0.002818646677081527
-0.02206456015369726
0.0018097059990521403
0.0071141896429062325
0.034176057150797225
0.028872122310814482
0.043971249752386254
0.07152783406524518
0.08999845387270697
0.07269230776597939
0.061603724170987605
0.043751773293928584
0.06930263709693506
0.07372727549839099
0.034790547765878234
0.025663254126960428
-0.009407672270883644
0.02235385687014353
0.016040516765001584
0.008902275927591758
-0.017999005875166094
0.005804255212387447
0.003550654009066559
-0.009211648825361995
-0.04125128520379738
-0.042368763291739324
-0.067571547065872
-0.040959850710102885
-0.05708618933378474
-0.0636426764698631
-0.022813851516729614
-0.08271453061521254
-0.09258384129320486
-0.059901362699260885
-0.05536281496383631
0.012454937781400353
0.027625452011479982
-0.033522361899361114
-0.03591733071492732
-0.0690792496732133
-0.013141991283745937
-0.0089288102842273
0.013388623923890933
-0.0337016939370864
-0.0050959667173880955
-0.018748057869951443
0.004525795001326745
-0.007847226481400562
-0.027262800991453416
-0.0029015933676718236
-0.03247413686356676
-0.07995724611854756
-0.07017435652158031
-0.06090510188432196
-0.09448583480312353
-0.06761417817382011
-0.09031073538665273
-0.08944371931781457
-0.07332280501209947
-0.08819320841761817
-0.011839879193687734
-0.018082485850791013
-0.004342997445500715
-0.016216395533028956
-0.021498054062214295
-0.033335377969282334
-0.019810689471520836
-0.027584234456795097
-0.01634169128599577
-0.018470936499595508
-0.011528967743177089
-0.003958801849754679
0.0012867496317614132
-0.007234107337862678
-0.03564322439986663
-0.0317406118140223
-0.014619606850660891
-0.018947335696328352
0.014878890659357612
-0.010303670572154065
-0.012109383304220168
-0.06366336829221193
-0.01983387671222662
-0.04002690552299128
-0.03744175240677909
-0.032272702947214585
-0.026784617546972193
-0.04128103505586915
-0.04516466014477748
-0.019741704845026114
-0.0019397737000829425
-0.005664848258183129
-0.024087513861815388
-0.05081456296933863
-0.03468940267586384
-0.04737560812866451
-0.18660860177781405
-0.06453300565080713
-0.08897030565188799
-0.12967058910674933
-0.1788420327498183
-0.2205640669195158
-0.13865344185240858
-0.22306721185191647
-0.12280314504507947
-0.27280751286217975
-0.15616316303854758
-0.12757143486164507
-0.13140057780256859
-0.10590147260955628
-0.14880872344175908
-0.11125083138547252
-0.14427525665327123
-0.11311142864436223
-0.10361590910794431
-0.1386097613167667
-0.09702361726043002
-0.07054712336619423
-0.11939850318405251
-0.13365520630069785
-0.10394192613226513
-0.08425148576570128
-0.09552460693981021
-0.05471363878014478
-0.04253179601420382
-0.05199290094407418
-0.04696684006981856
-0.07587634905225406
-0.07622612790895136
-0.0874235653038225
-0.0935223929090257
-0.10464653284851812
-0.05453145201816787
-0.14503364520401665
-0.11543288733711775
-0.10859767419721325
-0.10312631569218693
-0.04418795970585034
-0.07895171754006806
-0.050836262899428206
-0.05423083481254016
-0.033085928333875664
-0.038960038834118145
-0.039632583967297984
-0.016482547979535918
-0.09269599983974405
-0.09600887937068915
-0.11237043731317292
-0.10248257750936274
-0.13805761381389242
-0.09484782594035017
-0.1465881366377259
-0.08619119458399536
-0.12757902193175122
-0.05513833818049108
-0.04980417192860573
-0.06360229676267229
-0.05699078676158788
-0.030974001955833188
-0.06492195836482534
-0.07445638591263344
-0.07184294332224758
-0.05330784828089773
-0.0628245564318731
-0.03848453479073074
-0.04999258412482487
-0.05159139458685093
-0.10012820508224951
-0.1755600402336906
-0.07661972965448155
-0.12319152047569751
-0.10926018432381839
-0.110286168962212
-0.11903014463757187
-0.07042182388924684
-0.09022614302054087
-0.08552016451053841
-0.16934110875676672
-0.08550984357668993
-0.11676662356014528
-0.09416738221244172
-0.037444885235371296
-0.008403403025343871
-0.07228941205143768
-0.09280875227353097
-0.07460859696073284
-0.1302573605262366
-0.004237053905413425
-0.05966730383638315
-0.0493638488748203
-0.10521636704912839
-0.06284962131464046
-0.07254503268604119
-0.022287791393203867
-0.024533152603308593
-0.024393749235946626
0.0008857956040441571
-0.012390865632578943
-0.013769762531564997
-0.014002864814134416
-0.03465599079856624
-0.02783271395264377
-0.037294512508492514
-0.060326852032388724
-0.150496869791089
-0.10412707576811414
-0.09572182342110352
-0.06827399299505656
-0.06812968793852045
-0.06851679595571758
-0.06600147499322556
-0.07162772931196494
-0.13051044480763588
-0.013444014107436548
-0.01605930741160284
-0.04103873398998325
-0.02854123311173195
-0.05525422509740267
-0.02738264297117552
-0.05149464118257026
-0.04655529139097348
-0.056573063814923816
-0.008963066041259269
-0.030731242267264414
-0.05943144605281867
-0.07228637224322845
-0.06074735657383754
-0.008842310219001769
-0.0538463767376481
-0.07060192355927028
-0.028409124092913924
-0.061041933739671046
-0.04813664234028205
0.003059517047589393
-0.012899218698696091
-0.026908356882231664
-0.003994661650675505
-0.010907093940881265
-0.029134226596366462
-0.03917704727016573
-0.053063730203942554
-0.03522032619974315
-0.05749766645843905
-0.02621096625132706
-0.03350800505180157
-0.03266234389139767
-0.025234068317294488
-0.042897183124268684
-0.02535866059275904
-0.09156706441571366
-0.05715204251530332
-0.06225406373648537
-0.028790357571828032
-0.06081437560308638
-0.0356169866528492
-0.026033264897807645
-0.02317541186308142
-0.014029336549872228
-0.07591413474111626
-0.007049876106968888
-0.026584935878482884
-0.007707782415631635
-0.008307459104236348
-0.014530133215366472
-0.00201809612456018
-0.012797366518979612
-0.0016904860063485737
-0.07996718167620956
-0.019307469795251168
-0.019989868756057357
-0.005178722884116282
-0.015848006080863782
-0.015255004472803018
-0.012799408320007163
-0.027236887809528522
-0.022415001356122892
-0.07660989116493597
-0.04434339841282703
-0.02480720955264814
-0.03138479846029422
-0.023949482857876625
-0.005717128237034912
-0.022982841798940043
-0.006280754553856512
-0.019220779908131102
-0.022855150354382972
-0.01975650887523263
-0.017039083510125463
-0.009584882044256572
-0.016317486311082166
-0.021925258703718756
-0.019532058049061544
-0.01854505720340528
-0.013819648148841788
-0.028547496347690705
-0.02372960372412526
-0.008051561213422686
-0.009335228875753785
-0.019045269329111592
-0.00259143023505409
-0.014888159243785145
-0.008527796765333535
-0.02369293638045625
-0.013382346892389096
-0.007989687836551608
-0.004026729538658229
-0.010417468516797814
-0.007174302950898282
-0.003604842847621327
-0.00548328795760474
-0.003661143718005143
0.0007798842348909386
-0.0036762060455539695
-0.003117688732158084
-0.007233437298632361
-0.002038465681252165
-0.0037445483987730995
-0.006493735034025967
-0.0005920417218608204
-0.009002720669061716
-0.005720705335609816
-0.0009252895848509841
-0.005082813947398814
-0.0014012105739930288
-0.003941090790624256
-0.00324876098695313
-0.004351736831635413
-0.0023087561930140036
-0.0024822732188646496
-0.0007909452022333098
-0.005064708098328227
-0.007167963125013655
-0.0008151014028643703
-0.00024398480556889394
-0.0014168545790464852
-4.033299339669327e-05
0.0003685146659107118
-0.0012218816645751345
-0.0005180551327713783
-0.00026373461963963583
-0.0021288258711061256
-0.00296066445730924
-0.0008226801431952974
-0.004916352548781219
-0.005445047768336175
-0.000792401228270149
-0.003917920098940959
-0.009519038599050171
-0.0006148319684159579
-0.0024287884554911763
-0.0021569988800411314
-0.0024813397503972096
-0.002653073012418671
-0.006236216300155312
-0.0038173103416144875
-0.006252451578114922
-0.0041779321442249025
-0.0032653444754544092
-0.001878386929438609
-0.005871807931956363
-0.0038716554735536654
-0.004390011692392413
-0.006700142321492164
-0.004106225258992755
-0.002879332805122998
-0.009471808276583156
-0.009198590821967166
-0.0001567084945992991
-0.0013299897282925584
-0.0015175540959829483
-0.004467980987637896
-0.004370108854795113
-0.004017897471118656
-0.005821220484981568
-0.00814395752249795
-0.01060495978054342
-0.01441916504282313
-0.013046821872008688
-0.005430289866898849
-0.00612450131766246
-0.008334340625446678
-0.00786898050666382
-0.005350863573554061
-0.004913463032305382
-0.009603638132638943
-0.004760920658825286
-0.007414600095602767
-0.00664320623956254
-0.007351654654473825
-0.007312388177189331
-0.006401728576438166
-0.011296552764306005
-0.006495386660600309
-0.02624809638930494
-0.018303491433484427
-0.01713899308467794
-0.008850964464148414
-0.005008845465274943
5.350076012980053e-05
-0.0020476546444230374
-0.002756976097100355
-0.004970891417968647
-0.007823322304009355
-0.002892565863214804
-0.005526285278971376
-7.175580081695632e-06
-0.005223472181507875
-0.0022323083409364476
-0.0007304441797632423
-0.004171533401531004
-0.010192600133397178
-0.009664097126653743
-0.010241027841318615
-0.0016263050978849894
-0.0036857825068404796
-0.009551211214241084
-0.008735918333504815
-0.00370311231159787
-0.006190824343454981
-0.005310014582225834
-0.016617097317950733
-0.009015249925595643
-0.019293780599752695
-0.009748069238643586
-0.00884237675216105
-0.013797578070830846
-0.01517788567966434
-0.007312075192336761
-0.009337385319608814
-0.020093454148690678
-0.0029449701680616764
-0.014830934920169027
-0.006492264845329972
-0.01612163188682034
-0.010706299850078694
-0.01023133400315408
-0.008177704995756575
-0.012560747598268794
-0.020357963926721068
-0.013363621140810597
-0.014291187052812328
-0.0070282828742525534
-0.008132773900187117
-0.00829545757092522
-0.008952112453505063
-0.01071554723897905
-0.0065829963573069295
-0.012027702271607016
-0.001917780294636106
-0.013305415556747394
-0.012087692245853921
-0.007554631055439335
-0.013076709443906633
-0.009698007736789478
-0.007389677999168076
-0.007254608647835737
-0.01342338370281487
-0.005020236825382615
-0.010402375704507534
-0.006753246258905152
-0.007720928278078368
-0.013212359410972752
-0.02785985833449611
-0.01873852508380766
-0.010956111449131304
-0.011299253864644568
-0.009116650913780056
-0.0013168508056530927
-0.002097943655048513
-0.005866442173440663
-0.013290684262442717
-0.012212551841396413
-0.012881593555816208
-0.013559234559920448
-0.004619156551396707
-0.009405865124599608
-0.004139686844633416
-0.0058837374969291185
-0.011321871047357391
-0.005136451938848431
-0.008898666314111956
-0.013725260953829034
-0.004219387434753787
-0.005723969366751674
-0.018648918275828586
-0.009099070358225885
-0.021785177223080054
-0.017629361087116855
-0.019935286883949407
-0.01814287361379379
-0.014161353040853206
-0.01258959644185771
-0.021156336655248322
-0.01892217376106731
-0.02703814819383412
-0.032770077870272654
-0.023568713663116074
-0.01850338917969407
-0.01588235118855101
-0.006297095970499685
-0.011387922714634641
-0.03096152806096003
-0.014210783948601015
-0.008419441648503485
-0.009320476835926909
-0.0048510530755431465
-0.005828477148861088
-0.01554292758354839
-0.00961788956164046
-0.01119755559445836
-0.013785297781165346
-0.008269591434745163
-0.01984522232438149
-0.022494418820372345
-0.02453386779392735
-0.020633160965390966
-0.019218995695688305
-0.01823573070092065
-0.011050146159957478
-0.021649165735858455
-0.024036394731179224
-0.013397036218179552
-0.010005638240571891
-0.00623133491217009
-0.02413693537466243
-0.01486498535053958
-0.02654993312550136
-0.028234745814682653
-0.06539462799439812
-0.04597271578328386
-0.04529520496736477
-0.03593204836284888
-0.038340140838532315
-0.02430292430649307
-0.01825780641614348
-0.01602214969343499
-0.006837154044741601
-0.07159076723658239
-0.02635404720458869
-0.029275869572460776
-0.032867169069314264
-0.016045868962333582
-0.005542006611520499
-0.0038808556052172915
-0.030641720239792176
-0.019072103066399938
-0.012604455897961444
-0.015905899566346172
-0.014082398144132069
-0.025485355052438565
-0.022092304363687434
-0.004486557383433781
-0.002405700109501047
-0.014156809734162817
-0.01962113248985312
-0.023382018212789284
-0.010781043941233399
-0.010786485489920315
-0.01228906741058851
-0.013605642910981415
-0.0047982535000164386
-0.0028200881050614046
-0.014744461842735089
-0.02719625099866444
-0.05912039676422613
-0.03065184723990002
-0.03700373364587782
-0.041943873344958034
-0.03365194288774806
-0.017447347064141028
-0.021530064888840482
-0.02906977607687231
-0.004812828976393486
-0.025001774003676445
-0.003404583559892882
-0.0020250439834526065
-0.0017448512761998648
-0.009044950855708537
-0.016641692874660725
-0.01411404260307364
-0.016186660627556717
-0.017375111074282388
-0.01867587574650795
-0.015425248852371913
-0.015034161086540066
-0.010345142547881523
-0.012513363790444609
-0.022863304133552857
-0.01762701625975557
-0.010056158447222859
-0.022510187511428338
-0.00787533484938597
-0.010414236089933842
-0.013761559921688824
-0.013873659235029943
-0.028506523253698453
-0.009195375223690768
-0.021668557372213574
-0.007587187963898138
-0.004325599995101075
-0.005542578629555204
-0.005938366605731193
-0.015158711685733213
-0.015164199634075332
-0.024050117353021525
-0.010097215449123304
-0.010125993664604739
-0.010891988317230194
-0.0067598145938419785
-0.022869924933716784
-0.00860854648552584
-0.005744035425831145
-0.02344931027408612
-0.00994264454124549
-0.023427389916087074
-0.018139921346260357
-0.011854949318304017
-0.03096353376315577
-0.05827458788980763
-0.04667076561471457
-0.03697067093698645
-0.046716249742461094
-0.033728962444853905
-0.0353946116633153
-0.032094154799039744
-0.015556352786266487
-0.05523566118510843
-0.03622878016760689
-0.02842624885682811
-0.021511390995330157
-0.021574484974079117
-0.029341085067437208
-0.02736556947991286
-0.02354680870333811
-0.023580507440428205
-0.03503034373243225
-0.04560811932581313
-0.03814054299250099
-0.031090727147042366
-0.027068873028536777
-0.028609787793651163
-0.031456870636097034
-0.03327924260945644
-0.030120205726882437
-0.029303821547368786
-0.046855638686584794
-0.0310510006154854
-0.01997177072344898
-0.030871637735056263
-0.027005521213019884
-0.02825258727285887
-0.008435703844835859
-0.03172254565855082
-0.024366750423511795
-0.02484823147005586
-0.03136239697018153
-0.0536262440259001
-0.06036913560763468
-0.03257713361038314
-0.04551286721098244
-0.05160881323511407
-0.03800985539266721
-0.039990638321812814
-0.09705448666742303
-0.06870636602378047
-0.04735412492510353
-0.03684841741867602
-0.02218242425677564
-0.01707747639436334
-0.02005213637853166
-0.0019320964297210705
-0.009660267774289853
-0.024176716027997956
-0.0140912753884707
-0.001856602212710733
-0.016405113538451616
-0.02267951556957437
-0.03267004518389313
-0.025499601264680198
-0.03764541634539987
-0.030304403802330477
-0.12095091287572765
-0.03698899717019825
-0.060803925363754625
-0.029062044992904042
-0.046559288654045704
-0.03430825164559683
-0.03949672320071424
-0.050381981853605644
-0.027149515516105612
-0.061682015743729876
-0.026623387928470674
-0.009704297586229546
-0.029055719407687097
-0.045048839585085786
-0.015500798799632683
-0.004338881241574451
-0.03329545483452199
-0.0564704916312799
-0.0612949949157909
-0.029397690773642852
-0.060988555374353666
-0.05691308553072982
-0.05046439837940922
-0.039134142749497246
-0.057173908664355406
-0.04516109196653909
-0.05343162403345885
-0.07630452422537261
-0.08962514614714015
-0.05721629186159405
-0.06763903580622896
-0.05246697446514867
-0.07985777281783427
-0.08674152070075895
-0.045071746171043515
-0.07358219793259116
-0.053022263554999005
-0.038387056446642254
-0.06395839186791286
-0.04083391133156935
-0.08215824004084817
-0.03274101292577279
-0.03902897852382247
-0.03837273904908703
-0.032979874441203254
-0.021615696376742866
-0.042131670750476746
-0.04995875112902922
-0.057528713252087055
-0.026771248176244038
-0.03291370000521447
-0.04694759540938799
-0.026777654277138716
-0.03226843770128479
-0.0422235770310861
-0.03214018777050103
-0.038876451105903376
-0.02385721491749135
-0.051190279175446364
-0.032436356769497916
-0.10011686786241882
-0.08719692447967343
-0.062123578979016505
-0.1477238235576018
-0.04859562439622576
-0.02261742694266505
-0.05376172776636857
-0.012479043136038984
-0.02334909735819529
-0.020690235666985992
-0.04323569710413464
-0.0522594773646336
-0.032002161216528185
-0.02694689334273264
-0.07363722044089997
-0.01477763669121553
-0.016623721569897023
-0.03488487327615409
-0.02941508331566817
-0.04195441435504886
-0.047698985239626984
-0.03639996225439734
-0.03350385815867131
-0.004820867024632682
-0.017909801844647872
-0.06016247489750265
-0.01712687458274309
-0.03277965077217128
-0.04063226402834663
-0.013092765776763665
-0.07432271722242031
-0.031648432970770454
-0.027760638932428167
-0.014627784094171701
-0.045282738611654175
-0.04197527134426013
-0.05687545161376908
-0.04725971989089142
-0.03361183583665808
-0.07310479898818706
-0.05053840320453912
-0.025183841331295486
-0.00499317188452178
-0.03377495431697295
-0.05531369246462724
-0.03940545910448177
-0.019735163044122424
-0.013055929505624191
-0.0995574820998594
-0.00766789341902104
-0.06943487206999373
-0.04300943049338396
-0.04730556573365343
-0.03812282799209429
-0.01525506865887867
-0.0678796285459917
-0.08474373485866138
-0.08195800143840475
-0.08865927453350779
-0.09140824226524308
-0.038291851944648764
-0.044370342172524085
-0.09200219241814579
-0.10493223100658124
-0.03333051527266355
-0.05139302568977226
-0.23112121277506245
-0.14113457379001237
-0.0716257409889489
-0.10632975282055186
-0.018707551944029798
-0.06982272654133857
-0.0713223066404074
-0.061505406216541124
-0.04265101279950038
-0.19922052232468512
-0.06474194403531425
-0.037170071958600136
-0.02634087768771507
-0.01756740183728489
-0.04086584074814141
-0.03404142478657871
-0.03886212041241709
-0.02219840230244483
-0.17783686814195787
-0.07409999617168778
-0.12646402592452682
-0.1810041798342206
-0.17662765315412782
-0.1264574282639687
-0.1184935019257771
-0.11547027951506773
-0.13869173602111767
-0.2681010664403615
-0.26857148165020484
-0.18038232632167042
-0.19662098925273827
-0.13231709507920728
-0.13500735286754542
-0.0574087716672941
-0.10191392989425249
-0.08447461509145081
-0.1661704557307309
-0.12262223026437993
-0.052799661124816134
-0.05899217762283361
-0.09322461291150055
-0.025787596884328915
-0.046170053935729274
-0.05268018011476562
-0.07311800766845161
-0.09953451744101141
-0.07641663933785485
-0.06924331875418564
-0.04910033111656047
-0.0709570404628595
-0.090343500361455
-0.062010394085561873
-0.06760654632586191
-0.040872816394938324
-0.09532774070418244
-0.07409441984030792
-0.06691349041740981
-0.10955761335579028
-0.0571696576236384
-0.12632821410219552
-0.12954993665945425
-0.07388796175495405
-0.03599460181555138
-0.027591977391048576
-0.061051004127043784
-0.01688076048379793
-0.0015965827693861232
-0.07018887427067999
-0.07909790368628575
-0.06235513866339291
-0.11569073997478987
-0.07184496282575288
-0.20641410840308055
-0.17531237475434014
-0.18265802860253263
-0.13387337067396118
-0.16517810085845355
-0.15594857308203713
-0.14700065886826652
-0.06613692011113902
-0.09169206127888581
-0.1688447447650985
-0.0614899110498584
-0.09636832082171898
-0.061285431901508154
-0.12765554118843558
-0.0432865416255022
-0.06904561840781465
-0.0898190896319733
-0.062041007453527135
-0.16349483605541879
-0.13720254200173612
-0.10203231212302798
-0.12100113371199933
-0.13494133977448575
-0.11868081018706407
-0.06405017621214029
-0.12974960572847358
-0.10851976939097333
-0.22623102785817448
-0.17017478182758838
-0.16727412018662446
-0.19818686324368526
-0.12964762634171872
-0.17386683212683693
-0.06117133382637403
-0.05784531173651237
-0.026123442222184278
-0.13242802271054827
-0.11613208385669563
-0.08289285393680688
-0.10995311813613703
-0.11439218963052813
-0.07391382573344235
-0.07401655448993226
-0.0644052776530355
-0.017611348437361084
-0.12990579984123857
-0.06706253344700536
-0.11643462705083331
-0.10517736265922037
-0.14081655296214723
-0.11152132780252091
-0.09680231587749437
-0.14553998282293137
-0.15818053527303108
-0.13516875867659453
-0.14728909866288417
-0.11588470840906011
-0.08446562874919701
-0.07393506578211492
-0.12334566215269431
-0.14234764774306286
-0.1327788588726274
-0.11598860674060628
-0.013407602141538098
-0.0382423781170862
0.0009113881518846627
-0.09800020213602717
-0.016856626029939422
-0.06607878866627546
-0.029812084270097794
-0.056965752736707224
-0.06135072052825157
-0.026785204752605787
-0.06319463385580473
-0.019305306284568592
-0.02626739266294982
-0.035066988604013624
-0.034063600232810555
-0.04502047850421184
-0.03000237261056636
-0.06388088804238025
-0.20615592253587975
-0.039624874028486926
-0.04132612226225327
-0.018403110135718694
-0.05837211043837295
-0.057482722838825794
-0.022258548432804927
-0.03930543392012506
-0.06961159654985052
-0.08265372012047568
-0.038772078672768336
-0.020539535181910366
-0.053564911221512496
-0.051906111789516006
-0.09040592893172665
-0.08323403003847914
-0.03929414413997043
-0.06015928889184861
-0.012439593187350429
-0.07126589288684478
-0.018726623217380108
-0.07330234774096327
-0.04083022361304444
-0.03904565634011443
-0.020456431700877454
-0.030496173682089747
-0.030328941584668628
-0.19830039819484452
-0.15970726627480925
-0.13520508990525557
-0.12970114744142128
-0.08629961045309041
-0.10876446157391159
-0.09019560156639107
-0.09010005719513628
-0.06647280612044208
-0.043996100111568306
-0.07766216195420403
-0.04862333868925044
-0.06121537909187029
-0.029327160345582675
-0.051745612766444744
-0.04422353852975181
-0.07299410497701848
-0.06621653883033
-0.11931436611153357
-0.08270652672830672
-0.0967980778072242
-0.04805388944912909
-0.0695924639099157
-0.029923591815703632
-0.02497377146996134
-0.015497070418481251
-0.0413231181939557
-0.02022728772045751
-0.042503481825016974
-0.039247229533904714
-0.06816537777445854
-0.061284747940542866
-0.06404742934046069
-0.05543400379465972
-0.036611185747185485
-0.051507567739580234
-0.1077942421160864
-0.08943626674974049
-0.06567908277962572
-0.044514413750963086
-0.07118865949135089
-0.019304400803129385
-0.0020799302236401127
-0.030991083061403954
-0.03815208468567687
-0.07259530185033433
-0.06512773185192601
-0.030523170330818472
-0.05528679847928943
-0.06642292698692583
-0.009398850257544772
-0.031159150727285145
-0.028741299118758803
-0.028966907132148532
-0.12227844400129094
-0.104848982965877
-0.06651066779747128
-0.050506479373583484
-0.006262965031378645
-0.03214354572182218
-0.027586437902906113
-0.04890697015704818
-0.06108991838516695
-0.06361113063380494
-0.04195345301201649
-0.11500069992178044
-0.056421840230017506
-0.0899169662461284
-0.02862041870406744
-0.11358479126379144
-0.04709437226178877
-0.07831835915223362
-0.05845556581970791
-0.07838971230169196
-0.06620753346256669
-0.07588377097559483
-0.07210449382994355
-0.08229263320196853
-0.030743960664019142
-0.0641822838184325
-0.04482415467173574
-0.1329152799207205
-0.13674860141441647
-0.07040530660977443
-0.08949228453813352
-0.06731800822005639
-0.05835263022458285
-0.07615021708285671
-0.08127304288653969
-0.06215458580563149
-0.03950578427487885
-0.0832004392428336
-0.0994877198636071
-0.118613805641304
-0.10214521913723543
-0.10424574689869306
-0.04532902025416727
-0.11898181578102442
-0.0942510241239743
-0.09474664913321537
-0.05646152277307445
-0.059108271796723476
-0.06210258354199728
-0.005316504125018899
-0.03408890505028259
-0.01585710895862905
-0.04172580821031317
-0.06211809333394798
-0.061433478193791226
-0.02965493264433047
-0.08719619708612152
-0.08219179823831645
-0.0445639905126775
-0.07063563056089443
-0.0470096164629347
-0.005481031006639267
-0.08189973160949278
-0.08101297484968939
-0.047433374060392074
-0.017412270091616576
-0.048982546872988
-0.04778731028862624
-0.0045162614492430175
-0.07168223240111467
-0.01948153798539542
-0.05356530258614579
-0.13490436079286144
-0.08310136128552792
-0.09421993457681695
-0.061331515631114074
-0.05963520604176693
-0.08379942934419936
-0.07988340932971574
-0.07249791799615941
-0.031706964934292786
-0.013840020069503241
-0.04014730319160591
-0.07548167587613645
-0.07565900246359698
-0.054816737025491453
-0.08396269665625332
-0.13073234639595305
-0.107171884777417
-0.0763517535670935
-0.15979286914811405
-0.07525570572824095
-0.03191764642449576
-0.07841886770099003
-0.09628030695900094
-0.053315808864366404
-0.10254849496626818
-0.053985368248822455
-0.0744888502956547
-0.024935047448487672
-0.03808416314122774
-0.05235707872214371
-0.04409215867455135
-0.10588197546965947
-0.04423881873870734
-0.03558037848738854
-0.06420735570102251
-0.04207852050832248
-0.12109000297540322
-0.019354274935707887
-0.10921972207138703
-0.06047746912085349
-0.04445341069033299
-0.06940136101979576
-0.07196399661953606
-0.05041886002084629
-0.06979033001994706
-0.1016257465269274
-0.0733319795977039
-0.044604303160466825
-0.1035984842524889
-0.062150323600622275
-0.1169311172389055
-0.09952446479163404
-0.08144033334374227
-0.08736535137086894
-0.20795503591543857
-0.07323054103527445
-0.06077845821263431
-0.07171345834592548
-0.032547897671913434
-0.03556287584481299
-0.07285453269186966
-0.013169368962082371
-0.01462856154532436
-0.10604599604296795
-0.07914729453559706
-0.03437914634698163
-0.07949903805503865
-0.11966822474935769
-0.08017517043068621
-0.08826583442211167
-0.05887780292147513
-0.042370442287886785
-0.4023364168650618
-0.2717406185538939
-0.1858638951270915
-0.1926050742025911
-0.06786076848063513
-0.08484763574151341
-0.030127503607451152
-0.03781169711052186
-0.04736036931580505
-0.19845822517599113
-0.14928126844115944
-0.17132467013084524
-0.16923989131801917
-0.07412804150968182
-0.04213600282352738
-0.0739398103112358
-0.08874262452982265
-0.047575448619387166
-0.22280208831911805
-0.06333873781471046
-0.006190083727440338
-0.046802487723388575
-0.008601178166959201
-0.04646491060288391
-0.022931950611869013
-0.07558506268419103
-0.046747118043953304
-0.12633138109315944
-0.0764533340416211
-0.036942639629819474
-0.03632841638440483
-0.0551160254105272
-0.030986857630857845
-0.033089074013266044
-0.030763335289549085
-0.03526452246275282
-0.1018079802067002
-0.02614982488364077
-0.04334083180287246
-0.017928477054228613
-0.037529455467370354
-0.021781493978683793
-0.016744694817092457
-0.019064186513123655
-0.03993079296669024
-0.04315997608916508
-0.04385937534608317
-0.022109488524666536
-0.025432485675043644
-0.04138711977305916
-0.02194470643031078
-0.049448289250725044
-0.021536051086967534
-0.048888219579294345
-0.044194553160092985
-0.04239244360332028
-0.054927715961461246
-0.024660441582953448
-0.041670134533189775
-0.015527411721174389
-0.012673717080151336
-0.023554285188468447
-0.02293538821359737
-0.08522998698251665
-0.03677141732166008
-0.011769007140156896
-0.042151620444412244
-0.02738907338567712
-0.06661344897552045
-0.031530187261480186
-0.02948749261836072
-0.03751319918058983
-0.08500042539893193
-0.05430575247034149
-0.02462035535638669
-0.0734506730301324
-0.06046266281035527
-0.060372879914867505
-0.038606003134980374
-0.02047568421794886
-0.038123855649328436
-0.05286827242501511
-0.06365269968638211
-0.054335384752244455
-0.051772282433063095
-0.07716440455356019
-0.037925359427168674
-0.05407635380648688
-0.018787382549507684
-0.08012584958025028
-0.11437172080314491
-0.07761498992855927
-0.07239395653815602
-0.07311326035888695
-0.06586904734726216
-0.09190149836754054
-0.059932868967999736
-0.07507706254614072
-0.05245552444361281
-0.10655892217372402
-0.10593886259845911
-0.09201980251807461
-0.07174795014654975
-0.07386126999896209
-0.07215197451282394
-0.04589607843055424
-0.05700609659595448
-0.04994657346233968
-0.08990787834762368
-0.06300443514837598
-0.03650671024238109
-0.06022527715192468
-0.0068749246486737225
-0.01524775869628207
-0.023731932402592363
-0.06693021833476315
-0.006516604408339522
-0.05659884297873786
-0.021172139673838408
-0.007125061092694401
-0.08820956782691208
-0.040210477322348115
-0.055767441984775554
-0.05315558157251204
-0.06520539588823
-0.070433483393241
-0.09064360243364257
-0.01998465341786446
-0.07774203439345648
-0.11421684152880829
-0.1370882980260972
-0.0758876223618545
-0.12052709797137603
-0.14375075318324698
-0.05840174420860829
-0.18564254546466324
-0.06149876115151755
-0.07170422194595032
-0.03934546123774621
-0.013329544503695938
-0.02670289637675013
-0.06476373616062173
-0.045499447744576225
-0.08488345689394677
-0.03826573435195546
-0.06671682419993122
-0.04554944412245749
-0.04915922184585771
-0.0425614098114815
-0.03738717845855752
-0.043848622181872916
-0.04194677236343251
-0.04970920260961842
-0.02491401132620566
-0.0026152860404005736
-0.0060681779973359735
-0.02098611339593244
-0.0130143400187564
-0.05796696722754675
-0.04730166657806278
-0.053098375479971996
-0.029120837698913517
-0.21488386797770379
-0.13922374776849017
-0.09680781080312006
-0.04036992173992526
-0.0009665698475425122
-0.02792994170762693
-0.05461743469487569
-0.06795236937259766
-0.03514337254513906
-0.023606773543447843
-0.02192355857347012
-0.0837419457181073
-0.04471086949867309
-0.07110100947578715
-0.06437834359802568
-0.09340155425289466
-0.08168840614538661
-0.10736506867395498
-0.0849765724966196
-0.08730257641370268
-0.06898055826049868
-0.035834559790503595
-0.030203362548746768
-0.04384706042460424
-0.016690037721785195
-0.024307347400969938
-0.033426461231446616
-0.006886720093607825
-0.051000437230357874
-0.09010070086695708
-0.07856046303589888
-0.07951932756772945
-0.10518775812118984
-0.06243339283373367
-0.10859452282871092
-0.07131955160327608
-0.13108790759295905
-0.07066703764069392
-0.049128682089099596
-0.084406901973165
-0.06535395274266874
-0.07494396583755894
-0.10610692712061949
-0.09221285507457652
-0.12018140726183825
-0.06747167675561928
-0.04819789921819509
-0.03516271372950027
-0.05555091515133572
-0.05556467769541927
-0.05055310640119487
-0.027316684122776845
-0.06532573911806827
-0.004223620134542929
-0.05828284374335968
-0.03663463516390624
-0.027439774415572892
-0.027702179490591637
-0.04101672851547466
-0.02518868723593311
-0.055296137937809624
-0.015831505081473535
-0.11215788438305732
-0.19509314870644884
-0.1358881515670907
-0.10427209328717846
-0.06167678374324491
-0.16691499480091757
-0.02762617090619719
-0.05466704946357048
-0.04379563418779326
-0.05947624053368963
-0.1674335506894641
-0.13645493615866763
-0.1871309017590664
-0.12490214379139455
-0.1852479722839747
-0.17488344261888142
-0.12124151170099175
-0.09413450981846874
-0.09793160588184562
-0.05763581886999636
-0.06463691560646873
-0.07094319074249059
-0.09174985228795901
-0.06058981844314004
-0.0746815080300137
-0.07882707511013211
-0.14906697541265507
-0.16123801627226778
-0.1526046825252177
-0.0911187268084173
-0.08685784362362078
-0.06616863185546938
-0.08219105432276315
-0.047245977353768925
-0.03133585285506059
-0.05229239573921522
-0.03104858269082492
-0.06822293960210637
-0.04293460163832646
-0.0035310640095631463
-0.04250373610316633
-0.014120279938080871
-0.03340279211924579
-0.04539289363915753
-0.049243695781723
-0.006226917819007503
-0.13637166680115148
-0.06301856278125686
-0.018990939880528777
-0.005360877661668047
-0.0162916185993435
-0.06358662244151374
-0.09506094043216787
-0.0568319331388552
-0.029587000461079087
-0.04451043170943388
-0.1118801455395383
-0.09477383931125079
-0.1044248983510376
-0.09079477220440615
-0.10049489047979256
-0.0924539635702297
-0.13099300762384697
-0.1547852785048569
-0.044295613143161716
-0.02071591573422087
-0.06524918400830099
-0.06742757484370186
-0.07860898379127497
-0.056736666515255135
-0.10015626079160127
-0.06798421807011913
-0.08733119400203228
-0.0363510201315062
-0.09573207242584252
-0.08185799200845223
-0.09231115884777394
-0.06805028716230963
-0.03477678937513182
-0.05877794237580301
-0.06741167237888822
-0.04398218016329886
-0.050307641958438905
-0.07861910148393601
-0.05746148241116247
-0.06521572591825915
-0.12931936151910897
-0.1214744473666118
-0.11471592174282186
-0.08502338470315653
-0.08078226000913513
-0.04594557201623599
-0.03296863641007486
-0.0681228224680948
-0.05006180089169729
-0.04346942962098653
-0.037234237725815585
-0.024098015025647408
-0.0658770075155941
-0.06559436276712298
-0.07007149181679834
-0.020618867473328317
-0.029977467379659097
-0.010935148062744504
-0.05433581821665516
-0.01597304373314178
-0.03361327493843051
-0.1224067238755455
-0.021918104008950015
-0.13931760557857906
-0.16403219540350333
-0.10518314389608409
-0.13235095404491104
-0.06419473656091526
-0.013387078445102172
-0.038344890927361194
-0.06322795249064306
-0.07771526268928013
-0.2494831853623794
-0.08029838324228764
-0.05857356879048143
-0.09036817296321055
-0.06232972274818056
-0.05990389896437288
-0.06202954630017505
-0.044524362028202924
-0.06376929902185291
-0.0738753834064476
-0.05233161546343254
-0.1109463811573752
-0.12400834075472297
-0.08379466592633956
-0.08467606148359967
-0.09999330211413243
-0.07167912323940624
-0.06350220338686545
-0.02605683724567918
-0.015822285959836018
-0.008419331992047174
-0.005587648891404876
-0.019125883279119054
-0.02962950389781879
-0.03548142550143042
-0.04108184589373052
-0.024023567079470738
-0.030759817853840837
-0.025088200099145988
-0.022026228391963967
-0.060278669679755585
-0.04140226746213947
-0.02451900604684369
-0.05147926227996954
-0.03937971790552685
-0.004794534254046992
-0.060292213521734486
-0.047521649313922686
-0.04906796540425715
-0.04414772282929281
-0.09031411057111804
-0.032122753964589294
-0.06315057364657878
-0.10299630590127638
-0.11788142803291726
-0.06259807907147515
-0.07364368063584743
-0.10332163418933957
-0.06286629340515547
-0.04405952477187785
-0.05990909449771899
-0.039404125554006506
-0.056796356078527226
-0.03559294202544679
-0.0612361098722613
-0.05512980581739679
-0.03265743435504
-0.042772420612767134
-0.054616112411353966
-0.05265328655863679
-0.05230474758166628
-0.03400538987137978
-0.020356325917751578
-0.03568465611700518
-0.08532082210806091
-0.06462664891935693
-0.01644530604978936
-0.05043934651025705
-0.03174246902655351
-0.0608340918303365
-0.09334465156804815
-0.06762788304552662
-0.14757570625183175
-0.09385014134528706
-0.07497224070278283
-0.11401933182167365
-0.07710407156304472
-0.10194106095742568
-0.03984626153853208
-0.09317658745756291
-0.028061740202962728
-0.023306421612407823
-0.06483372488175367
-0.10968597448974791
-0.047626241904477895
-0.037494166163366364
-0.04210943934540556
-0.039362607413621645
-0.02389345618736781
-0.009827001301779121
-0.13041331415782748
-0.055106339781433804
-0.11297423634942418
-0.04202157753463249
-0.09977809436573948
-0.01181502684471505
-0.035512923448875244
-0.06189442258097902
-0.06845406072219713
-0.09227652093760576
-0.08148525801100175
-0.057983244925180276
-0.08145650748637426
-0.11377711109539537
-0.08303712821859166
-0.024414930186951147
-0.034331331121026695
-0.03408450998301961
-0.0755980642230467
-0.10108873857110572
-0.07429174987970441
-0.045650503835184056
-0.0950397281315401
-0.0953162858573457
-0.06220719773573057
-0.02781568774104507
-0.07665054153268508
-0.09381818813938377
-0.06095532070037589
-0.047533569140222366
-0.023570017403787603
-0.047941515031062615
-0.03885938099139798
-0.06395901567234906
-0.05564347865764266
-0.08210920408521791
-0.04120307489049908
-0.05647590367591428
-0.033324809440653205
-0.05497710039477281
-0.06228228097893627
-0.06952027801956537
-0.048045011874861314
-0.07235659591545103
-0.06956252667046688
-0.08908495011690469
-0.12333199549662721
-0.12935025509857337
-0.12584432850173174
-0.10689411647967648
-0.13229639994061196
-0.18741706991857252
-0.08513106133858275
-0.03197518389145343
-0.18418128947633738
-0.0979941141463947
-0.14481880257557475
-0.1200232365072296
-0.0876142960754375
-0.06472195234871198
-0.07080548353979214
-0.04045154175289641
-0.015073047657248423
-0.15174464527375783
-0.045964064922877926
-0.07377893816923503
-0.052141546737540095
-0.07191929777034725
-0.09783856559661055
-0.09022436665553203
-0.08938893570740962
-0.10665236438782243
-0.2946113059404198
-0.1851037538877378
-0.04700454347509927
-0.06553590795745003
-0.032645983441048146
-0.0492958313093256
-0.09905627957610512
-0.09142111270238364
-0.10440958739767162
-0.19090631975993827
-0.09653819869350853
-0.13840420048178906
-0.15267720058605108
-0.1519086568199965
-0.12802498368158322
-0.15517833321422544
-0.07691144917109521
-0.15434438362524108
-0.15110448265502965
-0.11106570660855258
-0.08874737365003778
-0.11587822591227098
-0.03956049894824629
-0.08014177561444562
-0.06941536026158956
-0.08008923942338758
-0.04902904270057602
-0.13600501520907513
-0.08463384710274838
-0.04135859749798621
-0.06193027196140544
-0.06810778581304203
-0.07037952236355155
-0.03272148615743051
-0.07113655553384424
-0.08524086610337926
-0.05439325284188415
-0.0676773899222003
-0.055641318733257346
-0.020292127796607426
-0.02693223567092066
-0.016555709382473673
-0.03906161165237937
-0.056590354807132315
-0.03634721132314684
-0.0633839779216096
-0.0462969575814726
-0.04747964150086829
-0.010751509408508587
-0.09762833387502502
-0.07738994414707023
-0.0890964678044237
-0.10179936565805395
-0.07603242888265366
-0.14328756774168386
-0.06539371197677109
-0.07062937569625152
-0.11022512114890408
-0.1616619368874167
-0.1429555161398188
-0.10846032384138529
-0.02092950502115796
-0.06306538612586854
-0.08825543394150794
-0.036357046377821695
-0.12375495099037088
-0.0994082609094306
-0.08208510544327008
-0.12678195666398134
-0.07314498239258796
-0.09086490192535025
-0.08958852095902739
-0.2637952003968593
-0.0735304655691476
-0.09528374110473845
-0.037931063419861924
-0.0989143708241042
-0.06459570757472742
-0.02564410874097323
-0.04253845932217564
-0.03839037025579949
-0.04659353667740011
-0.02606473898254594
-0.04547777394724188
-0.07277094756458079
-0.12829034832045205
-0.07026477493126668
-0.08772556356555092
-0.046432020622940565
-0.055221344637205017
-0.06361848000269096
-0.02644925108115636
-0.019176423767447253
-0.053714545937827214
-0.03627860816619127
-0.06436626975193246
-0.06170336516794451
-0.06274489935422457
-0.0487724996285701
-0.10694521791394107
-0.02992491695315577
-0.043892613892953715
-0.05691160720684413
-0.09253362458124577
-0.0643142999881503
-0.08212503274094604
-0.06063267575954811
-0.08976178652956138
-0.07010808369175872
-0.12412972823700455
-0.06426384951147944
-0.05342772012580524
-0.03576890641718035
-0.09084799962779216
-0.053237588430114155
-0.06053144090785656
-0.05584696970686675
-0.0772767748980684
-0.011438887447815372
-0.022572296453649502
-0.005971305008448747
-0.02074921916459025
-0.027982949382758495
-0.04288818406489491
-0.023062298702450135
-0.044214945240835225
-0.040876136394858174
-0.039311503152253534
-0.04108170783062698
-0.01009986603948882
-0.012982528740781707
-0.038183308837424254
-0.049054561229155406
-0.0562578152853507
-0.04608212457397872
-0.041115534874523046
-0.01992830223916903
-0.021464227976828495
-0.04466465107286382
-0.024413713337843666
-0.03148941137161409
-0.007704827713662134
-0.044594379360411884
-0.00135134991695065
-0.13343757466665998
-0.029155107943373584
-0.06351600193489713
-0.05225806175645784
-0.04040760778402705
-0.04631870271644492
-0.061667068153170745
-0.07092292387553263
-0.10096251807242307
-0.051578280334742314
-0.09270866531234503
-0.054237464941297046
-0.01634285071696095
-0.036188553391621414
-0.04578220670466685
-0.06749110370676688
-0.015632422286660747
-0.061715716917176026
-0.14140217672671318
-0.05502214810434778
-0.06801122748478512
-0.05751235845390805
-0.048021615534339514
-0.022555767301732563
-0.029175714871954556
-0.0759794590022413
-0.03553057244713601
-0.03508611744728005
-0.1079736598796737
-0.06852221428620296
-0.04830859758914568
-0.032029634320112875
-0.05164322734009284
-0.06307253108153293
-0.10125919182065168
-0.09018664327159549
-0.06053979409619932
-0.04394318855530435
-0.05047176884120628
-0.0481059004003185
-0.08902187076309256
-0.047611684786935005
-0.07904912020245941
-0.06401662408930757
-0.07135510055221468
-0.04570837404807115
-0.00533772359731619
-0.04118521151869348
-0.015797067221329075
-0.03206831895620251
-0.06280235391163151
-0.048750729902302004
-0.07868534353397216
-0.11117081149220259
-0.10735034206055329
-0.068525042170137
-0.09876921404977622
-0.06549014145793375
-0.05433732478361103
-0.02569442992378922
-0.022727237189619432
-0.036415591655112926
-0.023945724164050244
-0.111885292396339
-0.08773191088643932
-0.04304080401958566
-0.028856123501552245
-0.028574494323490723
-0.008448521274956326
-0.021144436784904897
-0.02202477153668519
-0.062025318769905524
-0.13662004822253052
-0.07679549702897724
-0.10277264639051954
-0.050544097991939936
-0.07106008504169939
-0.02915117031642155
-0.05959713706791163
-0.05255843294096572
-0.027050772314898764
-0.036903641481421605
-0.04442601318347327
-0.025199593838746696
-0.023385589879688508
-0.0406469484152999
-0.02838116080557457
-0.048420775328023094
-0.030070350729080875
-0.053441512825129024
-0.04992224919561185
-0.030748840614757487
-0.017128804008877965
-0.05545859133539967
-0.013946842817417069
-0.03180973087916613
-0.03082513369582375
-0.033207275324162386
-0.006322720561279009
-0.03141761370159995
-0.049540609367886915
-0.053973136062495
-0.031138841063159135
-0.029246077077663843
-0.04798642436272479
-0.045144987142347937
-0.04252700684317586
-0.029579966080882213
-0.062328393143078295
-0.06288274239396793
-0.05352390241266924
-0.04512693087767435
-0.04100816361168859
-0.053008765729661574
-0.07434307268085484
-0.040262732468752255
-0.057601586693445235
-0.16239644562904615
-0.07660159030379163
-0.10169046493315849
-0.08231536510602899
-0.0880917434086396
-0.07284477288653737
-0.0669209344660631
-0.029768743481667186
-0.05435861523670456
-0.01598010501537654
-0.03623307036205958
-0.01956973393736562
-0.0146650884305321
-0.015803922438819947
-0.011583327688993061
-0.028982825471692005
-0.04456324208960438
-0.024441328799196624
-0.024637604202646136
-0.013289017542692846
-0.009772814646274252
-0.025812801473408305
-0.019128798632092405
-0.027455321134726304
-0.04954781650962592
-0.04309742772470796
-0.04025697016421397
-0.0627581955249682
-0.09294612854323979
-0.050861726086849475
-0.05557390728669082
-0.053414342363273484
-0.03301054052609756
-0.05695699700113524
-0.044271691149449975
-0.06482085859514458
-0.05729711624048458
-0.055570584594803976
-0.0461764158707672
-0.04921920887042784
-0.026829602047280028
-0.034634914069745566
-0.026406499600121824
-0.027397409607867393
-0.04631136981973028
-0.049178017058979
-0.022969159564748178
-0.03578682723624383
-0.05495909500469599
-0.023936590538574196
-0.04949914023110727
-0.0376513030706933
-0.04138923243733452
-0.018451034867889106
-0.06141299272638901
-0.04653225468469027
-0.04313304962318697
-0.012844532699289316
-0.08648398971588714
-0.07818767350548107
-0.03773554463118385
-0.0432228326429467
-0.03285998369830794
-0.031040280047876217
-0.10455603799840767
-0.10115596910562344
-0.09391396702004552
-0.07518332979006331
-0.06282255949970307
-0.058811725893745705
-0.05534146732624679
-0.09885232293673092
-0.22347803561855822
-0.09934955929385929
-0.12655373681282944
-0.01721498052129067
-0.04635044260736159
-0.033785906284637214
-0.02660088973951814
-0.03889735693560633
-0.018852408302829134
-0.08597580330888074
-0.07222672511932787
-0.027093798963144424
-0.0559217565855702
-0.009434881981452911
-0.04180568931299231
-0.04634011132063032
-0.030777873132473963
-0.04560378499500224
-0.04561833267551552
-0.0566094665679341
-0.023156423222735586
-0.03725568778470939
-0.09094463854247743
-0.05548764874173432
-0.06222699531728506
-0.08050627038674728
-0.07435870459048477
-0.053055388423569355
-0.0033480418542887083
-0.034591672730775014
-0.018408341731632305
-0.03532882181699257
-0.009599082983557902
-0.03175715716373066
-0.02370461713298978
-0.02975021537784333
-0.0668708429072867
-0.05336152848734853
-0.0522096095621109
-0.04422092982891097
-0.058171802879704894
-0.041920704529542
-0.07177051097714884
-0.04921407371876369
-0.06677309398887843
-0.029636405407403137
-0.06055309536537027
-0.07539155232936662
-0.03227629420018547
-0.04717401570658262
-0.06371570064699066
-0.0256179771415413
-0.03861530031599662
-0.012478689244976414
-0.045525725307103075
-0.09242656051874563
-0.09710698101385017
-0.08245705652605234
-0.0429518500970088
-0.09139751189674715
-0.02322374628740119
-0.047673526484476605
-0.04876530370936206
-0.09944850437990119
-0.033911958337680195
-0.03847574721318275
-0.07101700420487339
-0.0520807061232885
-0.07506870826773716
-0.12288662194305172
-0.10444252078464376
-0.11152557270813493
-0.0560595675213896
-0.0794003443205357
-0.06612384929037103
-0.08861467586346108
-0.08589186155438178
-0.0690067635400771
-0.046903311383341716
-0.10551815979137827
-0.10026787537946001
-0.032036399331766836
-0.060900527574552415
-0.044146623461984606
-0.036476178383194925
-0.01878289327216837
-0.021107378598937052
-0.014723299419557944
-0.012305826516572513
-0.01649326208053711
-0.04994334389655516
-0.02448681169163268
-0.030140559832491812
-0.02548329608136237
0.0002460517799560051
-0.022182719959915612
-0.013520260619972335
-0.013672810030930386
-0.01030094995754837
-0.04075732888784035
-0.04503662037441248
-0.047202242221063846
-0.027251624294426024
-0.052842401914921885
-0.031408474310906015
-0.060718183758351904
-0.04498491216221087
-0.019760860586643666
-0.054437278449206795
-0.019215557954176645
-0.016622148207463217
-0.013864218205182402
-0.012044459148840744
-0.04587793787635364
-0.03774469956788994
-0.0449475917236759
-0.04620390083159447
-0.012223524717931733
-0.005461653631736855
-0.03793106769718084
-0.027556791662752884
-0.032471487681015
-0.030024018728233907
-0.027753808161651006
-0.055581823523837774
-0.059561981030681804
-0.07918179228482954
-0.052665834888957784
-0.05085163272795209
-0.04073383504117714
-0.08843116288218889
-0.07092250428650067
-0.05033823830281984
-0.04120297342717141
-0.05072436307463614
-0.029460649575290973
-0.028987997648400557
-0.03854939731473417
-0.03361302582448331
-0.0134850880952783
-0.052018272300711925
-0.03205436653791099
-0.05149729923610265
-0.07489958990982419
-0.06503631845547471
-0.07813208492925773
-0.05566660511631362
-0.04749382704227301
-0.04382966064487351
-0.03929144293422499
-0.030289540627210104
-0.05028001392296035
-0.017638925352173443
-0.06966322510391419
-0.07710705655409053
-0.09950338163691624
-0.1389651316608218
-0.08996277321235718
-0.1694267500164331
-0.13319031306569262
-0.1279099263400277
-0.10831151254475545
-0.04568007754565992
-0.07142459898439424
-0.01021601558501611
-0.06651174729776684
-0.04478940609830371
-0.05008985721100432
-0.07305377211839227
-0.061942181443202696
-0.06101087215943157
-0.10531189502013191
-0.06754821601714771
-0.016755456201860145
-0.07219616412985778
-0.0027927617236567248
-0.024330631710274914
-0.010285935593179574
-0.03269451490526911
-0.013011926322407098
-0.07969292741488318
-0.05800139214608558
-0.028006134354700063
-0.04603236392412653
-0.04941230396983369
-0.05090866059774885
-0.0399646639533745
-0.037475970357812693
-0.03707844737593789
-0.0729337165640972
-0.08012773447397002
-0.09042998842860434
-0.06937481538797936
-0.06326743818498805
-0.06324894922586627
-0.04866291089751852
-0.03246292118229236
-0.04514769323742313
-0.05123457869184566
-0.04712213561152022
-0.04685353826624653
-0.038193696400332044
-0.05955513050806899
-0.051028180749572986
-0.04481726019210368
-0.05422454408793409
-0.03689737437222857
-0.045208725293438945
-0.04662311050703572
-0.04258735201603075
-0.04120750277394276
-0.04688614635409787
-0.028937947610072724
-0.03389366485366319
-0.05007035200233664
-0.048871218962562656
-0.10315621228793945
-0.05120910392909853
-0.05737448396366759
-0.055688010789454706
-0.04626287855721352
-0.025042496751533024
-0.08002884927376241
-0.049970593314190015
-0.03663936334432198
-0.07197943939342413
-0.037682269854719744
-0.07206130569501394
-0.057294267772399494
-0.0626663389509622
-0.04074616363212504
-0.04874227038906428
-0.04230044541344613
-0.027950607871989844
-0.10090606021671973
-0.06384326735250315
-0.08211222150954832
-0.07716679586444124
-0.056221005961955436
-0.05237839341216905
-0.04891348640134752
-0.03556401840376171
-0.039421575352712554
-0.01744170122714571
-0.021719805325250988
-0.012809576792724575
-0.03901454217982136
-0.022777205867752826
-0.015587553969511583
-0.017685390728011476
-0.014264085619208694
-0.019654172057250535
-0.07850755859080023
-0.046133484936972606
-0.0670042310836012
-0.04946307209983239
-0.05663289104676915
-0.06240974164905362
-0.08633994630461621
-0.02735282812312468
-0.04470444743732829
-0.022793464503116142
-0.012693293638145068
-0.012332132134512504
-0.00755337376732448
-0.020551026915960877
-0.038722085928137875
-0.016151555018761594
-0.028981891815165636
-0.013355440594274506
-0.06684529155757843
-0.04545940804949904
-0.053457100028276194
-0.0476588927830179
-0.06817111806794755
-0.07605419448127348
-0.03328246911952048
-0.045919390491047575
-0.05900299692079146
-0.10512138994344586
-0.01869406804804466
-0.02634320922344459
-0.01891941056080539
-0.06673992985221693
-0.015395413930233089
-0.012108626402439501
-0.03096397159241445
-0.014456820253421628
-0.12578434082870749
-0.09465716900726366
-0.052116152112839785
-0.09340179586763665
-0.08127868312891985
-0.08082045724975288
-0.08038194082446812
-0.07703315220522954
-0.12504209282216885
-0.03762533193484651
-0.049377957994888325
-0.06510647947945061
-0.04249260411127876
-0.035858640003024786
-0.02822308037945772
-0.01587721543083314
-0.02628067736707838
-0.04452472120551531
-0.09396951082437631
-0.06013692921599627
-0.03914782274136885
-0.054372195737482414
-0.03262900352980754
-0.03132517100929689
-0.0526144180707529
-0.011990546118356817
-0.032200239978196515
-0.07377200543578674
-0.01801773677328043
-0.007754112315939596
-0.022186848760954506
-0.01785143143497445
-0.03549124077905801
-0.11090146196604982
-0.09261862454498354
-0.1234521175856245
-0.19968428717351447
-0.12836263761499836
-0.16099171735338166
-0.11836606155551428
-0.14005518529399757
-0.09200189578301235
-0.08220718630779406
-0.08142513537604494
-0.07087616868370007
-0.07773957266779702
-0.11068184869985191
-0.039868192595132745
-0.06127539948561953
-0.05489335991041434
-0.03725597650507926
-0.08055385098452059
-0.05497816009733047
-0.04592890230343163
-0.05199093046919229
-0.028304822475998404
-0.013875112405118125
-0.037537927089841314
-0.025041112620052024
-0.07760507467507952
-0.04972133599910232
-0.04004496892241043
-0.035263503089461745
-0.09965075363893977
-0.04389850737202004
-0.05161630062596605
-0.05166712525832022
-0.06827419110837793
-0.05988234872150714
-0.04995063142677694
-0.04856190287666099
-0.059083959186594336
-0.04676492523516487
-0.07813460096192813
-0.05312699465014747
-0.07800964931205033
-0.04165355056927238
-0.029858126875790102
-0.028463329892780068
-0.046161139451124676
-0.009498328034081115
-0.10382616581940692
-0.0057705657187275316
-0.03817381328620368
-0.039223901051011846
-0.023327968245094356
-0.06865815160785012
-0.03364844289976443
-0.03063054020023772
-0.06528535593525044
-0.03974191292267088
-0.057099194907350076
-0.042801502561490415
-0.07292439037038549
-0.04646480069493127
-0.051174778255659775
-0.047287289349529166
-0.049173687258915987
-0.053752138732501925
-0.1714177500904111
-0.0770217160193069
-0.08784106693128627
-0.0706002296482536
-0.08306191634877096
-0.08165836387715099
-0.09062245672402099
-0.11533935023351317
-0.08691301559997142
-0.03769232537564383
-0.07799874178142384
-0.055429901675556704
-0.055902559240932057
-0.03573419988111957
-0.01574491351034888
-0.010996702547415766
-0.021136892561344958
-0.04413275119047073
-0.02895201014177452
-0.057864329300857394
-0.05090763205908965
-0.05730363482806517
-0.05006139422259566
-0.05876908942340068
-0.08818737460773829
-0.09711843775723047
-0.04900094456107412
-0.061581500710552635
-0.09694306156097283
-0.08442227166635001
-0.04762205001553342
-0.02685329840269579
-0.03170834520675954
-0.05533963430820804
-0.041867781727472596
-0.044017881916648106
-0.1326754264807337
-0.06095282452882244
-0.0710482841181018
-0.028938039556665407
-0.04836147194475225
-0.02439724165628959
-0.06056726090920732
-0.056314509832149195
-0.07761834089355246
-0.16909843421359366
-0.09156273430357097
-0.08854802834247276
-0.09941811662656133
-0.07372745312904012
-0.06343343781126015
-0.026971600949714788
-0.06909380965945432
-0.06610408672201597
-0.04683365570035259
-0.02235965408971518
-0.06027176025181453
-0.02730017503202152
-0.061627755306851904
-0.07589163189007239
-0.09371940816949717
-0.11223632063351471
-0.07082337648457329
-0.10056492773348127
-0.04980855279669825
-0.024096744575227425
-0.041995375870415685
-0.02437321417308313
-0.04672890610510491
-0.02685359255013599
-0.021904962386904838
-0.03674654888156821
-0.10289723521249525
-0.045950479716616255
-0.06508919668473424
-0.040828544918459816
-0.04294061028149909
-0.0356945553688299
-0.0447389996570032
-0.041266471509722166
-0.030871747748227273
-0.020050476690957057
-0.026986018942334933
-0.026266843805099464
-0.03032719050726258
-0.03355367594657206
-0.05085507138736907
-0.04567611008373
-0.047978834195244645
-0.07842286205906504
-0.035503384706986385
-0.04158054881016202
-0.045300808895704744
-0.005964013707018631
-0.06419095813510307
-0.010908474755836554
-0.020407492496840214
-0.06366976945729456
-0.016417030652132618
-0.021966738714907365
-0.013842563997128916
-0.02566376315720982
-0.00829329170230854
-0.011873613951568884
-0.00806218721444272
-0.04598993538020943
-0.03378153384466255
-0.03849262797905538
-0.1078083643501845
-0.042039704664813674
-0.015569402943332842
-0.008060505538022903
-0.031879486808457695
-0.013699878221163388
-0.015895162841479595
-0.04018225992514872
-0.018099521717793693
-0.05093550574349703
-0.03329437031993935
-0.026322057954364084
-0.036363195876531945
-0.03977939658473912
-0.033531294055423544
-0.04882786475266471
-0.07487210195884135
-0.08383399011794657
-0.031601009440867196
-0.019721715517948834
-0.04339442738045869
-0.04376837248219094
-0.005714833729887192
-0.06129041199131383
-0.055289863276756245
-0.033884282697926246
-0.03619272849895119
-0.09198388733524789
-0.10214618284332513
-0.0675009825083361
-0.12692161603406288
-0.06903921621861571
-0.06321673831185115
-0.07897193032235443
-0.08112320441520794
-0.059073333681473855
-0.02600092658783873
-0.10305640783020802
-0.08033905128140909
-0.06460373254047502
-0.029450944207432106
-0.07244606136888233
-0.049246093666849934
-0.03718548194932454
-0.052283075993639634
-0.11441411414546909
-0.1025003837434534
-0.09302759923392682
-0.08149955920102553
-0.053437049171904026
-0.04173182348214117
-0.030429053783029823
-0.014807547365409304
-0.01543254883543008
-0.03088957899516488
-0.02660736112541639
-0.04405762789676069
-0.047408188080033734
-0.05471444325923471
-0.05515450598405341
-0.050795399295240046
-0.050220712690617286
-0.059227064587245214
-0.06111521772597593
-0.04791941992356853
-0.032659746886050556
-0.0508336311991811
-0.042461898983934515
-0.04478849272184268
-0.03219005203519902
-0.022877217740325417
-0.033333389809761686
-0.021313298978705507
-0.036920766349222554
-0.019876001831660925
-0.024280153453345374
-0.009227150897395417
-0.008612900921844363
-0.002914348318928708
-0.0034403652934194965
-0.020628044851336572
-0.027897549256893302
-0.010850826373603059
-0.012518884463646938
-0.017657865565997348
-0.0035902937970132653
-0.005796913068223712
-0.01351416232118042
-0.012745823462074314
-0.0033916656009082067
