1.6908182007616155
1.6908542539812277
1.6909459683118202
1.6911244071511877
1.6925597891343467
1.694403352598028
1.6968593991200343
1.6994610641041001
1.7027957409411014
1.7066161171947503
1.7105374143516412
1.7144244152684331
1.7182715678898641
1.7216804595415056
1.7250975035780889
1.728288248653363
1.7312798225310133
1.7338282861754175
1.7364038775835064
1.738752115842579
1.7412492054060151
1.7430366158044523
1.744930920836477
1.7463795153055757
1.7479173643339485
1.749277898989842
1.750413961943121
1.7513107242866925
1.7518507495098907
1.7532393958379968
1.7542639960109536
1.7543759507455392
1.7545522812094907
1.755123088713761
1.7554876268231738
1.7564732923301167
1.756555448692157
1.756401818403517
1.7563168508742555
1.7564243077412869
1.7568129516096218
1.7570722115065993
1.7562247148685797
1.755522485296717
1.7549060666042822
1.7546493367578035
1.7542670180157165
1.7539201902597976
1.7529391631787696
1.7531338365088396
1.7520063476155856
1.7513600602714252
1.7510028311967876
1.7502124012533589
1.748793042923361
1.7483366499249946
1.7471284805324914
1.7458581140652183
1.7451289675672124
1.745616142846651
1.7458816575906961
1.7455203523235878
1.745137541627237
1.743370793307876
1.7437753905501912
1.743152576452328
1.7423462634140994
1.7419821469797698
1.7413697342006254
1.7410385084227842
1.739822538041242
1.739482597645015
1.7390671071297175
1.738218064349726
1.7387414334071383
1.7385069117817071
1.7380557897218807
1.7372974773639545
1.7368694068753419
1.7372967745721493
1.7380431394693852
1.7375951799726825
1.7372066063835283
1.736000967041524
1.7351049074897578
1.7355891310436142
1.7356927225557164
1.7361758216426844
1.7363889081180535
1.7380304892168896
1.7383075297465416
1.7390928995889723
1.7391392135689419
1.7392255164026338
1.7447537470223589
1.7430214355014577
1.74312369170913
1.7409827770326234
1.7394678390171037
1.7401956502106795
1.74019839109872
1.7404394486879404
1.739442468232932
1.7380668938324044
1.7380550869300753
1.7365000195024725
1.73667578773298
1.7364121705268092
1.7368784728896305
1.737994506276458
1.7379490356466545
1.7388313204790369
1.7381597326298857
1.7370081379777096
1.7359897926518197
1.7349044712668842
1.7327684761330144
1.7308535090219141
1.728740354621717
1.7274198790987256
1.7265669006846247
1.7255151024688022
1.7231957489529282
1.7207340098172987
1.7197482740311751
1.7183330621728286
1.7162272870865871
1.7141684584929402
1.7118687128684342
1.7091326038120132
1.705231687617476
1.7020720059399963
1.6989774027836881
1.6957245309128246
1.695805773645518
1.6944005414308068
1.6923782580110358
1.692189698969672
1.690713906457708
1.690787277922182
1.6884567500166034
1.6869449745642076
1.6850338025288558
1.6828522664860022
1.6804367710511623
1.679513864852433
1.6771596528630157
1.6744389349471307
1.6714777216754697
1.6687483594203796
1.666413333647247
1.6637335884936113
1.6610086538268947
1.6578453879112078
1.6542683181805562
1.6502138419765597
1.6464028128539216
1.6429790922951881
1.6394068015488126
1.6362907632424424
1.6338755489243244
1.6311635456268254
1.6287424981367233
1.6260588173489778
1.6242982535975035
1.6219577460482895
1.620088460404534
1.6184706336687174
1.6164461013151694
1.6142401783966718
1.6124667535551602
1.6110026976663447
1.6095828473820828
1.6079534948606593
1.6072294084636516
1.606216263797121
1.6050029640244388
1.6032061362158103
1.601441074596782
1.600325111489135
1.5990394944396868
1.5978192370281323
1.5962620612251137
1.5946177392382368
1.59378120615238
1.5921837603789173
1.5903908682043986
1.588945998531868
1.587661997903572
1.5865648696163073
1.5857712771097545
1.5846145520774
1.583229489987501
1.581519597525189
1.5799787264920533
1.5782268070797842
1.5766243714845036
1.5749974084552179
1.573372553801348
1.572183992300213
1.5708821407600624
1.5694442287264043
1.5680284546346133
1.566375558587712
1.5650373024320463
1.5635210993912767
1.5620912694633797
1.5606208884483166
1.5591474151493099
1.557906214541957
1.5566494119565268
1.5554158717798519
1.5542150817013045
1.5529861096713642
1.551822075604234
1.5507211522412208
1.549573704060696
1.5484236555504916
1.547258637574834
1.546249217704872
1.5451425314490548
1.5440017597906806
1.5429913560121906
1.5419829903299362
1.5409725865514463
1.5399273945785938
1.5389113684656612
1.5379171288986937
1.536944886715232
1.5359235896637597
1.5348500751811534
1.5337900543012086
1.5327344610096378
1.5316865281487444
1.5306558136870811
1.5296158926527683
1.5285907302463673
1.5275702765450614
1.5265566399242672
1.5255730125135596
1.524589385102852
1.5236165806859459
1.5226465874362614
1.5217047761379692
1.520832049274139
1.519979492535121
1.51912250820773
1.5182628532714784
1.5173577979846038
1.5164776918068181
1.5155956178119774
1.5147137546546778
1.5138358271314885
1.5129579698874795
1.512117922842596
1.5112515211050135
1.5104090142888116
1.5095582848084876
1.5087133885001474
1.507961822943552
1.5071569154889342
1.506365009682714
1.5056497081832725
1.5049471974946877
1.50426415413911
1.5035928474066806
1.5029179564360442
1.5022429249070468
1.5015491991160284
1.500814570841941
1.5001015885554572
1.4993621812970936
1.498632964519907
1.497941136266763
1.4973018065614752
1.4966533405627183
1.4960092318731544
1.4953489589720685
1.4946964870600215
1.4940175198969146
1.4933114952493032
1.4926099684692455
1.4919243950631687
1.4912450062249785
1.4906010380937755
1.489952853211741
1.4893109231767736
1.4886692742585281
1.4880325448829201
1.4875146576015894
1.486960014308841
1.4863700908674664
1.4857629490268618
1.485158337236756
1.48460531036516
1.4840323944854739
1.483451958733471
1.482864284225873
1.4822729552008878
1.481758230482681
1.4811812384105238
1.480609025322643
1.4800332982757354
1.4794403528295978
1.4788754487764924
1.4783135667281493
1.477719356256762
1.4771346334747468
1.4765464670128852
1.476035396812066
1.475525943032399
1.4750100938473039
1.4744898873530154
1.4739509163175257
1.473459524287255
1.4728830241693616
1.4723129194568965
1.4717592600726757
1.4712512821557997
1.4707665666476797
1.4702727851252708
1.4697714134513649
1.4693165665949701
1.4687744329963563
1.4682977293148167
1.4677691595980453
1.4672575271637818
1.4667387262531042
1.4662181683629134
1.4657729497542513
1.4653036253866674
1.4648322629228478
1.4643655388849435
1.4638848292901134
1.4634242898200958
1.463025314912223
1.4626205068323663
1.4622147851231624
1.4618111717893747
1.4614559105317921
1.4610541947358784
1.4606151606951032
1.4601583460216536
1.4597028666526342
1.459291522608988
1.4588594462070854
1.4584299701348622
1.4579952231240993
1.457549582840354
1.4572201140420264
1.4568571220745852
1.4564898430771318
1.4561074540558643
1.4557214105172092
1.45535335844877
1.4549413818924988
1.454621189946001
1.4542363411534147
1.4538112926695652
1.45342124321762
1.4530021684641152
1.4526095889616708
1.4521880544368475
1.4517738289467998
1.4515730413280235
1.4513071049088953
1.4510802437141423
1.4507986350377557
1.4505182211074383
1.4502881270703807
1.4500271101938897
1.449711697231668
1.4494113942932603
1.449113129451088
1.4488944909204569
1.4486704408929252
1.44846185228511
1.4482446896172703
1.4480278080661524
1.4478951209733104
1.447788999410709
1.4476296765084458
1.447445193659553
1.447263521977881
1.4471655528002212
1.4470759468450445
1.4469299769870823
1.446812329638874
1.4466720523945347
1.446711970969076
1.4467081758933276
1.446637966991977
1.4465522966709103
1.4464184851111799
1.4464417475199356
1.446335977353237
1.446222617035041
1.4461028613114166
1.4459594215039533
1.4459390405415995
1.4458685505235271
1.4457617261691205
1.445642602958121
1.4454946652831038
1.4453846783655733
1.4452264096510183
1.4450550690088844
1.44488365808757
1.444690179503569
1.444521087795212
1.4443594456799915
1.4442089076752946
1.4440515525900866
1.4438740273800659
1.4438013587073972
1.4436797054458985
1.443557419671775
1.4434155260062838
1.4432626687886294
1.4431713058539395
1.4430452250040675
1.4429426174004925
1.442840853147084
1.4427497713291164
1.4427955933548224
1.4428687539817548
1.442919917225181
1.4429411415377014
1.442924907046999
1.4430536585057312
1.4431358148677713
1.4431514168458492
1.4431580933679997
1.443118807306083
1.4432799574670399
1.4432815036090116
1.4432887423646064
1.443234275999695
1.4431564769468475
1.4431070004037538
1.4430501445467045
1.4430013005162357
1.4429172466163211
1.442798053126141
1.4428093680742062
1.442735153259566
1.4426703558551166
1.4425931190357133
1.4424996477256076
1.4426454770252088
1.4426451256293062
1.4427201135149326
1.4427780235596899
1.4428081733281375
1.442982395416673
1.4430395323904444
1.4430880250250107
1.4430991291355344
1.4430831054823734
1.443239968613318
1.4432848770096771
1.4432949972116735
1.4432541650077853
1.4431731331126332
1.4432121380578278
1.4432108730325783
1.4432074996319129
1.4432113649868419
1.4431982227800826
1.4432645663265038
1.4433664008590927
1.4434394912068447
1.443501266606531
1.4435346492172831
1.443685327780341
1.4438142197974342
1.443957729884078
1.4440547151532104
1.4441304761098226
1.4442552216552644
1.4442847389110873
1.4443247277648092
1.4443571967462145
1.4443402594637065
1.444516449369297
1.4446197597646773
1.444694677371123
1.4447185020133229
1.444727005794167
1.444927090621138
1.4449499313548104
1.4449866170870473
1.444997018405766
1.444953304755476
1.445034477208989
1.4450302604581569
1.4450514144914968
1.4450914033452187
1.4451031399683674
1.4453999992269289
1.4455609385503443
1.4456801320405244
1.4457668565492994
1.4458102890828672
1.446055493143739
1.4461224692027845
1.4461678695534075
1.4461795358973757
1.4461637933609368
1.4462602866758054
1.4463184075581044
1.4463619806500332
1.446389600367982
1.446399439453256
1.4465278395160857
1.4465516641582856
1.4465853981649404
1.4466149154207633
1.4466054980105723
1.4468771270433232
1.4470021537054873
1.4470946411070658
1.4472227600531733
1.4473026674814367
1.4478976510238095
1.448179400258557
1.4484449852817827
1.4486127416857095
1.448707899696148
1.4488850735102659
1.4489772797951221
1.4490131924563734
1.4490073592843893
1.4489842374339947
1.4490909212300402
1.4490416555244883
1.449025069637883
1.4489802315207045
1.448936728707956
1.4490189553491768
1.449020150095246
1.449009045984722
1.4490096784973467
1.4489739766736371
1.4490483320466387
1.4490674479837429
1.4490744759017962
1.449071524176214
1.4490917645802068
1.4492767393833634
1.449420881982632
1.4495609483894296
1.4497499291058769
1.4498935797508814
1.4501294366807422
1.4502940305215453
1.4503785060965433
1.4504352916744119
1.4504539156572527
1.4506584280725972
1.4508241463802882
1.4508835322878368
1.4509356091606103
1.4509586607318241
1.4511022410976484
1.45116999022768
1.451194236544963
1.451234225398685
1.451281874683085
1.4515100009030875
1.4516385415242783
1.4518010972688455
1.4519409528381018
1.4519680806017865
1.4523462528722222
1.452595462846384
1.4528866997705032
1.4530741343449787
1.4531450460381343
1.4534856892261665
1.4536162679435924
1.453728222678178
1.4538620342379085
1.4539820007990745
1.4542256587179743
1.4543616489323012
1.4544450000404106
1.4545402283300297
1.454587174822624
1.4547647703118252
1.4548746869501752
1.4550739987061603
1.4552584112758729
1.4554090195597502
1.4556764318416695
1.4557900732765876
1.4559515045542666
1.4561132169486677
1.4562931316508263
1.4567712409159768
1.4570344364470642
1.457313866468854
1.4573620077075178
1.4574505594749865
1.4578240230403265
1.4579206569135563
1.458042872408499
1.4582005086104295
1.4583450728847813
1.4587228234801337
1.458869074454818
1.458921502723494
1.4590329655038157
1.4591376112036258
1.45948380644692
1.4596994229727882
1.4599004917082867
1.4600559492556204
1.4602040274889987
1.4606333630028607
1.4609478623357357
1.4612844293312972
1.4615534580343685
1.4617483422019801
1.4622123253518438
1.4625788312783117
1.462941893524933
1.4632033320765072
1.4633366516819741
1.4638405534063792
1.4641162586316012
1.4643212630012092
1.4644476249678033
1.4645500920130172
1.4647552369409862
1.4647852461510729
1.4649443582157944
1.4650184324720739
1.4650410623682046
1.4653686336286582
1.4655221233589373
1.4657050600658588
1.465817155358805
1.4658076676694334
1.4659031067965942
1.4659695909013761
1.466162788368655
1.4663389782742455
1.4664731412298786
1.4667513765055997
1.4669567322711106
1.4671085353010567
1.4671533734182352
1.4671465563377237
1.4673067928693337
1.4673562694124274
1.4673949932408998
1.467461899020765
1.467629163470428
1.4679408516360817
1.468246144396307
1.4684239507230497
1.4684722325200745
1.468487834498152
1.4686634621702983
1.4686818050364168
1.4687066135871443
1.468722848077847
1.4687198963522645
1.4688647417433383
1.4690116252306475
1.469084153344955
1.4691570328551655
1.4692045415812043
1.4694049075248974
1.4695103262956932
1.469586016973125
1.4696338770950663
1.4696492682356026
1.4697574278944394
1.4697688131216853
1.4698590515894867
1.4699498522907324
1.4700118385279604
1.4702930255292639
1.4704762433529073
1.4706561580550659
1.4708400786705145
1.4709999638062219
1.4712273169552388
1.4713137603472917
1.471402944627385
1.4714796894925246
1.4715439246635298
1.4716776659440796
1.4717935563127746
1.4719000292712787
1.4719939925356482
1.4720727754970233
1.4721568293969378
1.4722183236799022
1.4722597883964155
1.472303291209164
1.4723349168404027
1.472506327761717
1.4726213045010652
1.4727431686001053
1.4728235679826325
1.472873677038351
1.4730162734956478
1.4730517644818157
1.4731912686551691
1.4732765173011528
1.4733381521424784
1.473497545323922
1.473582302015642
1.4736627013981691
1.473709437053222
1.4736835040356062
1.4737625681137032
1.4737336130913246
1.473729958573937
1.4737011441099195
1.4736718376916382
1.4737326291827972
1.4737211736763707
1.4737118968245406
1.4737497070236663
1.47377535892456
1.4738906870598107
1.473941850303237
1.474009248037366
1.4740107941793377
1.4740091777581856
1.4741527581240097
1.4742120737523776
1.474293035368349
1.4743101834883985
1.4743188278276038
1.4744465953778085
1.4745319845821534
1.4745636804925728
1.47456993533964
1.4745497652148276
1.474603809904656
1.4745671241724188
1.474547305443509
1.474521091309171
1.4744885520485855
1.474541472271525
1.4745482190728558
1.474676127181422
1.4747841462818976
1.4748809207134883
1.4751195185313901
1.4752506594822603
1.475246513010609
1.475227045677602
1.4751939441835722
1.4752609905217984
1.4752459507771647
1.4752607796842567
1.4752551573498143
1.4752421557014161
1.475367674317844
1.4754068198213997
1.4753557268571538
1.4753099751106282
1.4753097642730868
1.475445543649872
1.4754815968694843
1.4755138550133478
1.4755087949123495
1.4754794884940683
1.4755340251381601
1.475530440899953
1.4755282622453567
1.4754988152687143
1.47547309308864
1.475516244505486
1.4754076631715658
1.4753140513030991
1.4752228289267701
1.4751251408658326
1.475145592107367
1.4751515658377121
1.4752040643855684
1.4752266240025187
1.4752401176051806
1.4753408979500615
1.4754015488828598
1.4754650812620596
1.4755019075526574
1.4755377499347282
1.4756866715182726
1.475746689938446
1.4758037566330369
1.4758530926177693
1.4758749494429146
1.475925199056994
1.4758831721070367
1.4758479622375908
1.4757998912781076
1.4757469007759876
1.475735445269561
1.4757281362347858
1.475741418999906
1.4757589185158584
1.4757581454448725
1.4759598466929957
1.4760392621669953
1.4761427131207365
1.4762187551940706
1.4762789844517856
1.4763869332730808
1.4763403381763887
1.4763120859458154
1.476256424834835
1.4761939466433434
1.4761798908072372
1.476133787664809
1.476078688787273
1.4760602053627934
1.4760736989654553
1.4761692083717965
1.4762246586452354
1.4762703401125803
1.4763171460468136
1.476348982515594
1.476506829555066
1.4766083829709329
1.4766888526326407
1.4767498549613411
1.4767864001352171
1.4769188763905174
1.4769812140236482
1.4770551477215665
1.477052547391887
1.4770434110984179
1.4771676646895961
1.4772002742293626
1.4772170709535093
1.47722114714598
1.4772016095337925
1.477274770160725
1.477278986911557
1.47728735013404
1.4772718184351428
1.4772652824713535
1.4773290256880949
1.477324035866277
1.477317570181668
1.4772929724684825
1.4772465179301517
1.477274910719086
1.477254670315093
1.4772088482893873
1.4771610584466264
1.4770947149002054
1.4771278163942352
1.477107013756798
1.4770968935548017
1.477074544775393
1.477044324727765
1.4770543746505806
1.476971374938374
1.4768815581456556
1.476785064830787
1.4766912421247786
1.476658843422554
1.4765669885336004
1.4764961471196254
1.4764113904279053
1.4763143348795924
1.4762931808462527
1.476281303664743
1.47625572204303
1.4762324596342742
1.476179469132154
1.4762362547100227
1.4762298593045946
1.4762324596342742
1.4762115867176566
1.4761779229901824
1.476314686275495
1.476366200914824
1.4763874955065248
1.4763782889338755
1.4763454685565676
1.476387003552261
1.4764035191596858
1.4764227756551513
1.4764227756551511
1.4764098442859335
1.4764395723792982
1.4764307874817317
1.4764302252482875
1.4764106173569194
1.4763827165222487
1.476496498515528
1.4765156847318128
1.4765357142982642
1.4765442180791084
1.4765239776751156
1.4766142864220975
1.4765910942925222
1.4765500512510923
1.4765017694540679
1.476443929688491
1.4764567907785282
1.4764292413397602
1.4764097740067532
1.4763803973092913
1.4763378081258898
1.4763826462430683
1.4763647953312136
1.4763514422869126
1.4763278284822543
1.4762857312531166
1.4763338022125994
1.4763498258657604
1.4763553779210223
1.4763685904069621
1.476361421930548
1.4763808189843743
1.4763703473864753
1.4763520747995376
1.4763172866051748
1.4762894560496846
1.4763400570596668
1.4763276176447127
1.476328039319796
1.4763216439143676
1.476303160489888
1.476325790386019
1.4763527775913428
1.4763482797237888
1.4763472958152613
1.47632726624881
1.4763952262163833
1.4764198942087496
1.4763865115979975
1.4763252281525747
1.476261836331736
1.4763088531035111
1.4762812333855626
1.4762463749120194
1.4761921896638301
1.4761303439849631
1.4761667486004781
1.4761363879944889
1.476088738710089
1.4760224654428484
1.4759775570464893
1.4761013889625845
1.4761109469311366
1.4761241594170764
1.4761094007891649
1.476021622092682
1.4759637120479248
1.4758740358135678
1.4757846406959325
1.4756868823558142
1.4755755601338536
1.47551814204336
1.4754384454526384
1.4753798326160759
1.4753113806942388
1.4752416637471524
1.4752895941482742
1.475260568846715
1.4752440532392903
1.4752026588019578
1.475155150075919
1.4751860729153528
1.475156977334613
1.4751209241150005
1.4750691283589497
1.4750226035414382
1.475090774346553
1.4750863467581796
1.4750850114537495
1.4750724314804344
1.4750477634880683
1.4751209943941812
1.4751190265771263
1.4751261950535404
1.475105743812006
1.4750731342722396
1.4751619671564304
1.475166394744804
1.475178974718119
1.4751630213441385
1.4751339960425793
1.4751716656833438
1.4751444676404786
1.4751062357662699
1.4750519802389
1.4749924537729906
1.4749583683704333
1.4749041128430633
1.474828984399076
1.4747551209803382
1.474681327840781
1.4747377620227473
1.474729117683542
1.4747170296644907
1.4746955242352482
1.4746635472081069
1.4746690992633686
1.4746356463734362
1.4746009987374347
1.474556301178617
1.474498180296318
1.4744825080390598
1.4744247385526634
1.4743791976436795
1.4743529132301612
1.4743432849824285
1.4744051306612955
1.474438302434506
1.4744389349471305
1.4744403405307414
1.474426144136274
1.47451033859455
1.4745303681610011
1.474545829580718
1.4745532088946738
1.4745530683363126
1.474607815817946
1.4746128056397638
1.4745989606411993
1.4745783688413037
1.4745469540476064
1.4746032476712116
1.4745950250070896
1.4745746440447356
1.4745466026517038
1.4744959313625412
1.474500288671734
1.4744619865183448
1.474419116218221
1.4743744186594037
1.474329439983864
1.474337381531264
1.4743140488433277
1.47430111747411
1.4742805959533951
1.4742618314121934
1.4742638695084287
1.474240325982951
1.4742097545394202
1.4741837512426237
1.4741468546728451
1.4741377886585567
1.4741125584327461
1.474093864170725
1.474059708488987
1.4740143784175448
1.4739845097658193
1.4739396013694601
1.4738830969083134
1.4738296144519296
1.4737619356010785
1.4737989024500378
1.4737721963614359
1.4737546265663033
1.473730239690659
1.4737032524853353
1.4737043066730433
1.473694327029408
1.4736916564205478
1.4736759841632894
1.473655532921755
1.4737116157078185
1.473745701110376
1.4737660820727299
1.4737794351170306
1.4737702285443812
1.4738102876772836
1.4737877280603333
1.4737877983395138
1.473775780599643
1.4737497773028467
1.4738334798068586
1.4738406482832729
1.473858428915947
1.4738747336858302
1.4738722036353313
1.4739850719992635
1.4739954030388014
1.4740396086433551
1.4740489557743657
1.474046706840589
1.4740734129291906
1.4740464960030473
1.4740101616667127
1.4739645504785486
1.473910716626262
1.4738964499526142
1.4738483087139507
1.4737960912828165
1.4737346672790326
1.4736662153571958
1.473634097771693
1.473574992980867
1.4735209482910387
1.4734517935773965
1.4733770868084926
1.473412015561216
1.4733985922377348
1.4733838336098235
1.4733614848304146
1.4733270480319547
1.47337012916962
1.4733746973163542
1.4733772273668535
1.4733690749819117
1.4733252910524413
1.4733304917118004
1.4732964765884238
1.4732616181148805
1.4732295708085585
1.4731890900005729
1.4731663195460807
1.4731021546542564
1.4730395359044035
1.4729666563941932
1.472888505945443
1.4729037565276182
1.4728329853928237
1.4727823843828416
1.4727278477387498
1.4726650181513552
1.4726430207678494
1.472590803336715
1.4725399914891912
1.4724799730690181
1.4724236794454129
1.4724709070547295
1.4724722423591596
1.4724704853796464
1.472453337259597
1.472423960562135
1.4724583973605951
1.4724444118036695
1.472424241678857
1.472395848889923
1.472350729656022
1.472332175952362
1.4722767959581038
1.4722173397713747
1.4721486770119963
1.4720741108014532
1.472027585983942
1.4719542145194677
1.4718809133341744
1.47180220065198
1.471725947741104
1.4716931273637963
1.471625307954584
1.4715577696620943
1.4714813059136769
1.4713976736888452
1.471351570546417
1.47130560796235
1.4712643540833785
1.4712122069314248
1.4711523290696125
1.4711322292239808
1.4710820498890818
1.4710324327876272
1.4709712899005654
1.4709036110497142
1.4708718448601146
1.4708240550173537
1.4707803413670635
1.4707293186819983
1.4706760470631561
1.4706716194747826
1.4706350040217262
1.4706008483399882
1.47056135144053
1.4705141941103939
1.4704898072347496
1.4704428607421551
1.470392259732173
1.4703309060075698
1.4702633677150798
1.470233850459257
1.4701687719380856
1.4700866858552257
1.4700007344174366
1.469911269020621
1.469849423341754
1.4697714134513649
1.4696910843480182
1.4696042192808823
1.4695160891884966
1.4694608497525996
1.469377990598754
1.4692979426121298
1.4692131859204096
1.4691215418689976
1.4690551280433959
1.4689764856403822
1.4688942589991612
1.4688094320282605
1.4687240428239159
1.4686583317901196
1.4685798299454669
1.4685060368059097
1.4684282377530622
1.4683494547916873
1.468301383832204
1.4682325805144647
1.4681620904963923
1.468086680935683
1.468007757415947
1.4679674171663224
1.4679076095836907
1.4678420391082556
1.4677755550034735
1.4677044324727766
1.467671541816288
1.4676051279906865
1.467541876728209
1.4674820691455772
1.4674152336448927
1.467358729183746
1.4672998352304614
1.4672408007188156
1.4671820473238917
1.4671156334982904
1.467095322815117
1.467028979268696
1.4669712800614803
1.46690374176899
1.4668330409133765
1.4667947387599871
1.466721086178791
1.466649823089733
1.4665743432498428
1.4664953494509265
1.466464567169854
1.4664056732165691
1.4663509960141163
1.466290977593943
1.4662277966106458
1.4661832396101895
1.4661288435244586
1.4660696684544519
1.4660109853387087
1.4659464690509816
1.465900717304456
1.4658372552044368
1.4657739336627786
1.465706817045372
1.465634921443689
1.4655749733026964
1.4655061699849568
1.4654375775047588
1.465365822461437
1.4652932943471293
1.4652424824996055
1.465177263420073
1.4651156988579281
1.4650484416821603
1.4649852606988634
1.4649479424540015
1.4648995200986157
1.4648449834545239
1.4647860192220588
1.4647182700920272
1.4646776487256803
1.4646208631478115
1.4645595094232082
1.46449218196826
1.4644224650211735
1.4643640630221522
1.464286685644388
1.4642093785458044
1.4641271519045835
1.4640442927507378
1.4639839229346618
1.46391083258691
1.4638352824678393
1.4637569211815475
1.4636764515198402
1.4636046964765181
1.4635263351902266
1.4634450924575328
1.4633621630245068
1.4632789524747583
1.4632136631160453
1.4631411350017376
1.4630689582833327
1.4629936190018036
1.462914203527804
1.4628436432305514
1.4627671092029533
1.4626881856832172
1.462608559371676
1.4625267544055383
1.4624492364694128
1.4623682748534415
1.4622881565876367
1.4622097250221642
1.462131574573414
1.4620713453156995
1.4620003633433634
1.461934652309567
1.4618680276464242
1.4618047061047659
1.461762749433989
1.461708985860883
1.461653746424986
1.4615963986136729
1.4615349043307084
1.4614892228633636
1.461432999518939
1.4613741758448349
1.4613108543031768
1.4612459163403664
1.461189833554303
1.461127074246089
1.4610638229836113
1.4609976199955512
1.460928465281909
1.4608660573695977
1.4607961998641503
1.460726342358703
1.4606545170362004
1.4605808644550042
1.4605207757556506
1.4604525346713553
1.460384012470338
1.4603142955232513
1.4602419079673048
1.460179992009257
1.4601118914833229
1.460041963698695
1.45997112228472
1.4598974697035239
1.459849820419124
1.459787834181896
1.4597245126402378
1.4596577474187336
1.4595870465631196
1.4595243575340864
1.4594566084040546
1.4593849236399135
1.459312817200689
1.4592371968024378
1.4591782325699727
1.459107953389442
1.4590400637010492
1.4589733687587256
1.4589037923700001
1.4588388544071897
1.4587664668512432
1.458693868457755
1.4586204267141003
1.4585444549199469
1.4584751596479435
1.4584061454926625
1.4583363582663953
1.4582664304817672
1.4581949565551675
1.4581343056223695
1.458069719055462
1.4580045702551099
1.457940124246563
1.457874132096045
1.4578198765686752
1.4577570469812808
1.4576939362771641
1.457628998314354
1.4575618114177664
1.4575013010433295
1.4574377686641298
1.4573733929347636
1.4573066277132596
1.4572390191415892
1.457173729782876
1.4571058400944832
1.4570375287310076
1.456967811783921
1.4568973920450292
1.45683125933615
1.4567611909931608
1.4566909820918106
1.4566200703986552
1.4565487370304164
1.4564814798546486
1.4564130982119923
1.4563464032696687
1.456278794697998
1.4562108347304248
1.4561454048133506
1.456077866520861
1.4560094145990239
1.45594004904784
1.4558700509840317
1.4558115084266494
1.4557493113518798
1.4556871845562906
1.4556244252480768
1.4555601900770716
1.4554983443982046
1.4554325630852278
1.4553662195388068
1.4552995948756637
1.4552322674207154
1.4551743573759581
1.4551123008595495
1.4550489090387106
1.4549848847052473
1.4549200873007981
1.45485676575914
1.4547923900297737
1.4547275223461438
1.454662232987431
1.454596170557732
1.4545336220870597
1.454469316636874
1.4544044489532442
1.4543395812696145
1.4542742216317208
1.4542097756231742
1.4541437131934754
1.4540780724388598
1.454012150567522
1.4539465800920868
1.4538861399968304
1.4538232401302555
1.4537595671926946
1.4536963862093977
1.453632502434295
1.4535701648011643
1.4535063513052424
1.4534419755758763
1.4533773890089687
1.4533122402086167
1.453250043133847
1.4531852457293977
1.4531216430710174
1.4530578295750955
1.4529941566375348
1.4529330840296537
1.45287039500062
1.4528081979258505
1.4527464928053446
1.4526852796391023
1.4526274398735257
1.4525683350826992
1.4525093005710534
1.4524501255010467
1.4523910207102202
1.4523323375944772
1.4522734436411926
1.4522150416421715
1.4521564990847895
1.4520983079233099
1.45204138178708
1.4519841042549477
1.4519268970019956
1.4518696897490435
1.451812552775272
1.4517560483141254
1.4516995438529787
1.4516435313460958
1.4515876593975738
1.4515319982865935
1.4514770399674186
1.4514222222066047
1.4513677558416933
1.4513135705935043
1.4512595961828567
1.4512064651223753
1.4511534746202552
1.4511006246764961
1.4510478450119175
1.4509954167432415
1.450943410149649
1.4508914738352368
1.4508397483583662
1.4507882337190372
1.4507368596380692
1.4506861180697261
1.4506354467805633
1.450584916049762
1.4505348069940434
1.4504848384966862
1.4504350808368704
1.4503855340145964
1.450335987192322
1.4502867917659508
1.4502378774563014
