8.15413993521904e-08
1.2462251763097674e-07
2.2305970188945007e-07
3.7918684213020694e-07
2.6453716712799515e-06
4.114230872669541e-06
6.160568712022562e-06
7.742039714293379e-06
1.019513642176986e-05
1.2863556740864313e-05
1.5167422964495954e-05
1.817548381297354e-05
2.1111869161383014e-05
2.4183257943309367e-05
2.6960188216212577e-05
2.907904945507278e-05
3.1569328248143065e-05
3.3047964999749235e-05
3.4512611711061305e-05
4.232638722319009e-05
3.751209364933157e-05
3.786579161783724e-05
3.802297630457242e-05
3.837377736601778e-05
4.4183719809250935e-05
3.9716580665549224e-05
3.908989999120083e-05
3.8433714092777344e-05
3.735540932630512e-05
4.8412430113462604e-05
3.8549297547814044e-05
3.7576593752338956e-05
3.837399535733098e-05
3.8303814025654516e-05
4.892746405110092e-05
3.987803364835855e-05
3.9586711020399144e-05
4.216253749587029e-05
4.2259362333518207e-05
6.396011768193107e-05
5.231312607332093e-05
5.7305711835200506e-05
5.9658635436673776e-05
6.040706406525838e-05
8.45894077820493e-05
7.389407719465443e-05
7.107902164280453e-05
6.824906802572182e-05
6.77387885973826e-05
0.00010803281134791883
9.632184274453062e-05
8.917626485808977e-05
8.430350269622996e-05
8.096676795417205e-05
0.00010662396312460405
9.92329517195453e-05
9.622835553150406e-05
9.517269802459299e-05
9.607482330646782e-05
0.00011850929356228781
0.00010099791922992474
0.00010547385005975476
0.00010478284379180435
0.000106147655348808
0.0001573612219252739
0.00012792347791675327
0.00011675207597103398
0.00011201049804555257
0.00011032543272172076
0.0001738066553070975
0.000151728957746155
0.00014978843028802018
0.00014993073073399366
0.00015068552333466183
0.0001907342296842749
0.00017246344424756046
0.00017512411184629327
0.00017677137512838868
0.00017343643197828624
0.00022965299978898094
0.00020814596250860382
0.00020216331570441817
0.00020629066829756549
0.00021394720270815108
0.000259720266776201
0.0002496058775445103
0.0002491059442960502
0.0002559656467397839
0.0002632582378315245
0.00033758330127423903
0.00031927646338319733
0.000315599212875675
0.00032704112428697023
0.0003196819141534775
0.0004809260493005972
0.00043292800199987885
0.0004417281430489105
0.0004681248769849336
0.00048694524048102156
0.0005738236786023606
0.0005801655221703342
0.0006275261512178703
0.0006592595449897294
0.000698931246549509
0.0007916736131653437
0.0008149830811655642
0.0008362081000450778
0.0008312480796919951
0.0008332669890163192
0.0008990018794829853
0.0009781822132908778
0.0009913288041405403
0.0010184017695988356
0.001036789224512512
0.001108073766452761
0.0011280391838337704
0.0011258583694613836
0.0011159452320258017
0.0011201682373012873
0.0013534860605389244
0.0013362913707062947
0.0013447925012783338
0.0013592944953776979
0.0013564965360054152
0.0013556925996763122
0.0013774291255021346
0.0014017591997759456
0.0014345848565143673
0.0014791731973032858
0.0016454801957044216
0.0016201786450659855
0.001626502101834356
0.001657588038892817
0.0016776083253035312
0.0017440915691852856
0.0017782704428364437
0.0017886724782116214
0.001804968044922713
0.0018104958303216592
0.0017894615329092215
0.0017116865028363201
0.0016588860287734676
0.001645701311887042
0.001637085438703187
0.0017064224393492605
0.0016465278704226494
0.0016228412581456107
0.0016232489910465368
0.0016114448217992368
0.0017374820234098943
0.0017389298883228941
0.001733999589939763
0.0017091674338690706
0.0016852075615749762
0.001636461050085445
0.0015605955678521764
0.0015055948345592735
0.0014464566514549816
0.0014018840162333323
0.001418116584062577
0.001316779263239189
0.001250196755918297
0.0011806782907053588
0.00113273630016654
0.0011082749957745635
0.0010200736369047085
0.0009597658352661685
0.000908633155813632
0.0008641659727590252
0.000896963340096851
0.0008399175012245819
0.0007965688386170488
0.0007634423222468801
0.0007134345540243016
0.0007583717541381687
0.0006787015698978845
0.0006341577090034124
0.0005936759138299116
0.0005627491556423916
0.0006181347280985954
0.0005394273125790251
0.0005033149348587762
0.00047927239895486056
0.0004380537787972289
0.0005390985198956658
0.0004313579004113892
0.00038840359580516345
0.0003335101874701531
0.00029602159706718794
0.00034892175770884687
0.0002612087890393649
0.0002673329935732911
0.0002578080171785929
0.0002375162160711821
0.00039016387653514054
0.0002920316500735523
0.00026918611892619293
0.00023840052639357724
0.00023335633149088278
0.0003328540805955562
0.00028299027442023935
0.00027376497901682894
0.00026360290875603314
0.0002496403137234803
0.00031277673737303315
0.0002352631071020238
0.00022014533769633464
0.00019599755111615187
0.00019305214575508013
0.00029873024820717463
0.0002278802737689822
0.00022051901784212816
0.00020387318180065591
0.00019863516090103152
0.00024479233946091795
0.00019370248984186566
0.00018183863204693045
0.00016872736655852453
0.00016043526630761336
0.00020370207198499245
0.00015766101048814594
0.00014274073319208631
0.00012915740583943085
0.00011943023820358899
0.0001494364083595939
0.00012265372275614675
0.00011367713704073812
0.00010197859891219544
9.264016503830623e-05
0.00010112133498468411
9.105550416595192e-05
8.90428550764408e-05
8.719858954805424e-05
8.366945267157168e-05
9.472039094803351e-05
8.507978171868288e-05
8.163149534930658e-05
7.904068012318051e-05
7.634572256866815e-05
8.955493924717437e-05
7.52018642229803e-05
7.465604738022425e-05
6.737418809764867e-05
6.515571891196099e-05
7.257218868844223e-05
5.931071498745833e-05
5.3460954511813264e-05
4.869432459474949e-05
4.476639634401709e-05
7.398852329965866e-05
5.9782044946444256e-05
5.840115896074916e-05
5.761046465464496e-05
5.4991720768944165e-05
7.909786273048328e-05
7.453407999705995e-05
7.438896791328421e-05
7.072586163297978e-05
6.847720958288192e-05
8.8332676122747e-05
7.803214990575747e-05
7.392385251216865e-05
6.933112138540424e-05
6.389774085890289e-05
8.638357299462174e-05
6.885320254948115e-05
6.279533458910706e-05
5.7638841992538815e-05
5.607216035287265e-05
7.716103310186321e-05
6.559183014286056e-05
6.185406852015672e-05
5.950061908586654e-05
5.775543101034661e-05
8.267104691231435e-05
6.635142397375065e-05
6.257402559831278e-05
5.870062762568186e-05
5.5691564498931166e-05
7.881528681129234e-05
6.418080909026214e-05
5.980338542857726e-05
5.792281467872987e-05
5.4921356512604606e-05
8.677168109501364e-05
7.049620537644263e-05
7.012132527851845e-05
7.309460215595372e-05
6.957318541535743e-05
8.387751349133192e-05
6.529864252881463e-05
6.315334660653393e-05
5.962413478274848e-05
5.881212140763157e-05
9.599693778295218e-05
7.503020170800187e-05
7.32740434804266e-05
6.939617849803082e-05
6.722198695824146e-05
8.457526774357706e-05
7.072143800556234e-05
6.412191720501244e-05
5.889612215326501e-05
5.670887275527633e-05
9.987841803777364e-05
7.75856937964345e-05
7.230037120827535e-05
7.14138402386118e-05
6.828055513173751e-05
9.428714509453529e-05
6.688871588597553e-05
6.153193089998281e-05
5.858682380089479e-05
6.162399124674784e-05
0.00011828515737520558
8.911071766226976e-05
8.604062413017218e-05
7.884634917565604e-05
7.778962190844047e-05
9.968481006728291e-05
9.146027305464368e-05
9.617241901465796e-05
9.510256376284537e-05
9.447860416328143e-05
0.00012590892490448757
0.00011975992434541768
0.00011919942292258035
0.00011806506635423995
0.00011790608474512808
0.00014041251955463285
0.0001243584425410661
0.00011788144740870041
0.00011320966905812877
0.00010766038453604055
0.00012510765505442415
9.359446785412743e-05
8.695396412976925e-05
7.569790548590389e-05
6.778108405178611e-05
9.163750595056159e-05
7.331616358155317e-05
7.25073634548265e-05
7.040500467860165e-05
7.240652048292137e-05
0.00010214594850708732
8.139140928612591e-05
7.971208320204093e-05
7.925746226040652e-05
7.509113604733849e-05
0.00011126795354829512
8.799715147373307e-05
8.15589953569654e-05
7.454724179566143e-05
6.836705120774852e-05
0.00011327160572024079
8.610778927244969e-05
7.831853414047219e-05
7.687058862014873e-05
7.29598746550468e-05
0.00010125633866578931
8.141566611960662e-05
7.893814089017127e-05
7.856903281309789e-05
7.65979421000939e-05
0.00013107705425764236
9.77983472372438e-05
9.534613497684104e-05
8.656558710965269e-05
8.020715739413817e-05
0.0001106482399682788
8.287723975439914e-05
7.886116812715135e-05
6.927604328452843e-05
6.200880070710684e-05
9.55513916109341e-05
8.025631106657492e-05
7.732052758311675e-05
7.687561795523261e-05
7.556828809947546e-05
0.00010448766062907075
8.25956945401527e-05
7.93309516205003e-05
7.638190764778927e-05
7.217796898140257e-05
0.00011685041078207853
0.00010099684245738211
9.629737498778139e-05
9.206694783684262e-05
9.417624126139091e-05
0.00012179121733420861
0.00010078261634630239
9.499911339535432e-05
8.878927880163088e-05
7.936430718227116e-05
0.0001240699110699492
9.431019783391983e-05
8.597943658943667e-05
7.4823110268793e-05
6.602409191231809e-05
9.447536551544298e-05
7.471265594664563e-05
7.103986827893338e-05
7.281094993645597e-05
6.830431452835032e-05
0.00011098057717991775
9.382621371227733e-05
9.277667948886094e-05
9.000625028794496e-05
8.564366445157883e-05
0.00013185607969596025
0.00010979209486662306
0.00010284295135060721
9.305305792997752e-05
8.437426782281738e-05
0.00010774279515140938
9.235042819662418e-05
8.831435512285602e-05
8.358651648535762e-05
8.049382649002738e-05
0.00011658140204934771
8.719294847822072e-05
7.960897880779016e-05
7.136404302269497e-05
7.315336249927624e-05
0.00012722247090364536
9.765668752304686e-05
9.235151679546606e-05
8.749071463420547e-05
8.215643504473665e-05
0.00012212714869835303
0.00010363549794785678
0.00010019476444931144
9.843623787573619e-05
9.345444378986359e-05
0.00013225985771433076
0.00010671210218126999
0.00010445879977171514
0.00010013390260469426
9.91320122633929e-05
0.0001346211279280282
0.00010966062730199213
9.981738058624624e-05
9.370643212180903e-05
8.517164915979154e-05
0.00012176444099349863
9.652650301340142e-05
9.987927254448299e-05
9.812162721484437e-05
9.996507574430885e-05
0.00012770646357292552
0.00010857594648250114
0.00010349189221356064
9.671346941766555e-05
9.221128663632495e-05
0.00012098175577460924
8.646391145881146e-05
7.675678662727549e-05
7.368525803221549e-05
7.257651209909888e-05
0.00011420518505084393
7.331584147196356e-05
7.281704398921317e-05
6.674752074621328e-05
6.562649272697557e-05
0.00011864856974302197
9.342693571057636e-05
9.473978555060165e-05
8.897971552623699e-05
8.662094110269754e-05
0.00012745114581891288
0.00010054614484926477
9.102269054188005e-05
8.43270475332581e-05
7.546476238715768e-05
0.00012545226665115904
9.98810185318851e-05
9.892434108997906e-05
9.529894968930725e-05
8.849976189962081e-05
0.0001348298966926104
0.00010797876256839886
0.00010037005120821894
9.68128331013299e-05
9.180399234260654e-05
0.00014812577559504994
0.00012197701420297479
0.00011644139048292352
0.00010786091581182025
9.894736902089255e-05
0.00012803662620142867
0.00010722392878268958
0.00010256999033047503
9.476094947769736e-05
8.770801705924789e-05
0.00011960421104578855
9.63076691470323e-05
9.026813050606977e-05
8.473413860500493e-05
8.373793309795618e-05
0.0001338153282980237
0.00010687950387643509
9.522980076178383e-05
8.566624054789164e-05
7.851519487751484e-05
0.00010765906524091764
8.70783122941348e-05
8.074927573595838e-05
7.666309661161601e-05
7.461497764626806e-05
0.00012110463518159317
9.369737500343433e-05
8.552959283655804e-05
8.034171189360484e-05
7.454434313041632e-05
0.0001262558201809492
8.816827014814715e-05
8.1858189273082e-05
7.416897335126666e-05
7.114334888917246e-05
0.00011277295303888713
9.20271966296387e-05
8.398753268153446e-05
8.29225010788815e-05
7.867942354805409e-05
0.00011822151237370998
9.55866908599893e-05
9.52318431141265e-05
9.188043501964015e-05
8.882971408236844e-05
0.0001428970529777733
0.00012853398586804577
0.00012907403356926094
0.00012440875605359409
0.00011793390350881847
0.00016418359650822005
0.0001456091417165695
0.0001403864901329459
0.00013273810567082417
0.00012351513782162495
0.00014536673468472684
0.00012220781368042636
0.00011017891462408627
0.00010532369530175307
0.00010147597551080724
0.000145462776511821
0.00011442595774332377
0.00010880431503052219
9.946514852262563e-05
9.231193447577025e-05
0.00011947188621475771
9.067574461746526e-05
8.42550081476263e-05
7.831612320236414e-05
7.594963096367869e-05
0.00011742476250751719
9.372907149445284e-05
8.777344233279981e-05
8.553541884424448e-05
7.85375659482751e-05
0.00011575148321278817
9.642365975722868e-05
9.36696482074213e-05
9.287961081748924e-05
9.014819681713538e-05
0.0001367845714324042
0.00010640221061512236
0.00010700721312510716
9.97372766953772e-05
9.284279543118155e-05
0.00012658020263502402
9.918053067146301e-05
8.920291407784823e-05
8.305953874935914e-05
8.113605301556865e-05
0.00011574703312339619
9.372348235311303e-05
9.070320535460237e-05
8.670731444762337e-05
8.602414200132409e-05
0.00013467534854983077
0.00011163521670649164
0.00011260688368104027
0.00010426748160182154
0.00010437727348141241
0.00013195087714758683
0.00010322016576984227
9.212608386170692e-05
8.381717002236517e-05
7.496718896392781e-05
0.00011911548901285159
9.658277448777291e-05
9.187906548175727e-05
8.785229413499584e-05
7.958729309040954e-05
0.00012743962317286173
9.048856386178768e-05
8.814242519352146e-05
7.713071605703806e-05
7.031569778919511e-05
0.0001170544680509279
8.997534554383896e-05
8.207360781540452e-05
7.164973461291696e-05
6.903872077812623e-05
0.00010562857064356936
8.339996791132141e-05
8.188747884424037e-05
8.28363075508513e-05
7.892716128823845e-05
0.00011478956016746064
9.109436983571336e-05
9.153338780048112e-05
8.597100427964675e-05
8.7121918416269e-05
0.00012010822883252039
9.825806351725795e-05
9.427629445334688e-05
8.638293919164457e-05
7.681898997849413e-05
9.986421817562175e-05
8.290333908724125e-05
7.911231442455739e-05
7.735745936467736e-05
7.447961247143734e-05
0.00011388529397515668
7.686789422349646e-05
7.62753807003287e-05
7.045269948624636e-05
6.63536911775326e-05
0.00011673069353208521
9.168641763237926e-05
8.576854156859116e-05
8.527541976898495e-05
8.551459524905256e-05
0.0001247160283423562
0.00010470244591593588
9.857061308582091e-05
9.387098085491306e-05
8.942694496177106e-05
0.00013403478694732908
0.00011249400037884548
0.00010338479872366763
9.831169036507949e-05
8.794824350463493e-05
0.00013278822027122647
0.00011155072107581936
0.00010851943190765396
0.00010255488814793503
9.985302229324015e-05
0.00013330062349503667
0.00010203883606416259
9.704711136240173e-05
8.77546613419882e-05
8.334340247475948e-05
0.00012586539774735392
0.00010582891628292843
0.00010001963755418149
9.471208043285632e-05
9.362234743813785e-05
0.0001335403039404499
0.00011277541991179582
0.000109285988334769
9.967196457440332e-05
9.334445027094994e-05
0.00012424786788121206
9.557483099228296e-05
9.134567122842271e-05
8.606885251930818e-05
8.413522787727246e-05
0.00011993915290104922
9.451038316175107e-05
9.147238421804771e-05
8.0670369858928e-05
7.502081609035793e-05
0.0001255416329068507
0.00010120071704660572
9.513028606387465e-05
8.89201072696022e-05
8.421811477897304e-05
0.00012762532229176966
9.662688141490991e-05
9.545554413718025e-05
9.05062937756775e-05
8.998210742877564e-05
0.00012301594614785462
9.361911737571497e-05
8.827994439701861e-05
8.017941673264369e-05
7.103438591392489e-05
0.00010952381344756369
9.013071387296465e-05
8.967652640574597e-05
8.766448119496245e-05
8.697081659341138e-05
0.00013584304068111808
0.00012471547482368776
0.00012525943709420001
0.00011981360358785616
0.00011396078370390474
0.00013591773655346437
0.0001084021763252531
0.0001051143083895214
0.00010014640802628946
9.670883588439827e-05
0.00011512158728615884
9.300257692267259e-05
9.111769686444735e-05
9.308382731657046e-05
9.003407609933765e-05
0.00013693489940346047
0.00011491422048436242
0.00011224474405204958
0.0001096806713232288
0.00010547707993536655
0.0001340204053517877
0.0001111935124484919
0.00010543465741530128
9.925532036895907e-05
9.504228457634428e-05
0.00011817237262826958
9.025996684429209e-05
8.252679552644083e-05
7.651336911309272e-05
7.248719414735465e-05
0.00011646178685618062
9.122616652398088e-05
8.819438057382892e-05
8.312713843010685e-05
7.089558361223825e-05
0.0001162814061984902
9.016026243867435e-05
8.829913310636578e-05
8.373243519293744e-05
8.044805422879313e-05
0.00012453801396725614
0.00010242759770588925
9.736790850550984e-05
8.960920084134444e-05
8.687076070691609e-05
0.0001135945640280862
9.399415451276593e-05
8.763200558476663e-05
8.260420479997401e-05
7.985456347822867e-05
0.00010826195694234652
8.787048755558972e-05
8.55076758086006e-05
8.580226733015383e-05
8.67526504149006e-05
0.00013011380533605672
0.00011548322156690707
0.00011687953300953259
0.00011402445066533237
0.00010606084189721936
0.000127409824513819
0.00010696301678697865
9.834854166885357e-05
9.288448301968408e-05
8.534535218107459e-05
0.00010724233763205387
8.625955219140965e-05
7.820570949658118e-05
7.803898210369402e-05
7.434534207271916e-05
0.00012483087446499776
0.00010428066870329495
9.887863300315659e-05
9.061151075726906e-05
8.13449262966111e-05
0.00011048717208554892
8.187328652052591e-05
7.953014453267293e-05
7.25181796883088e-05
6.974109150137048e-05
0.00011258015238698702
8.433864660511237e-05
8.139036694761958e-05
7.692692752977578e-05
6.95925870666418e-05
9.422757998022967e-05
7.754688605536235e-05
7.437641081731884e-05
6.968804456660332e-05
6.648515153728154e-05
0.00010284852365839035
8.19219012759585e-05
8.118286307097383e-05
7.454047859338801e-05
7.074325701918265e-05
0.00011979954233199738
8.687133706497637e-05
8.414139217332102e-05
8.229113409285402e-05
8.11551933037696e-05
0.00011144443068068849
9.097560233814784e-05
8.745660843355893e-05
8.318632772068348e-05
7.620911529926763e-05
0.0001158057481077384
8.164278402455759e-05
8.061216057806261e-05
7.59029856756181e-05
7.46373982076083e-05
0.00012039865459515493
0.00010219571155023625
9.694030636517531e-05
9.280748838361925e-05
8.975021484823419e-05
0.0001303778670794311
0.00010740663043599878
0.00010004453882115144
9.231865799889741e-05
9.010010550456181e-05
0.00012436354572209103
0.00010153664570020004
0.00010233969764303436
9.694513961777306e-05
9.23487460795042e-05
0.00010338726488734126
8.132963928962728e-05
7.674110491468538e-05
7.064161305890296e-05
6.681370316664825e-05
0.00010895315863595393
8.832380603447613e-05
8.707925871078872e-05
8.080511591614141e-05
8.101053099759049e-05
0.00012862804162897906
0.00010034234453833823
9.362261291195969e-05
8.964744733940658e-05
8.063592228619075e-05
0.00012027167227550298
9.395062814544831e-05
9.039519272504605e-05
8.570591859451261e-05
7.931811124970684e-05
0.00011103915859126878
9.377511507772387e-05
8.754297947438499e-05
8.652271050300608e-05
8.47451770186933e-05
0.00012764428649198744
0.00010491004324299184
0.00010055551081477248
9.794448290200095e-05
9.467150526372415e-05
0.00011744906221098482
9.543332180745737e-05
9.244609490091229e-05
8.59137663871436e-05
7.892271602012978e-05
0.00011931874077537957
9.401777223501472e-05
8.629206051228682e-05
8.358735081368318e-05
7.877182621580032e-05
0.00012067655366138854
0.00011144446932690142
0.00010844829206777242
0.00010777525865009448
0.00010456954155009994
0.00014138416489843588
0.00012418039302951442
0.0001263790000449303
0.00012254408431022884
0.00011900545732839532
0.0001423043490405309
0.00012137923708829894
0.00011736232267954764
0.00010999220570711456
0.00010352622261437986
0.00013545328567630022
0.00011311157659922355
0.00010559031649996406
9.968932397336135e-05
9.687386353011012e-05
0.00013074040260055344
0.0001095521592841524
0.00010220663282404287
9.18036255388923e-05
8.268821486041263e-05
0.00011676695180801165
8.369419175907473e-05
7.784862731971315e-05
7.007308627175304e-05
6.541405086671842e-05
8.996346174836359e-05
7.624744024943427e-05
7.735791913362446e-05
7.802637818808935e-05
7.968938315368811e-05
0.00010853796104980435
9.36418606713279e-05
9.218723348187906e-05
9.353445734449844e-05
9.008185626069973e-05
0.0001237635355006219
0.00011177741039707648
0.00010902388701533586
0.00010795953552383329
0.00010743765761036522
0.00011858985452115356
0.00010127910433652231
9.421182901021003e-05
8.967557498539992e-05
8.422301220480728e-05
0.00011696382916595779
9.034241379156676e-05
8.782860667000172e-05
8.191684394647512e-05
7.875765167393058e-05
0.00011819450203198231
9.214153306477801e-05
8.799319049670745e-05
8.63717157872874e-05
8.274432474724958e-05
0.00011028712422661681
9.474308230119656e-05
9.247048642588163e-05
8.738598564207099e-05
8.230484827076727e-05
9.619660352732905e-05
7.7145231306517e-05
7.070316636521833e-05
6.73835038073094e-05
6.25232472444673e-05
0.00011370638212104005
9.238727002805509e-05
8.549676854641704e-05
7.520509733750319e-05
6.98787941828983e-05
0.00010864556148138328
8.213057604569266e-05
7.965803923468796e-05
7.576406689823203e-05
6.915174605069736e-05
0.00010714558679769105
8.573358165632532e-05
8.657077100026512e-05
7.816246176057642e-05
7.282361547394117e-05
9.619904631688555e-05
7.695706045200869e-05
7.353125394235657e-05
7.305452974513297e-05
6.99543120871098e-05
0.00011172673495906071
8.2171633829431e-05
8.014504908447874e-05
7.451312366842073e-05
6.862072431832322e-05
0.00010464031029004552
8.936840033072964e-05
8.409337857622814e-05
8.179392386026819e-05
7.599578347148907e-05
0.00011103312227316468
8.284047064207379e-05
7.886084532575979e-05
7.228615650573087e-05
6.871201473917818e-05
9.933413948422083e-05
8.208632136644372e-05
7.779472615876187e-05
6.845823348802273e-05
6.404580905894296e-05
0.00010480934781210113
8.028330557281631e-05
7.946231907053206e-05
7.682512633358235e-05
7.311871626162152e-05
0.00010397621702249692
7.801437297563634e-05
7.67831406100422e-05
6.913230090868537e-05
6.80988566195549e-05
9.994467402007992e-05
7.843632464358279e-05
7.483405166859399e-05
7.037116836672144e-05
6.687131872953025e-05
0.00010745983126281302
8.861333079970217e-05
8.466490891558918e-05
7.719830992127647e-05
7.483403955325958e-05
0.00010872022622520743
8.803620334659614e-05
8.6029451178936e-05
7.870181793181122e-05
7.493875570681072e-05
0.00011002188017440009
8.542928976606306e-05
8.248427380447251e-05
8.084718053482089e-05
7.458243583944029e-05
9.544576505570145e-05
8.651932036306364e-05
8.17833317611345e-05
8.14616310927213e-05
7.908597811522014e-05
0.00012371333603864603
0.00010066961689192648
9.904968216790636e-05
9.399374168818596e-05
9.128696238252534e-05
0.00011883251880576517
0.00010162737668415198
9.597765544547375e-05
8.99290256923787e-05
8.475866374263738e-05
0.00010623556352463692
8.958149737879641e-05
8.407862499547885e-05
7.812726256682963e-05
7.30031126638902e-05
9.397597234763509e-05
7.67294366523127e-05
7.06524261758418e-05
6.284480896816715e-05
6.081327249452741e-05
9.203770251671196e-05
7.361618172089947e-05
7.111361512101407e-05
6.494546973067075e-05
6.0674499668240325e-05
9.001363789500192e-05
7.119237410993935e-05
7.241929271616817e-05
6.919087353286538e-05
6.966802487126211e-05
9.461124891883711e-05
7.066922055135486e-05
6.879769461188017e-05
6.228206186215252e-05
5.6271614453583084e-05
8.335988450673498e-05
6.597989148376063e-05
6.182293297936163e-05
5.5098578477167006e-05
5.4829693601865565e-05
9.170911998182593e-05
6.944193943311961e-05
6.656063148508632e-05
6.21215355532874e-05
5.6380853006128126e-05
8.175808433172983e-05
6.694495936151841e-05
6.117751081756525e-05
5.638239063047964e-05
5.4031189844171096e-05
8.800200416669173e-05
7.173490990371338e-05
7.089989100481152e-05
6.47705074283932e-05
6.096602074437599e-05
9.780761678720323e-05
7.666408920696343e-05
7.365315081894068e-05
6.659021652912236e-05
5.968726615966577e-05
9.026397911362434e-05
7.314232190950457e-05
7.009990059398885e-05
6.757729081064517e-05
6.41146031089235e-05
0.00010287642745259644
8.273723255276753e-05
7.723331103131581e-05
7.10811270722912e-05
6.648286048142738e-05
9.169630237402465e-05
7.767762991248561e-05
7.637528384914551e-05
7.405962122578932e-05
7.41734314161738e-05
0.00010108138248362634
8.407878107339508e-05
7.748492197145891e-05
7.36559539148565e-05
7.253770506763892e-05
9.93767419162261e-05
8.470464121029902e-05
8.37884247181625e-05
8.411599669265184e-05
8.384415836488527e-05
0.00011349037824892064
0.0001067204273655965
0.00010603293086837878
0.00010681562803948812
0.00010256069491197031
0.00012409454044915862
0.00010750392805295561
0.00010558417930603626
9.969347245301349e-05
9.827209148861537e-05
0.00010781471452773884
9.349561664169372e-05
9.232806310288555e-05
8.749424552027658e-05
8.172508285316019e-05
9.928236170974969e-05
8.711602798624112e-05
8.128307446257611e-05
7.566484508560074e-05
7.139470203924981e-05
9.670490669337803e-05
7.733086582075473e-05
7.599226840889547e-05
7.354991823388167e-05
7.307639575228094e-05
9.386650730058251e-05
8.037649316957518e-05
7.86117391277224e-05
7.34884813196552e-05
6.992155979673332e-05
9.034875599330592e-05
8.084317777460653e-05
7.747103240916277e-05
7.339881017356668e-05
6.977370079729386e-05
8.400641297731495e-05
7.045107411338464e-05
6.735439850185206e-05
6.244386109673446e-05
5.7798047730207087e-05
7.124519125264377e-05
5.312660853354098e-05
5.1323890131819886e-05
4.6821692413117366e-05
4.5880466662575906e-05
7.192689028011519e-05
5.820732250024192e-05
5.3978120672394403e-05
5.0257100186920754e-05
4.600085707565678e-05
7.215046852266349e-05
5.5463802225132915e-05
5.1204336902440136e-05
4.495965469466995e-05
4.452715925690188e-05
6.746193371778718e-05
5.788320961831268e-05
5.770756617126977e-05
5.537275676297711e-05
5.320176295588117e-05
8.232920789802971e-05
6.636611484176246e-05
6.105244071137512e-05
5.982954346187712e-05
5.7396193579679065e-05
7.924692965205632e-05
6.277534964999745e-05
6.003793773278223e-05
5.646217602776947e-05
5.448243076465181e-05
7.692511933825643e-05
6.41081004340525e-05
6.117291677858695e-05
5.822398799505837e-05
5.5903507736319565e-05
7.56205236334885e-05
6.454826705774385e-05
6.14965662171894e-05
5.9396528877487776e-05
5.833095446373326e-05
7.971096277045984e-05
7.657754034460765e-05
7.583498497561891e-05
7.601273397132862e-05
7.196064989682102e-05
9.223383292153251e-05
8.530021589903495e-05
8.251607843342517e-05
8.156417740874894e-05
7.770421604138869e-05
9.66165934744962e-05
8.49354736850651e-05
8.277370031128622e-05
7.881197606172785e-05
7.466810295307574e-05
7.800994471452066e-05
6.35590684009998e-05
5.8971566811212164e-05
5.393691653069727e-05
5.262742529962677e-05
7.652201111700625e-05
6.555461969468665e-05
6.053255382393612e-05
5.4416620433907763e-05
4.678680454865052e-05
5.6972461963909234e-05
4.959908972248381e-05
4.840734811360343e-05
4.526052615427113e-05
4.507906360681667e-05
5.773494107877531e-05
5.150978592217144e-05
5.133550137558177e-05
5.2043532108907754e-05
5.139994106458682e-05
7.490995159810789e-05
6.260074364160839e-05
5.999362743491408e-05
5.850654342188035e-05
5.4994979237126955e-05
6.991045199215232e-05
5.882919584625794e-05
5.8975433818523975e-05
5.8391498281462414e-05
5.756218179304063e-05
7.334377292611408e-05
6.071842296588266e-05
6.166248090357282e-05
6.107057224333697e-05
6.0902201908449135e-05
8.104984468644721e-05
7.048721038440193e-05
6.76371749066134e-05
6.267177303609387e-05
6.112935400749167e-05
8.088973027669212e-05
7.242333428000593e-05
6.80543108584712e-05
6.465989147787026e-05
6.119583698654507e-05
7.173263398798357e-05
6.0197867648509226e-05
5.6034969323537255e-05
5.233886301009642e-05
4.690698651187177e-05
6.142976256447065e-05
5.295979993230116e-05
5.135357580192763e-05
4.888944199068335e-05
4.76894873901953e-05
6.534803909113579e-05
5.388249025694542e-05
5.1341197005293015e-05
4.623123519266891e-05
4.249151661641192e-05
6.262643970855039e-05
5.3775892868494065e-05
5.259791706377763e-05
4.761066846910135e-05
4.54159208124952e-05
5.585743700596239e-05
4.673235455639724e-05
4.446198913281529e-05
4.148718426678091e-05
3.90532362479604e-05
6.036360048665702e-05
4.656000034932661e-05
4.710746639914051e-05
4.458170331482728e-05
4.111157496909273e-05
6.395807253829578e-05
5.370856830814964e-05
5.187027781647765e-05
5.094691743801463e-05
5.062566029022164e-05
5.967725502468982e-05
5.6847206973517955e-05
5.501210026549371e-05
5.488522551236211e-05
5.493371055416392e-05
6.691668787874787e-05
6.093488915025597e-05
5.9919672455270877e-05
5.82439170423677e-05
5.523069857107596e-05
6.403797591093867e-05
5.213174085526278e-05
5.007696821265024e-05
4.770668398223507e-05
4.480845125716899e-05
6.0712823227253196e-05
5.215526690152546e-05
5.12460799932426e-05
5.023280121706723e-05
4.886548071622584e-05
6.026179202687632e-05
5.421693138887579e-05
5.017477378741565e-05
4.8127615628635616e-05
4.604398809693333e-05
6.467013240194729e-05
5.826185790516653e-05
5.767534914565306e-05
5.569472492811501e-05
5.420352746740842e-05
5.9059673819355725e-05
5.117298052056181e-05
4.706996136432813e-05
4.2150122212489784e-05
3.874785079977165e-05
4.36732449636872e-05
3.319664537470811e-05
3.127486092672419e-05
2.71165612451871e-05
2.6228817674630865e-05
4.511611033175658e-05
3.4504693361988837e-05
3.233492244828319e-05
2.904654958245034e-05
2.510845208123248e-05
4.111067934276017e-05
3.336323068208137e-05
3.357040677711781e-05
3.069808410206879e-05
2.877951025089439e-05
4.2739299272590954e-05
3.48124996973081e-05
3.430001106306534e-05
3.309221847248485e-05
3.184373170555267e-05
4.160584388946496e-05
3.600755335130701e-05
3.509113338162062e-05
3.4973331182919615e-05
3.3985147360161204e-05
4.486875599952974e-05
3.7439872187824925e-05
3.592320606086622e-05
3.275360531074784e-05
3.0148907685432852e-05
4.130863136129012e-05
3.312559166932263e-05
3.179349894750617e-05
3.0755610713260514e-05
3.057994888060164e-05
4.206010842597311e-05
3.610830126290409e-05
3.5152538556096344e-05
3.23148125226962e-05
3.0893285827459625e-05
4.343800070328303e-05
3.6321727515873655e-05
3.430514413569343e-05
3.239886241347239e-05
3.102053776824393e-05
4.0388284752167165e-05
3.49426479980798e-05
3.372558053962996e-05
3.201672212262047e-05
3.2106942216900944e-05
4.1963414291142934e-05
3.680595541866291e-05
3.5433658438479756e-05
3.276637816856406e-05
3.1507862071614535e-05
4.096217999813196e-05
3.251146202967283e-05
3.03233848267284e-05
2.7402909166900178e-05
2.388212656733678e-05
3.273497251680164e-05
2.636237768801316e-05
2.604462074254007e-05
2.4167453891191624e-05
2.330015166533062e-05
3.136608177282148e-05
2.6871949164218262e-05
2.541754914839522e-05
2.419629831200288e-05
2.2781323930574836e-05
3.3094558644417345e-05
2.6118642479598548e-05
2.5547690534783432e-05
2.3631174253969813e-05
2.3738749307950298e-05
3.3013931975555923e-05
2.7387196938680696e-05
2.6762785151341053e-05
2.5621940574578456e-05
2.465632103052985e-05
2.7651291695154915e-05
2.268574076997243e-05
2.1909942784321243e-05
2.07556209895267e-05
1.9475092009710075e-05
2.819045852599078e-05
2.238744891170451e-05
2.108431625473414e-05
2.062257495892096e-05
1.9890437600301472e-05
3.076528978784687e-05
2.4924814623570007e-05
2.372809536714902e-05
2.276013011568539e-05
2.1836141268754685e-05
3.2262912444651916e-05
2.8902057493378106e-05
2.7524717223509065e-05
2.6404803945680545e-05
2.488418424924376e-05
2.9803750840429743e-05
2.4859426761080054e-05
2.3740815393460776e-05
2.314099050391902e-05
2.2916903352413735e-05
2.7132632400358318e-05
2.348843826124616e-05
2.2073413045817943e-05
2.110031434929207e-05
1.9383273671701058e-05
2.7073740997968093e-05
2.0884006865306082e-05
1.9674474694420634e-05
1.947448546826533e-05
1.8820023910704393e-05
2.6692185250016354e-05
2.154826513882916e-05
2.1802092339237424e-05
2.005579894257927e-05
1.9171452666114716e-05
2.376486003750859e-05
2.050985040700394e-05
2.062107501155031e-05
2.086352886507903e-05
2.0453859861910893e-05
2.3386954675490153e-05
2.194591510530902e-05
2.2038159091057126e-05
2.2754277282289725e-05
2.3255595449417966e-05
2.740115159635819e-05
2.5580833258425183e-05
2.578675115555215e-05
2.5188039730366946e-05
2.4562437772560017e-05
2.716574228058452e-05
2.4848021435449908e-05
2.459242957382329e-05
2.4256163222297748e-05
2.402644206230967e-05
2.640038676239897e-05
2.3833057718431827e-05
2.3215080439689303e-05
2.2476138275339166e-05
2.2316084164477255e-05
2.622525727835766e-05
2.5256353477290884e-05
2.5076814433233797e-05
2.5138686482059246e-05
2.501835775834755e-05
2.803377734326997e-05
2.6574764053633452e-05
2.607095657707517e-05
2.545179522662365e-05
2.4425577069227026e-05
2.5877683901172916e-05
2.4157716665369413e-05
2.316814892372979e-05
2.2079668482151615e-05
2.136937558674727e-05
2.0774469595093447e-05
1.854809368339701e-05
1.7276069267804714e-05
1.636946968284729e-05
1.5686952168574294e-05
1.6847297977210136e-05
1.4362549900170264e-05
1.3336094806709132e-05
1.2662888266120641e-05
1.182162115593324e-05
1.3972644894234439e-05
1.2060742402272338e-05
1.1556125924809255e-05
1.0803967940198115e-05
1.0090373136585254e-05
1.1480732536471694e-05
9.721213513074306e-06
9.258486895397391e-06
8.794069162264148e-06
8.20445039823299e-06
8.755166525267068e-06
7.6085390243866496e-06
7.333038232941253e-06
7.144388848797454e-06
7.0278683173411555e-06
8.666275047771935e-06
7.285716742410669e-06
6.994644183054155e-06
6.593163216759679e-06
6.291529883086571e-06
6.552558445557369e-06
5.7921553157011984e-06
5.38682356445502e-06
4.941957763222378e-06
4.60147493807282e-06
5.19354161526507e-06
4.527411089140954e-06
4.248787804919375e-06
4.002761887980293e-06
3.7641610782871386e-06
