1.5001497271423947
1.5001202843236499
1.5000946556882424
1.5000751535383516
1.5000709452970868
1.500091280173164
1.5001545747984106
1.5002673645863798
1.5004329581366538
1.5006756903850282
1.501078700119181
1.50156869256457
1.5021078753354178
1.5026992150187641
1.5033167186614949
1.503950334068928
1.5046338684372327
1.5053337153167312
1.5060103202135535
1.5066768357404177
1.5073202728558208
1.5079417170778282
1.5085364025360317
1.509111199221472
1.5096556906217602
1.5101888212576438
1.5107276768860611
1.5112456474443128
1.5117633949509075
1.5123495449656972
1.5129196650013927
1.5135178821108346
1.5141624716598
1.5149316206891772
1.5157488299156168
1.5165862847974712
1.5174031148360936
1.518213498681824
1.519004097845565
1.5198110541308303
1.5206583530258204
1.5214911535630957
1.5223139762562405
1.5231334829147487
1.5240163139387242
1.5249859715377758
1.5259391679245293
1.5269034871539198
1.527859761653542
1.5288146829731109
1.5299542613245853
1.5310928731188789
1.532224362130254
1.533330921401414
1.5344301050977773
1.5354986414964469
1.5365817208631636
1.5376657593520058
1.5387634411672109
1.5398699335228738
1.540997757052016
1.5421649863739229
1.5433519780726541
1.5445165382097301
1.5456982138439657
1.546817866247401
1.5479713109768956
1.5495299290416173
1.5511716784589618
1.5527200287123988
1.5542295456723247
1.5557161329218951
1.557168712228804
1.5585863839513678
1.5600221079880507
1.561401965019671
1.5627585057180629
1.5640898044039198
1.5654302259025545
1.5667763129132812
1.5681894938624807
1.5696408166450544
1.5711090095679643
1.572587559522822
1.574520859761237
1.5764847552519594
1.578390263253893
1.5803517572217733
1.5823092139546588
1.5843791035928625
1.5864234389462115
1.5884622277483518
1.5905363776732073
1.5927007594284381
1.5949299971705155
1.5971436882120889
1.5994699236848084
1.6019088225495588
1.6043985623220307
1.6069631210553688
1.609589249481137
1.612868725950942
1.61620890964677
1.6194864976125443
1.622762070678349
1.6260403352341497
1.6293440128087564
1.632618284739894
1.635871686470977
1.6391797284230087
1.642436148786519
1.6456715651189795
1.6489608038163128
1.65224830271072
1.6555087826143904
1.6587457974837276
1.6620176158466364
1.6652629208025649
1.6694303807896256
1.6735224047062351
1.6775687030331277
1.6815252453731802
1.6854849773519296
1.689427727664514
1.6933331093894697
1.697214282574568
1.7011281997429375
1.7050698347972364
1.7089643167312119
1.7129164277783417
1.7167551616681387
1.7206397772838127
1.7244638343745684
1.7282174294468275
1.731966533745723
1.7364972928369073
1.7408889866549082
1.7452152296816446
1.749503033472797
1.7538000864726664
1.7580678899652273
1.7622935143894194
1.7664788556843287
1.7705554667314292
1.7746679147447793
1.7787313434389411
1.7827018785529525
1.7865951857482003
1.7904478901067904
1.7943127953910272
1.798201083923989
1.8020960119612788
1.806974783683016
1.811779331248306
1.8166103922205767
1.8213242544171215
1.8259442713464449
1.830420055639195
1.8348310359904854
1.8391147058909254
1.8432436745970155
1.8473844353007145
1.8513944728632081
1.8554998501390265
1.859627540015616
1.8637221438963936
1.8678044130205305
1.871930943028503
1.8760636069570467
1.881476044638644
1.8865208634490245
1.8915012500707074
1.8963879401262735
1.901203030599892
1.9058457170126377
1.910316192675947
1.914707470130855
1.9189985973916992
1.9232161993912893
1.927527014678405
1.93184154749314
1.9361480727533837
1.9403702919222763
1.9446463780663727
1.948929527512946
1.9532368929344315
1.9589538481734359
1.96441604124469
1.9699129485888534
1.9752787982143258
1.980597777251574
1.9857802932849733
1.990819632459643
1.9958249859968167
2.000722784024909
2.005616217675577
2.010418832126505
2.0152083906204337
2.019915992500468
2.0246299959630623
2.029346735525985
2.0340420175194884
2.038852907186897
2.0455174527810054
2.052002017992953
2.0584968658862954
2.0648169528062543
2.071027618018267
2.077064109626261
2.0828582481736975
2.0884356622959843
2.0938477505299855
2.0991453314782573
2.1043032523489273
2.1094728685614874
2.1145276800861086
2.119711289072628
2.1247761379218213
2.1297988671830876
2.1347009626731084
2.141791083394018
2.148390170761806
2.154782087750425
2.16099716938525
2.166964968517894
2.1727495009739624
2.178256705869631
2.183595454718759
2.188769078426093
2.193852886666144
2.198962710164476
2.204011752086232
2.209082831511715
2.2139786295099486
2.2187897645341796
2.223495031806869
2.228267712725406
2.2348686885972247
2.2410693462248865
2.2471822925058986
2.2531014068968402
2.2590871691229415
2.2647509711520453
2.270267640873033
2.2755195185367527
2.280671193961022
2.2858160142643613
2.2907763708472317
2.295657440001037
2.300374291089788
2.3051129640656645
2.309837792968686
2.314400433576733
2.319073529365405
2.3258503963390025
2.332324693739666
2.338731280092271
2.3449777004849266
2.3510712338367106
2.3569914486158274
2.3626973627978027
2.3684129351165333
2.373889054046249
2.3793117967144073
2.3845837862025476
2.3898197528480574
2.3949352939038673
2.3998237609376356
2.4047497750003584
2.4095991931240133
2.4143196948248864
2.4214746715326423
2.4283713841616312
2.4351885416995667
2.441708750566328
2.44795755017666
2.453848931811562
2.4593607464414786
2.464756789826275
2.4699243539635893
2.474930607142447
2.479998065696029
2.4849508980029977
2.489691883281053
2.494274806719791
2.4989054780832713
2.5034281106590797
2.508068388113928
2.514791819345526
2.521038091037077
2.527313389184279
2.533416305575774
2.5393937405400075
2.5452668542441885
2.5509547235470995
2.556337220261251
2.5614603450734044
2.566410679201813
2.5711526682123256
2.5757150634635497
2.5800693069083143
2.5843716611025687
2.5884562350938296
2.592428115952839
2.596350680090451
2.6025266087243892
2.608383774235083
2.614058483490222
2.6196156073467627
2.6249513524335737
2.630246345982622
2.6352854398004695
2.6403758057592412
2.6452994257341778
2.650064753383084
2.6546204347794276
2.659089780314341
2.6633662382111996
2.667448232238293
2.6715074452561343
2.6754036372528147
2.6792964239941965
2.6862993984326544
2.692490502014335
2.6985730909648082
2.7043412068189094
2.709773734019761
2.7149528671030274
2.7198727323750678
2.7245855016184923
2.7289869056186356
2.7332600995262446
2.7373124128128246
2.7411768794288025
2.7449706609746265
2.748628358704418
2.752163876171475
2.7557407548508235
2.7592701681375282
2.765098039530583
2.7706614385737445
2.7761805767330707
2.7813488397655775
2.786383472550282
2.7912827501543664
2.795922061052034
2.8003411753537555
2.8045806958961883
2.8085949342648924
2.812572480635994
2.816314045788877
2.8199436613150333
2.823619716196209
2.8270341537887043
2.8304261300793256
2.833660631899992
2.839795214191748
2.8453653196547353
2.8509279751923735
2.856411566352604
2.861801765783983
2.8668691722921786
2.871756271275782
2.876427032457109
2.881121793996746
2.885723661956232
2.89022401167149
2.894489450816485
2.898449688378991
2.902370527583787
2.9062112317632227
2.90977952295377
2.913146591809341
2.9193719933008366
2.9246478341475908
2.9299525081385602
2.934943512019123
2.939622600462318
2.944147768391962
2.9485036772891
2.95265972446637
2.956623649816274
2.9603110877670207
2.9638393709253297
2.967255310398984
2.97060634927546
2.973961068504279
2.9772176896142803
2.980642119921017
2.9840226908369014
2.9913693507037635
2.9974059984479173
3.003223572289466
3.0087952093738317
3.0138757461895787
3.0187165619543226
3.023122129585399
3.0270369984408396
3.0305192660422766
3.0336277288065383
3.036532634628479
3.0393494499159512
3.041858751318756
3.0442891221751474
3.046592190015744
3.0486133205616928
3.0505808740995928
3.0546225106468508
3.0577462152743515
3.0611150090627373
3.0644623750219258
3.06750421969125
3.0701465044920524
3.072556964270515
3.074706646921539
3.0765807715553106
3.078372634737922
3.0799174012947343
3.0813240840056557
3.0823729323780533
3.0834232975017204
3.0843165896484166
3.0850532697915667
3.085613709385342
3.088988272776593
3.0914081007246565
3.093770098813074
3.0959799161908674
3.097910636465116
3.099459061069105
3.100716224819178
3.10174901347226
3.1026931316565673
3.103452488718196
3.1041138666218893
3.1046306773115244
3.10503625957479
3.1054267040655894
3.1057442850150507
3.1059677084249704
3.1060172556330805
3.1080850931960384
3.109446109797684
3.1107521962112266
3.11184981854599
3.1126668865063802
3.1133243238307973
3.113709846315029
3.1139880660820567
3.1140749075272436
3.1139448832812313
3.11382174389637
3.113533219142781
3.11320348931306
3.1128973137383347
3.112602721979671
3.112255311588592
3.111760122039591
3.1130018952253207
3.11357152454737
3.114072736491115
3.1145021852816956
3.1148301901786013
3.114949849957611
3.114942816395356
3.1147412223076163
3.114347090029419
3.113760330340099
3.112980512006454
3.1121205883876684
3.11113652908662
3.110078178713627
3.108915455035195
3.107810635566961
3.1065902604702083
3.1068393050804803
3.106647495525435
3.1064944374782932
3.1063309852239285
3.1060583417483287
3.105733087821861
3.105367387194896
3.104830427505565
3.10416841018712
3.103400621772851
3.10252118856912
3.101571226431395
3.1005826317466507
3.099521203260789
3.098343996094752
3.0971355022162705
3.0958144118612565
3.096049761099779
3.0957981439603945
3.095590527477912
3.0952966643546618
3.0949102199235803
3.0943896173557746
3.0937272282845676
3.0929146362274316
3.0920152175952187
3.091098103531538
3.0901321114147193
3.0890578946338465
3.087864389826727
3.0865817387072965
3.0852226998303443
3.0837449082511212
3.0822059856477266
3.0819872314524965
3.081332797890395
3.0807988717036014
3.0801806914708436
3.0794198473981678
3.078553708073203
3.0776197164341306
3.07656051846484
3.075431847339401
3.074207487053041
3.0728665748407606
3.071438583261525
3.069968866152292
3.0684355049702154
3.066906039757084
3.065344142833002
3.06375232724664
3.0635173795011004
3.062705813481587
3.061988077859185
3.061248512914602
3.0603702693197086
3.059424991266784
3.0584117568089795
3.0573920835933373
3.0562994873559153
3.0551712474636794
3.0539068568399146
3.052602956332612
3.051238474995225
3.0497995984951216
3.0483143867307696
3.0467552556472364
3.0451590533782835
3.0451644214881655
3.044462358962207
3.043890439643144
3.0432178050658183
3.0424233248032433
3.041598717696841
3.0407152993035016
3.0397577534094338
3.038779047348157
3.037738600588179
3.036669112502438
3.0355157123832748
3.0343202447215716
3.0330797503653435
3.031815835585114
3.0304933474397147
3.0291288809724386
3.0289051899005304
3.028238577717948
3.0276250964401012
3.026926156637342
3.026208792767702
3.02542658034627
3.0245874897522627
3.023668472314442
3.0226674610874493
3.021574745889143
3.0204399482781867
3.019226324211592
3.0179456656869648
3.016593913164146
3.0151954684944293
3.0137941836336117
3.0123518126575455
3.0119612938161935
3.011141772287574
3.0104230106275494
3.0096288277671834
3.008752859299193
3.007786837442153
3.006743015167096
3.005619221437893
3.00442342663376
3.0031461287541013
3.001811313287116
3.000454162914194
2.999024699194022
2.997570194207807
2.9960891312042786
2.994599889639988
2.9931110421336253
2.9926378083027445
2.9917936023907337
2.9909848765623206
2.99012199379155
2.9892216457774325
2.9882226345802994
2.987183399734325
2.986042029534538
2.984840190030495
2.983577338463165
2.982252753632188
2.9808888001837226
2.9794640577236273
2.9779965413907448
2.9764960580229336
2.9749582209376033
2.9733913499615667
2.972733176566681
2.971682729657406
2.9707001424972947
2.969654565549202
2.9685719545909652
2.967406479942095
2.966182491408496
2.964898457368791
2.9635646902445942
2.962210164446173
2.9608061360499716
2.9593612520252344
2.9579049254504857
2.9564219665078717
2.9549136986372257
2.953392620166403
2.951841556117804
2.950899549489185
2.949721539337182
2.9485647711379954
2.947389682962702
2.9461582668089203
2.9449154527154575
2.943632132441055
2.9423149826653177
2.940961549820015
2.939567298521453
2.938138191683933
2.9366929953868754
2.9352176350707153
2.933708995447308
2.932205552927511
2.930702229368599
2.9291838498228286
2.9282852416116367
2.9271303767865917
2.9260279142308683
2.924893659378944
2.92371204322515
2.9225080252499236
2.921280713246633
2.920020672130183
2.9187372775052283
2.917396870876704
2.9160235566936943
2.9146272458848306
2.9132094477663277
2.9117511137266643
2.910274035912744
2.90879292086383
2.907284444811637
2.906201848723511
2.9049152718949145
2.9036790973057798
2.9024259930958674
2.9011646136694735
2.899909055891333
2.8986084342433904
2.8973104148647812
2.895996722389729
2.8946559737486637
2.8933162734503877
2.8919488627012364
2.8905714294976232
2.8891968067448914
2.8878069421289205
2.8864419105974464
2.885065250639579
2.8841670885317012
2.8830468115836254
2.8819461631813805
2.8808385927427085
2.879697847087561
2.8785345062995433
2.8773344660788687
2.876108128067815
2.8748596930725925
2.8735883134969034
2.87230775906305
2.871014133802087
2.8696985230827834
2.8683702132891327
2.867031159840661
2.865701236640024
2.8643662873420443
2.863395031206116
2.862244263096508
2.861136900839382
2.860010437925348
2.85886981866614
2.857712515142977
2.856538348914532
2.855360160321204
2.854154149751172
2.852937157604554
2.8517060091127604
2.850457953305355
2.849201614846413
2.847940510517064
2.8466824694304727
2.845431922879562
2.844191562354329
2.843193673850536
2.842092876747186
2.8410069720594784
2.839917877733074
2.838820976598669
2.8377180605045766
2.836617337751779
2.83550582673383
2.8344003158054583
2.8332976971135744
2.832194171344952
2.831100125271759
2.829997662716035
2.8289113491002897
2.8278252882764225
2.8267448706594815
2.8256721706298786
2.8247192270350028
2.8237182009379
2.822728386904096
2.82173988887507
2.8207463796188126
2.8197539038352333
2.818764186457148
2.8177794208258518
2.8167962016860444
2.815816149879769
2.8148391910564734
2.813871466571784
2.8129076380560387
2.8119530215737343
2.811010784458403
2.810079484309327
2.809158392491094
2.8083411014790465
2.807487638923264
2.80664880855619
2.8058163872067325
2.8049876610797284
2.80416676406589
2.8033490864309702
2.802537304794855
2.8017352259058264
2.8009443962553733
2.8001647637981093
2.7993954140222406
2.7986381982565214
2.7978938451363646
2.797162577713428
2.796445087447848
2.795741686611946
2.795099677027148
2.794448856901893
2.7938131894192146
2.793190496107927
2.7925787174577295
2.7919789018114116
2.7913898223848577
2.7908133007666023
2.7902492626060913
2.7896974774166146
2.7891606664283883
2.7886380043502808
2.7881310376737822
2.7876389708479814
2.7871644804927644
2.786706971803713
2.786266615787097
2.7858557992449433
2.7854404398840393
2.7850275489614744
2.784615483330041
2.7842041835092974
2.783793582583746
2.783383494677006
2.7829744179377784
2.7825659360029706
2.7821584429305086
2.7817516190130185
2.7813455014257755
2.780939852247014
2.7805347681324495
2.780130375478022
2.7797268675951687
2.7793238578610158
2.7789379487539114
2.7785447904679494
2.7781536396469027
2.7777627341826783
2.777371471835803
2.776979577509232
2.776587207339125
2.7761947628184664
2.7758021547265925
2.77540898157052
2.775015927375332
2.7746229624008065
2.7742302353480492
2.7738385492030244
2.77344670692184
2.773054931556153
2.7726635799886137
2.7722887862890917
2.7719080073701026
2.77152868572194
2.771149512774882
2.7707708677167466
2.7703916575944123
2.7700118601027146
2.769631609072647
2.7692509193743207
2.7688701181501654
2.7684895474127225
2.768108642097794
2.7677276475622032
2.767346407669789
2.766965457744529
2.7665835784373645
2.7662015429940396
2.765838853564446
2.765467509730554
2.765097853654202
2.764727416897049
2.7643562068941523
2.763983859327803
2.763610723645599
2.7632369559837002
2.762862467121442
2.762486833260678
2.762110738426489
2.761734769988239
2.7613583703167848
2.760981569152348
2.7606042252288794
2.7602267549094712
2.7598490243631297
2.7594880747364616
2.759119110120246
2.75875120871693
2.7583825266328144
2.758013078738008
2.757642136397099
2.757270234934065
2.7568971736024133
2.7565231605836913
2.7561482702284508
2.7557728965946198
2.7553964969231663
2.755019993160939
2.7546428945942925
2.7542657439822595
2.7538885041495633
2.7535112717519232
2.753149340697964
2.7527805693931846
2.7524133148396746
2.7520453242156955
2.7516767090470764
2.7513070083603925
2.7509368987456706
2.7505661720213634
2.7501949322782457
2.7498228375037748
2.7494501033145533
2.7490772204242275
2.7487040401316922
2.748331239026973
2.747958460227421
2.7475859713950226
2.747213995581436
2.7468589493886273
2.746496914243894
2.746136730427916
2.745776041028181
2.745414920395243
2.7450533685291005
2.744690835235667
2.7443276550924267
2.7439634489115647
2.7435987222768348
2.743233423142853
2.742867841476771
2.742501233773067
2.7421341874011027
2.7417663306081175
2.7413978567055484
2.741029434848366
2.740675213946689
2.7403145765923402
2.739955047061223
2.739594974771073
2.7392341515403444
2.73887254019376
2.738510267127259
2.7381482542876925
2.7377857581695344
2.737422815948063
2.737059725025486
2.736696321830589
2.736332160260058
2.7359680581699686
2.735603443061068
2.735239340970979
2.7348748894332933
2.7345229659636847
2.7341651762354933
2.733809014784399
2.7334525708012056
2.7330954130527094
2.732737690240015
2.732379989732486
2.732021397018329
2.731662573817459
2.7313026576634694
2.730942436672214
2.7305819182787503
2.730220656379762
2.7298597067530945
2.729498154886952
2.729136275878379
2.7287745158306898
2.728433536762393
2.728082721116015
2.727734686180296
2.727385550856402
2.727035999169415
2.7266860682946104
2.7263348808954704
2.7259836042756675
2.725631576715287
2.725279199707309
2.724926614517784
2.7245733155629566
2.724219243362384
2.7238646284027794
2.7235091658468775
2.7231529151751204
2.7227964860620375
2.722454109203355
2.722105419982775
2.721757414787278
2.7214085991707595
2.721058579075292
2.7207078080392457
2.720355906874803
2.7200037975288134
2.7196512346444544
2.719298500753825
2.718944911831844
2.7185908024559953
2.7182354737310876
2.717880263967064
2.7175249278071
2.717169019147884
2.7168138242539714
2.7164790311516325
2.716134728613644
2.7157920692228625
2.7154483912295135
2.7151039102501993
2.7147583363177645
2.7144114761207736
2.7140633222241717
2.7137147817046965
2.7133661445295036
2.7130165407971294
2.7126669593699213
2.712316641872245
2.711966391290065
2.711616192753272
2.7112655035028332
2.7109140187014837
2.710580876181408
2.7102396071459567
2.7098994087584596
2.7095586973521506
2.709217034258772
2.7088748432764707
2.7085318121329274
2.708187583945491
2.707842188454382
2.7074958115359817
2.7071491818257036
2.706801756564514
2.706453446531752
2.7061041996820294
2.705755555071781
2.7054060405600704
2.705056763970127
2.704724825929
2.704385750234844
2.7040474031761015
2.7037085059232706
2.7033689246453583
2.7030282950246574
2.7026862527434603
2.702343660268177
2.702000800130905
2.701656735514683
2.7013122173600927
2.70096703005053
2.700621158715886
2.700274484395276
2.6999282041325934
2.6995815075068186
2.699234483738612
2.6989062855302706
2.6985696039239
2.698234156536701
2.6978986347989493
2.697562384425783
2.6972251228851056
2.6968862405023857
2.696546138770607
2.6962047210340505
2.695862820018904
2.6955198037454715
2.6951764528945525
2.6948323362329454
2.694487937039238
2.6941434040145373
2.693798603327848
2.6934541149134774
2.6931238943701103
2.6927873763349566
2.692452285830408
2.692116786397822
2.6917810936537996
2.6914446053588663
2.691107135636642
2.690767985591934
2.6904277872044364
2.6900871352785694
2.689745695236848
2.6894043221106227
2.6890634843083756
2.6887223044935866
2.6883815633470576
2.688041238563621
2.6877005643325886
2.6873720761570925
2.6870372235743116
2.6867028691402326
2.6863678381161264
2.686032821962131
2.6856963708424733
2.6853592580029004
2.685021342177361
2.6846826754112434
2.6843432428344354
2.684003460810032
2.6836637531361807
2.683323874456059
2.682984218827594
2.6826444144980246
2.6823054280245313
2.6819662036292704
2.68164225083747
2.6813104540623924
2.6809802781293572
2.6806496114826754
2.680318253375857
2.6799856536148137
2.679652934892887
2.6793192793539995
2.678986084788537
2.6786520128865567
2.6783175841019244
2.677982486162321
2.6776466818924702
2.677311249375381
2.6769756161118003
2.676639804406894
2.6763039034813247
2.6759862556163667
2.675660518411308
2.6753360526006964
2.6750113860435927
2.674685381176545
2.6743581941357157
2.6740303305048596
2.673702072816076
2.6733733838940883
2.6730440481222946
2.672713545046829
2.6723834657695114
2.6720518251305934
2.6717206231599353
2.6713892947933378
2.671058033342238
2.670726444748707
2.6704140683379123
2.6700934167106376
2.669773843166372
2.669454039135395
2.669133142151297
2.66881085481187
2.6684875339997642
2.6681625774755062
2.667837033581884
2.667510195988651
2.667182629760004
2.666854520772325
2.6665259136359447
2.6661976410770505
2.665869123161333
2.665540240927909
2.6652112099933807
2.664897264785931
2.664576665204043
2.6642580953922343
2.663938886165676
2.663618851647986
2.663297642391568
2.6629760539473337
2.6626535584263595
2.6623306539773473
2.662006753230933
2.6616823022904312
2.6613569219680246
2.6610312070681323
2.6607059457066096
2.6603807066502525
2.660055199931907
2.6597291727596946
2.6594200082927633
2.6591028362713405
2.6587871512609644
2.658470529433629
2.658152963354278
2.657834282016642
2.6575146192517134
2.657193759442892
2.656872230479099
2.656550233106826
2.656227462488808
2.6559044613840777
2.6555809398254806
2.655257990766137
2.65493431307138
2.65461129709654
2.654288400082583
2.653979057174326
2.653663818267265
2.6533500663712513
2.6530353999634433
2.6527199454397805
2.6524041860788525
2.6520872073688655
2.6517691431408137
2.6514500751803047
2.651129564819079
2.6508085786143187
2.6504865217616036
2.6501647028306565
2.6498418429919757
2.649518306563268
2.6491947106541187
2.6488709883490302
2.648563370373589
2.648247826629263
2.647934736453166
2.6476217206276207
2.6473086973670212
2.6469945662831904
2.6466793794215158
2.6463633523985997
2.646046336513336
2.6457278113118594
2.645409576077537
2.645090716298575
2.6447718862598335
2.644452959565374
2.6441339956956385
2.6438147864690795
2.6434955177620796
2.643194621076573
2.6428856796612994
2.6425776155825433
2.6422699158214944
2.641959918628376
2.641649066403906
2.6413375821997405
2.6410250347826754
2.640711736425031
2.6403973079389913
2.640082745621957
2.639766897040366
2.6394517324838573
2.63913583185688
2.638820362463106
2.638504707192952
2.6381889850073
2.637892028901071
2.637586269689439
2.6372816629113687
2.636976877691973
2.636671021824623
2.636364236575368
2.636056715255645
2.635747469003106
2.6354374197646018
2.6351261214368167
2.6348137598961325
2.634500684590146
2.634187817465706
2.6338745488482833
2.6335608713028225
2.6332476026853993
2.6329346314701856
2.63263935568644
2.632335856731601
2.632033755567146
2.6317299815152633
2.6314257093146787
2.6311200616288755
2.630813506866333
2.6305064539550895
2.6301979140327982
2.6298899466097603
2.629581585128795
2.629272666018687
2.628963419766148
2.628653764585571
2.6283438120027847
2.6280333464011867
2.6277231782017982
2.6274336645858622
2.6271337567627033
2.6268359828003978
2.6265376660790594
2.626238620722308
2.625938973126082
2.625638418453117
2.625337150014849
2.6250346547924672
2.6247308138250864
2.624426348313066
2.624120209913617
2.623813610540743
2.6235065130191684
2.623198619946683
2.6228901915502205
2.6225803802334835
2.622289007853738
2.621989315647181
2.621692233145012
2.621394689669419
2.6210965216491857
2.6207980934020187
2.6204983045397436
2.6201972665881885
2.619895224904176
2.619592387669252
2.619288769753529
2.6189847652149334
2.618680232787416
2.618374837893491
2.6180679857287386
2.6177605387595677
2.617452705167524
2.617162068858247
2.6168632391180977
2.616566022784935
2.6162688361919932
2.6159709283986934
2.6156723514504217
2.6153729863862947
2.615072364797833
2.614771036879123
2.6144691810714917
2.6141667527646066
2.613863447121203
2.6135592641412817
2.613254664798267
2.612949939059313
2.6126451315347516
2.6123414764437523
2.6120566246074515
2.611762597912986
2.6114705340731033
2.6111785891941053
2.6108855513619864
2.6105916064531285
2.6102969106036915
2.6100012110217974
2.6097050876417547
2.6094081017953044
2.6091109821178597
2.608812531565527
2.608514660947503
2.6082160542590107
2.6079172988694137
2.6076185732200376
2.6073189776691983
2.607038155632836
2.6067488501984477
2.606461076385438
2.6061732877023176
2.6058838484369344
2.6055940448538446
2.6053029624412534
2.605009701557478
2.6047153179803604
2.6044206593062
2.6041249299840845
2.6038288214741523
2.6035315456605477
2.6032334073805354
2.6029353657562413
2.6026371233854557
2.602338174684422
2.602063783970842
2.6017773484677753
2.6014931955266665
2.6012064700564452
2.6009182427050654
2.600628067369214
2.600336680119358
2.6000440512152774
2.599750269877635
2.599455507112701
2.5991596439595916
2.5988635651898804
2.5985670031415786
2.5982699578146864
2.59797294966307
2.5976763281343263
2.5973793645930416
2.5971005574566495
2.59681248624143
2.5965264447962912
2.596239533449689
2.5959526741484735
2.59566446910226
2.5953759294785606
2.595086757875166
2.594796560234148
2.5945058198340982
2.594214417714132
2.5939226884517352
2.593629724970169
2.5933359064572503
2.5930419615483924
2.5927480835550316
2.592453462056147
2.5921820825399386
2.591899617356369
2.5916192860336533
2.591339073671821
2.5910574783897147
2.5907754370042935
2.590491863997494
2.590207450829452
2.589921736526743
2.5896350333616875
2.5893478097427653
2.5890599467090927
2.58877113198835
2.5884822875273854
2.588192840826947
2.5879036097431105
2.5876135236279216
2.587342709175911
2.587062437333637
2.5867844703584866
2.586505700397371
2.5862254880355393
2.5859435953512224
2.5856607658499464
2.585376233721021
2.5850904896780915
2.584805095082758
2.5845191428582814
2.584232633004662
2.583945758833336
2.5836580668059344
2.583370240947538
2.583082303563313
2.5827937416344473
2.582528540649142
2.582251815328217
2.5819773874393603
2.581702498577079
2.581426308580131
2.58114831186476
2.5808682482040326
2.5805880804525323
2.5803069238386844
2.5800249716739265
2.5797420455169324
2.579458204848144
2.5791730927849095
2.5788880922475035
2.5786026381717284
2.578316343934711
2.5780288675239107
2.5777631386496833
2.5774866363804154
2.577212892516641
2.5769384423226183
2.57666347167473
2.576387229632395
2.5761100730782656
2.575832336589828
2.5755527339025255
2.575273012254339
2.574991892815768
2.5747104908450975
2.574428144622412
2.574146378334035
2.5738642997733376
2.5735823773488007
2.573299651938298
2.5730386740643683
2.5727672648079385
2.5724979596721416
2.572227992816428
2.571956204372181
2.5716832857995384
2.571408909956068
2.57113317349749
2.570855957462919
2.5705773956833498
2.5702978970868204
2.570017550893994
2.5697364909358646
2.569454665167046
2.569172274334029
2.5688891994759295
2.568604741697557
2.5683452880099504
2.5680748304405916
2.567806261375263
2.567537030590018
2.567267918765657
2.5669962715874597
2.566723739637689
2.5664494678849925
2.5661740660039
2.56589797266267
2.565620845848762
2.5653432431913186
2.5650650382944007
2.5647855694380923
2.5645049630183325
2.564224148417026
2.563943415601327
2.563681077112289
2.5634104039263277
2.563140979829647
2.562872328978711
2.5626022134218926
2.5623314212750476
2.562060205330054
2.561787680815339
2.5615144351002654
2.5612403863992257
2.560966166691916
2.5606914860111814
2.56041550419578
2.560139827217643
2.559864246895225
2.559588525306757
2.5593125137511343
2.559055937429906
2.558790030114353
2.5585258254264494
2.558260832622691
2.5579955721569436
2.557728809810038
2.5574621366837955
2.5571936642741853
2.556924470664216
2.5566550540025905
2.556384388251685
2.556113499449122
2.5558418150956483
2.555568941133337
2.5552968404167697
2.5550238772337956
2.5547503043762916
2.5544978099003885
2.5542350773534226
2.5539738392525595
2.5537112405365874
2.553448195717301
2.5531830021670507
2.5529173327732653
2.5526513511071602
2.5523835924628524
2.5521152836244574
2.551847182967609
2.5515778257864254
2.551307613573889
2.5510375872377336
2.5507670032724357
2.5504965828783526
2.550226236834822
2.5499824562436593
2.5497258799224305
2.549471221845453
2.5492151288028153
2.54895756361924
2.5486988831773787
2.5484390428669
2.548178102168247
2.5479153027057833
2.5476510905828245
2.5473851014816637
2.547117900466499
2.546850528445064
2.5465823311324973
2.546313576190788
2.546044917904797
2.5457754343276737
2.545525899003756
2.5452667278482495
2.545009118054342
2.5447500732947748
2.5444903370750693
2.544228868487494
2.5439669314914384
2.5437033439131196
2.543439444062481
2.5431744363886115
2.5429084770276718
2.54264230205013
2.5423751010349656
2.54210771414342
2.5418406692644155
2.541573840002013
2.5413068248632293
2.541061832358062
2.54080544934827
2.540550575654691
2.5402946238781023
2.5400376981092774
2.539779017667416
2.5395186940783474
2.539257366756821
2.5389946862552417
2.5387316860462867
2.538467035255069
2.5382013212509524
2.5379366332844584
2.537671023371115
2.5374057629053675
2.537140182732245
2.5368746471694537
2.536630472520363
2.5363755319112866
2.5361218701317116
2.535867472281668
2.535612293750824
2.5353551374952867
2.5350970890331213
2.5348379327477244
2.5345780701320804
2.5343169658622116
2.5340556088004647
2.533793850245735
2.533533013637854
2.533271195602682
2.533008663802207
2.532746347618335
2.532483131792778
2.5322404887650665
2.5319882619511525
2.531737366012126
2.5314857711779073
2.531232637287254
2.5309785963198617
2.5307229939908695
2.530465733644559
2.5302066740148805
2.529947116236501
2.529687402321962
2.529427048992672
2.5291658926774168
2.5289048850632656
2.5286429480672097
2.5283807731493866
2.528119036899822
2.5278808102949224
2.5276320630868603
2.5273860891544015
2.5271391858400385
2.526891866162582
2.526644375478855
2.526395308563417
2.5261449479483677
2.5258922452909185
2.5256381745833054
2.525382847351357
2.525126152069244
2.524868891722934
2.524610954786596
2.524352482526282
2.524093184974836
2.523833597456236
2.5235919358558156
2.5233423187462902
2.5230932072205214
2.5228437239419903
2.522592642126583
2.522340824240707
2.522087801875882
2.5218343631479643
2.521580411401235
2.5213260061161358
2.5210707086244084
2.520815611879172
2.5205592660446556
2.5203031953071835
2.5200459275258176
2.5197890909776555
2.5195308045937224
2.5192946003238474
2.5190474665227716
2.518801552070755
2.5185544480099007
2.5183064220021962
2.5180571097299356
2.5178060353495835
2.517554611521635
2.51730204269518
2.5170489162395824
2.516796005400586
2.516542864074878
2.5162879532060227
2.5160327969803444
2.51577774484544
2.5155225811847064
2.515266042038754
2.5150288563415875
2.5147839827973044
2.51453968918733
2.5142943026242355
2.5140473026541543
2.513798845413246
2.513550455087835
2.5133002803491666
2.51304936954003
2.5127982654194567
2.512546521884133
2.512294183544391
2.5120417634190404
2.511788495697393
2.5115351982355247
2.511281261358906
2.5110279415918715
2.510793462254812
2.5105496296182626
2.510306153864364
2.5100620535658256
2.509816763658449
2.509570983037427
2.509324689397593
2.5090770871880377
2.508827916181827
2.508578685695174
2.508328734008163
2.508077510926706
2.507825938397653
2.5075747599265275
2.507323640935844
2.5070726780813204
2.506821440129753
2.506592893966774
2.506353693369638
2.5061162697507036
2.5058793219753053
2.5056413332921728
2.505401946818656
2.5051604339193405
2.5049181849495565
2.504674515884222
2.504429575424442
2.5041836981477017
2.5039365792167367
2.5036894082403847
2.503441657329724
2.503193043952656
2.5029440365176607
2.502695393400371
2.502465375096455
2.502227207971997
2.501989843833505
2.5017524127795157
2.501514037473511
2.5012748666165963
2.5010351604357037
2.500795298118651
2.5005549227827877
2.500313640370185
2.5000706702000426
2.4998268821738243
2.4995817484026084
2.4993354250225535
2.499088127650263
2.498839804240349
2.4985914957005453
2.49836445885378
2.4981281504931316
2.497893633980796
2.497657563541915
2.497420504240688
2.497182210720291
2.496943850284397
2.4967035046887545
2.496462943476509
2.496222211257994
2.4959799399830445
2.495738107376354
2.4954955238290846
2.495253267424245
2.495010103942667
2.4947658698131345
2.4945213085411715
2.494296524516143
2.4940628927753807
2.4938304506434563
2.4935976962392123
2.493364956705079
2.4931308565558363
2.4928953437460986
2.4926579126921093
2.492418600569145
2.4921793330565114
2.49193840752656
2.4916963146929363
2.491452943029811
2.4912097051976807
2.4909665788913786
2.4907237574223413
2.490480028876565
2.490254709527559
2.4900215313251666
2.4897893940305074
2.4895568180675887
2.4893233573330966
2.489088766470209
2.488853157004753
2.488616424845956
2.488379001227022
2.4881409679335587
2.4879012691877214
2.4876602023917207
2.4874191430307744
2.487177711917067
2.4869365261601826
2.48669541475385
2.4864536118873803
2.486231630878177
2.4860002296539863
2.485770553362611
2.4855401930461536
2.485309111529338
2.4850764389107014
2.484843595285794
2.4846099858501978
2.484375023234547
2.484139577340307
2.483902949272284
2.483666113022714
2.4834283845665146
2.4831907527660335
2.4829516413895605
2.4827127828049655
2.48247359707794
2.482256835477514
2.4820297317152513
2.481805007170665
2.4815799480485925
2.481354323862322
2.481126647600806
2.4808973504972474
2.4806666853435253
2.480434674444805
2.480201079879319
2.4799664592762096
2.479731727147272
2.479495827714662
2.479261318637382
2.4790256943018156
2.4787900104858074
2.478553635209662
2.4783364944214186
2.4781103720864475
2.477887119682798
2.477663175819012
2.477439284000612
2.4772135705936784
2.4769865857922997
2.4767581288499834
2.4765286161298232
2.4762987316569007
2.4760694271182873
2.4758393270287633
2.4756089369720846
2.475378584090683
2.4751477404956352
2.474916993556305
2.4746852131442973
2.474476377312756
2.4742565822097924
2.474037887495004
2.4738174975876217
2.4735960147271197
2.4733742195942967
2.4731502459902894
2.4729241905708155
2.4726970273281106
2.472468339899082
2.472238061368232
2.472007388779455
2.4717754819715076
2.4715429803591413
2.471310166474456
2.4710766983049086
2.470842828642379
2.4706355987827684
2.47041518657022
2.4701964695502663
2.469976042467608
2.4697547529185417
2.4695312031126826
2.4693061662957763
2.4690790179231823
2.468849520073132
2.4686199106972544
2.468390063399608
2.4681596882130403
2.4679297739998973
2.467700655337665
2.467471938168415
2.4672430276877293
2.467013448052072
2.4668045899153648
2.466585590363312
2.4663674309725008
2.466148572686498
2.4659283537853858
2.4657067222237785
2.4654840497544384
2.465260618909463
2.465037076538659
2.4648114374822785
2.464585225926644
2.464358412131536
2.4641310109670633
2.4639033272704918
2.4636747439322364
2.463445707055612
2.4632161125498437
2.463011908757716
2.462796106279416
2.46258123318302
2.462365460444941
2.462148661669239
2.4619301528308317
2.461710833571404
2.4614903023979715
2.461269369731557
2.4610473887223536
2.460825221836769
2.4606016794659653
2.4603777802125104
2.4601527285254936
2.4599271043392235
2.4597009299588652
2.459474510221684
2.4592731243154917
2.4590597531002545
2.4588477350650706
2.4586350850501915
2.4584208364984366
2.4582055172987265
2.457988146023771
2.457769607445143
2.4575495149399704
2.457328433572451
2.457106787140733
2.456883564477305
2.4566587953223866
2.4564340782128555
2.456208766298905
2.45598361795617
2.4557592354241247
2.4555573364991203
2.4553439281086074
2.455131843157926
2.45491912622755
2.454705450175048
2.4544905101631556
2.4542748489509045
2.454058161701031
2.4538400617906624
2.453620802011676
2.4533999436958136
2.4531789069386254
2.452956435215776
2.4527333761235632
2.452509811447594
2.452286321122177
2.452061983200463
2.451857883499108
2.4516441182259436
2.451432018405152
2.451219702967759
2.451006718375394
2.4507922319018713
2.4505774108508622
2.450361660417949
2.4501448839474125
2.449926873257706
2.449708438769852
2.4494889336340426
2.449269376452847
2.4490497226159333
2.448830425661671
2.448609559910753
2.4483878465635383
2.44818612607986
2.4479737511620248
2.447762454327199
2.447551796907124
2.4473405075073535
2.447128392816452
2.446914337576133
2.4466994273044613
2.4464832976837303
2.4462667293947407
2.446049945489149
2.445833087233005
2.445615180634072
2.445397705268343
2.4451788544173954
2.444959661553906
2.4447396731395066
2.444539685023699
2.4443297339338717
2.444121708523351
2.443912694250484
2.443703085173197
2.4434916322022118
2.443279145758548
2.443065313569886
2.442850239726999
2.442633745788562
2.442417214674848
2.4421985571353364
2.441979394012068
2.441759331247116
2.4415387405932427
2.4413171536419664
2.441095626171133
2.4408965005217325
2.440688750208256
2.4404824794707713
2.4402755618834817
2.4400677297843973
2.4398585891155906
2.4396491956549062
2.4394388802473723
2.4392266019852546
2.439013520737172
2.4387993614060797
2.4385833135709567
2.438366105867216
2.43814934426679
2.437931794550509
2.437714661197321
2.4374964795013447
2.43729798583164
2.4370911128546813
2.436884596760374
2.436677277680101
2.4364694455810167
2.4362597918933986
2.4360479746047066
2.4358356368621474
2.4356221243808607
2.43540771225789
2.4351918577342033
2.434976010645572
2.4347594051813055
2.4345427997170392
2.4343260604217796
2.43410888245826
2.433891176605819
2.4336959394903084
2.433489981025144
2.4332859928496178
2.433082212855639
2.4328776596159147
2.4326722736500037
2.4324655939844813
2.4322592786366655
2.4320514539726363
2.431843681353994
2.4316357897744676
2.4314269093325946
2.431218370903262
2.4310084198134345
2.4307985653793254
2.4305881235758524
2.4303778899539257
2.4301924745463857
2.4299952597061822
2.4297994500914184
2.4296015809663536
2.429401912557921
2.4292008686642697
2.4289978247407586
2.4287928848781624
2.4285864133941866
2.4283797932091065
2.4281715447469288
2.4279634003755235
2.4277551742185115
2.4275466655294005
2.427337829697859
2.4271287782497155
2.4269191543023183
2.426731329936881
2.4265325463000225
2.4263353983753153
2.426137246718152
2.4259387084381157
2.425738095777668
2.4255360035412274
2.4253324540339607
2.425128235371722
2.4249230650224134
2.4247179392834357
2.424511378578797
2.4243043866409546
2.424097141911234
2.4238891685461
2.4236806672920443
2.423471890940944
2.4232849587821357
2.423087855467761
2.422891986372555
2.4226949276685112
2.4224961663368183
2.4222953157546026
2.4220932904336596
2.4218896814459505
2.421685514829099
2.421480567531447
2.4212742150083546
2.421067416381949
2.420860097301676
2.420651425041349
2.420442938657404
2.4202343035723537
2.4200260699802865
2.4198380225631917
2.41964024265879
2.4194434144414587
2.4192457906732168
2.4190471854776834
2.418847896257068
2.4186468226231956
2.418444752691921
2.418241530327085
2.4180373116648464
2.4178319554391563
2.4176266066485215
2.4174203805213685
2.417213418323747
2.4170057721010436
2.41679781360602
2.416590680402128
2.416407837523701
2.416213901542857
2.4160226198767343
2.415830483179258
2.415636480282918
2.415442544302074
2.4152470766998513
2.4150498841648136
2.4148508849113526
2.41465027968596
2.4144486558579996
2.4142462216090186
2.414042984374072
2.4138387805819437
2.4136334838366955
2.4134274435859235
2.413219975804546
2.4130344711763434
2.4128393455866615
2.4126456177873643
2.4124514736249743
2.4122568461839937
2.4120594305972984
2.41186175478367
2.411662138420624
2.411461860337662
2.4112608090089553
2.4110586052466867
2.4108566840165166
2.41065485200701
2.4104521352259294
2.4102498571131084
2.4100474377342382
2.4098448473490968
2.4096666216399725
2.4094757860771634
2.409286682882225
2.409096077806128
2.4089054727300314
2.408712503306369
2.408519080344337
2.4083249138767813
2.4081292901383984
2.407932922894492
2.40773483071777
2.407536091691242
2.407336259711595
2.4071367474393224
2.406935391273351
2.406734168938373
2.4065318462152208
2.406354810114935
2.406165305427013
2.4059796967080374
2.4057920359138154
2.405603341646915
2.4054137179981097
2.4052224437670415
2.4050310654452
2.4048383116381395
2.40464511916282
2.4044510939613133
2.4042560055469084
2.404060433853912
2.403864549888596
2.4036670896915697
2.4034687149827487
2.403270630241082
2.403089817132735
2.4029006544573543
2.4027128003516958
2.402522961086289
2.4023321775688666
2.402139795514568
2.4019468781362923
2.4017531131617194
2.4015578314358774
2.4013626612358645
2.4011658107133673
2.4009691535023063
2.400771938662103
2.400574352069137
2.400377152099044
2.4001803461868785
2.399982804204244
2.3998050692087656
2.3996182560108408
2.3994326844671408
2.399247417760705
2.399060716088609
2.3988714418873998
2.398681104473292
2.3984885365426125
2.3982945336462715
2.398099660848468
2.3979040296750305
2.3977074691196876
2.397510008922661
2.3973110394094213
2.3971114899618726
2.3969117918132192
2.3967125695081006
2.3965270797500087
2.396335731168388
2.3961454755398877
2.395956208773734
2.3957653583408143
2.3955740692396357
2.3953814566986247
2.3951883980542994
2.39499380035354
2.394798169180102
2.3946022703446754
2.3944051819004106
2.3942070079380815
2.39400908676763
2.3938111284219024
2.3936133039071694
2.3934149738086794
2.3932395882906565
2.3930535557735317
2.3928687426054656
2.3926841524890574
2.3924984248091974
2.3923113959946707
2.392123601369454
2.391935011193327
2.3917451942330854
2.3915556672399987
2.391364705281251
2.391173787932834
2.3909813984434805
2.390788629766309
2.390595028362952
2.3904020515042337
2.390209015165074
2.3900429978166513
2.389865084379847
2.389688881005748
2.3895113616268713
2.3893329128660894
2.3891532968016356
2.3889724167777913
2.3887914103580075
2.3886098760493018
2.3884271967420894
2.3882440564614527
2.3880597637472536
2.3878735230485817
2.3876874087458497
2.387499554640191
2.3873106001463578
2.387121021107884
2.386948289904581
2.38676706043314
2.3865872138819735
2.386406177721969
2.386223126661995
2.3860386629415253
2.3858533218845377
2.385666359985508
2.3854783200034686
2.3852896629118447
2.385099667510278
2.3849089211681314
2.384718100475433
2.3845269080299727
2.384335024124375
2.384143407880766
2.3839517098515492
2.3837817667939607
2.383602871929865
2.383424155507095
2.383245260642999
2.3830656966239316
2.3828845786783197
2.3827014755729587
2.382517472825914
2.382332087158595
2.3821467237964415
2.381960698714372
2.381773811165895
2.3815863659882743
2.381397917078197
2.381208419825331
2.3810188779621337
2.3808293807092675
2.3806588056719833
2.3804796877562304
2.380301923020531
2.380122061599254
2.379942058911928
2.3797609112260947
2.379578551626258
2.379396258941918
2.379212189279376
2.3790276363382437
2.378842362196753
2.378656508120954
2.3784711447588003
2.378285052761234
2.3780984551799107
2.377912199611129
2.3777254235884797
2.377564595908614
2.377391136069898
2.377219416034107
2.3770462907728764
2.376871656195432
2.3766972000593136
2.3765210859058774
2.3763432393845703
2.3761642924750874
2.375984029560828
2.375802368856183
2.3756201282172302
2.375436980501538
2.375253773305404
2.3750699564347397
2.3748855596297673
2.374701304090845
2.3745398444312835
2.3743676559870126
2.374196724067078
2.374025316303607
2.3738527784117402
2.3736790063007036
2.373503643087846
2.3733263765008474
2.3731477939090717
2.3729683191106674
2.372787937235524
2.372607235653005
2.3724261994930007
2.3722444644378036
2.3720618371759783
2.371879016602716
2.3716954227837097
2.3715365282182055
2.3713663472388498
2.371197318693055
2.3710273235900803
2.370855558943958
2.3706836232915656
2.370509234070944
2.370333432189828
2.370156715796917
2.369978817230223
2.369799788535133
2.369620083250016
2.3694390396549565
2.3692573715152565
2.3690751606165246
2.368892570529975
2.3687091328471284
2.3685513386698
2.3683816558391446
2.368213697941304
2.368044565304737
2.36787482299364
2.367703675457103
2.367531360616893
2.36735784873279
2.3671822178579442
2.3670061334447285
2.3668291047794976
2.366650366051562
2.3664699990465285
2.366288598568817
2.3661072724416585
2.3659252845945837
2.3657431108711275
2.3655811084525333
2.3654103624089795
2.3652412520775776
2.36507072908568
2.364899641029585
2.3647271700532153
2.364553293851406
2.364377856287996
2.3642009019733172
2.3640219773690005
2.3638430378945734
2.363663131862965
2.363482184923623
2.3633001524662167
2.3631173244578996
2.362934362618588
2.3627496981516276
2.3625886176798834
2.362417477578401
2.362248002929293
2.362077212275407
2.3619054104540087
2.3617323892835516
2.361557866231936
2.361383529056701
2.36120726620216
2.3610298434790016
2.360851201406784
2.360671503556722
2.3604910250258606
2.3603101078267397
2.3601292575431163
2.3599478793705706
2.359767088567389
2.3596134208457182
2.3594465261607773
2.359281966083181
2.359116179221471
2.358950013171944
2.358782032968938
2.358612967247868
2.3584424368209156
2.3582703822076394
2.3580967959729837
2.357922302661589
2.3577469171435657
2.357570557633306
2.3573924211448447
2.357213370144589
2.3570336797295828
2.3568545469437194
2.3566970501686004
2.356529984477389
2.3563644950178886
2.3561982769229743
2.3560314863288068
2.355862494958289
2.3556930426143463
2.3555230549464263
2.355351260560083
2.3551786037073326
2.355005195914003
2.35483076208305
2.354656149810772
2.354481641629267
2.3543063750721274
2.354131041599491
2.3539553066338716
2.3538077802678274
2.3536481719370204
2.353490169578145
2.353330338195681
2.353169116457887
2.3530058798201243
2.352841193346589
2.3526745886288025
2.3525064820298582
2.352337327088125
2.3521671089334926
2.3519962513641093
2.35182456106854
2.3516518521704026
2.351478303111023
2.351305460381892
2.3511314429140326
2.350979938793436
2.350817133388876
2.3506560975274637
2.3504926601432086
2.350327691137575
2.3501621421976324
2.349995693616006
2.3498280108152096
2.3496608484682806
2.3494915820007187
2.3493218619947873
2.3491516587102654
2.348981001887374
2.348809430552688
2.348638297886261
2.348466674506189
2.3482946198929127
2.348145948528362
2.3479862063665604
2.3478286203707786
2.3476694432731757
2.3475094631896067
2.3473479514846587
2.347185302216259
2.347021381553414
2.346856657904603
2.3466919639960127
2.346525292362729
2.3463585240737275
2.346191607083621
2.346024377821194
2.3458556095023337
2.345686447125545
2.3455168163402766
2.345367617086804
2.3452077782692844
2.345048839093449
2.3448890300161507
2.344728373342555
2.344565471282278
2.344402130553741
2.344238321416724
2.3440731739697647
2.343906561816923
2.343740157845628
2.3435719694610757
2.3434031937071595
2.343233919804543
2.343063761130352
2.342892806905251
2.3427213991417806
2.342573426672422
2.342415223567055
2.3422580316292008
2.342099724433061
2.3419409488284404
2.3417800616681324
2.3416177544122743
2.3414540121907543
2.341288894484016
2.3411229217459244
2.340954896932588
2.340786827508919
2.340618958831742
2.3404493652217497
2.3402796749560397
2.340109538587015
2.3399387553681845
2.3397942253294013
2.339638111474556
2.3394840794351786
2.339329229539724
2.339172907503333
2.3390162508894554
2.3388569994413
2.338696454293533
2.3385350764195794
2.3383728806895494
2.338209205383527
2.338044883227699
2.337879877046789
2.33771429093157
2.3375488906927324
2.3373823826306643
2.3372160753150872
2.33707500257699
2.336922710340538
2.336772195082288
2.3366201853779347
2.336466837363639
2.336311712371141
2.3361548104004406
2.3359960571009863
2.3358363669845716
2.3356758664471364
2.335514124255476
2.3353520697914956
2.3351886026670194
2.3350237526222695
2.3348581516369404
2.334692691917661
2.334527328854099
2.334382568328604
2.334227681257873
2.334073322076065
2.333918182213456
2.3337631464416213
2.3336063708668604
2.3334482049367695
2.3332889534886143
2.3331293302876968
2.3329688371853163
2.332806894247165
2.332645538678377
2.332483157071966
2.3323196453371584
2.332156341783898
2.3319926367376547
2.3318281807508323
2.331682052175173
2.33152691974762
2.331373750174649
2.331219561999111
2.3310651135966403
2.3309091856181765
2.3307529453673927
2.330595403981942
2.3304370224352495
2.3302775107601605
2.330116735125681
2.3299556769591026
2.3297933027877473
2.329630014104597
2.3294659001303155
2.329302128168575
2.329137612701311
2.328991722047419
2.3288371100737324
2.3286836356634972
2.328529841545887
2.328374619897671
2.3282189744513064
2.32806156689685
2.3279031556099365
2.3277445956219185
2.327584853460117
2.327424300877295
2.327262677646518
2.3271010767209077
2.3269386430691097
2.3267758153593845
2.3266128686887755
2.326449691531454
2.326306247010736
2.3261531294831523
2.3260012982201252
2.3258493405611587
2.3256964832605083
2.3255419233322083
2.325386218405402
2.325229316434702
2.3250716486533123
2.324911943666787
2.3247516661810086
2.3245901693461715
2.324428040531638
2.3242654953540125
2.324103359104424
2.3239406875308593
2.3237779416067417
2.3236299840074937
2.3234745987880623
2.3233201429505357
2.323164118316354
2.3230087405319777
2.322852440800752
2.3226959328879797
2.3225401461755655
2.3223833259904727
2.3222269816489156
2.3220701614638233
2.3219134974148905
2.3217561121656
2.3215982882480506
2.3214395275135407
2.321280171974612
2.321120154715767
2.32097939424999
2.320829072303176
2.3206801927570786
2.3205301384722534
2.320379400162346
2.3202272863672193
2.320074198579857
2.3199200401445395
2.3197648779767657
2.3196086451610367
2.3194519141966072
2.3192944917720406
2.319136697594712
2.318978791891555
2.3188199791116584
2.318661411688585
2.3185025691684675
2.3183682623306376
2.3182228252151154
2.3180789717663592
2.3179351406227684
2.317790194220892
2.3176440805153433
2.3174977586282477
2.317349384665907
2.3171993675563574
2.3170482203184117
2.316895177141381
2.316740877440014
2.3165861018951124
2.316431066123277
2.3162746028208363
2.316118109778174
2.3159601222894093
2.31582209792396
2.315674422856811
2.3155288890855705
2.3153820021342773
2.315234193236134
2.3150857523582955
2.3149354081063156
2.3147847664521266
2.3146336861296786
2.3144815574644415
2.3143285960730178
2.3141749729616783
2.314020279202384
2.313864745281848
2.3137087280827213
2.31355209377401
2.3133944706029514
2.3132565131529996
2.3131097377275345
2.3129637206777036
2.3128174508359947
2.312670281352602
2.3125221230068624
2.312373711869245
2.3122241185578445
2.3120735140789312
2.311922857554632
2.3117715318753604
2.3116193065544053
2.3114672001943344
2.311315153314705
2.3111615896838074
2.3110077286507
2.3108542839806856
2.310723226261995
2.310581722290694
2.3104422332193626
2.3103022683044965
2.310160652807367
2.3100179889674486
2.3098738232463725
2.3097280515533645
2.3095806887585355
2.309432314796194
2.3092839259637423
2.3091335594065967
2.308983118498899
2.308833532622554
2.3086833742469555
2.3085327102876003
2.3083816597053732
2.308250646597014
2.308109774605408
2.3079692371912883
2.3078274804281094
2.307684444835429
2.3075411415807605
2.307396254659326
2.3072499848176173
2.307102064393645
2.3069524264719132
2.3068024837129166
2.3066509275469333
2.3064985312197077
2.3063455921334497
2.3061918574962816
2.306037371918534
2.305883280398714
2.3057522970305757
2.3056102800404634
2.305471564214877
2.305331621605176
2.305190236594759
2.3050483385655305
2.3049057565112196
2.3047619699779607
2.3046165700377146
2.30447041915689
2.304323264543607
2.304175292074249
2.3040263307425435
2.3038760905813374
2.303725872725297
2.303575171590666
2.303424262274488
2.3032887360875987
2.3031451205606106
2.303001698345058
2.3028574657084846
2.302712608527271
2.302566189984457
2.3024188717999596
2.3022706614088335
2.302121975174172
2.301973266634345
2.3018247291007885
2.3016746599458524
2.3015243379990387
2.301374424980263
2.301223909722013
2.301073387028708
2.300922901510678
2.300796342000407
2.300659633639735
2.3005243751148345
2.3003873693519528
2.3002488096625267
2.3001087034816106
2.2999679876261645
2.2998258591102236
2.2996828829979856
2.299538635491302
2.299393897270972
2.299248712947328
2.2991023018395693
2.298955652810043
2.2988084535864295
2.2986613138432577
2.29851335624401
2.298382506706866
2.2982425492270546
2.2981046215173233
2.297965942867013
2.2978261786986383
2.297687135730621
2.297546650361888
2.2974048266832114
2.2972619249215263
2.2971197815354745
2.296976619546855
2.296832617396994
2.296688288104703
2.296543111216114
2.2963978971522487
2.2962520362385783
2.296105595390599
2.2959715859549785
2.2958316433452777
2.295693091090907
2.2955534607535255
2.2954137783707584
2.2952730625153124
2.2951315213687353
2.2949887683081545
2.294845658364922
2.2947016785202266
2.2945563678006433
2.2944110570810605
2.294265701751146
2.294119372428995
2.2939727977500213
2.293825613396518
2.2936790461526
2.2935554978397
2.293420752333611
2.2932885793566347
2.2931558933608467
2.2930231330145063
2.2928889600076707
2.2927535973919966
2.292617476400689
2.292480946481342
2.292343234388213
2.2922045854781237
2.292065497899775
2.29192634340593
2.291785627550484
2.291645290882856
2.2915038315218865
2.2913611156365814
2.2912437904649163
2.291115766248763
2.290989087777608
2.290861427879161
2.2907326675925392
2.2906024202948694
2.2904699796559043
2.2903360891811677
2.2902004068581188
2.2900633416147955
2.289924886016142
2.2897853895097557
2.2896446736543097
2.289502968936518
2.289360424057483
2.289217291809085
2.2890735573212124
2.2889547451385
2.2888236130692565
2.288693856485233
2.2885631184739172
2.288430752185505
2.28829660891889
2.288160621758576
2.288023653170971
2.287884691988561
2.28774518804712
2.287604843944436
2.287463741466118
2.287321397333575
2.2871778115468073
2.287032961800649
2.286887866697668
2.286742221400599
2.2866161005585868
2.2864813699226083
2.286347880940854
2.286214934718133
2.2860802115172096
2.2859450570830826
2.285809196318708
2.285672004679445
2.2855344635925867
2.2853956882865583
2.2852555523654208
2.2851139666085127
2.2849717042615776
2.2848283712666877
2.284684621908705
2.2845406718042303
2.284396580433706
2.2842669130703457
2.284130450066496
2.283995355112811
2.283858862368741
2.283722213488511
2.2835833861370958
2.2834441498576425
2.2833038206250693
2.2831626586663094
2.2830206119359757
2.2828781934528806
2.2827360500668292
2.282593475447574
2.2824502316733475
2.282307404262214
2.282164814772848
2.2820222401535926
2.2818950560986813
2.281760927702177
2.281628806770587
2.281496172820186
2.2813637693564974
2.2812302208943014
2.2810956612645934
2.2809602540385883
2.28082364976869
2.2806869785832933
2.280549883599749
2.280411509786704
2.280272593214626
2.280133550246609
2.2799934886760242
2.2798535832415996
2.279714079300158
2.279588977060713
2.2794566776877976
2.2793256348392177
2.2791937741345607
2.279061110443939
2.2789262459769657
2.2787911435882253
2.2786548069803154
2.27851766738644
2.278379345618781
2.2782415368699334
2.2781030515310596
2.277963540154562
2.277823106831216
2.277682301755107
2.2775412959325076
2.2774006618626697
2.2772822660430503
2.277153602412146
2.2770269090708806
2.276900178554339
2.2767720353773018
2.276642672851205
2.276512380943204
2.276381129913077
2.2762496409611823
2.2761170590561677
2.2759837931260716
2.2758502669690412
2.2757154099371237
2.2755810584889624
2.275446082496161
2.2753098276738584
2.2751736174618875
2.275052418626443
2.2749239557420307
2.2747962066229213
2.274667134063979
2.274538113550424
2.2744069666110707
2.2742760873337056
2.2741436541297957
2.2740102320635387
2.273876772822006
2.273742964132877
2.273608932392091
2.2734752352287906
2.2733411217023973
2.273206071359043
2.273070329555552
2.272934900024381
2.272820496829425
2.272696071180007
2.27257339276857
2.2724495990988474
2.272325582377468
2.272200004294488
2.2720735340048797
2.271945383392787
2.27181614726263
2.271685892529905
2.271555399875412
2.2714236209563636
2.271291105966846
2.271158353055561
2.2710251243007407
2.270891672494263
2.270757856370079
2.270640092530155
2.2705140237335293
2.2703892263313494
2.270264324838396
2.270139200293786
2.270012380556581
2.269884482736367
2.2697555217032535
2.269624887782711
2.269493317045209
2.269361790918038
2.2692295064152335
2.269096181004695
2.268962788678659
2.2688291138205243
2.2686950672096278
2.2685609834234555
2.268439137738205
2.268311968553404
2.2681853495626907
2.2680584108646022
2.267930758401211
2.2678026077891187
2.267672650458603
2.2675424700764304
2.2674107655079343
2.2672785404855706
2.2671455793927393
2.2670117930087756
2.266877865358763
2.2667428893659616
2.266607786977221
2.26647235744605
2.2663372327521443
2.266219149204845
2.2660926045646836
2.2659672495333614
2.2658409130747468
2.2657134316176255
2.265585355356086
2.2654575244513686
2.2653285113728683
2.2651988737497284
2.2650689833347104
2.264938966523753
2.2648086077002545
2.264678248876757
2.2645469978466295
2.2644149140903163
2.264282815463892
2.2641502632990984
2.264035830363921
2.263912914030717
2.263792138993421
2.263670999638418
2.263548797070517
2.2634257320362074
2.263301588918889
2.263176479244389
2.263050172525996
2.2629232635681285
2.2627955070139634
2.262666962343943
2.2625379567004984
2.262408021675149
2.262278265091125
2.2621482557152226
2.2620171162109246
2.2619068246015153
2.261787060731732
2.2616691853659794
2.2615506854555867
2.261430787754809
2.2613103026846675
2.261189059238892
2.261066566703836
2.2609440816038355
2.260819603909031
2.2606953567009387
2.2605700091046717
2.260445048131276
2.260318681932441
2.2601923306037164
2.260064596354717
2.259936936456271
2.259820183783859
2.2596978250797974
2.2595760388749895
2.259453903222585
2.2593306746170603
2.259207051953608
2.2590826486093563
2.258957680200906
2.258831254521629
2.2587040779017724
2.258575823198907
2.258447464405268
2.258318867689861
2.258188665002523
2.2580588266328916
2.257928438069172
2.2577980346353423
2.2576780031035706
2.2575528190785183
2.257429070019127
2.257304540278936
2.257179646221038
2.2570538822616775
2.256926794862484
2.256798904477325
2.2566699954895983
2.256540759359441
2.256411723975775
2.2562825993714464
2.25615400265604
2.2560251457136995
2.255895530395725
2.2557673723485774
2.255638470795906
2.2555209151375286
2.2553985341283016
2.25527664383272
2.255154181037885
2.255030751685869
2.254906757269655
2.254781766556039
2.254656865063086
2.254530885487123
2.25440504717721
2.254278443056607
2.254151935591722
2.2540250191988
2.2538975823520104
2.253769491220359
2.253640693758461
2.253512387010209
2.253401322155055
2.2532816400708793
2.253163779575237
2.2530456960279377
2.252926824364783
2.252806882053674
2.252685876529666
2.252564246461018
2.2524419546724532
2.2523190903846357
2.252195385935576
2.252071146162539
2.2519465123315743
2.251821871065555
2.251697051358209
2.2515723060014157
2.2514474862940705
2.251343618572387
2.2512308659596942
2.2511196375333244
2.2510076953416522
2.2508952326961134
2.2507820339801063
2.2506681809792375
2.250552179247405
2.2504348540757397
2.250316450821065
2.25019662747084
2.2500761052254226
2.2499548617796465
2.249833506808042
2.2497117131681788
2.249589451119835
2.2494674269932595
2.2493566818454807
2.2492394756346994
2.2491229014036134
2.2490052342194073
2.248886526127468
2.2487671340104467
2.248647288355056
2.2485272122129527
2.2484061992538895
2.2482845840553516
2.2481620840852403
2.248038164019579
2.2479136119742216
2.247789468856903
2.247664225351409
2.247538483697214
2.2474125859068583
2.247304680950181
2.247188604867796
2.2470740678418455
2.2469586609144323
2.246844049537929
2.2467278321894946
2.2466107226344314
2.246493100060557
2.2463743027479546
2.246254970111375
2.2461347527032225
2.2460139404906503
2.2458922286363947
2.245770226814985
2.2456477491500393
2.245524862557056
2.2454014852504263
2.2452987699623055
2.2451867013746942
2.245076201583738
2.2449653002997993
2.244853982652767
2.244741200299853
2.244627748791967
2.2445133009866796
2.244397455391007
2.2442805837577113
2.244162358944363
2.244043911079357
2.2439248609748756
2.243804769962662
2.243684351808018
2.243562944791027
2.2434422069290076
2.243336354047576
2.2432232668573966
2.2431112280100063
2.2429988248449093
2.24288573765473
2.2427721523158506
2.2426572286670274
2.2425412120650843
2.242424444522562
2.2423074093180513
2.2421895562574643
2.2420709225160773
2.241952221859193
2.2418323092883052
2.241711980354324
2.241591116096365
2.2414697090793743
2.241359357989523
2.2412434008680218
2.241128075726216
2.2410121111696597
2.240895700509789
2.2407781076761353
2.2406596003306873
2.2405401859085003
2.240420295642778
2.2402999592737416
2.2401791544962246
2.24005809692683
2.239936779130502
2.2398153349382346
2.23969413610279
2.239572848046683
2.23945136667914
2.239344130877434
2.2392306347592164
2.2391183356848927
2.239005568202089
2.238892302570584
2.2387787246667594
2.23866454452346
2.238549040940329
2.2384329945981647
2.2383165318929072
2.2381993108120155
2.2380810785636114
2.2379619764137444
2.237842799913325
2.2377236159778504
2.2376037703224596
2.2374842889847755
2.2373789342520447
2.2372670961511454
2.2371563733085327
2.237045427414262
2.2369339238908488
2.236821431505089
2.236708611976898
2.236594788716251
2.236480950585493
2.2363661087222777
2.2362506794896984
2.2361347298032523
2.2360182001824978
2.2359012690687607
2.2357842784745814
2.2356671763545735
2.235549308423876
2.23544222875833
2.2353308516308554
2.235219749600425
2.235108409648227
2.2349969061248145
2.234884532699938
2.2347714008994277
2.2346570423148027
2.2345425498991838
2.2344273139780406
2.234311223025545
2.2341949759368895
2.2340777176807216
2.233960288418284
2.233842561753636
2.233724173369071
2.233605532192629
2.233498288955868
2.233385298421407
2.233273683372165
2.2331620162775367
2.233049873339373
2.232937351213392
2.2328250595741235
2.232711585761072
2.2325976658447066
2.232482957812486
2.23236778880684
2.2322520547369957
2.2321359489143897
2.2320195531246294
2.2319034175618024
2.2317865459285073
2.231669681730267
2.2315735985114187
2.2314686601417812
2.231365855632997
2.2312624042744074
2.231157525385212
2.2310522226978673
2.230945485044862
2.230837884925449
2.230728619353663
2.2306186474516285
2.2305079692193472
2.2303964508258236
2.2302847688610843
2.2301722541701587
2.230058847272605
2.2299450388820676
2.229830843868658
2.2297291248779385
2.229621286836758
2.229514586359029
2.229406614486854
2.2292981221608126
2.229189005290131
2.2290795017965768
2.2289706600229393
2.2288607252961814
2.228750240375336
2.228638855812806
2.2285274117698353
2.2284156405844335
2.228303638912319
2.2281911837018353
2.2280787954068493
2.2279662509757023
2.227873238434668
2.227771013860192
2.2276707224000787
2.2275689513639727
2.227466317861459
2.2273634910475093
2.2272588946904133
2.2271536143082344
2.227047739121637
2.2269411278645705
2.22683391436803
2.2267255484379276
2.2266163349115278
2.2265069578139127
2.22639654724362
2.226285400602858
2.226173674027788
2.2260733900027296
2.225967113323149
2.2258620113822962
2.225756641779455
2.225650424580316
2.2255430995579473
2.2254346667123475
2.2253270963331553
2.2252182396894074
2.2251087361958533
2.224999046825918
2.2248895805076407
2.224779935748037
2.224670647871085
2.2245605347030013
2.2244502356585367
2.2243397284325255
2.224243139629921
2.2241402682056397
2.224038266682822
2.2239369417500296
2.2238344643836765
2.2237306710125453
2.2236266397196474
2.223521745960341
2.2234156774623077
2.22330825578422
2.2232011538135086
2.223093107590781
2.222984659875071
2.222875944497372
2.222766322042934
2.222656320400679
2.2225458652200545
2.2224518415115075
2.2223497284628606
2.222249630314183
2.2221489522311977
2.2220476124282955
2.2219457670416376
2.2218426800007545
2.2217392955576614
2.2216350114728853
2.2215301102785237
2.2214244655786386
2.2213185160414883
2.221211644557489
2.221104222879402
2.220996689675486
2.22088853192693
2.220780047035944
2.2206844024853547
2.2205823117418735
2.220481358561844
2.2203795875257377
2.220277400126539
2.2201745807476443
2.2200707576362926
2.2199668304341675
2.2198622712523473
2.219756381195639
2.2196501045160586
2.219543114071175
2.2194354247310994
2.2193273859434273
2.219219049753546
2.2191105351223386
2.21900181974464
2.218906375940542
2.2188043669826683
2.2187031758808713
2.218601895558411
2.218499581763273
2.2183965021574448
2.21829227755311
2.2181874953196328
2.2180818952300787
2.2179752542327917
2.217868501709676
2.21776110977181
2.217653004068641
2.217545292423399
2.217437052889236
2.2173288728355143
2.2172203135939754
2.2171255240747385
2.217024310667776
2.2169235284940165
2.2168225753139867
2.216720744797439
2.2166181410351466
2.216515024254042
2.2164113721489613
2.2163072144601235
2.216202960115568
2.2160983934986924
2.2159938789272036
2.215889185914389
2.2157845003366297
2.2156796957979865
2.215574415415808
2.2154690458129664
2.215376352979307
2.215277920283003
2.2151800526508976
2.215081121805893
2.2149817225524084
2.2148812303458034
2.214780351516326
2.2146789001875953
2.2145772258072074
2.2144747930511857
2.2143722338992244
2.214268678449861
2.214164892513786
2.214060556383622
2.2139559079811395
2.2138511183126064
2.2137454513075556
2.213647962863267
2.213546526404647
2.2134455137441758
2.2133441367659974
2.213242261639118
2.2131396207015492
2.213036845932986
2.212933476360004
2.212829987826138
2.2127262316302834
2.212623018193461
2.212518808459237
2.212414628465234
2.2123100246730822
2.2122050416931134
2.21209992488215
2.2119941537863257
2.211904115267386
2.2118068870500314
2.211710722045575
2.211613820970651
2.211516503532633
2.211418546679864
2.2113191399913243
2.2112188708363765
2.211118110967783
2.2110163919770636
2.2109143161036933
2.210811808997119
2.2107087145211803
2.2106050921563205
2.210501447486294
2.2103973492778985
2.210293503861381
2.210196216163584
2.2100958652230287
2.2099958562950146
2.2098954830492934
2.2097945298692636
2.2096934279881295
2.209591515685974
2.2094895662085423
2.209387319328901
2.209284975793542
2.209182186154868
2.209079470866747
2.2089763986959743
2.2088733413953126
2.208769852861446
2.208666758385508
2.2085637531302327
2.2084732313327025
2.2083770811983574
2.208281994276911
2.2081868404399674
2.208091106668715
2.207994309684564
2.207896620493784
2.2077978309148287
2.207698163999355
2.2075981327661753
2.207496874748881
2.207395215238604
2.2072925668659793
2.2071895393055385
2.2070866976214787
2.2069832760031094
2.206880017955956
2.2067884329455265
2.2066914500849943
2.2065951586845998
2.2064983617004486
2.206401468060579
2.206304782602256
2.2062074354240173
2.2061090175978237
2.206010711297459
2.2059116763616813
2.205812567075351
2.205712610192723
2.205612229511947
2.205511767045563
2.20541070977476
2.205309682244178
2.2052083944866627
2.205122088365453
2.2050288676428718
2.2049366357826368
2.2048438165530384
2.204750350473634
2.204656222674313
2.204561024227038
2.2044649187030245
2.204367831751719
2.204269993859834
2.20417154629342
2.2040724444421445
2.2039730080133837
2.2038736013248434
2.2037738823639836
2.2036736949946434
2.2035730615219893
2.203480621480208
2.2033841962488183
2.203288856535494
2.203192974063137
2.2030967867535156
2.2030001905158554
2.202903393531704
2.20280603891841
2.2027085802143422
2.2026110174195015
2.2025129787811255
2.202414523779656
2.2023153624479392
2.2022161044605038
2.2021165118955826
2.202016577318121
2.2019165683901067
2.201825117210672
2.2017302607759377
2.201635523302088
2.2015405627765805
2.2014454015045817
2.2013494818569486
2.201253391203045
2.2011565198683414
2.201059693143969
2.200962747458713
2.200865489501137
2.2007683802446656
2.2006708694952115
2.2005733364405917
2.2004757513405853
2.200377920883756
2.2002800383815395
2.2001955687189736
2.2001045339026324
2.200015060447891
2.1999252970259957
2.199834648832527
2.199743346354197
2.199651359850785
2.1995587934130643
2.1994653124635497
2.199371206969395
2.199277175825792
2.1991829439356985
2.199088139546351
2.1989932682415065
2.198898330021165
2.198802826736625
2.19870747215319
2.19862472742344
2.1985359974742225
2.1984480035954737
2.19835970487946
2.1982703206453817
2.1981798731984044
2.198088600460295
2.1979966883074358
2.1979043672265384
2.197811347250448
2.1977178960411545
2.1976238872027176
2.1975294991764636
2.197435088845044
2.197340455461967
2.1972458815593323
2.1971506310666706
2.19706507588604
2.196974583828731
2.1968847311861723
2.196794596011515
2.1967040816490404
2.196612823781042
2.196520733186857
2.1964282113594678
2.196335050117328
2.1962414799471506
2.1961473298426646
2.1960530756474044
2.1959582192126703
2.1958633850831024
2.1957682238111036
2.1956727502667843
2.195577157761582
2.1954898553429705
2.1953984190336464
2.195307228081145
2.1952159032976493
2.1951239316643476
2.1950319674661016
2.194939423333547
2.1948465000131745
2.194753085979157
2.194659248146991
2.194565388009659
2.194471498132106
2.194377385202896
2.19428342097479
2.1941893154806356
2.1940946746625034
2.1940001081949236
2.193916292817219
2.1938278677052665
2.1937407660331467
2.193652868810116
2.193564525483771
2.1934756988788355
2.1933862179890387
2.1932959638534975
2.1932054346209124
2.1931137529547655
2.1930215805749724
2.192928947221755
2.1928358677652224
2.192742490906481
2.1926489356064143
2.192555164689745
2.1924613491627443
2.1923768125846816
2.1922878149734757
2.1921996872637326
2.1921112844569457
2.192023015481153
2.191934233486549
2.1918452433103983
2.1917559631670933
2.191665924648154
2.191575529246563
2.1914851412800274
2.1913941808142385
2.1913026478491964
2.191210884397442
2.191119143250852
2.191026762689513
2.1909344416086154
2.190853949700602
2.1907682904291987
2.1906836497603623
2.1905984365922726
2.1905126137496533
2.1904263224985545
2.190339436443036
2.1902521637646455
2.190164155015786
2.1900757001636126
2.189986680247241
2.1898973777987703
2.1898081125255757
2.189718245012907
2.1896277083452667
2.1895372311580683
2.189446240952058
2.1893666932960607
2.1892823054191024
2.189198817183828
2.189115254598002
2.189031134383032
2.1889460996562686
2.188860641131356
2.1887742755297044
2.188687575350567
2.188600243191735
2.188512554150251
2.188424151343464
2.1883352280828103
2.1882460445952234
2.188156660361145
2.188067060510465
2.1879775201402265
2.187898924171299
2.18781527236481
2.1877323417586783
2.187649626769149
2.187566168274096
2.1874822190653966
2.1873971694685226
2.1873115845476714
2.187225315601738
2.1871386079875452
2.1870514914453145
2.186963720618223
2.186875778784861
2.186787747730836
2.186699456449878
2.18661102390287
2.1865225393104755
2.186439668184786
2.186353473589405
2.1862679555840505
2.1861816792030617
2.186095596133509
2.1860091487462503
2.185922106554572
2.1858349751422312
2.185747211750195
2.1856592253065013
2.185570718408941
2.185482033070055
2.1853931172444567
2.1853038891465384
2.1852147130940067
2.18512537347026
2.1850357438793586
2.1849527389226746
2.184866707898509
2.184781264243707
2.184695976725065
2.1846104141093794
2.1845245169162077
2.1844383892363237
2.184351622141689
2.1842643494632994
2.1841766604218154
2.1840889490751656
2.1840007841901463
2.183912522649409
2.183824491595384
2.1837365720671875
2.183648526143052
2.1835607627510156
2.1834792448053797
2.1833949907594157
2.1833115843097493
2.18322794737337
2.1831441543008316
2.183060561974784
2.1829766350712507
2.1828924628108948
2.182807844447224
2.182722854330792
2.1826377378184203
2.1825521603326243
2.1824664490158336
2.1823808046145405
2.1822948033305956
2.1822087723064296
2.182122867678203
2.182042450120742
2.1819592815928437
2.1818768045250816
2.181794238236657
2.1817113596759126
2.1816280944922952
2.1815444203806402
2.1814605306523833
2.181376269171364
2.181291628502528
2.1812071514049074
2.181122354599911
2.1810376767557984
2.180952300016494
2.180867005062797
2.1807815465378844
2.1806962218439665
2.1806183916857287
2.180536851434927
2.180455958033931
2.180374938236996
2.180293918440061
2.1802123781892595
2.1801306074517455
2.180048546747077
2.179966433997022
2.1798844402078505
2.1798022159319674
2.179719976785973
2.179637737639979
2.179555476188819
2.1794728058096213
2.1793898603333797
2.179306461318768
2.1792335011217117
2.1791557973594133
2.1790792088554007
2.179002241163571
2.1789249760695313
2.1788469228596363
2.178768282280378
2.178689284818468
2.1786092910591557
2.1785289181120264
2.178448054451252
2.1783667892974936
2.1782852639168024
2.1782036864907246
2.1781214993901172
2.1780392081987365
2.177957177234289
2.177881198404806
2.1778021488975092
2.1777233893573666
2.1776443770253464
2.1775648591095695
2.177484887655423
2.1774041652606977
2.1773233536453094
2.177242073621441
2.177160577980971
2.1770787849382915
2.176996568097463
2.1769143586916897
2.1768320898054747
2.176749716828486
2.1766673215463324
2.17658482960846
2.1765106574973996
2.1764328347742175
2.1763555027646806
2.1762782302355856
2.176200704914613
2.1761230011523147
2.176044762066039
2.17596612148678
2.1758872281156436
2.17580812656296
2.175728452511023
2.1756486446280925
2.1755687549595533
2.17548840431759
2.1754075555269257
2.175326922352863
2.1752457835950443
2.17517444424003
2.1750988445983643
2.1750238248910065
2.174948500346384
2.1748726181726195
2.1747961858047664
2.1747188686653405
2.1746413136041465
2.174563193478755
2.1744851551389703
2.1744065666050982
2.174327755019569
2.174248653466886
2.174169291687269
2.174089959647873
2.174010426861986
2.173930685894552
2.1738581420605896
2.1737819922248356
2.1737066453750478
2.173630584759957
2.1735542341777117
2.1734775638880914
2.1734005367158193
2.1733231526608963
2.1732453671129903
2.173167365948482
2.1730888740703285
2.17301040449734
2.1729313549900433
2.1728519857753716
2.1727726909112515
2.1726932176058065
2.1726135658590353
2.1725400257276704
2.172463786671254
2.1723882539450847
2.172312468427038
2.1722368167399853
2.1721605999887346
2.1720845914190305
2.1720082780120613
2.1719317192482697
2.1718553091855823
2.171778415844305
2.171701351496757
2.171624197928546
2.171546613127131
2.1714690580659375
2.1713913394335287
2.171313747197059
2.17124321082801
2.1711694625150986
2.1710960487796727
2.1710224268627
2.1709485372837385
2.1708743651726787
2.170800170756453
2.1707252848800898
2.1706500644262405
2.1705743904340222
2.1704983669942077
2.1704220535872385
2.170345658394662
2.170269092195815
2.1701922880752007
2.170115335253481
2.1700383824317613
2.169966849765311
2.1698926776542504
2.1698190557372783
2.1697451215479853
2.1696709196967046
2.169596279177164
2.1695212594698066
2.1694462174572835
2.1693709672632138
2.1692952337905536
2.169219589538556
2.1691437891503984
2.1690677731456396
2.1689917422707694
2.1689155849999606
2.168839323638378
2.1687632332830664
2.168692741524349
2.168619350094089
2.168546553468248
2.168473541225805
2.1684005735936935
2.1683272193387095
2.168253597421737
2.168179618622113
2.168105238329506
2.1680305011542473
2.167955533492277
2.1678802758631517
2.167805062844358
2.167729522683134
2.167653975086855
2.167578375445189
2.167502805543744
2.1674335256990305
2.1673617030654255
2.1672907205930625
2.167219492763877
2.1671482574996364
2.16707654639186
2.1670046047973712
2.16693243271617
2.166859859141986
2.166787092256366
2.1667139610530395
2.1666408372847674
2.166567356633845
2.166494069294358
2.166420655558932
2.166347286433838
2.166273947048964
2.1662095520355424
2.16614075546942
2.166072694973766
2.1660045749976695
2.165936083268812
2.1658670785211425
2.1657974715339985
2.1657276861055297
2.1656573802231933
2.1655866802829293
2.1655158242065053
2.1654444625463256
2.165372900139654
2.16530110724627
2.165228771593854
2.1651564285063825
2.165083683925928
2.1650189617700764
2.1649503882556105
2.1648823203249012
2.1648138360310987
2.164745522743566
2.1646763544246816
2.1646066359117095
2.1645367166522456
2.164466232328584
2.1643953465119394
2.164324148422974
2.1642525488410267
2.164180636986759
2.164108472340613
2.1640360028572023
2.1639633028870793
2.163890736747951
2.1638274644278703
2.1637596641591497
2.163692681746505
2.1636255431977003
2.1635583228632886
2.1634903367181866
2.163422149826594
2.1633534350460786
2.163284333642691
2.163214927402039
2.1631454245056685
2.1630756911225855
2.163005890824006
2.1629357559479403
2.1628655615914325
2.162794817040837
2.1627241542758497
2.1626609340011558
2.1625942489907213
2.1625284487518592
2.1624620314034133
2.162395257172315
2.1623281557987872
2.162260258874348
2.162192421430351
2.1621239297014934
2.1620554231025246
2.1619864778352973
2.161917346691689
2.1618479404510365
2.1617782888535615
2.1617084811199265
2.161638420594413
2.161568345198789
2.161504983658046
2.161438358128053
2.161372803246014
2.161306794825606
2.161240459262767
2.161173863472995
2.1611070000212345
2.161039764816712
2.1609718530221627
2.160903755351232
2.1608355312843632
2.1607671436462783
2.1606985255214815
2.160629795870856
2.1605611628759482
2.16049234400466
2.1604235176983164
2.16036114501992
2.1602958354947037
2.160231105903797
2.1601659748199067
2.1601008511710718
2.160035422684972
2.1599695034852266
2.1599036660710893
2.159837271027808
2.159770690108147
2.1597039679224355
2.1596368591138524
2.1595698692661522
2.1595026340616297
2.159435398857107
2.1593678885555403
2.1593002295528696
2.1592367267460766
2.1591712462145902
2.1591059218192643
2.15904051563833
2.1589747153994687
2.158908602888287
2.158842259890393
2.1587754484840187
2.1587085924673133
2.1586415580092826
2.158574441765644
2.1585070652950713
2.1584399862267087
2.158372624626247
2.158305188675233
2.158237804769606
2.1581702424226528
2.158106903187075
2.158041422655589
2.15797632131192
2.1579110935723116
2.1578456279109353
2.157779946632958
2.1577140348682677
2.1576482494995166
2.1575821741636116
2.1575158757760486
2.157449807875199
2.1573833459164207
2.1573169211329195
2.157250637615467
2.1571841310463578
2.1571179887949556
2.1570517424527793
2.156991027791701
2.1569281569646037
2.1568655835397155
2.1568029506343858
2.156740228508393
2.156677528687566
2.156614315847927
2.156551013787626
2.1564874217601706
2.156423785122383
2.1563596949462265
2.156295493244241
2.1562311651463166
2.156166881658724
2.1561024197298053
2.1560379578008866
2.1559733471708635
2.1559136139370767
2.1558518211929885
2.1557902440655026
2.155728726418458
2.155666896499094
2.1556049178786254
2.1555427682518857
2.1554802171321636
2.1554174578308944
2.1553545721336866
2.155291515430208
2.155228339765846
2.1551651938417042
2.155101914086569
2.155038507935494
2.154975339706187
2.1549122309573217
2.15485469106483
2.154794578643226
2.1547351725518697
2.154675469058304
2.1546154755975837
2.1545553483058693
2.1544948343912824
2.154434283301419
2.154373196887579
2.154311731285921
2.1542500723728275
2.1541880788822483
2.154125706203852
2.1540632889151237
2.154000819581009
2.1539382387210657
2.153875695036399
2.153819151441309
2.153759908921168
2.153701164549728
2.1536422491720173
2.1535831033075943
2.153523637735796
2.153463674015297
2.153403435197754
2.1533428766728355
2.1532821991870335
2.1532214399156238
2.153160479897722
2.1530994009189373
2.1530381583689366
2.152976960429268
2.1529157178792677
2.1528544084137704
2.152796652904677
2.1527369568461663
2.1526776622806385
2.152618219014006
2.15255851552044
2.152498745111377
2.1524386773001045
2.1523786020537767
2.1523183632362333
2.1522581615939664
2.152197580763882
2.15213705941424
2.152076292707775
2.15201568213747
2.151954937736171
2.151894230510148
2.151833367147965
2.1517767045919913
2.151718012265938
2.151659721432867
2.1516010514119794
2.1515420988589926
2.1514829232543486
2.1514236435589313
2.151364356428459
2.1513049280319367
2.151245135317708
2.1511852310776507
2.151125371447925
2.1510655638635856
2.1510057785844117
2.1509460602207353
2.1508862377662856
2.1508265342727197
2.1507703326901715
2.1507124359150285
2.1506549703730893
2.1505973858702663
2.1505396824065595
2.150481703845809
2.1504236509345063
2.150365278315828
2.150306883391984
2.150248205936041
2.1501895136099876
2.1501307394983264
2.1500720323021625
2.1500132507554466
2.1499544543386198
2.1498954943505777
2.149836645888364
2.14978260790689
2.1497263617140097
2.149670398053229
2.149614099814962
2.1495577867065854
2.149501101845446
2.149444357503865
2.149387397545682
2.149330221970897
2.1492728456496213
2.1492154172829587
2.149157996351351
2.1491002408422575
2.149042544813606
2.148984781869457
2.1489270114902532
2.1488693972472093
2.1488166083550158
2.148761559206029
2.1487071122965165
2.148652330809519
2.1485976236730733
2.1485425745240865
2.1484872948883877
2.148431970642357
2.1483762820786203
2.148320474553999
2.1482643547570586
2.148208249830228
2.148151988767238
2.148095623613474
2.148039169239047
2.147982618208902
2.1479260002632605
2.1478737466950437
2.1478195302722436
2.147765536901101
2.1477115360949033
2.1476572007112193
2.1476027166264315
2.1475479648796543
2.1474931685225456
2.1474380970683935
2.1473830776596277
2.1473279021147023
2.1472727340048317
2.147217417193857
2.147161944246722
2.147106367208813
2.1470509240018987
2.146995555145537
2.1469443053097774
2.146891248755595
2.1468385713892295
2.146785730451649
2.1467329415594545
2.146679766044388
2.1466263897828304
2.146572842515002
2.1465191762862896
2.1464651606099814
2.1464110259727893
2.14635683929021
2.1463027120880733
2.146248451054942
2.146194137976424
2.1461399587289005
2.1460858315267637
2.1460349088334345
2.1459825288692786
2.1459304165671114
2.145878296829889
2.1458259019956225
2.1457733584602514
2.1457205621330018
2.145667899636747
2.1456149471733377
2.1455617493531056
2.145508529227708
2.1454552347517573
2.1454018956654757
2.1453484822286417
2.145295187752692
2.1452419601922386
2.145188702891564
2.1451384567882616
2.145086753414133
2.1450353623123237
2.1449837481588574
2.144931918388789
2.1448800142681685
2.1448279986217194
2.1447759457999935
2.144723684796722
2.1446714237934494
2.144619259445896
2.1445668720466844
2.1445143805567
2.144461941112102
2.1444094867973944
2.144357047352796
2.144304600473143
2.144255172225917
2.1442044205388586
2.1441539736890642
2.1441034599237736
2.144052901548151
2.144002320867363
2.1439515245699727
2.143900705967417
2.1438497386637563
2.1437987416198747
2.1437476181800545
2.1436966880516697
2.143645646397457
2.1435945898731332
2.143543563089031
2.143492610655481
2.143441658221931
2.14339362776509
2.143344221823029
2.143295143023399
2.143245982438162
2.1431965764961016
2.1431472002942615
2.1430975713005442
2.1430479348717713
2.1429983281832192
2.142948468702789
2.1428986092223594
2.1428486307810455
2.142798667209842
2.1427487333788595
2.1426985839312755
2.1426484196135807
2.142598478347543
2.1425518828563628
2.1425038672696317
2.142456156520166
2.1424084680758653
2.1423606086252946
2.1423125781684536
2.1422643544001754
2.142215944755517
2.1421673641045884
2.1421186644927754
2.142070016926349
2.142021176048487
2.141972335170625
2.141923353026713
2.141874408058077
2.141825254907895
2.1417762504588174
2.141730093635896
2.141682784379413
2.14163578739525
2.141588782976031
2.14154167446604
2.141494454430219
2.141447234394399
2.1413998507873635
2.1413523036091124
2.1413046969504204
2.1412569564607327
2.141209186230825
2.1411613713905857
2.141113526810125
2.1410656078791126
2.1410176294676577
2.140969777452142
2.140923494233282
2.140876378288235
2.140829701011447
2.140783046039825
2.140736368763037
2.1406898550574645
2.140643289306505
2.1405966789452147
2.140549986798316
2.1405034582226325
2.140456728900458
2.1404099772731175
2.1403632107756674
2.1403165632391
2.1402698116117604
2.140223186380359
2.140176576019068
2.1401317575060896
2.1400862921433057
2.1400407598650246
2.1399953465476274
2.139949717613628
2.1399041109847943
2.139858400265188
2.1398126300651388
2.139766874735201
2.1397210673598757
2.1396752971598265
2.139629474914391
2.1395836452339005
2.139537882468907
2.1394920899636927
2.139446386679141
2.1394006536543686
2.1393574336782666
2.139313291755315
2.1392694323644625
2.1392254391426158
2.139181408745493
2.1391374675690327
2.139093422301799
2.139049258073682
2.139005012059957
2.138960661955459
2.1389163044159054
2.1388717684350262
2.138827232454147
2.1387827113433784
2.138738197667665
2.1386936914270067
2.138649200056459
2.138608009850437
2.138565451594251
2.1385231535649987
2.138480840665636
2.138438371630113
2.1383957687635964
2.1383529948908087
2.1383101169272476
2.138267224093576
2.138224160253634
2.138181155894134
2.1381380474438605
2.1380948795131456
2.1380517784979274
2.1380085956971016
2.1379652493250605
2.137922051654124
2.1378808317078817
2.1378386600745682
2.137796778408409
2.137754800086532
2.137712888680152
2.1376708954881645
2.137628872555956
2.137586648877256
2.1375443434129484
2.1375020082084197
2.137459561478063
2.1374171965333133
2.137374772108122
2.137332407163372
2.137290012478402
2.137247669838818
2.137205252848682
2.1371643600448698
2.1371228501314725
2.1370813922634624
2.137040038486225
2.136998662403822
2.1369572491461435
2.136915761537912
2.1368743482802333
2.1368328606720017
2.1367913804988254
2.136749885455539
2.1367083978473076
2.13666685819369
2.1366254746762317
2.136584106028884
2.1365427968619786
2.1365015769157356
2.136462416479794
2.136422348967113
2.136382430155537
2.136342555954293
2.136302614837551
2.136262599370257
2.136222487247245
2.1361823825592876
2.13614226300122
2.1361021731833736
2.1360620238850854
2.1360220009827358
2.1359819111648894
2.13594188826254
2.1359017984446935
2.135861760672234
2.1358216188090005
2.1357838487283884
2.135744970824546
2.1357063828878577
2.1356677800810586
2.135629088053597
2.135590410896246
2.1355517560440602
2.1355130714516544
2.1354743571190267
2.135435568435847
2.135396794622778
2.1353579910694873
2.1353192841719153
2.135280443443349
2.1352416398900584
2.1352028958172102
2.1351640699587544
2.1351267757216776
2.135088797459519
2.135050871242747
2.135013034246638
2.134975041114368
2.134936966196492
2.134898958194112
2.1348609055814007
2.134822838098579
2.1347847334404815
2.1347466436524942
2.134708531559341
2.134670397161022
2.134632344548311
2.134594262195379
2.1345561947125575
2.1345182313205093
2.1344821787376573
2.134445434694668
2.1344089285734467
2.1343723629717832
2.134335834545396
2.13429919459318
2.13426257694613
2.1342258849485276
2.134189215256091
2.1341525529987098
2.1341158535660516
2.134079124393173
2.1340424323955705
2.134005732962913
2.1339690484003655
2.133932505103868
2.1338959692424253
2.1338603999381642
2.1338244886213618
2.1337887037004983
2.1337529931301873
2.1337172528196553
2.133681638905063
2.1336458168089227
2.1336100913685017
2.133574328752804
2.1335385735721615
2.133502803521409
2.1334670557758213
2.133431352640566
2.133395671810476
2.133360117376325
2.1333245406370085
2.133289023378133
2.133255543324394
2.1332211859341363
2.133187081335757
2.1331530287827642
2.1331189390544956
2.1330847972808398
2.1330505514164106
2.133016283246816
2.132981881246227
2.1329475015508037
2.132912973154276
2.1328785191083
2.1328440427571587
2.132809573841073
2.1327751421002628
2.1327406806192317
2.1327062340083116
2.132673296713605
2.132639601043263
2.1326062027751314
2.1325726409357846
2.1325391683171
2.1325057403087473
2.132472193339511
2.1324386091949985
2.1324050770958722
2.132371448341028
2.1323378716315706
2.132304324662334
2.132270837173539
2.1322374314703523
2.1322038770660607
2.13217050853815
2.1321371400102387
2.132105013136553
2.1320723063285585
2.1320399043578284
2.1320074280365464
2.1319749294100983
2.131942512569258
2.131910065988197
2.131877589666915
2.131845210001351
2.1318128452058973
2.1317804432351672
2.1317481379201557
2.1317158326051437
2.1316835421602427
2.1316512442802864
2.1316190727962687
2.1315869682277486
2.1315558896968514
2.1315243576275846
2.131492981694478
2.1314616726768683
2.1314303562242034
2.1313990843818695
2.1313677679292042
2.1313364589115946
2.131305120153764
2.131273781395933
2.1312426062093177
2.1312113789773157
2.1311801368752032
2.1311490137339746
2.1311178385473593
2.131086722841186
2.1310557484010615
2.131025376200412
2.130994780948105
2.130964237741185
2.1309337763198726
2.130903285158339
2.1308728460421924
2.130842473841543
2.1308122057316665
2.1307818781413483
2.130751699252135
2.130721564973253
2.1306914381294257
2.130661311285599
2.1306313182727665
2.130601355000155
2.130571436337875
2.1305415994612025
2.1305127663169876
2.1304835316797894
2.130454438308641
2.130425374677713
2.130396355657117
2.13036732176641
2.130338310180869
2.1303093134654385
2.1302803687953946
2.1302514538655717
2.130222479455307
2.1301935496553734
2.1301647239462134
2.1301359428473847
2.1301071468784456
2.1300784401301693
2.1300498672128874
2.130022179067179
2.129994104298598
2.129966178231122
2.1299382819038666
2.1299103930116665
2.1298825412947426
2.1298547416232054
2.1298268973413372
2.1297991199749657
2.1297713872189257
2.1297437213783836
2.129715973752233
2.1296883450869664
2.1296607759021415
2.1296332364575377
2.129605771363486
2.129578410360208
2.129551696206736
2.1295247366964407
2.129497948192416
2.1294711225131153
2.1294444232297534
2.1294177834268337
2.129391143623914
2.1293645186911045
2.1293379086284054
2.129311372916259
2.129284852074223
2.1292583609724076
2.129231921915979
2.1292055274698822
2.1291792073743374
2.12915295419429
2.129126701014243
2.129101310300603
2.1290756444899195
2.129050142250451
2.129024662316148
2.128999167511735
2.128973687577432
2.1289482150781853
2.1289227648841034
2.1288974336509052
2.1288720131970447
2.128846726574178
2.128821425081201
2.128796212808887
2.128771045146905
2.128745907225143
2.1287208362188785
2.1286958172580004
2.128671482322204
2.128646916899696
2.1286224481329064
2.1285980685867787
2.1285737187808724
2.1285494581956286
2.128525197610385
2.1285009965055837
2.1284767805306717
2.1284526017310355
2.1284285047170073
2.1284044597483653
2.1283803701693924
2.1283563475059166
2.128332391757938
2.1283084657501803
2.1282846363981403
2.1282612308442492
2.1282378104202477
2.1282144271715224
2.128191073663018
2.1281677945050657
2.1281445376522794
2.128121325409825
2.1280981652127564
2.1280750198857987
2.1280518819938963
2.1280288333226567
2.128005844131859
2.1279829813370004
2.1279600962369756
2.1279372854875036
2.1279145490885845
2.1278918796051616
2.127869961062318
2.127847678201768
2.127825692743428
2.1278037221551975
2.1277818407876303
2.1277599073746765
2.1277379590916126
2.127716018243603
2.1276941963564777
2.1276724116446286
2.1276506789781666
2.12762896861687
2.1276072136452417
2.127585443803503
2.127563911883532
2.1275424320089478
2.127521033919971
2.127499985278591
2.12747878050105
2.1274577392947247
2.1274367873090627
2.1274159022388974
2.1273949056429036
2.1273740874882354
2.1273533511191753
2.1273326593604462
2.127311781725336
2.127291208927491
2.127270621259535
2.1272500410266346
2.1272294830989003
2.127209096177436
2.127188753866303
2.1271684189902254
2.1271486343082358
2.1271288421911905
2.127109131859753
2.127089347177763
2.127069748372154
2.127050209046987
2.127030595371268
2.1270110857863216
2.126991657986983
2.1269721186618162
2.1269527429078643
2.1269333820240233
2.126913998835016
2.1268947197367822
2.126875537294267
2.1268563325465855
2.1268372616298983
2.1268186814268573
2.1267997889514962
2.1267811343979024
2.1267624054937566
2.1267438699010466
2.126725378918668
2.1267068135857374
2.1266884341291874
2.1266700174973616
2.1266517123913644
2.1266334667658087
2.126615213705198
2.1265971242158024
2.1265789826810204
2.1265610121525085
2.1265430267538865
2.126525123140872
2.1265076581961164
2.126490089160588
2.1264727060014397
2.1264551518360215
2.126437895072813
2.1264204970435543
2.126403314630898
2.1263860058223027
2.1263689275004194
2.126351774827984
2.1263347857267636
2.1263177668853226
2.1263007777841025
2.1262839373839872
2.126267163899369
2.1262504275900267
2.1262337433260714
2.1262174754252094
2.126201006777856
2.1261848280976565
2.1261685230215184
2.126152396386706
2.1261362400116726
2.1261201877274125
2.126104165183373
2.126088142639334
2.126072320841786
2.1260564023885204
2.1260406028961385
2.126024885189364
2.1260091674825894
2.125993620782086
2.1259780740815817
2.1259625348161335
2.1259475308746616
2.1259322815763673
2.1259171066286253
2.1259022216480377
2.1258871061807376
2.1258721765898185
2.1258574031350594
2.125842518154472
2.1258277446997127
2.1258130976408927
2.1257983911016307
2.1257838332634735
2.1257693497758687
2.125754896028485
2.1257404497161563
2.125726144669877
2.125712018064924
2.125697898895026
2.1256838317705142
2.12566981669139
2.1256560692742537
2.125642306987007
2.1256285223945945
2.125614730367127
2.125601146521206
2.1255875998505616
2.1255740160046406
2.1255605808598244
2.1255471903253396
2.1255339410569043
2.1255207587039666
2.125507524305642
2.1254944014331456
2.1254813083008703
2.125468557181136
2.1254557540160155
2.1254431292922202
2.125430385607541
2.1254176493579173
2.1254051733352273
2.1253926898774815
2.1253802510300672
2.125367901403316
2.1253556112570067
2.1253434995520233
2.1253313209315423
2.1253192984472213
2.1253071346968513
2.125295193998138
2.1252833202149217
2.1252714018213745
2.1252598180053126
2.1252483011047483
2.1252366949835206
2.125225319349006
2.125213899104159
2.1252025680799753
2.12519133371151
2.125180091907989
2.1251689393251314
2.1251578239175495
2.1251469092564594
2.1251358979396513
2.125125050194058
2.1251142321886856
2.1251034810988108
2.125092834099709
2.125082201970718
2.1250718672439364
2.125061480471768
2.1250511531800416
2.1250409522842544
2.125030729083301
2.1250206025380662
2.125010535473273
2.12500062454464
2.124990676440731
2.1249806391161585
2.124970839713354
2.12496119644671
2.1249515606151204
2.124941917348476
2.1249323558674393
2.1249229802627836
2.124913589788017
2.124904295968969
2.1248950839355283
2.1248860875186897
2.124877068796685
2.1248681467303987
2.1248592544043334
2.1248502505524396
2.1248415366677
2.1248328450881258
2.1248242650343805
2.124815647805359
2.124807008271172
2.1247985471783104
2.124790242221609
2.12478201161546
2.124773706658758
2.1247655652732718
2.1247576692446084
2.12474976578089
2.124741609525293
2.1247339291132317
2.1247263156166674
2.1247184344581145
2.124710850701771
2.1247034379516982
2.124695988026349
2.124688374529785
2.1246811922664244
2.1246740248731744
2.124666597252991
2.124659585995901
2.1246524706480376
2.124645444520837
2.1246386563154043
2.124631674798535
2.124625094774649
2.1246184032249342
2.1246117711556614
2.124605206001886
2.124598730068773
2.1245923210511575
2.124586172260475
2.1245798004181355
2.1245735995820665
2.124567510271826
2.124561480442028
2.1245553911317874
2.124549614093867
2.124543859361112
2.1245379484921973
2.1245324539863764
2.1245267661691187
2.124521234488021
2.1245156879368134
2.1245105577486987
2.1245050781129877
2.1244999033145415
2.1244946541655434
2.1244896057630362
2.1244845127501977
2.1244795684384643
2.1244748174381667
2.1244699177367643
2.124465226216909
2.1244605346970533
2.1244559918783024
2.1244513747089995
2.124446973156298
2.1244426236489837
2.1244383187520004
2.1244341551210666
2.1244300361004647
2.124425879904586
2.124422006240807
2.1244179169604256
2.124414154822475
2.124410325769027
2.1244065041506346
2.124403128635556
2.1243995003286
2.1243958274113117
2.124392555987007
2.1243892102121493
2.124385886742458
2.1243825484026555
